#PotentialIncompressibleSphere Flow, r=0.6
#3D__sphere_volume.unv 
1232
1 1.000000 1.000000 -0.011143 -0.008564 0.350063
2 1.000000 1.000000 0.001846 -0.013932 0.350063
3 1.000000 1.000000 0.012988 -0.005368 0.350063
4 1.000000 1.000000 0.011143 0.008564 0.350063
5 1.000000 1.000000 -0.001846 0.013932 0.350063
6 1.000000 1.000000 -0.012988 0.005368 0.350063
7 1.000000 1.000000 -0.032633 -0.008824 0.366144
8 1.000000 1.000000 -0.026426 -0.021415 0.364139
9 1.000000 1.000000 -0.017921 -0.021704 0.357431
10 1.000000 1.000000 -0.008675 -0.032673 0.366144
11 1.000000 1.000000 0.005333 -0.033593 0.364139
12 1.000000 1.000000 0.009836 -0.026372 0.357431
13 1.000000 1.000000 0.023958 -0.023849 0.366144
14 1.000000 1.000000 0.031759 -0.012178 0.364139
15 1.000000 1.000000 0.027757 -0.004668 0.357431
16 1.000000 1.000000 0.032633 0.008824 0.366144
17 1.000000 1.000000 0.026426 0.021415 0.364139
18 1.000000 1.000000 0.017921 0.021704 0.357431
19 1.000000 1.000000 0.008675 0.032673 0.366144
20 1.000000 1.000000 -0.005333 0.033593 0.364139
21 1.000000 1.000000 -0.009836 0.026372 0.357431
22 1.000000 1.000000 -0.023958 0.023849 0.366144
23 1.000000 1.000000 -0.031759 0.012178 0.364139
24 1.000000 1.000000 -0.027757 0.004668 0.357431
25 1.000000 1.000000 -0.039110 -0.007244 0.390180
26 1.000000 1.000000 -0.037133 -0.013779 0.381596
27 1.000000 1.000000 -0.032384 -0.022687 0.390370
28 1.000000 1.000000 -0.026822 -0.029005 0.381732
29 1.000000 1.000000 -0.020042 -0.034080 0.390373
30 1.000000 1.000000 -0.010836 -0.038089 0.381605
31 1.000000 1.000000 -0.004114 -0.039550 0.390189
32 1.000000 1.000000 0.007244 -0.039110 0.390180
33 1.000000 1.000000 0.013779 -0.037133 0.381596
34 1.000000 1.000000 0.022687 -0.032384 0.390370
35 1.000000 1.000000 0.029005 -0.026822 0.381732
36 1.000000 1.000000 0.034080 -0.020042 0.390373
37 1.000000 1.000000 0.038089 -0.010836 0.381605
38 1.000000 1.000000 0.039550 -0.004114 0.390189
39 1.000000 1.000000 0.039110 0.007244 0.390180
40 1.000000 1.000000 0.037133 0.013779 0.381596
41 1.000000 1.000000 0.032384 0.022687 0.390370
42 1.000000 1.000000 0.026822 0.029005 0.381732
43 1.000000 1.000000 0.020042 0.034080 0.390373
44 1.000000 1.000000 0.010836 0.038089 0.381605
45 1.000000 1.000000 0.004114 0.039550 0.390189
46 1.000000 1.000000 -0.007244 0.039110 0.390180
47 1.000000 1.000000 -0.013779 0.037133 0.381596
48 1.000000 1.000000 -0.022687 0.032384 0.390370
49 1.000000 1.000000 -0.029005 0.026822 0.381732
50 1.000000 1.000000 -0.034080 0.020042 0.390373
51 1.000000 1.000000 -0.038089 0.010836 0.381605
52 1.000000 1.000000 -0.039550 0.004114 0.390189
53 1.000000 1.000000 -0.029582 -0.005132 0.413181
54 1.000000 1.000000 -0.033476 -0.010189 0.406198
55 1.000000 1.000000 -0.025871 -0.014850 0.413160
56 1.000000 1.000000 -0.027400 -0.021484 0.406228
57 1.000000 1.000000 -0.019150 -0.022719 0.413147
58 1.000000 1.000000 -0.017748 -0.029853 0.406243
59 1.000000 1.000000 -0.010202 -0.027864 0.413142
60 1.000000 1.000000 -0.005769 -0.034245 0.406244
61 1.000000 1.000000 -0.000048 -0.029708 0.413146
62 1.000000 1.000000 0.007003 -0.034098 0.406230
63 1.000000 1.000000 0.010162 -0.028035 0.413159
64 1.000000 1.000000 0.016472 -0.025200 0.413190
65 1.000000 1.000000 0.022482 -0.026915 0.406184
66 1.000000 1.000000 0.023926 -0.017909 0.413166
67 1.000000 1.000000 0.030508 -0.016881 0.406220
68 1.000000 1.000000 0.028474 -0.008597 0.413150
69 1.000000 1.000000 0.034429 -0.004709 0.406240
70 1.000000 1.000000 0.029631 0.001666 0.413143
71 1.000000 1.000000 0.033776 0.008035 0.406245
72 1.000000 1.000000 0.027280 0.011712 0.413144
73 1.000000 1.000000 0.028640 0.019721 0.406236
74 1.000000 1.000000 0.021686 0.020402 0.413154
75 1.000000 1.000000 0.019664 0.028848 0.406212
76 1.000000 1.000000 0.013467 0.026737 0.413172
77 1.000000 1.000000 0.006985 0.029124 0.413173
78 1.000000 1.000000 0.003659 0.034732 0.406210
79 1.000000 1.000000 -0.003386 0.029589 0.413155
80 1.000000 1.000000 -0.009093 0.033570 0.406235
81 1.000000 1.000000 -0.013269 0.026561 0.413144
82 1.000000 1.000000 -0.020567 0.027973 0.406245
83 1.000000 1.000000 -0.021549 0.020404 0.413143
84 1.000000 1.000000 -0.029302 0.018672 0.406241
85 1.000000 1.000000 -0.027287 0.011820 0.413150
86 1.000000 1.000000 -0.034176 0.006852 0.406222
87 1.000000 1.000000 -0.029822 0.001774 0.413165
88 1.000000 1.000000 -0.008217 -0.001223 0.425633
89 1.000000 1.000000 -0.015842 -0.004284 0.423073
90 1.000000 1.000000 -0.007458 -0.003584 0.425557
91 1.000000 1.000000 -0.013693 -0.008954 0.423025
92 1.000000 1.000000 -0.006051 -0.005616 0.425515
93 1.000000 1.000000 -0.010231 -0.012738 0.423003
94 1.000000 1.000000 -0.004117 -0.007151 0.425505
95 1.000000 1.000000 -0.005783 -0.015287 0.423009
96 1.000000 1.000000 -0.001820 -0.008059 0.425529
97 1.000000 1.000000 -0.000764 -0.016361 0.423043
98 1.000000 1.000000 0.000646 -0.008262 0.425586
99 1.000000 1.000000 0.002243 -0.008069 0.425785
100 1.000000 1.000000 0.005939 -0.015420 0.423181
101 1.000000 1.000000 0.004500 -0.007001 0.425665
102 1.000000 1.000000 0.010368 -0.012751 0.423096
103 1.000000 1.000000 0.006339 -0.005332 0.425578
104 1.000000 1.000000 0.013758 -0.008879 0.423038
105 1.000000 1.000000 0.007611 -0.003210 0.425525
106 1.000000 1.000000 0.015801 -0.004171 0.423007
107 1.000000 1.000000 0.008211 -0.000814 0.425505
108 1.000000 1.000000 0.016313 0.000930 0.423004
109 1.000000 1.000000 0.008090 0.001651 0.425518
110 1.000000 1.000000 0.015245 0.005947 0.423028
111 1.000000 1.000000 0.007257 0.003980 0.425563
112 1.000000 1.000000 0.012694 0.010413 0.423080
113 1.000000 1.000000 0.005780 0.005973 0.425642
114 1.000000 1.000000 0.004541 0.006993 0.425701
115 1.000000 1.000000 0.007448 0.014680 0.423121
116 1.000000 1.000000 0.002259 0.007981 0.425604
117 1.000000 1.000000 0.002522 0.016196 0.423054
118 1.000000 1.000000 -0.000202 0.008264 0.425539
119 1.000000 1.000000 -0.002613 0.016140 0.423015
120 1.000000 1.000000 -0.002632 0.007822 0.425508
121 1.000000 1.000000 -0.007479 0.014524 0.423002
122 1.000000 1.000000 -0.004828 0.006694 0.425510
123 1.000000 1.000000 -0.011622 0.011503 0.423017
124 1.000000 1.000000 -0.006604 0.004976 0.425544
125 1.000000 1.000000 -0.014654 0.007356 0.423060
126 1.000000 1.000000 -0.007808 0.002810 0.425612
127 1.000000 1.000000 -0.008259 0.001269 0.425742
128 1.000000 1.000000 -0.016470 0.000840 0.423150
129 1.000000 1.000000 0.008238 0.001184 0.425666
130 1.000000 1.000000 0.015908 0.004129 0.423097
131 1.000000 1.000000 0.007485 0.003550 0.425579
132 1.000000 1.000000 0.013795 0.008822 0.423038
133 1.000000 1.000000 0.006083 0.005589 0.425526
134 1.000000 1.000000 0.010362 0.012637 0.423008
135 1.000000 1.000000 0.004153 0.007130 0.425505
136 1.000000 1.000000 0.005936 0.015223 0.423004
137 1.000000 1.000000 0.001860 0.008045 0.425517
138 1.000000 1.000000 0.000929 0.016337 0.423028
139 1.000000 1.000000 -0.000604 0.008255 0.425563
140 1.000000 1.000000 -0.004193 0.015873 0.423079
141 1.000000 1.000000 -0.003031 0.007739 0.425641
142 1.000000 1.000000 -0.004473 0.007037 0.425703
143 1.000000 1.000000 -0.010255 0.012877 0.423122
144 1.000000 1.000000 -0.006321 0.005372 0.425605
145 1.000000 1.000000 -0.013682 0.009027 0.423055
146 1.000000 1.000000 -0.007601 0.003251 0.425540
147 1.000000 1.000000 -0.015765 0.004333 0.423015
148 1.000000 1.000000 -0.008208 0.000856 0.425508
149 1.000000 1.000000 -0.016319 -0.000764 0.423002
150 1.000000 1.000000 -0.008095 -0.001610 0.425509
151 1.000000 1.000000 -0.015294 -0.005788 0.423017
152 1.000000 1.000000 -0.007270 -0.003939 0.425544
153 1.000000 1.000000 -0.012782 -0.010270 0.423059
154 1.000000 1.000000 -0.005801 -0.005934 0.425611
155 1.000000 1.000000 -0.004587 -0.006985 0.425743
156 1.000000 1.000000 -0.007611 -0.014631 0.423151
157 1.000000 1.000000 -0.002303 -0.007983 0.425634
158 1.000000 1.000000 -0.002690 -0.016190 0.423074
159 1.000000 1.000000 0.000160 -0.008273 0.425558
160 1.000000 1.000000 0.002451 -0.016176 0.423025
161 1.000000 1.000000 0.002594 -0.007838 0.425515
162 1.000000 1.000000 0.007332 -0.014600 0.423003
163 1.000000 1.000000 0.004793 -0.006717 0.425505
164 1.000000 1.000000 0.011499 -0.011614 0.423009
165 1.000000 1.000000 0.006573 -0.005005 0.425529
166 1.000000 1.000000 0.014563 -0.007496 0.423042
167 1.000000 1.000000 0.007783 -0.002845 0.425585
168 1.000000 1.000000 0.008272 -0.001314 0.425787
169 1.000000 1.000000 0.016494 -0.001009 0.423183
170 1.000000 1.000000 0.029729 0.004558 0.413187
171 1.000000 1.000000 0.033760 0.009393 0.406189
172 1.000000 1.000000 0.026189 0.014356 0.413164
173 1.000000 1.000000 0.027934 0.020836 0.406223
174 1.000000 1.000000 0.019605 0.022353 0.413149
175 1.000000 1.000000 0.018468 0.029427 0.406241
176 1.000000 1.000000 0.010749 0.027660 0.413143
177 1.000000 1.000000 0.006591 0.034089 0.406245
178 1.000000 1.000000 0.000631 0.029687 0.413145
179 1.000000 1.000000 -0.006176 0.034232 0.406234
180 1.000000 1.000000 -0.009599 0.028200 0.413155
181 1.000000 1.000000 -0.016006 0.025568 0.413197
182 1.000000 1.000000 -0.021862 0.027493 0.406174
183 1.000000 1.000000 -0.023602 0.018401 0.413171
184 1.000000 1.000000 -0.030124 0.017630 0.406213
185 1.000000 1.000000 -0.028323 0.009162 0.413153
186 1.000000 1.000000 -0.034324 0.005539 0.406237
187 1.000000 1.000000 -0.029666 -0.001083 0.413144
188 1.000000 1.000000 -0.033959 -0.007219 0.406245
189 1.000000 1.000000 -0.027497 -0.011170 0.413143
190 1.000000 1.000000 -0.029090 -0.019015 0.406239
191 1.000000 1.000000 -0.022064 -0.019954 0.413151
192 1.000000 1.000000 -0.020331 -0.028335 0.406218
193 1.000000 1.000000 -0.013969 -0.026430 0.413167
194 1.000000 1.000000 -0.007568 -0.029028 0.413179
195 1.000000 1.000000 -0.004500 -0.034677 0.406202
196 1.000000 1.000000 0.002807 -0.029680 0.413158
197 1.000000 1.000000 0.008288 -0.033803 0.406231
198 1.000000 1.000000 0.012750 -0.026829 0.413146
199 1.000000 1.000000 0.019890 -0.028464 0.406244
200 1.000000 1.000000 0.021141 -0.020822 0.413142
201 1.000000 1.000000 0.028833 -0.019365 0.406243
202 1.000000 1.000000 0.027031 -0.012345 0.413147
203 1.000000 1.000000 0.033970 -0.007666 0.406227
204 1.000000 1.000000 0.029744 -0.002357 0.413161
205 1.000000 1.000000 0.039086 0.006654 0.390282
206 1.000000 1.000000 0.037034 0.013855 0.381685
207 1.000000 1.000000 0.032684 0.022200 0.390394
208 1.000000 1.000000 0.026756 0.029088 0.381711
209 1.000000 1.000000 0.020568 0.033843 0.390319
210 1.000000 1.000000 0.010257 0.038682 0.389980
211 1.000000 1.000000 0.004412 0.039510 0.381394
212 1.000000 1.000000 -0.006654 0.039086 0.390282
213 1.000000 1.000000 -0.013855 0.037034 0.381685
214 1.000000 1.000000 -0.022200 0.032684 0.390394
215 1.000000 1.000000 -0.029088 0.026756 0.381711
216 1.000000 1.000000 -0.033843 0.020568 0.390319
217 1.000000 1.000000 -0.038682 0.010257 0.389980
218 1.000000 1.000000 -0.039510 0.004412 0.381394
219 1.000000 1.000000 -0.039086 -0.006654 0.390282
220 1.000000 1.000000 -0.037034 -0.013855 0.381685
221 1.000000 1.000000 -0.032684 -0.022200 0.390394
222 1.000000 1.000000 -0.026756 -0.029088 0.381711
223 1.000000 1.000000 -0.020568 -0.033843 0.390319
224 1.000000 1.000000 -0.010257 -0.038682 0.389980
225 1.000000 1.000000 -0.004412 -0.039510 0.381394
226 1.000000 1.000000 0.006654 -0.039086 0.390282
227 1.000000 1.000000 0.013855 -0.037034 0.381685
228 1.000000 1.000000 0.022200 -0.032684 0.390394
229 1.000000 1.000000 0.029088 -0.026756 0.381711
230 1.000000 1.000000 0.033843 -0.020568 0.390319
231 1.000000 1.000000 0.038682 -0.010257 0.389980
232 1.000000 1.000000 0.039510 -0.004412 0.381394
233 1.000000 1.000000 0.032734 0.008604 0.365808
234 1.000000 1.000000 0.024024 0.015012 0.358296
235 1.000000 1.000000 0.021230 0.026316 0.366089
236 1.000000 1.000000 0.008916 0.032650 0.365808
237 1.000000 1.000000 -0.000988 0.028311 0.358296
238 1.000000 1.000000 -0.012175 0.031543 0.366089
239 1.000000 1.000000 -0.023818 0.024046 0.365808
240 1.000000 1.000000 -0.025013 0.013300 0.358296
241 1.000000 1.000000 -0.033405 0.005228 0.366089
242 1.000000 1.000000 -0.032734 -0.008604 0.365808
243 1.000000 1.000000 -0.024024 -0.015012 0.358296
244 1.000000 1.000000 -0.021230 -0.026316 0.366089
245 1.000000 1.000000 -0.008916 -0.032650 0.365808
246 1.000000 1.000000 0.000988 -0.028311 0.358296
247 1.000000 1.000000 0.012175 -0.031543 0.366089
248 1.000000 1.000000 0.023818 -0.024046 0.365808
249 1.000000 1.000000 0.025013 -0.013300 0.358296
250 1.000000 1.000000 0.033405 -0.005228 0.366089
251 1.000000 1.000000 0.012147 0.007068 0.350063
252 1.000000 1.000000 -0.000048 0.014054 0.350063
253 1.000000 1.000000 -0.012195 0.006985 0.350063
254 1.000000 1.000000 -0.012147 -0.007068 0.350063
255 1.000000 1.000000 0.000048 -0.014054 0.350063
256 1.000000 1.000000 0.012195 -0.006985 0.350063
1150 1.000000 1.000000 -0.007937 -0.001037 0.431266
1151 1.000000 1.000000 -0.015845 -0.003577 0.429776
1152 1.000000 1.000000 -0.010135 -0.003320 0.438664
1153 1.000000 1.000000 -0.007170 -0.003455 0.431136
1154 1.000000 1.000000 -0.013676 -0.008442 0.429553
1155 1.000000 1.000000 -0.008396 -0.006525 0.438578
1156 1.000000 1.000000 -0.005732 -0.005536 0.431164
1157 1.000000 1.000000 -0.010134 -0.012362 0.429440
1158 1.000000 1.000000 -0.004299 -0.006803 0.431390
1159 1.000000 1.000000 -0.004957 -0.009464 0.438713
1160 1.000000 1.000000 -0.005564 -0.014983 0.429437
1161 1.000000 1.000000 -0.001933 -0.007743 0.431198
1162 1.000000 1.000000 -0.001464 -0.010518 0.438542
1163 1.000000 1.000000 -0.000394 -0.016059 0.429543
1164 1.000000 1.000000 0.000593 -0.007947 0.431166
1165 1.000000 1.000000 0.002176 -0.010418 0.438604
1166 1.000000 1.000000 0.002464 -0.007740 0.431608
1167 1.000000 1.000000 0.006073 -0.014973 0.429665
1168 1.000000 1.000000 0.004178 -0.006859 0.431346
1169 1.000000 1.000000 0.009685 -0.013136 0.429876
1170 1.000000 1.000000 0.007096 -0.008003 0.438744
1171 1.000000 1.000000 0.006071 -0.005161 0.431161
1172 1.000000 1.000000 0.013263 -0.009161 0.429615
1173 1.000000 1.000000 0.009326 -0.005110 0.438581
1174 1.000000 1.000000 0.007375 -0.002993 0.431137
1175 1.000000 1.000000 0.015410 -0.004322 0.429465
1176 1.000000 1.000000 0.007995 -0.001178 0.431490
1177 1.000000 1.000000 0.010695 -0.000789 0.438823
1178 1.000000 1.000000 0.015948 0.000920 0.429426
1179 1.000000 1.000000 0.007877 0.001374 0.431244
1180 1.000000 1.000000 0.010245 0.002842 0.438573
1181 1.000000 1.000000 0.014832 0.006075 0.429495
1182 1.000000 1.000000 0.007023 0.003761 0.431159
1183 1.000000 1.000000 0.008680 0.006128 0.438558
1184 1.000000 1.000000 0.012155 0.010657 0.429675
1185 1.000000 1.000000 0.005506 0.005793 0.431234
1186 1.000000 1.000000 0.004596 0.006627 0.431443
1187 1.000000 1.000000 0.008183 0.014220 0.429988
1188 1.000000 1.000000 0.004539 0.009729 0.438851
1189 1.000000 1.000000 0.002262 0.007656 0.431205
1190 1.000000 1.000000 0.003075 0.015882 0.429689
1191 1.000000 1.000000 0.000982 0.010600 0.438609
1192 1.000000 1.000000 -0.000252 0.007952 0.431128
1193 1.000000 1.000000 -0.002234 0.015877 0.429503
1194 1.000000 1.000000 -0.002652 0.010306 0.438602
1195 1.000000 1.000000 -0.002744 0.007498 0.431210
1196 1.000000 1.000000 -0.007247 0.014236 0.429427
1197 1.000000 1.000000 -0.004461 0.006663 0.431308
1198 1.000000 1.000000 -0.006694 0.008287 0.438630
1199 1.000000 1.000000 -0.011500 0.011125 0.429460
1200 1.000000 1.000000 -0.006288 0.004899 0.431170
1201 1.000000 1.000000 -0.009068 0.005524 0.438537
1202 1.000000 1.000000 -0.014591 0.006829 0.429602
1203 1.000000 1.000000 -0.007514 0.002682 0.431191
1204 1.000000 1.000000 -0.007961 0.001524 0.431559
1205 1.000000 1.000000 -0.010821 0.001301 0.439288
1206 1.000000 1.000000 -0.016151 0.000451 0.429665
1207 1.000000 1.000000 -0.010858 -0.008345 0.338375
1208 1.000000 1.000000 0.001798 -0.013576 0.338375
1209 1.000000 1.000000 0.012656 -0.005230 0.338375
1210 1.000000 1.000000 0.010858 0.008345 0.338375
1211 1.000000 1.000000 -0.001798 0.013576 0.338375
1212 1.000000 1.000000 -0.012656 0.005230 0.338375
1213 1.000000 1.000000 -0.033872 -0.013743 0.305410
1214 1.000000 1.000000 -0.018956 -0.019335 0.326117
1215 1.000000 1.000000 -0.005034 -0.036206 0.305410
1216 1.000000 1.000000 0.007266 -0.026084 0.326117
1217 1.000000 1.000000 0.028838 -0.022463 0.305410
1218 1.000000 1.000000 0.026223 -0.006749 0.326117
1219 1.000000 1.000000 0.033872 0.013743 0.305410
1220 1.000000 1.000000 0.018956 0.019335 0.326117
1221 1.000000 1.000000 0.005034 0.036206 0.305410
1222 1.000000 1.000000 -0.007266 0.026084 0.326117
1223 1.000000 1.000000 -0.028838 0.022463 0.305410
1224 1.000000 1.000000 -0.026223 0.006749 0.326117
1225 1.000000 1.000000 -0.030243 -0.004830 0.432284
1226 1.000000 1.000000 -0.027596 -0.007308 0.446955
1227 1.000000 1.000000 -0.038577 -0.014797 0.440983
1228 1.000000 1.000000 -0.026243 -0.015277 0.432111
1229 1.000000 1.000000 -0.022477 -0.016897 0.446463
1230 1.000000 1.000000 -0.029739 -0.028477 0.440895
1231 1.000000 1.000000 -0.018967 -0.023705 0.432106
1232 1.000000 1.000000 -0.014350 -0.023918 0.446200
1233 1.000000 1.000000 -0.011933 -0.028460 0.432441
1234 1.000000 1.000000 -0.012474 -0.039606 0.441110
1235 1.000000 1.000000 -0.004290 -0.027529 0.446163
1236 1.000000 1.000000 -0.000868 -0.030528 0.432227
1237 1.000000 1.000000 0.003794 -0.040926 0.440850
1238 1.000000 1.000000 0.006422 -0.027278 0.446351
1239 1.000000 1.000000 0.010172 -0.028726 0.432183
1240 1.000000 1.000000 0.019323 -0.036232 0.440826
1241 1.000000 1.000000 0.017903 -0.025078 0.432409
1242 1.000000 1.000000 0.018498 -0.021148 0.446435
1243 1.000000 1.000000 0.024031 -0.019169 0.432360
1244 1.000000 1.000000 0.035095 -0.022937 0.441355
1245 1.000000 1.000000 0.025053 -0.012610 0.446379
1246 1.000000 1.000000 0.028978 -0.009109 0.432117
1247 1.000000 1.000000 0.027991 -0.005024 0.446830
1248 1.000000 1.000000 0.041406 -0.003469 0.441126
1249 1.000000 1.000000 0.030203 0.001943 0.432043
1250 1.000000 1.000000 0.027513 0.005807 0.446461
1251 1.000000 1.000000 0.039516 0.012829 0.441124
1252 1.000000 1.000000 0.027599 0.012760 0.432137
1253 1.000000 1.000000 0.023205 0.015664 0.446320
1254 1.000000 1.000000 0.023429 0.020167 0.432475
1255 1.000000 1.000000 0.028302 0.030090 0.440978
1256 1.000000 1.000000 0.016822 0.025642 0.432312
1257 1.000000 1.000000 0.013330 0.025012 0.446719
1258 1.000000 1.000000 0.014349 0.038436 0.440804
1259 1.000000 1.000000 0.006415 0.029829 0.432208
1260 1.000000 1.000000 0.002902 0.027856 0.446332
1261 1.000000 1.000000 -0.001653 0.041094 0.440866
1262 1.000000 1.000000 -0.004783 0.030232 0.432272
1263 1.000000 1.000000 -0.007757 0.026769 0.446173
1264 1.000000 1.000000 -0.012857 0.027701 0.432227
1265 1.000000 1.000000 -0.021362 0.035462 0.441033
1266 1.000000 1.000000 -0.017295 0.021927 0.446239
1267 1.000000 1.000000 -0.021824 0.021056 0.432083
1268 1.000000 1.000000 -0.033281 0.024321 0.440923
1269 1.000000 1.000000 -0.024493 0.013934 0.446531
1270 1.000000 1.000000 -0.027982 0.011787 0.432108
1271 1.000000 1.000000 -0.027600 0.006423 0.446714
1272 1.000000 1.000000 -0.031220 0.003791 0.432830
1273 1.000000 1.000000 -0.041830 0.001305 0.441309
1274 1.000000 1.000000 -0.057838 -0.009231 0.399810
1275 1.000000 1.000000 -0.071299 -0.021015 0.408169
1276 1.000000 1.000000 -0.071970 -0.031216 0.394005
1277 1.000000 1.000000 -0.048058 -0.032703 0.399988
1278 1.000000 1.000000 -0.053855 -0.049339 0.408497
1279 1.000000 1.000000 -0.049251 -0.060611 0.394186
1280 1.000000 1.000000 -0.029678 -0.050180 0.399920
1281 1.000000 1.000000 -0.026471 -0.067479 0.408635
1282 1.000000 1.000000 -0.011649 -0.057443 0.399792
1283 1.000000 1.000000 -0.005810 -0.078180 0.394033
1284 1.000000 1.000000 0.005916 -0.072416 0.408592
1285 1.000000 1.000000 0.013754 -0.056456 0.399997
1286 1.000000 1.000000 0.030827 -0.071885 0.394125
1287 1.000000 1.000000 0.037609 -0.063218 0.408367
1288 1.000000 1.000000 0.036523 -0.045329 0.399955
1289 1.000000 1.000000 0.056528 -0.046626 0.408438
1290 1.000000 1.000000 0.050433 -0.031511 0.399439
1291 1.000000 1.000000 0.071184 -0.033092 0.393979
1292 1.000000 1.000000 0.057053 -0.013249 0.399809
1293 1.000000 1.000000 0.073130 -0.008345 0.408355
1294 1.000000 1.000000 0.077789 0.003424 0.394305
1295 1.000000 1.000000 0.057171 0.012249 0.399851
1296 1.000000 1.000000 0.068599 0.024405 0.408554
1297 1.000000 1.000000 0.050414 0.030566 0.399651
1298 1.000000 1.000000 0.062924 0.048038 0.393633
1299 1.000000 1.000000 0.050831 0.052043 0.408570
1300 1.000000 1.000000 0.032212 0.048446 0.399969
1301 1.000000 1.000000 0.030768 0.067280 0.408259
1302 1.000000 1.000000 0.024560 0.074802 0.393859
1303 1.000000 1.000000 0.008527 0.057381 0.400037
1304 1.000000 1.000000 -0.001897 0.072906 0.408524
1305 1.000000 1.000000 -0.011048 0.058402 0.399451
1306 1.000000 1.000000 -0.022640 0.075567 0.393779
1307 1.000000 1.000000 -0.033614 0.064362 0.408603
1308 1.000000 1.000000 -0.034308 0.047497 0.399801
1309 1.000000 1.000000 -0.054291 0.055954 0.394255
1310 1.000000 1.000000 -0.058825 0.043260 0.408502
1311 1.000000 1.000000 -0.051041 0.028292 0.399896
1312 1.000000 1.000000 -0.074074 0.024653 0.394201
1313 1.000000 1.000000 -0.058289 0.010332 0.399551
1314 1.000000 1.000000 -0.073171 0.004244 0.408433
1315 1.000000 1.000000 -0.056494 -0.010824 0.356471
1316 1.000000 1.000000 -0.072508 -0.026579 0.347493
1317 1.000000 1.000000 -0.059851 -0.038457 0.333314
1318 1.000000 1.000000 -0.040164 -0.041268 0.356285
1319 1.000000 1.000000 -0.042904 -0.063520 0.348791
1320 1.000000 1.000000 -0.017454 -0.054696 0.356777
1321 1.000000 1.000000 -0.009292 -0.076618 0.347599
1322 1.000000 1.000000 0.005588 -0.070959 0.333102
1323 1.000000 1.000000 0.017012 -0.054870 0.356683
1324 1.000000 1.000000 0.036919 -0.066942 0.349242
1325 1.000000 1.000000 0.039677 -0.041430 0.356914
1326 1.000000 1.000000 0.064080 -0.043158 0.347418
1327 1.000000 1.000000 0.065235 -0.028666 0.332663
1328 1.000000 1.000000 0.056250 -0.011257 0.356913
1329 1.000000 1.000000 0.076336 0.002385 0.349407
1330 1.000000 1.000000 0.055362 0.015067 0.356883
1331 1.000000 1.000000 0.067752 0.037548 0.346949
1332 1.000000 1.000000 0.056205 0.043981 0.331996
1333 1.000000 1.000000 0.036749 0.044020 0.356974
1334 1.000000 1.000000 0.032660 0.069098 0.349287
1335 1.000000 1.000000 0.013231 0.055902 0.356685
1336 1.000000 1.000000 -0.002651 0.077740 0.346187
1337 1.000000 1.000000 -0.012167 0.070470 0.331098
1338 1.000000 1.000000 -0.021128 0.053350 0.356868
1339 1.000000 1.000000 -0.046760 0.060686 0.348881
1340 1.000000 1.000000 -0.042877 0.038424 0.356317
1341 1.000000 1.000000 -0.070848 0.033167 0.345125
1342 1.000000 1.000000 -0.067990 0.022709 0.329969
1343 1.000000 1.000000 -0.057057 0.006945 0.356593
1344 1.000000 1.000000 -0.039026 -0.024053 0.233101
1345 1.000000 1.000000 0.001317 -0.045824 0.233101
1346 1.000000 1.000000 0.040343 -0.021771 0.233101
1347 1.000000 1.000000 0.039026 0.024053 0.233101
1348 1.000000 1.000000 -0.001317 0.045824 0.233101
1349 1.000000 1.000000 -0.040343 0.021771 0.233101
1350 1.000000 1.000000 -0.025857 -0.004657 0.483706
1351 1.000000 1.000000 -0.053282 -0.016605 0.479686
1352 1.000000 1.000000 -0.035553 -0.016771 0.512525
1353 1.000000 1.000000 -0.021210 -0.015108 0.483161
1354 1.000000 1.000000 -0.039659 -0.037561 0.478524
1355 1.000000 1.000000 -0.023735 -0.031250 0.512381
1356 1.000000 1.000000 -0.012857 -0.022915 0.483712
1357 1.000000 1.000000 -0.018917 -0.050830 0.478143
1358 1.000000 1.000000 -0.004647 -0.025768 0.483496
1359 1.000000 1.000000 -0.001795 -0.039515 0.513040
1360 1.000000 1.000000 0.005450 -0.054359 0.478533
1361 1.000000 1.000000 0.006713 -0.025012 0.482823
1362 1.000000 1.000000 0.023850 -0.050022 0.479303
1363 1.000000 1.000000 0.021360 -0.033967 0.514228
1364 1.000000 1.000000 0.016856 -0.019895 0.483243
1365 1.000000 1.000000 0.042899 -0.033978 0.478625
1366 1.000000 1.000000 0.022999 -0.013631 0.484787
1367 1.000000 1.000000 0.036177 -0.015510 0.512632
1368 1.000000 1.000000 0.025825 -0.005459 0.483993
1369 1.000000 1.000000 0.055036 -0.005447 0.479193
1370 1.000000 1.000000 0.038933 0.002942 0.511967
1371 1.000000 1.000000 0.025715 0.006084 0.484062
1372 1.000000 1.000000 0.051208 0.019144 0.478569
1373 1.000000 1.000000 0.022344 0.014165 0.484134
1374 1.000000 1.000000 0.031331 0.025312 0.514547
1375 1.000000 1.000000 0.037641 0.039859 0.478721
1376 1.000000 1.000000 0.013905 0.021924 0.482974
1377 1.000000 1.000000 0.022161 0.050737 0.479253
1378 1.000000 1.000000 0.011098 0.037974 0.513053
1379 1.000000 1.000000 0.003220 0.025735 0.482913
1380 1.000000 1.000000 -0.002405 0.054378 0.478336
1381 1.000000 1.000000 -0.005534 0.026135 0.484739
1382 1.000000 1.000000 -0.012489 0.037703 0.513378
1383 1.000000 1.000000 -0.026048 0.047630 0.478193
1384 1.000000 1.000000 -0.015809 0.020844 0.483443
1385 1.000000 1.000000 -0.028094 0.027263 0.512185
1386 1.000000 1.000000 -0.044892 0.031649 0.478823
1387 1.000000 1.000000 -0.023117 0.012072 0.483252
1388 1.000000 1.000000 -0.026064 0.006999 0.485374
1389 1.000000 1.000000 -0.057167 0.008853 0.481662
1390 1.000000 1.000000 -0.040296 0.001595 0.514651
1391 1.000000 1.000000 -0.092211 -0.039113 0.193740
1392 1.000000 1.000000 -0.101258 -0.105574 0.127214
1393 1.000000 1.000000 -0.012233 -0.099414 0.193740
1394 1.000000 1.000000 0.040801 -0.140479 0.127214
1395 1.000000 1.000000 0.079978 -0.060301 0.193740
1396 1.000000 1.000000 0.142059 -0.034905 0.127214
1397 1.000000 1.000000 0.092211 0.039113 0.193740
1398 1.000000 1.000000 0.101258 0.105574 0.127214
1399 1.000000 1.000000 0.012233 0.099414 0.193740
1400 1.000000 1.000000 -0.040801 0.140479 0.127214
1401 1.000000 1.000000 -0.079978 0.060301 0.193740
1402 1.000000 1.000000 -0.142059 0.034905 0.127214
1403 1.000000 1.000000 -0.112090 -0.023154 0.480665
1404 1.000000 1.000000 -0.160732 -0.056576 0.501537
1405 1.000000 1.000000 -0.106876 -0.054972 0.538024
1406 1.000000 1.000000 -0.085850 -0.072808 0.479974
1407 1.000000 1.000000 -0.107921 -0.127566 0.500661
1408 1.000000 1.000000 -0.064254 -0.101468 0.537961
1409 1.000000 1.000000 -0.040298 -0.104616 0.479805
1410 1.000000 1.000000 -0.028385 -0.163252 0.500286
1411 1.000000 1.000000 -0.004036 -0.121423 0.538996
1412 1.000000 1.000000 0.014886 -0.112079 0.480157
1413 1.000000 1.000000 0.044769 -0.107607 0.481418
1414 1.000000 1.000000 0.084569 -0.151748 0.502398
1415 1.000000 1.000000 0.072730 -0.096775 0.538675
1416 1.000000 1.000000 0.088599 -0.071201 0.480376
1417 1.000000 1.000000 0.145711 -0.085766 0.501190
1418 1.000000 1.000000 0.110752 -0.046181 0.537881
1419 1.000000 1.000000 0.110498 -0.019793 0.479860
1420 1.000000 1.000000 0.166419 -0.000314 0.500480
1421 1.000000 1.000000 0.119284 0.016344 0.538184
1422 1.000000 1.000000 0.106481 0.035582 0.479865
1423 1.000000 1.000000 0.143084 0.083471 0.500273
1424 1.000000 1.000000 0.096042 0.075700 0.539589
1425 1.000000 1.000000 0.077386 0.083303 0.480390
1426 1.000000 1.000000 0.053954 0.102029 0.481012
1427 1.000000 1.000000 0.060884 0.160804 0.501940
1428 1.000000 1.000000 0.026965 0.117484 0.538288
1429 1.000000 1.000000 -0.001493 0.113025 0.480146
1430 1.000000 1.000000 -0.028142 0.165603 0.500898
1431 1.000000 1.000000 -0.036095 0.114407 0.537861
1432 1.000000 1.000000 -0.055014 0.097677 0.479804
1433 1.000000 1.000000 -0.106707 0.127103 0.500355
1434 1.000000 1.000000 -0.089745 0.080952 0.538528
1435 1.000000 1.000000 -0.095502 0.059625 0.479982
1436 1.000000 1.000000 -0.156183 0.055676 0.500315
1437 1.000000 1.000000 -0.116259 0.021788 0.482034
1438 1.000000 1.000000 -0.121552 0.006843 0.539185
1439 1.000000 1.000000 -0.118498 -0.022681 0.422273
1440 1.000000 1.000000 -0.128252 -0.043459 0.392471
1441 1.000000 1.000000 -0.145020 -0.072974 0.415247
1442 1.000000 1.000000 -0.091638 -0.075500 0.422586
1443 1.000000 1.000000 -0.087319 -0.101140 0.393334
1444 1.000000 1.000000 -0.088076 -0.136093 0.415313
1445 1.000000 1.000000 -0.043948 -0.109539 0.422699
1446 1.000000 1.000000 -0.023841 -0.130646 0.393721
1447 1.000000 1.000000 -0.007203 -0.163092 0.414994
1448 1.000000 1.000000 0.014018 -0.117673 0.422623
1449 1.000000 1.000000 0.045734 -0.124844 0.393648
1450 1.000000 1.000000 0.060050 -0.107499 0.421848
1451 1.000000 1.000000 0.097020 -0.131322 0.414987
1452 1.000000 1.000000 0.092344 -0.076435 0.422401
1453 1.000000 1.000000 0.115319 -0.069621 0.392814
1454 1.000000 1.000000 0.149046 -0.063764 0.415311
1455 1.000000 1.000000 0.116205 -0.022512 0.422645
1456 1.000000 1.000000 0.133230 -0.001512 0.393515
1457 1.000000 1.000000 0.161048 0.020392 0.415250
1458 1.000000 1.000000 0.112471 0.035874 0.422694
1459 1.000000 1.000000 0.115180 0.065996 0.393748
1460 1.000000 1.000000 0.129890 0.100029 0.414799
1461 1.000000 1.000000 0.082100 0.086046 0.422555
1462 1.000000 1.000000 0.058402 0.106618 0.422119
1463 1.000000 1.000000 0.049804 0.126807 0.392071
1464 1.000000 1.000000 0.037755 0.158292 0.415139
1465 1.000000 1.000000 0.000136 0.119236 0.422505
1466 1.000000 1.000000 -0.021066 0.132442 0.393101
1467 1.000000 1.000000 -0.047277 0.154983 0.415333
1468 1.000000 1.000000 -0.056525 0.103728 0.422682
1469 1.000000 1.000000 -0.084586 0.102595 0.393644
1470 1.000000 1.000000 -0.119665 0.110256 0.415144
1471 1.000000 1.000000 -0.099413 0.063964 0.422669
1472 1.000000 1.000000 -0.124763 0.045495 0.393723
1473 1.000000 1.000000 -0.161029 0.035020 0.414557
1474 1.000000 1.000000 -0.119183 0.008555 0.422464
1475 1.000000 1.000000 -0.125236 -0.029274 0.307719
1476 1.000000 1.000000 -0.101401 -0.053378 0.275495
1477 1.000000 1.000000 -0.117989 -0.103024 0.250954
1478 1.000000 1.000000 -0.073201 -0.105698 0.307825
1479 1.000000 1.000000 -0.029615 -0.125689 0.306384
1480 1.000000 1.000000 0.000114 -0.114648 0.274488
1481 1.000000 1.000000 0.036405 -0.152188 0.251884
1482 1.000000 1.000000 0.061917 -0.112296 0.308674
1483 1.000000 1.000000 0.099931 -0.082848 0.304597
1484 1.000000 1.000000 0.101611 -0.053244 0.273087
1485 1.000000 1.000000 0.151625 -0.038419 0.252259
1486 1.000000 1.000000 0.127954 0.005455 0.309087
1487 1.000000 1.000000 0.119382 0.053036 0.302347
1488 1.000000 1.000000 0.094454 0.065222 0.271291
1489 1.000000 1.000000 0.104460 0.116465 0.252081
1490 1.000000 1.000000 0.052073 0.117015 0.309066
1491 1.000000 1.000000 0.005537 0.131475 0.299619
1492 1.000000 1.000000 -0.013789 0.114011 0.269096
1493 1.000000 1.000000 -0.054674 0.146716 0.251348
1494 1.000000 1.000000 -0.081723 0.098854 0.308611
1495 1.000000 1.000000 -0.116312 0.063815 0.296397
1496 1.000000 1.000000 -0.107351 0.040879 0.266499
1497 1.000000 1.000000 -0.155536 0.019753 0.250059
1498 1.000000 1.000000 -0.174564 -0.038403 0.334752
1499 1.000000 1.000000 -0.227592 -0.093064 0.338403
1500 1.000000 1.000000 -0.198607 -0.141832 0.276597
1501 1.000000 1.000000 -0.117967 -0.136729 0.332746
1502 1.000000 1.000000 -0.124592 -0.209373 0.340235
1503 1.000000 1.000000 -0.040187 -0.174689 0.334197
1504 1.000000 1.000000 -0.013545 -0.247476 0.336782
1505 1.000000 1.000000 0.039340 -0.240965 0.276441
1506 1.000000 1.000000 0.072682 -0.164268 0.333788
1507 1.000000 1.000000 0.135363 -0.201899 0.340690
1508 1.000000 1.000000 0.141291 -0.111616 0.333322
1509 1.000000 1.000000 0.220006 -0.119382 0.334723
1510 1.000000 1.000000 0.234101 -0.071502 0.275511
1511 1.000000 1.000000 0.178905 -0.004655 0.334507
1512 1.000000 1.000000 0.240393 0.035639 0.340735
1513 1.000000 1.000000 0.162327 0.080418 0.332121
1514 1.000000 1.000000 0.204413 0.149534 0.332211
1515 1.000000 1.000000 0.168446 0.179163 0.273797
1516 1.000000 1.000000 0.080680 0.159332 0.334906
1517 1.000000 1.000000 0.071072 0.232866 0.340372
1518 1.000000 1.000000 -0.003298 0.182508 0.330589
1519 1.000000 1.000000 -0.048493 0.252097 0.329228
1520 1.000000 1.000000 -0.086805 0.231841 0.271280
1521 1.000000 1.000000 -0.109354 0.141105 0.334988
1522 1.000000 1.000000 -0.180579 0.164727 0.339596
1523 1.000000 1.000000 -0.167934 0.075683 0.328721
1524 1.000000 1.000000 -0.252492 0.064711 0.325757
1525 1.000000 1.000000 -0.248474 0.024788 0.267935
1526 1.000000 1.000000 -0.035903 -0.005493 0.416752
1527 1.000000 1.000000 -0.040766 -0.010359 0.410058
1528 1.000000 1.000000 -0.044548 -0.016903 0.418988
1529 1.000000 1.000000 -0.031257 -0.017941 0.416714
1530 1.000000 1.000000 -0.033496 -0.024673 0.410104
1531 1.000000 1.000000 -0.034436 -0.032733 0.418979
1532 1.000000 1.000000 -0.022661 -0.027994 0.416711
1533 1.000000 1.000000 -0.021611 -0.035258 0.410129
1534 1.000000 1.000000 -0.014224 -0.033574 0.416770
1535 1.000000 1.000000 -0.014662 -0.045626 0.419007
1536 1.000000 1.000000 -0.006738 -0.040759 0.410133
1537 1.000000 1.000000 -0.001144 -0.036111 0.416727
1538 1.000000 1.000000 0.004108 -0.047341 0.418979
1539 1.000000 1.000000 0.009142 -0.040458 0.410116
1540 1.000000 1.000000 0.011939 -0.034020 0.416716
1541 1.000000 1.000000 0.022095 -0.042033 0.418977
1542 1.000000 1.000000 0.021016 -0.029924 0.416784
1543 1.000000 1.000000 0.027044 -0.031703 0.410097
1544 1.000000 1.000000 0.028327 -0.022864 0.416763
1545 1.000000 1.000000 0.040326 -0.026823 0.419040
1546 1.000000 1.000000 0.036937 -0.019158 0.410103
1547 1.000000 1.000000 0.034304 -0.010984 0.416712
1548 1.000000 1.000000 0.041177 -0.007750 0.410074
1549 1.000000 1.000000 0.047669 -0.004113 0.419002
1550 1.000000 1.000000 0.035830 0.002129 0.416695
1551 1.000000 1.000000 0.040728 0.008251 0.410109
1552 1.000000 1.000000 0.045544 0.014657 0.419001
1553 1.000000 1.000000 0.032765 0.014971 0.416712
1554 1.000000 1.000000 0.034513 0.022902 0.410122
1555 1.000000 1.000000 0.027714 0.023739 0.416774
1556 1.000000 1.000000 0.032825 0.034571 0.418990
1557 1.000000 1.000000 0.023390 0.034272 0.410115
1558 1.000000 1.000000 0.017201 0.031979 0.416751
1559 1.000000 1.000000 0.016792 0.044329 0.418971
1560 1.000000 1.000000 0.007860 0.035358 0.416739
1561 1.000000 1.000000 0.004759 0.041252 0.410112
1562 1.000000 1.000000 -0.001677 0.047474 0.418978
1563 1.000000 1.000000 -0.005439 0.035891 0.416749
1564 1.000000 1.000000 -0.011084 0.039859 0.410127
1565 1.000000 1.000000 -0.015075 0.032868 0.416731
1566 1.000000 1.000000 -0.024409 0.041168 0.419003
1567 1.000000 1.000000 -0.025308 0.032794 0.410122
1568 1.000000 1.000000 -0.025756 0.025054 0.416700
1569 1.000000 1.000000 -0.038307 0.028411 0.418991
1570 1.000000 1.000000 -0.036016 0.020985 0.410096
1571 1.000000 1.000000 -0.033087 0.014080 0.416704
1572 1.000000 1.000000 -0.040601 0.009729 0.410089
1573 1.000000 1.000000 -0.036743 0.004521 0.416842
1574 1.000000 1.000000 -0.048128 0.001671 0.419022
1575 1.000000 1.000000 -0.039268 -0.009078 0.355988
1576 1.000000 1.000000 -0.040546 -0.020207 0.336732
1577 1.000000 1.000000 -0.029704 -0.027359 0.353611
1578 1.000000 1.000000 -0.020819 -0.027284 0.347822
1579 1.000000 1.000000 -0.011772 -0.038546 0.355988
1580 1.000000 1.000000 -0.002773 -0.045217 0.336732
1581 1.000000 1.000000 0.008842 -0.039404 0.353611
1582 1.000000 1.000000 0.013219 -0.031672 0.347822
1583 1.000000 1.000000 0.027496 -0.029468 0.355988
1584 1.000000 1.000000 0.037773 -0.025010 0.336732
1585 1.000000 1.000000 0.038546 -0.012045 0.353611
1586 1.000000 1.000000 0.034038 -0.004388 0.347822
1587 1.000000 1.000000 0.039268 0.009078 0.355988
1588 1.000000 1.000000 0.040546 0.020207 0.336732
1589 1.000000 1.000000 0.029704 0.027359 0.353611
1590 1.000000 1.000000 0.020819 0.027284 0.347822
1591 1.000000 1.000000 0.011772 0.038546 0.355988
1592 1.000000 1.000000 0.002773 0.045217 0.336732
1593 1.000000 1.000000 -0.008842 0.039404 0.353611
1594 1.000000 1.000000 -0.013219 0.031672 0.347822
1595 1.000000 1.000000 -0.027496 0.029468 0.355988
1596 1.000000 1.000000 -0.037773 0.025010 0.336732
1597 1.000000 1.000000 -0.038546 0.012045 0.353611
1598 1.000000 1.000000 -0.034038 0.004388 0.347822
1599 1.000000 1.000000 -0.048360 -0.007482 0.387000
1600 1.000000 1.000000 -0.047191 -0.013955 0.377988
1601 1.000000 1.000000 -0.056562 -0.024946 0.378020
1602 1.000000 1.000000 -0.039833 -0.027768 0.387321
1603 1.000000 1.000000 -0.034792 -0.034258 0.378484
1604 1.000000 1.000000 -0.037761 -0.048977 0.377994
1605 1.000000 1.000000 -0.023614 -0.042546 0.387233
1606 1.000000 1.000000 -0.014541 -0.046527 0.378588
1607 1.000000 1.000000 -0.007858 -0.048699 0.386662
1608 1.000000 1.000000 -0.001499 -0.061625 0.378204
1609 1.000000 1.000000 0.008769 -0.047989 0.387128
1610 1.000000 1.000000 0.015220 -0.046415 0.378459
1611 1.000000 1.000000 0.028092 -0.054711 0.378353
1612 1.000000 1.000000 0.028904 -0.039149 0.387231
1613 1.000000 1.000000 0.035114 -0.033611 0.378764
1614 1.000000 1.000000 0.040865 -0.027236 0.386851
1615 1.000000 1.000000 0.055168 -0.027620 0.378149
1616 1.000000 1.000000 0.046868 -0.013129 0.378682
1617 1.000000 1.000000 0.048490 -0.006490 0.387011
1618 1.000000 1.000000 0.061350 0.002124 0.378473
1619 1.000000 1.000000 0.047836 0.010096 0.387038
1620 1.000000 1.000000 0.045791 0.016537 0.378665
1621 1.000000 1.000000 0.041748 0.025871 0.386847
1622 1.000000 1.000000 0.048704 0.038327 0.377854
1623 1.000000 1.000000 0.032542 0.036086 0.378785
1624 1.000000 1.000000 0.025912 0.041237 0.387197
1625 1.000000 1.000000 0.024241 0.056520 0.378356
1626 1.000000 1.000000 0.011761 0.047363 0.378517
1627 1.000000 1.000000 0.005152 0.048500 0.387138
1628 1.000000 1.000000 -0.006229 0.048950 0.386649
1629 1.000000 1.000000 -0.014056 0.060883 0.377313
1630 1.000000 1.000000 -0.017909 0.045317 0.378612
1631 1.000000 1.000000 -0.026759 0.040698 0.387194
1632 1.000000 1.000000 -0.041052 0.046246 0.377999
1633 1.000000 1.000000 -0.037176 0.031580 0.378546
1634 1.000000 1.000000 -0.041796 0.024707 0.387324
1635 1.000000 1.000000 -0.058081 0.020948 0.378099
1636 1.000000 1.000000 -0.048013 0.010434 0.378089
1637 1.000000 1.000000 -0.048730 0.003837 0.387046
1638 1.000000 1.000000 0.011836 0.006888 0.338375
1639 1.000000 1.000000 -0.000047 0.013694 0.338375
1640 1.000000 1.000000 -0.011883 0.006807 0.338375
1641 1.000000 1.000000 -0.011836 -0.006888 0.338375
1642 1.000000 1.000000 0.000047 -0.013694 0.338375
1643 1.000000 1.000000 0.011883 -0.006807 0.338375
1644 1.000000 1.000000 0.007950 0.001006 0.431293
1645 1.000000 1.000000 0.015872 0.003449 0.429774
1646 1.000000 1.000000 0.010137 0.003272 0.438629
1647 1.000000 1.000000 0.007191 0.003429 0.431158
1648 1.000000 1.000000 0.013742 0.008331 0.429551
1649 1.000000 1.000000 0.008415 0.006483 0.438550
1650 1.000000 1.000000 0.005758 0.005517 0.431183
1651 1.000000 1.000000 0.010233 0.012280 0.429439
1652 1.000000 1.000000 0.004323 0.006781 0.431375
1653 1.000000 1.000000 0.005001 0.009449 0.438732
1654 1.000000 1.000000 0.005684 0.014937 0.429436
1655 1.000000 1.000000 0.001962 0.007728 0.431178
1656 1.000000 1.000000 0.001511 0.010521 0.438568
1657 1.000000 1.000000 0.000523 0.016055 0.429542
1658 1.000000 1.000000 -0.000560 0.007941 0.431142
1659 1.000000 1.000000 -0.002133 0.010439 0.438637
1660 1.000000 1.000000 -0.004772 0.015512 0.429759
1661 1.000000 1.000000 -0.003039 0.007404 0.431266
1662 1.000000 1.000000 -0.004156 0.006884 0.431374
1663 1.000000 1.000000 -0.009577 0.013213 0.429874
1664 1.000000 1.000000 -0.007052 0.008023 0.438707
1665 1.000000 1.000000 -0.006056 0.005190 0.431185
1666 1.000000 1.000000 -0.013188 0.009267 0.429613
1667 1.000000 1.000000 -0.009294 0.005144 0.438550
1668 1.000000 1.000000 -0.007369 0.003025 0.431157
1669 1.000000 1.000000 -0.015374 0.004445 0.429464
1670 1.000000 1.000000 -0.007986 0.001209 0.431476
1671 1.000000 1.000000 -0.010698 0.000836 0.438839
1672 1.000000 1.000000 -0.015954 -0.000792 0.429425
1673 1.000000 1.000000 -0.007877 -0.001341 0.431226
1674 1.000000 1.000000 -0.010265 -0.002800 0.438596
1675 1.000000 1.000000 -0.014879 -0.005955 0.429494
1676 1.000000 1.000000 -0.007031 -0.003729 0.431137
1677 1.000000 1.000000 -0.008716 -0.006097 0.438588
1678 1.000000 1.000000 -0.012241 -0.010558 0.429674
1679 1.000000 1.000000 -0.005523 -0.005764 0.431207
1680 1.000000 1.000000 -0.004629 -0.006617 0.431473
1681 1.000000 1.000000 -0.008298 -0.014152 0.429986
1682 1.000000 1.000000 -0.004574 -0.009696 0.438812
1683 1.000000 1.000000 -0.002296 -0.007655 0.431230
1684 1.000000 1.000000 -0.003202 -0.015855 0.429688
1685 1.000000 1.000000 -0.001026 -0.010583 0.438577
1686 1.000000 1.000000 0.000221 -0.007960 0.431149
1687 1.000000 1.000000 0.002106 -0.015893 0.429502
1688 1.000000 1.000000 0.002605 -0.010308 0.438575
1689 1.000000 1.000000 0.002715 -0.007515 0.431226
1690 1.000000 1.000000 0.007132 -0.014293 0.429426
1691 1.000000 1.000000 0.004431 -0.006676 0.431291
1692 1.000000 1.000000 0.006663 -0.008322 0.438651
1693 1.000000 1.000000 0.011409 -0.011217 0.429459
1694 1.000000 1.000000 0.006262 -0.004919 0.431149
1695 1.000000 1.000000 0.009053 -0.005569 0.438565
1696 1.000000 1.000000 0.014535 -0.006946 0.429602
1697 1.000000 1.000000 0.007495 -0.002709 0.431165
1698 1.000000 1.000000 0.007965 -0.001558 0.431591
1699 1.000000 1.000000 0.016389 -0.001927 0.430111
1700 1.000000 1.000000 0.010764 -0.000344 0.438943
1701 1.000000 1.000000 0.030310 0.004337 0.432220
1702 1.000000 1.000000 0.027793 0.006986 0.446971
1703 1.000000 1.000000 0.038977 0.014030 0.440883
1704 1.000000 1.000000 0.026457 0.014832 0.432027
1705 1.000000 1.000000 0.022756 0.016661 0.446450
1706 1.000000 1.000000 0.030347 0.027879 0.440751
1707 1.000000 1.000000 0.019307 0.023347 0.432004
1708 1.000000 1.000000 0.014682 0.023784 0.446158
1709 1.000000 1.000000 0.012439 0.028368 0.432456
1710 1.000000 1.000000 0.013306 0.039380 0.440970
1711 1.000000 1.000000 0.004643 0.027504 0.446092
1712 1.000000 1.000000 0.001368 0.030594 0.432224
1713 1.000000 1.000000 -0.002945 0.040967 0.440668
1714 1.000000 1.000000 -0.006080 0.027364 0.446252
1715 1.000000 1.000000 -0.009722 0.028941 0.432160
1716 1.000000 1.000000 -0.018526 0.036534 0.440600
1717 1.000000 1.000000 -0.017419 0.025254 0.432259
1718 1.000000 1.000000 -0.018198 0.021342 0.446270
1719 1.000000 1.000000 -0.023749 0.019584 0.432328
1720 1.000000 1.000000 -0.034533 0.023607 0.441131
1721 1.000000 1.000000 -0.024827 0.012891 0.446186
1722 1.000000 1.000000 -0.028839 0.009583 0.432067
1723 1.000000 1.000000 -0.040596 0.008311 0.440891
1724 1.000000 1.000000 -0.027975 0.002613 0.446327
1725 1.000000 1.000000 -0.030216 -0.001453 0.431974
1726 1.000000 1.000000 -0.027706 -0.005483 0.446495
1727 1.000000 1.000000 -0.039838 -0.012026 0.440998
1728 1.000000 1.000000 -0.027763 -0.012295 0.432049
1729 1.000000 1.000000 -0.023484 -0.015422 0.446326
1730 1.000000 1.000000 -0.023858 -0.019871 0.432505
1731 1.000000 1.000000 -0.028972 -0.029551 0.440858
1732 1.000000 1.000000 -0.017205 -0.025318 0.432214
1733 1.000000 1.000000 -0.013665 -0.024878 0.446658
1734 1.000000 1.000000 -0.015142 -0.038134 0.440641
1735 1.000000 1.000000 -0.006878 -0.029639 0.432091
1736 1.000000 1.000000 -0.003256 -0.027834 0.446243
1737 1.000000 1.000000 0.000803 -0.041051 0.440659
1738 1.000000 1.000000 0.004279 -0.030194 0.432137
1739 1.000000 1.000000 0.007416 -0.026857 0.446055
1740 1.000000 1.000000 0.012431 -0.027965 0.432209
1741 1.000000 1.000000 0.020593 -0.035844 0.440830
1742 1.000000 1.000000 0.016997 -0.022117 0.446093
1743 1.000000 1.000000 0.021504 -0.021432 0.432047
1744 1.000000 1.000000 0.032667 -0.024923 0.440678
1745 1.000000 1.000000 0.024267 -0.014210 0.446355
1746 1.000000 1.000000 0.027793 -0.012242 0.432053
1747 1.000000 1.000000 0.039898 -0.010366 0.440760
1748 1.000000 1.000000 0.030806 -0.004190 0.432532
1749 1.000000 1.000000 0.028250 -0.001194 0.446532
1750 1.000000 1.000000 0.025165 0.009509 0.325924
1751 1.000000 1.000000 0.026581 0.024709 0.305122
1752 1.000000 1.000000 0.004348 0.026548 0.325924
1753 1.000000 1.000000 -0.008108 0.035375 0.305122
1754 1.000000 1.000000 -0.020817 0.017040 0.325924
1755 1.000000 1.000000 -0.034690 0.010665 0.305122
1756 1.000000 1.000000 -0.025165 -0.009509 0.325924
1757 1.000000 1.000000 -0.026581 -0.024709 0.305122
1758 1.000000 1.000000 -0.004348 -0.026548 0.325924
1759 1.000000 1.000000 0.008108 -0.035375 0.305122
1760 1.000000 1.000000 0.020817 -0.017040 0.325924
1761 1.000000 1.000000 0.034690 -0.010665 0.305122
1762 1.000000 1.000000 0.056381 0.011535 0.356147
1763 1.000000 1.000000 0.072453 0.026777 0.346914
1764 1.000000 1.000000 0.059531 0.038743 0.333173
1765 1.000000 1.000000 0.039629 0.041760 0.356084
1766 1.000000 1.000000 0.042716 0.063634 0.348299
1767 1.000000 1.000000 0.016779 0.054918 0.356505
1768 1.000000 1.000000 0.009089 0.076625 0.347102
1769 1.000000 1.000000 -0.005986 0.070803 0.333018
1770 1.000000 1.000000 -0.017684 0.054623 0.356534
1771 1.000000 1.000000 -0.037083 0.066803 0.348831
1772 1.000000 1.000000 -0.040179 0.040934 0.356695
1773 1.000000 1.000000 -0.064147 0.042962 0.347003
1774 1.000000 1.000000 -0.065274 0.028241 0.332636
1775 1.000000 1.000000 -0.056335 0.010555 0.356816
1776 1.000000 1.000000 -0.076252 -0.002585 0.349075
1777 1.000000 1.000000 -0.055149 -0.015736 0.356718
1778 1.000000 1.000000 -0.067576 -0.037676 0.346617
1779 1.000000 1.000000 -0.055843 -0.044208 0.332027
1780 1.000000 1.000000 -0.036166 -0.044412 0.356930
1781 1.000000 1.000000 -0.032435 -0.069078 0.349035
1782 1.000000 1.000000 -0.012539 -0.056015 0.356572
1783 1.000000 1.000000 0.002841 -0.077602 0.345940
1784 1.000000 1.000000 0.012535 -0.070247 0.331190
1785 1.000000 1.000000 0.021739 -0.053009 0.356877
1786 1.000000 1.000000 0.046815 -0.060451 0.348711
1787 1.000000 1.000000 0.043293 -0.037856 0.356259
1788 1.000000 1.000000 0.070773 -0.032919 0.344965
1789 1.000000 1.000000 0.067960 -0.022276 0.330121
1790 1.000000 1.000000 0.057031 -0.006246 0.356656
1791 1.000000 1.000000 0.058013 0.007642 0.399716
1792 1.000000 1.000000 0.071573 0.018874 0.408016
1793 1.000000 1.000000 0.072579 0.029502 0.393790
1794 1.000000 1.000000 0.048942 0.031379 0.399870
1795 1.000000 1.000000 0.055093 0.047625 0.408322
1796 1.000000 1.000000 0.050671 0.059466 0.393904
1797 1.000000 1.000000 0.031084 0.049402 0.399777
1798 1.000000 1.000000 0.028362 0.066571 0.408438
1799 1.000000 1.000000 0.013179 0.056986 0.399726
1800 1.000000 1.000000 0.007639 0.078054 0.393747
1801 1.000000 1.000000 -0.003808 0.072517 0.408374
1802 1.000000 1.000000 -0.012199 0.056754 0.399906
1803 1.000000 1.000000 -0.028540 0.067981 0.408091
1804 1.000000 1.000000 -0.038262 0.069395 0.393318
1805 1.000000 1.000000 -0.035272 0.046314 0.399838
1806 1.000000 1.000000 -0.054963 0.048053 0.408275
1807 1.000000 1.000000 -0.049402 0.032760 0.399400
1808 1.000000 1.000000 -0.070305 0.034689 0.393763
1809 1.000000 1.000000 -0.056677 0.014808 0.399689
1810 1.000000 1.000000 -0.072670 0.010426 0.408172
1811 1.000000 1.000000 -0.077878 -0.001606 0.394024
1812 1.000000 1.000000 -0.057555 -0.010685 0.399706
1813 1.000000 1.000000 -0.069183 -0.022378 0.408350
1814 1.000000 1.000000 -0.051121 -0.029122 0.399584
1815 1.000000 1.000000 -0.064053 -0.046574 0.393344
1816 1.000000 1.000000 -0.052314 -0.050534 0.408344
1817 1.000000 1.000000 -0.033489 -0.047504 0.399877
1818 1.000000 1.000000 -0.032540 -0.066066 0.408113
1819 1.000000 1.000000 -0.026249 -0.074116 0.393643
1820 1.000000 1.000000 -0.010096 -0.057131 0.399919
1821 1.000000 1.000000 -0.000201 -0.072689 0.408356
1822 1.000000 1.000000 0.009429 -0.058492 0.399413
1823 1.000000 1.000000 0.020854 -0.075972 0.393561
1824 1.000000 1.000000 0.031676 -0.065170 0.408413
1825 1.000000 1.000000 0.032936 -0.048309 0.399735
1826 1.000000 1.000000 0.052989 -0.057230 0.393972
1827 1.000000 1.000000 0.057492 -0.044906 0.408290
1828 1.000000 1.000000 0.050202 -0.029641 0.399804
1829 1.000000 1.000000 0.056707 -0.018033 0.399304
1830 1.000000 1.000000 0.078443 -0.017207 0.392751
1831 1.000000 1.000000 0.073030 -0.006374 0.408199
1832 1.000000 1.000000 0.026091 0.004451 0.483792
1833 1.000000 1.000000 0.053636 0.015623 0.479320
1834 1.000000 1.000000 0.035723 0.016409 0.512025
1835 1.000000 1.000000 0.021500 0.015018 0.483228
1836 1.000000 1.000000 0.040412 0.036875 0.478194
1837 1.000000 1.000000 0.024083 0.031046 0.511986
1838 1.000000 1.000000 0.013157 0.022951 0.483761
1839 1.000000 1.000000 0.019898 0.050576 0.477843
1840 1.000000 1.000000 0.004896 0.025790 0.483285
1841 1.000000 1.000000 0.002217 0.039794 0.513160
1842 1.000000 1.000000 -0.004450 0.054592 0.478258
1843 1.000000 1.000000 -0.006497 0.025130 0.482597
1844 1.000000 1.000000 -0.022813 0.050217 0.478631
1845 1.000000 1.000000 -0.020932 0.034038 0.513375
1846 1.000000 1.000000 -0.016706 0.020089 0.482998
1847 1.000000 1.000000 -0.042088 0.034619 0.477988
1848 1.000000 1.000000 -0.022823 0.013808 0.484274
1849 1.000000 1.000000 -0.036092 0.015913 0.512303
1850 1.000000 1.000000 -0.053159 0.012561 0.478111
1851 1.000000 1.000000 -0.026179 0.002725 0.483449
1852 1.000000 1.000000 -0.039093 -0.002552 0.511744
1853 1.000000 1.000000 -0.026013 -0.005902 0.484271
1854 1.000000 1.000000 -0.051811 -0.018278 0.478421
1855 1.000000 1.000000 -0.022589 -0.014029 0.484080
1856 1.000000 1.000000 -0.044147 -0.036044 0.480409
1857 1.000000 1.000000 -0.028118 -0.028722 0.513864
1858 1.000000 1.000000 -0.014174 -0.021900 0.482902
1859 1.000000 1.000000 -0.023057 -0.050223 0.478735
1860 1.000000 1.000000 -0.011457 -0.037782 0.512380
1861 1.000000 1.000000 -0.003473 -0.025820 0.482823
1862 1.000000 1.000000 0.001397 -0.054342 0.477854
1863 1.000000 1.000000 0.005295 -0.026193 0.484384
1864 1.000000 1.000000 0.012152 -0.037988 0.513218
1865 1.000000 1.000000 0.025143 -0.048066 0.477741
1866 1.000000 1.000000 0.015618 -0.020987 0.483077
1867 1.000000 1.000000 0.027966 -0.027700 0.512133
1868 1.000000 1.000000 0.044284 -0.032469 0.478393
1869 1.000000 1.000000 0.023000 -0.012279 0.482869
1870 1.000000 1.000000 0.053260 -0.015758 0.479007
1871 1.000000 1.000000 0.027179 -0.004299 0.486221
1872 1.000000 1.000000 0.040226 -0.002002 0.514033
1873 1.000000 1.000000 0.039008 0.023958 0.233136
1874 1.000000 1.000000 -0.001244 0.045761 0.233136
1875 1.000000 1.000000 -0.040252 0.021803 0.233136
1876 1.000000 1.000000 -0.039008 -0.023958 0.233136
1877 1.000000 1.000000 0.001244 -0.045761 0.233136
1878 1.000000 1.000000 0.040252 -0.021803 0.233136
1879 1.000000 1.000000 0.110934 0.021599 0.479699
1880 1.000000 1.000000 0.114463 0.042370 0.538991
1881 1.000000 1.000000 0.146332 0.077926 0.499985
1882 1.000000 1.000000 0.086112 0.071354 0.479267
1883 1.000000 1.000000 0.076213 0.093276 0.537805
1884 1.000000 1.000000 0.087419 0.142086 0.500263
1885 1.000000 1.000000 0.041479 0.104101 0.479350
1886 1.000000 1.000000 0.018450 0.118911 0.537716
1887 1.000000 1.000000 0.003652 0.169726 0.501039
1888 1.000000 1.000000 -0.013664 0.112881 0.479948
1889 1.000000 1.000000 -0.042814 0.106314 0.480274
1890 1.000000 1.000000 -0.062014 0.107347 0.540404
1891 1.000000 1.000000 -0.101816 0.131276 0.500077
1892 1.000000 1.000000 -0.086855 0.071445 0.479497
1893 1.000000 1.000000 -0.105577 0.059833 0.538472
1894 1.000000 1.000000 -0.154013 0.061736 0.500022
1895 1.000000 1.000000 -0.109770 0.020962 0.479237
1896 1.000000 1.000000 -0.120235 -0.001874 0.537654
1897 1.000000 1.000000 -0.165740 -0.024829 0.500466
1898 1.000000 1.000000 -0.107055 -0.034408 0.479492
1899 1.000000 1.000000 -0.098184 -0.063413 0.481082
1900 1.000000 1.000000 -0.097402 -0.080892 0.542331
1901 1.000000 1.000000 -0.112915 -0.123460 0.500392
1902 1.000000 1.000000 -0.054310 -0.099926 0.479957
1903 1.000000 1.000000 -0.041711 -0.115632 0.539634
1904 1.000000 1.000000 -0.034719 -0.162181 0.500003
1905 1.000000 1.000000 0.000201 -0.112070 0.479353
1906 1.000000 1.000000 0.022234 -0.118756 0.538077
1907 1.000000 1.000000 0.052145 -0.157883 0.500115
1908 1.000000 1.000000 0.053758 -0.098060 0.479265
1909 1.000000 1.000000 0.078923 -0.090674 0.537625
1910 1.000000 1.000000 0.126528 -0.111382 0.500725
1911 1.000000 1.000000 0.095151 -0.060945 0.479691
1912 1.000000 1.000000 0.110243 -0.034981 0.480649
1913 1.000000 1.000000 0.123246 -0.022035 0.541302
1914 1.000000 1.000000 0.166478 -0.006756 0.500207
1915 1.000000 1.000000 0.092031 0.039552 0.193952
1916 1.000000 1.000000 0.100246 0.106621 0.127536
1917 1.000000 1.000000 0.011763 0.099477 0.193952
1918 1.000000 1.000000 -0.042214 0.140126 0.127536
1919 1.000000 1.000000 -0.080268 0.059926 0.193952
1920 1.000000 1.000000 -0.142460 0.033505 0.127536
1921 1.000000 1.000000 -0.092031 -0.039552 0.193952
1922 1.000000 1.000000 -0.100246 -0.106621 0.127536
1923 1.000000 1.000000 -0.011763 -0.099477 0.193952
1924 1.000000 1.000000 0.042214 -0.140126 0.127536
1925 1.000000 1.000000 0.080268 -0.059926 0.193952
1926 1.000000 1.000000 0.142460 -0.033505 0.127536
1927 1.000000 1.000000 0.125069 0.028695 0.307281
1928 1.000000 1.000000 0.101230 0.053071 0.275554
1929 1.000000 1.000000 0.092076 0.093657 0.298928
1930 1.000000 1.000000 0.089546 0.128545 0.248537
1931 1.000000 1.000000 0.030067 0.125240 0.306028
1932 1.000000 1.000000 0.000093 0.114349 0.274611
1933 1.000000 1.000000 -0.036590 0.151818 0.251621
1934 1.000000 1.000000 -0.061417 0.112383 0.307919
1935 1.000000 1.000000 -0.099284 0.083042 0.304326
1936 1.000000 1.000000 -0.101239 0.053298 0.273277
1937 1.000000 1.000000 -0.151360 0.038102 0.252110
1938 1.000000 1.000000 -0.127782 -0.004960 0.308410
1939 1.000000 1.000000 -0.119239 -0.052333 0.302163
1940 1.000000 1.000000 -0.094334 -0.064854 0.271549
1941 1.000000 1.000000 -0.104060 -0.116347 0.252046
1942 1.000000 1.000000 -0.052438 -0.116607 0.308468
1943 1.000000 1.000000 -0.006127 -0.130992 0.299527
1944 1.000000 1.000000 0.013505 -0.113732 0.269425
1945 1.000000 1.000000 0.054728 -0.146295 0.251432
1946 1.000000 1.000000 0.081164 -0.098980 0.308092
1947 1.000000 1.000000 0.115568 -0.064133 0.296401
1948 1.000000 1.000000 0.106967 -0.041012 0.266902
1949 1.000000 1.000000 0.155164 -0.019528 0.250264
1950 1.000000 1.000000 0.117745 0.020911 0.421994
1951 1.000000 1.000000 0.127340 0.042313 0.392519
1952 1.000000 1.000000 0.143540 0.073299 0.415124
1953 1.000000 1.000000 0.092241 0.073933 0.422221
1954 1.000000 1.000000 0.087363 0.099959 0.393208
1955 1.000000 1.000000 0.087021 0.136222 0.414992
1956 1.000000 1.000000 0.045439 0.108933 0.422251
1957 1.000000 1.000000 0.024552 0.129996 0.393428
1958 1.000000 1.000000 0.006239 0.163381 0.414468
1959 1.000000 1.000000 -0.012444 0.118379 0.422087
1960 1.000000 1.000000 -0.043387 0.113148 0.421723
1961 1.000000 1.000000 -0.063831 0.119737 0.391784
1962 1.000000 1.000000 -0.096812 0.129414 0.414999
1963 1.000000 1.000000 -0.090643 0.077096 0.422093
1964 1.000000 1.000000 -0.113959 0.069731 0.392802
1965 1.000000 1.000000 -0.148558 0.062519 0.415122
1966 1.000000 1.000000 -0.115553 0.024012 0.422252
1967 1.000000 1.000000 -0.132475 0.002312 0.393332
1968 1.000000 1.000000 -0.160700 -0.021316 0.414862
1969 1.000000 1.000000 -0.113122 -0.034382 0.422218
1970 1.000000 1.000000 -0.115245 -0.065088 0.393399
1971 1.000000 1.000000 -0.094377 -0.077242 0.421588
1972 1.000000 1.000000 -0.111890 -0.118091 0.414701
1973 1.000000 1.000000 -0.059201 -0.104742 0.421871
1974 1.000000 1.000000 -0.050042 -0.125255 0.392180
1975 1.000000 1.000000 -0.036493 -0.157137 0.415083
1976 1.000000 1.000000 -0.001728 -0.118526 0.422168
1977 1.000000 1.000000 0.020120 -0.131594 0.393031
1978 1.000000 1.000000 0.047984 -0.154033 0.415078
1979 1.000000 1.000000 0.055032 -0.104337 0.422262
1980 1.000000 1.000000 0.083558 -0.102626 0.393405
1981 1.000000 1.000000 0.120326 -0.109551 0.414688
1982 1.000000 1.000000 0.098817 -0.065520 0.422164
1983 1.000000 1.000000 0.124218 -0.046173 0.393319
1984 1.000000 1.000000 0.119530 -0.023601 0.421609
1985 1.000000 1.000000 0.161799 -0.009407 0.414872
1986 1.000000 1.000000 0.173706 0.039949 0.334533
1987 1.000000 1.000000 0.224497 0.098595 0.338479
1988 1.000000 1.000000 0.139935 0.121668 0.326486
1989 1.000000 1.000000 0.166318 0.188568 0.264353
1990 1.000000 1.000000 0.118744 0.211660 0.340519
1991 1.000000 1.000000 0.038414 0.174547 0.334009
1992 1.000000 1.000000 0.007160 0.247095 0.336821
1993 1.000000 1.000000 -0.043575 0.240380 0.275474
1994 1.000000 1.000000 -0.074078 0.163212 0.333451
1995 1.000000 1.000000 -0.139961 0.197650 0.340929
1996 1.000000 1.000000 -0.141898 0.109930 0.333165
1997 1.000000 1.000000 -0.222469 0.113398 0.334724
1998 1.000000 1.000000 -0.235448 0.067451 0.274537
1999 1.000000 1.000000 -0.178525 0.002945 0.334199
2000 1.000000 1.000000 -0.238580 -0.041626 0.340932
2001 1.000000 1.000000 -0.161031 -0.081677 0.331996
2002 1.000000 1.000000 -0.200032 -0.154417 0.332175
2003 1.000000 1.000000 -0.165406 -0.182162 0.272812
2004 1.000000 1.000000 -0.078964 -0.159697 0.334628
2005 1.000000 1.000000 -0.064882 -0.233850 0.340527
2006 1.000000 1.000000 0.004995 -0.181839 0.330497
2007 1.000000 1.000000 0.054895 -0.250236 0.329156
2008 1.000000 1.000000 0.090848 -0.230430 0.270283
2009 1.000000 1.000000 0.110401 -0.139691 0.334739
2010 1.000000 1.000000 0.184181 -0.159565 0.339711
2011 1.000000 1.000000 0.168023 -0.073842 0.328663
2012 1.000000 1.000000 0.253601 -0.058014 0.325650
2013 1.000000 1.000000 0.248986 -0.020518 0.266924
2014 1.000000 1.000000 0.039335 0.008830 0.355663
2015 1.000000 1.000000 0.030768 0.015171 0.347790
2016 1.000000 1.000000 0.035233 0.028375 0.336450
2017 1.000000 1.000000 0.024392 0.032074 0.356019
2018 1.000000 1.000000 0.012020 0.038480 0.355663
2019 1.000000 1.000000 0.002245 0.034231 0.347790
2020 1.000000 1.000000 -0.006957 0.044701 0.336450
2021 1.000000 1.000000 -0.015581 0.037161 0.356019
2022 1.000000 1.000000 -0.027315 0.029650 0.355663
2023 1.000000 1.000000 -0.028523 0.019060 0.347790
2024 1.000000 1.000000 -0.042190 0.016325 0.336450
2025 1.000000 1.000000 -0.039973 0.005087 0.356019
2026 1.000000 1.000000 -0.039335 -0.008830 0.355663
2027 1.000000 1.000000 -0.030768 -0.015171 0.347790
2028 1.000000 1.000000 -0.035233 -0.028375 0.336450
2029 1.000000 1.000000 -0.024392 -0.032074 0.356019
2030 1.000000 1.000000 -0.012020 -0.038480 0.355663
2031 1.000000 1.000000 -0.002245 -0.034231 0.347790
2032 1.000000 1.000000 0.006957 -0.044701 0.336450
2033 1.000000 1.000000 0.015581 -0.037161 0.356019
2034 1.000000 1.000000 0.027315 -0.029650 0.355663
2035 1.000000 1.000000 0.028523 -0.019060 0.347790
2036 1.000000 1.000000 0.042190 -0.016325 0.336450
2037 1.000000 1.000000 0.039973 -0.005087 0.356019
2038 1.000000 1.000000 0.036059 0.004671 0.416720
2039 1.000000 1.000000 0.041070 0.009277 0.410016
2040 1.000000 1.000000 0.044931 0.015623 0.418884
2041 1.000000 1.000000 0.031655 0.017215 0.416677
2042 1.000000 1.000000 0.034146 0.023774 0.410067
2043 1.000000 1.000000 0.035233 0.031663 0.418871
2044 1.000000 1.000000 0.023262 0.027427 0.416668
2045 1.000000 1.000000 0.022525 0.034643 0.410095
2046 1.000000 1.000000 0.015007 0.033272 0.416739
2047 1.000000 1.000000 0.015929 0.045179 0.418906
2048 1.000000 1.000000 0.007807 0.040498 0.410103
2049 1.000000 1.000000 0.001974 0.036066 0.416689
2050 1.000000 1.000000 -0.002777 0.047356 0.418875
2051 1.000000 1.000000 -0.008043 0.040582 0.410090
2052 1.000000 1.000000 -0.011136 0.034232 0.416673
2053 1.000000 1.000000 -0.020848 0.042502 0.418869
2054 1.000000 1.000000 -0.020306 0.030366 0.416742
2055 1.000000 1.000000 -0.026181 0.032398 0.410062
2056 1.000000 1.000000 -0.027836 0.023546 0.416733
2057 1.000000 1.000000 -0.039539 0.027928 0.418938
2058 1.000000 1.000000 -0.036368 0.020106 0.410072
2059 1.000000 1.000000 -0.034049 0.011773 0.416677
2060 1.000000 1.000000 -0.040971 0.008849 0.410036
2061 1.000000 1.000000 -0.047429 0.005434 0.418895
2062 1.000000 1.000000 -0.035831 -0.001305 0.416653
2063 1.000000 1.000000 -0.040913 -0.007158 0.410074
2064 1.000000 1.000000 -0.045771 -0.013329 0.418891
2065 1.000000 1.000000 -0.033021 -0.014182 0.416665
2066 1.000000 1.000000 -0.035061 -0.021943 0.410091
2067 1.000000 1.000000 -0.028256 -0.023098 0.416738
2068 1.000000 1.000000 -0.033748 -0.033604 0.418888
2069 1.000000 1.000000 -0.024238 -0.033559 0.410088
2070 1.000000 1.000000 -0.017910 -0.031538 0.416709
2071 1.000000 1.000000 -0.017983 -0.043740 0.418865
2072 1.000000 1.000000 -0.008663 -0.035148 0.416699
2073 1.000000 1.000000 -0.005856 -0.041106 0.410076
2074 1.000000 1.000000 0.000350 -0.047327 0.418868
2075 1.000000 1.000000 0.004608 -0.035939 0.416704
2076 1.000000 1.000000 0.010009 -0.040098 0.410095
2077 1.000000 1.000000 0.014324 -0.033226 0.416697
2078 1.000000 1.000000 0.023221 -0.041789 0.418900
2079 1.000000 1.000000 0.024381 -0.033390 0.410093
2080 1.000000 1.000000 0.025156 -0.025622 0.416660
2081 1.000000 1.000000 0.037407 -0.029397 0.418885
2082 1.000000 1.000000 0.035347 -0.021871 0.410071
2083 1.000000 1.000000 0.032691 -0.014807 0.416658
2084 1.000000 1.000000 0.040280 -0.010795 0.410057
2085 1.000000 1.000000 0.047545 -0.007935 0.418925
2086 1.000000 1.000000 0.036068 -0.002022 0.416689
2087 1.000000 1.000000 0.048357 0.006816 0.387027
2088 1.000000 1.000000 0.047164 0.013971 0.377937
2089 1.000000 1.000000 0.056902 0.024579 0.377664
2090 1.000000 1.000000 0.040208 0.027226 0.387261
2091 1.000000 1.000000 0.034819 0.034303 0.378341
2092 1.000000 1.000000 0.038293 0.048877 0.377549
2093 1.000000 1.000000 0.024245 0.042309 0.387088
2094 1.000000 1.000000 0.013974 0.047168 0.386719
2095 1.000000 1.000000 0.008491 0.048543 0.377820
2096 1.000000 1.000000 0.001967 0.061686 0.377947
2097 1.000000 1.000000 -0.008099 0.048014 0.387148
2098 1.000000 1.000000 -0.015222 0.046376 0.378429
2099 1.000000 1.000000 -0.027739 0.055065 0.378010
2100 1.000000 1.000000 -0.028371 0.039549 0.387164
2101 1.000000 1.000000 -0.035143 0.033631 0.378644
2102 1.000000 1.000000 -0.040558 0.027826 0.386726
2103 1.000000 1.000000 -0.054941 0.028026 0.377990
2104 1.000000 1.000000 -0.047391 0.012648 0.386843
2105 1.000000 1.000000 -0.048453 0.007014 0.378239
2106 1.000000 1.000000 -0.061428 -0.001652 0.378228
2107 1.000000 1.000000 -0.047889 -0.009420 0.387051
2108 1.000000 1.000000 -0.045738 -0.016524 0.378658
2109 1.000000 1.000000 -0.042075 -0.025302 0.386802
2110 1.000000 1.000000 -0.048902 -0.037890 0.377792
2111 1.000000 1.000000 -0.032552 -0.036099 0.378687
2112 1.000000 1.000000 -0.026514 -0.040956 0.387066
2113 1.000000 1.000000 -0.024666 -0.056303 0.378208
2114 1.000000 1.000000 -0.011380 -0.047828 0.386745
2115 1.000000 1.000000 -0.005558 -0.048520 0.378395
2116 1.000000 1.000000 0.005563 -0.048918 0.386685
2117 1.000000 1.000000 0.013549 -0.060785 0.377351
2118 1.000000 1.000000 0.017881 -0.045251 0.378627
2119 1.000000 1.000000 0.026205 -0.041049 0.387141
2120 1.000000 1.000000 0.040608 -0.046473 0.377948
2121 1.000000 1.000000 0.037173 -0.031581 0.378472
2122 1.000000 1.000000 0.041538 -0.025322 0.387185
2123 1.000000 1.000000 0.047156 -0.015362 0.386372
2124 1.000000 1.000000 0.061395 -0.013758 0.376657
2125 1.000000 1.000000 0.048745 -0.004120 0.378289
