0 7.94457382026 5.29638254684000000000 
1 11.5809889721 23.16197794420000000000 0
2 4.23401438306 21.17007191530000000000 0
3 8.83575218433 22.08938046082500000000 0
4 8.76469025755 29.21563419183333333333 0
5 12.5727197565 62.86359878250000000000 0
6 6.42597579874 .21419919329133333333 0
7 12.1154840012 .71267552948235294117 0
8 9.09899727897 .30844058572779661016 0
9 6.40615340396 .37683255317411764705 0
10 7.54468088221 .15556043056103092783 0
11 15.455805538 1.18890811830769230769 0
12 8.77101770179 5.84734513452666666666 0
13 8.73917263563 .41615107788714285714 0
14 10.9760422487 .54880211243500000000 0
15 9.95093341123 .26186666871657894736 0
16 3.12217966757 .78054491689250000000 0
17 9.2759640462 .19125699064329896907 0
18 12.3069073734 .51278780722500000000 0
19 13.4696772094 .42760880029841269841 0
20 9.74770361548 .24677730672101265822 0
21 11.4184108788 7.61227391920000000000 0
22 11.2871737334 .22802371178585858585 0
23 6.20195030579 .12787526403690721649 0
24 9.57371576546 .24237255102430379746 0
25 12.4721043056 .37794255471515151515 0
26 12.050164973 1.09546954300000000000 0
27 13.5635921259 2.71271842518000000000 0
28 15.9909741292 .78004751849756097560 0
29 12.4803968206 .33730802217837837837 0
30 9.2261142424 .21708504099764705882 0
31 10.263147689 .26657526464935064935 0
32 10.9648188502 .27759035063797468354 0
33 12.0457807588 .66921004215555555555 0
34 7.75432516398 .23859462043015384615 0
35 12.9262742773 .31527498237317073170 0
36 9.10621582495 .29856445327704918032 0
37 12.4196415363 1.07996882924347826086 0
38 9.75601895973 .25340308986311688311 0
39 13.6823619043 1.09458895234400000000 0
40 10.2694055787 .22820901286000000000 0
41 10.9868824133 .21973764826600000000 0
42 7.7206953386 .18382607949047619047 0
43 5.20805642425 .11703497582584269662 0
44 12.8029880055 .56902168913333333333 0
45 7.91820294298 .18852864149952380952 0
46 7.14481249133 .79386805459222222222 0
47 7.88055496621 3.94027748310500000000 0
48 10.0104269354 .46560125280930232558 0
49 15.5349856616 2.07133142154666666666 0
50 8.60311793257 .18907951500153846153 0
51 13.6582174782 .36421913275200000000 0
52 13.3880043298 .28485115595319148936 0
53 12.251016164 .62825723917948717948 0
54 13.7441122336 1.71801402920000000000 0
55 9.5142582083 9.51425820830000000000 0
56 8.775580682 .41788479438095238095 0
57 9.67242351259 .30706106389174603174 0
58 10.5286654656 .48970537049302325581 0
59 7.56780488674 .60542439093920000000 0
60 10.2792519452 .28162334096438356164 0
61 12.9883586009 .31678923416829268292 0
62 8.85471778524 .76997545958608695652 0
63 11.2624231572 .60877963011891891891 0
64 7.25819036673 .53764373086888888888 0
65 14.1150317365 1.88200423153333333333 0
66 9.29383142414 .35071061977886792452 0
67 10.0893971245 1.83443584081818181818 0
68 11.7982656953 .78655104635333333333 0
69 9.19280961536 2.29820240384000000000 0
70 9.7351151704 .29954200524307692307 0
71 10.8875605223 .65985215286666666666 0
72 4.975055224 .39800441792000000000 0
73 6.82035026433 .16434578950192771084 0
74 10.9654798014 .30042410414794520547 0
75 12.7019410914 .28226535758666666666 0
76 8.87647513152 .28633790746838709677 0
77 7.27322294626 .53875725527851851851 0
78 7.80142798293 .31842563195632653061 0
79 9.21915070895 .22485733436463414634 0
80 7.03915549477 .29329814561541666666 0
81 11.2786295761 .23997084204468085106 0
82 10.4488681256 .26791969552820512820 0
83 10.625314177 .27961353097368421052 0
84 6.27671662892 .96564871214153846153 0
85 7.16441844552 .21386323717970149253 0
86 6.58963205824 .26896457380571428571 0
87 9.93436196779 1.32458159570533333333 0
88 6.2024508841 .56385917128181818181 0
89 4.41593284359 .58879104581200000000 0
90 10.1203150666 .26632408070000000000 0
91 12.337269031 .25973197960000000000 0
92 6.25596175824 .46340457468444444444 0
93 8.40226878897 .18671708419933333333 0
94 7.50444511201 .62537042600083333333 0
95 11.4396485509 .40139117722456140350 0
96 14.060828194 1.65421508164705882352 0
97 5.80629243325 .15081279047402597402 0
98 11.0031449257 .22455397807551020408 0
99 7.85642709407 1.30940451567833333333 0
100 10.5424504647 .23427667699333333333 0
101 8.90392181669 .26981581262696969696 0
102 12.571760458 .29580612842352941176 0
103 12.3946499366 .32193895939220779220 0
104 13.5372142207 .41021861274848484848 0
105 8.0728246573 .26041369862258064516 0
106 6.13436053605 .17039890377916666666 0
107 8.0580438611 .39307531029756097560 0
108 8.06063171481 2.68687723827000000000 0
109 7.83005290907 .20880141090853333333 0
110 8.84555283386 .19656784075244444444 0
111 8.31915961498 3.32766384599200000000 0
112 5.0871892291 .25435946145500000000 0
113 11.0607046436 .37493914046101694915 0
114 9.30542185234 3.72216874093600000000 0
115 7.69308851959 .41584262268054054054 0
116 6.34833749567 .13652338700365591397 0
117 8.42275512299 .48130029274228571428 0
118 10.2336920137 2.04673840274000000000 0
119 10.4875817847 1.04875817847000000000 0
120 9.45815593061 .31527186435366666666 0
121 9.36154595273 .44578790251095238095 0
122 13.0843389996 1.09036158330000000000 0
123 14.0565764551 .31587812258651685393 0
124 5.23536702912 .12926832170666666666 0
125 6.48269408144 .14902745014804597701 0
126 16.0969267801 1.14978048429285714285 0
127 10.1068016263 .22459559169555555555 0
128 9.15937903836 .59092767989419354838 0
129 13.8270643991 .43895442536825396825 0
130 13.0896955059 .45928756161052631578 0
131 10.9958016159 .37916557296206896551 0
132 11.4300945761 .24319350161914893617 0
133 6.99189633351 .24971058333964285714 0
134 10.9833254571 .66565608830909090909 0
135 14.8723942001 .39137879473947368421 0
136 9.27208248011 .31430788068169491525 0
137 10.8923405445 .57328108128947368421 0
138 5.82895314849 .43177430729555555555 0
139 13.1467993286 .32866998321500000000 0
140 8.00185520424 16.00371040848000000000 0
141 10.9472132113 .46583886005531914893 0
142 10.3846737207 .26973178495324675324 0
143 6.98576905028 .14256671531183673469 0
144 7.48689735418 .16100854525118279569 0
145 10.5504712815 21.10094256300000000000 0
146 6.67626866119 .24726920967370370370 0
147 11.291218523 .35845138168253968253 0
148 4.07037891329 .28071578712344827586 0
149 6.65912178153 1.66478044538250000000 0
150 11.6323322016 .33235234861714285714 0
151 8.15024682755 .29108024384107142857 0
152 10.5691699958 3.52305666526666666666 0
153 13.0024893425 .92874923875000000000 0
154 17.0918901467 .54259968719682539682 0
155 7.33102195441 .24436739848033333333 0
156 8.79700596528 .25134302757942857142 0
157 6.17303252062 .27435700091644444444 0
158 6.11010692436 .14902699815512195121 0
159 12.3965987041 .29871322178554216867 0
160 7.52916822362 .23166671457292307692 0
161 9.57522145269 .22012003339517241379 0
162 12.1522936628 .28261148053023255813 0
163 5.26581782311 .27714830647947368421 0
164 10.5301898328 .48977627129302325581 0
165 11.270178784 1.40877234800000000000 0
166 7.09831250496 .14943815799915789473 0
167 11.3961209472 .24247065845106382978 0
168 12.7671105095 3.19177762737500000000 0
169 5.86377191909 .33507268109085714285 0
170 7.25179663758 .63059101196347826086 0
171 12.09959728 .96796778240000000000 0
172 7.24351280932 .21950038816121212121 0
173 12.7309771018 .46294462188363636363 0
174 16.3389349138 .75995046110697674418 0
175 14.1144666573 .67211745987142857142 0
176 8.92476971419 .21505469190819277108 0
177 9.46611885389 9.46611885389000000000 0
178 10.0722358363 .26505883779736842105 0
179 14.0164985838 .41840294280000000000 0
180 12.9091216132 .28371695853186813186 0
181 13.0757893002 .36833209296338028169 0
182 8.51881837669 .68150547013520000000 0
183 11.4382117792 .24598304901505376344 0
184 13.7255090703 .30165954000659340659 0
185 13.7127652933 .57136522055416666666 0
186 9.83100556819 .20917033123808510638 0
187 10.5307101983 .24778141643058823529 0
188 14.6700434775 .31548480596774193548 0
189 12.4419696179 .95707458599230769230 0
190 12.2090769208 .28066843496091954022 0
191 9.14008488183 .24373559684880000000 0
192 9.0748983419 .29273865619032258064 0
193 6.19314734609 .25804780608708333333 0
194 10.3560927177 .66813501404516129032 0
195 15.3560378232 1.80659268508235294117 0
196 10.3696831531 1.88539693692727272727 0
197 4.92100270587 1.96840108234800000000 0
198 11.5488525163 .25106201122391304347 0
199 9.31594422144 .19408217128000000000 0
200 6.67537770567 .58046762658000000000 0
201 10.5642649391 .88035541159166666666 1,2,3,4,5,6,7,8,9,10,11,12,13,14,15,16,17,18,19,20,21,22,23,24,25,26,27,28,29,30,31,32,33,34,35,36,37,38,39,40,41,42,43,44,45,46,47,48,49,50,51,52,53,54,55,56,57,58,59,60,61,62,63,64,65,66,67,68,69,70,71,72,73,74,75,76,77,78,79,80,81,82,83,84,85,86,87,88,89,90,91,92,93,94,95,96,97,98,99,100,101,102,103,104,105,106,107,108,109,110,111,112,113,114,115,116,117,118,119,120,121,122,123,124,125,126,127,128,129,130,131,132,133,134,135,136,137,138,139,140,141,142,143,144,145,146,147,148,149,150,151,152,153,154,155,156,157,158,159,160,161,162,163,164,165,166,167,168,169,170,171,172,173,174,175,176,177,178,179,180,181,182,183,184,185,186,187,188,189,190,191,192,193,194,195,196,197,198,199,200
202 13.2359833577 26.47196671540000000000 201
203 5.79844609157 28.99223045785000000000 201
204 11.4902833233 28.72570830825000000000 201
205 9.35210179019 46.76050895095000000000 201
206 12.133989651 60.66994825500000000000 201
207 15.4356460965 .64315192068750000000 201
208 11.4587305999 .28646826499750000000 201
209 13.9114932246 .29917189730322580645 201
210 12.1694676614 1.10631524194545454545 201
211 10.3691851467 1.72819752445000000000 201
212 12.1584788762 .37410704234461538461 201
213 9.43975359429 .20300545364064516129 201
214 9.55537165927 .25480991091386666666 201
215 14.6342073092 .39024552824533333333 201
216 9.18863030107 .27025383238441176470 201
217 15.8308842001 1.05539228000666666666 201
218 10.561296101 .24850108472941176470 201
219 10.7604898991 .79707332585925925925 201
220 14.1348342135 .38725573187671232876 201
221 5.82114206553 .12127379303187500000 201
222 12.1580421899 .25868174872127659574 201
223 13.4882292038 .67441146019000000000 201
224 11.9744115481 .26609803440222222222 201
225 10.3115010304 .28643058417777777777 201
226 9.49984089173 .49999162588052631578 201
227 12.7028267079 5.08113068316000000000 201
228 8.61497581729 .47860976762722222222 201
229 9.69748721971 .23089255285023809523 201
230 9.51033621517 .23195941988219512195 201
231 15.8185103333 .49432844791562500000 201
232 6.16743881102 .18139525914764705882 201
233 7.89174399906 .17155965215347826086 201
234 13.4945183711 .49070975894909090909 201
235 10.9107476126 .24797153665000000000 201
236 11.29645409 1.12964540900000000000 201
237 9.37441750634 .26406809877014084507 201
238 8.7156877494 .19585815167191011235 201
239 12.9585267675 2.87967261500000000000 201
240 8.92431205368 .19613872645450549450 201
241 12.7420685492 1.59275856865000000000 201
242 10.4286182518 .77249024087407407407 201
243 6.47967644691 .35025278091405405405 201
244 10.1123062321 .32620342684193548387 201
245 13.3937585728 .59527815879111111111 201
246 8.6058890698 .26479658676307692307 201
247 4.18936607893 .19485423622930232558 201
248 12.399360294 .24798720588000000000 201
249 7.42945346775 .40159207933783783783 201
250 6.76020069532 .21460954588317460317 201
251 13.4285480428 2.23809134046666666666 201
252 9.34401973472 .20764488299377777777 201
253 4.56172402502 .13416835367705882352 201
254 10.2942212615 .43805196857446808510 201
255 14.4962050402 .48320683467333333333 201
256 8.48401249755 .84840124975500000000 201
257 11.1772585187 .39218450942807017543 201
258 9.8326054278 .29795774023636363636 201
259 10.9152503717 .55975642931794871794 201
260 9.33517258867 .62234483924466666666 201
261 12.3241507374 .27387001638666666666 201
262 7.73601336096 2.21028953170285714285 201
263 9.35438072566 .46771903628300000000 201
264 10.4495569885 .27865485302666666666 201
265 12.5526800638 1.93118154827692307692 201
266 5.10749111568 .78576786395076923076 201
267 8.70501264281 .32240787565962962962 201
268 7.74028729051 .26238262001728813559 201
269 8.1110271147 5.40735140980000000000 201
270 9.74356056964 1.62392676160666666666 201
271 5.34428723032 .33401795189500000000 201
272 7.87373355916 .98421669489500000000 201
273 10.9861346003 .52314926668095238095 201
274 6.27248930731 .15681223268275000000 201
275 5.36952713053 .51138353624095238095 201
276 7.05797841947 1.17632973657833333333 201
277 7.69613370579 3.07845348231600000000 201
278 7.96498063519 .28963565946145454545 201
279 10.2180708116 2.91944880331428571428 201
280 7.71228159293 .27060637168175438596 201
281 7.61155815229 .42286434179388888888 201
282 10.0436697746 .45653044430000000000 201
283 13.1794231596 13.17942315960000000000 201
284 12.6229637768 .36588300802318840579 201
285 9.91256767426 .36713213608370370370 201
286 9.14849810579 .20792041149522727272 201
287 8.87623645733 .25728221615449275362 201
288 5.45108001876 .21804320075040000000 201
289 7.87723461365 .32821810890208333333 201
290 7.79127173108 .21345949948164383561 201
291 9.22482087351 6.14988058234000000000 201
292 9.36325692686 .36718654615137254901 201
293 7.84499265364 .24904738582984126984 201
294 9.38951859715 .24709259466184210526 201
295 7.21704103277 .35205078208634146341 201
296 12.8191054731 .28173858182637362637 201
297 10.4694720329 .22759721810652173913 201
298 10.8289563526 .28877216940266666666 201
299 7.61910236751 2.53970078917000000000 201
300 12.9462799515 .51785119806000000000 201
301 9.00780834806 .24678926980986301369 201
302 9.01761646362 .27326110495818181818 201
303 14.3338822177 .32951453374022988505 201
304 13.7324325877 .30859399073483146067 201
305 11.9848475569 .88776648569629629629 201
306 12.4552913916 .53001239964255319148 201
307 9.47932065383 .54167546593314285714 201
308 6.51823230683 1.08637205113833333333 201
309 11.709679579 1.01823300686956521739 201
310 10.9002196741 1.36252745926250000000 201
311 9.05965463463 .29703785687311475409 201
312 12.3127317864 .28971133615058823529 201
313 10.2229383909 .30067465855588235294 201
314 12.1557312886 .29648125094146341463 201
315 13.9982510337 .60861961016086956521 201
316 14.4319830444 .53451789053333333333 201
317 9.69253635328 .34616201261714285714 201
318 8.29953054665 .16766728377070707070 201
319 13.8527095258 .34204221051358024691 201
320 13.403756344 .67018781720000000000 201
321 12.7589512124 .33576187401052631578 201
322 11.429044844 .27875719131707317073 201
323 14.2799124637 .41999742540294117647 201
324 6.9418200881 .46278800587333333333 201
325 10.5325006238 .27717106904736842105 201
326 10.7129793854 .23545009638241758241 201
327 12.3495535654 .32498825172105263157 201
328 12.6201697384 .26292020288333333333 201
329 14.1101624666 2.82203249332000000000 201
330 9.29174199355 .77431183279583333333 201
331 9.85471708728 1.97094341745600000000 201
332 8.50162238505 .21799031756538461538 201
333 9.60472310777 .73882485444384615384 201
334 10.7400702421 .22144474725979381443 201
335 9.10421349877 .18580027548510204081 201
336 8.41725113015 .26303909781718750000 201
337 9.21077870106 .28340857541723076923 201
338 12.496062905 .60956404414634146341 201
339 9.04315247336 .39318054232000000000 201
340 7.56267198245 .26078179249827586206 201
341 11.043721488 .29847895913513513513 201
342 7.7014986657 .37568286174146341463 201
343 9.90220229873 .27129321366383561643 201
344 6.38386829623 .17732967489527777777 201
345 13.7371825412 1.61613912249411764705 201
346 10.09318402 .20810688701030927835 201
347 11.8747747694 .23749549538800000000 201
348 10.1657504498 .26404546622857142857 201
349 12.08958461 .46498402346153846153 201
350 14.1929630174 1.23417069716521739130 201
351 6.9040110894 .81223659875294117647 201
352 11.1179422525 1.30799320617647058823 201
353 8.58394719904 .35766446662666666666 201
354 12.2357985323 .45317772341851851851 201
355 11.5819817085 1.21915596931578947368 201
356 9.22206590383 .97074377935052631578 201
357 9.89700875418 1.09966763935333333333 201
358 12.5174247592 3.57640707405714285714 201
359 8.06791698579 .17731685683054945054 201
360 14.3433274581 .65196942991363636363 201
361 10.5904526618 .31613291527761194029 201
362 10.6582678515 2.66456696287500000000 201
363 12.0034072804 .25007098500833333333 201
364 11.1537107651 .53112908405238095238 201
365 9.05384976612 .41153862573272727272 201
366 9.20448064122 .20919274184590909090 201
367 6.76805774636 .33014915835902439024 201
368 11.8894733208 .59447366604000000000 201
369 11.717092414 .27897839080952380952 201
370 13.9944744659 1.99921063798571428571 201
371 6.17813410204 .16926394800109589041 201
372 8.20810101326 .21600265824368421052 201
373 3.51184740372 .12770354195345454545 201
374 7.26295166211 .18387219397746835443 201
375 5.8672596933 .69026584627058823529 201
376 12.5288001599 .83525334399333333333 201
377 11.5741227916 .24890586648602150537 201
378 7.41671458119 .18541786452975000000 201
379 4.92652560483 .11591824952541176470 201
380 6.29489541154 2.09829847051333333333 201
381 12.2384795613 .97907836490400000000 201
382 12.0613470167 6.03067350835000000000 201
383 12.1836366682 2.43672733364000000000 201
384 6.2790158215 .89700226021428571428 201
385 9.88889054248 19.77778108496000000000 201
386 10.1406301938 1.06743475724210526315 201
387 11.8249248705 .47299699482000000000 201
388 6.07573057474 .29637710120682926829 201
389 12.7332847038 .29612290008837209302 201
390 8.38086096158 .98598364253882352941 201
391 11.6276349064 23.25526981280000000000 201
392 10.1984603027 .27940987130684931506 201
393 9.85410019356 .70386429954000000000 201
394 10.4301184717 1.30376480896250000000 201
395 8.61858693167 1.14914492422266666666 201
396 9.26751825664 .23168795641600000000 201
397 15.6246546113 .45288853945797101449 201
398 12.4129055495 .34007960409589041095 201
399 11.7039570633 .29259892658250000000 201
400 13.6856232113 3.42140580282500000000 201
401 7.66470199848 .17419777269272727272 201
402 9.40434149103 .78369512425250000000 202,203,204,205,206,207,208,209,210,211,212,213,214,215,216,217,218,219,220,221,222,223,224,225,226,227,228,229,230,231,232,233,234,235,236,237,238,239,240,241,242,243,244,245,246,247,248,249,250,251,252,253,254,255,256,257,258,259,260,261,262,263,264,265,266,267,268,269,270,271,272,273,274,275,276,277,278,279,280,281,282,283,284,285,286,287,288,289,290,291,292,293,294,295,296,297,298,299,300,301,302,303,304,305,306,307,308,309,310,311,312,313,314,315,316,317,318,319,320,321,322,323,324,325,326,327,328,329,330,331,332,333,334,335,336,337,338,339,340,341,342,343,344,345,346,347,348,349,350,351,352,353,354,355,356,357,358,359,360,361,362,363,364,365,366,367,368,369,370,371,372,373,374,375,376,377,378,379,380,381,382,383,384,385,386,387,388,389,390,391,392,393,394,395,396,397,398,399,400,401
403 12.8074418382 128.07441838200000000000 402
404 10.8371052431 108.37105243100000000000 402
405 10.6633797743 35.54459924766666666666 402
406 9.8259519616 24.56487990400000000000 402
407 7.23592064158 24.11973547193333333333 402
408 12.3550666156 .26287375777872340425 402
409 11.6586805446 .25623473724395604395 402
410 4.30973580858 .47885953428666666666 402
411 10.9723008558 1.46297344744000000000 402
412 9.00155913712 .28129872303500000000 402
413 10.3304310747 1.14782567496666666666 402
414 8.22823700458 .19591040487095238095 402
415 10.8430912267 2.40957582815555555555 402
416 9.18397284151 .24168349582921052631 402
417 5.60216589706 .36143005787483870967 402
418 8.9142461205 .36384678042857142857 402
419 8.72588617638 .23583476152378378378 402
420 12.5869301293 .83912867528666666666 402
421 5.99151759765 .19644319992295081967 402
422 9.1142647976 .30380882658666666666 402
423 10.0351710234 .20273072774545454545 402
424 6.88688620999 .91825149466533333333 402
425 10.4208141016 .31578224550303030303 402
426 11.1889438622 .24323791004782608695 402
427 12.0377089467 .29006527582409638554 402
428 8.95520618587 .30356631138542372881 402
429 9.06632570443 .62526384168482758620 402
430 10.3874441789 .26297327035189873417 402
431 8.88013153208 .26118033917882352941 402
432 5.49786801295 .26180323871190476190 402
433 9.84823968972 19.69647937944000000000 402
434 12.171934828 .28639846654117647058 402
435 13.1459489457 .53656934472244897959 402
436 11.6692914071 .61417323195263157894 402
437 7.3943468818 .29577387527200000000 402
438 7.06812350338 .15200265598666666666 402
439 9.08846247641 .24235899937093333333 402
440 7.82838428932 .31952588936000000000 402
441 11.2396194 .29972318400000000000 402
442 9.92125235275 .44094454901111111111 402
443 14.2426977751 .33512230059058823529 402
444 12.6717897723 .97475305940769230769 402
445 11.7996525595 1.81533116300000000000 402
446 12.2382920151 .66152929811351351351 402
447 10.1285624648 .44037228107826086956 402
448 10.048844859 .41870186912500000000 402
449 8.5177322657 .51622619792121212121 402
450 7.63228289135 .17346097480340909090 402
451 12.9473024457 1.03578419565600000000 402
452 11.3314067424 .24368616650322580645 402
453 9.01695529315 .28625254898888888888 402
454 13.2209598757 .56259403726382978723 402
455 8.90709774009 .18751784715978947368 402
456 11.3074357032 .39675212993684210526 402
457 9.31490844899 .47768761276871794871 402
458 13.3635346446 .47726909445000000000 402
459 9.13017538862 .21738512830047619047 402
460 8.42539309145 .23083268743698630136 402
461 5.17828450465 .18169419314561403508 402
462 7.09766521871 .32262114630500000000 402
463 13.504742953 1.35047429530000000000 402
464 14.8527263976 .39086122098947368421 402
465 9.69095565914 .30284236434812500000 402
466 10.6379697749 .44324874062083333333 402
467 11.7548841238 .24747124471157894736 402
468 15.7377067831 10.49180452206666666666 402
469 6.67007051981 .83375881497625000000 402
470 14.0812818431 .68689179722439024390 402
471 9.81699285469 .20667353378294736842 402
472 11.3329395842 1.03026723492727272727 402
473 11.1002796203 7.40018641353333333333 402
474 4.70927567043 .18467747727176470588 402
475 7.77587133074 .44433550461371428571 402
476 10.4832517474 .27587504598421052631 402
477 14.1373955199 .39270543110833333333 402
478 10.1813740618 .78318262013846153846 402
479 5.664543062 1.61844087485714285714 402
480 7.40924255954 3.70462127977000000000 402
481 4.32155562248 .10050129354604651162 402
482 10.4407703006 4.17630812024000000000 402
483 9.22634600162 1.23017946688266666666 402
484 8.08040384559 1.61608076911800000000 402
485 13.240442707 .63049727176190476190 402
486 8.9584806409 .24884668446944444444 402
487 9.42385861505 .20711777175934065934 402
488 9.68614006712 .28075768310492753623 402
489 14.3340277391 14.33402773910000000000 402
490 8.28129397458 .22688476642684931506 402
491 11.2590206244 .33609016789253731343 402
492 7.08671062578 .22497494050095238095 402
493 6.70680795207 .37260044178166666666 402
494 10.4358812177 .23451418466741573033 402
495 6.50260479692 .16462290625113924050 402
496 11.4013105275 .61628705554054054054 402
497 12.3594433291 .54930859240444444444 402
498 10.2546027684 .29298865052571428571 402
499 9.89686468956 .21283579977548387096 402
500 8.29727769438 .57222604788827586206 402
501 9.82284349958 2.45571087489500000000 402
502 6.19501648898 .24294182309725490196 402
503 9.27039422728 .38626642613666666666 402
504 9.52535563261 .21167456961355555555 402
505 8.38492778372 .17112097517795918367 402
506 7.35783898179 7.35783898179000000000 402
507 5.965241134 .20930670645614035087 402
508 6.22955289568 .83060705275733333333 402
509 4.57722083104 .27740732309333333333 402
510 9.01505282572 .56344080160750000000 402
511 13.5167593281 27.03351865620000000000 402
512 9.81413722649 1.22676715331125000000 402
513 11.5871763432 .30492569324210526315 402
514 10.5387776418 .30110793262285714285 402
515 5.4165801131 .11403326553894736842 402
516 7.93690687277 1.32281781212833333333 402
517 7.42008896773 .25152843958406779661 402
518 12.999233367 .28887185260000000000 402
519 11.7123917914 .41096111548771929824 402
520 11.008741506 1.22319350066666666666 402
521 13.0912302811 .46754393861071428571 402
522 12.7773532272 .36506723506285714285 402
523 6.46843807887 .19308770384686567164 402
524 13.4764509566 2.45026381029090909090 402
525 8.68977303487 .20446524787929411764 402
526 14.5964997456 .43571641031641791044 402
527 10.3516871053 .47053123205909090909 402
528 12.8806317908 .43663158612881355932 402
529 9.30246684841 .38760278535041666666 402
530 12.8415905893 .32103976473250000000 402
531 11.1756143697 .38536601274827586206 402
532 8.05058003441 .40252900172050000000 402
533 12.0710018082 3.44885765948571428571 402
534 7.9597785539 3.18391142156000000000 402
535 7.47476846445 .41526491469166666666 402
536 8.52843379225 1.06605422403125000000 402
537 8.67280672821 17.34561345642000000000 402
538 4.79565820515 .19574115123061224489 402
539 12.3178306214 2.23960556752727272727 402
540 8.29464810756 .20999109133063291139 402
541 7.72862319195 .22401806353478260869 402
542 9.26114445261 .50060240284378378378 402
543 9.12478265343 .79345936116782608695 402
544 7.93625240988 .31745009639520000000 402
545 11.3416033658 .45366413463200000000 402
546 7.06533431763 .32862020082000000000 402
547 11.7950070574 .53613668442727272727 402
548 12.1159637415 3.46170392614285714285 402
549 10.253693423 .40210562443137254901 402
550 6.02151714871 .16057379063226666666 402
551 11.4882413408 .62098601842162162162 402
552 12.3741253849 24.74825076980000000000 402
553 10.833478827 .33333781006153846153 402
554 10.6438935591 .33790138282857142857 402
555 8.88318819099 .26918752093909090909 402
556 6.29176928774 .29960806132095238095 402
557 5.71595947536 .63510660837333333333 402
558 7.85556280957 .40284937484974358974 402
559 11.1250311596 22.25006231920000000000 402
560 10.2659095877 .93326450797272727272 402
561 10.4526321791 .45446226865652173913 402
562 11.7280435053 7.81869567020000000000 402
563 9.49841547808 .33327773607298245614 402
564 12.0762699191 .29454316875853658536 402
565 9.43885920003 .22744239036216867469 402
566 16.3455571119 .43588152298400000000 402
567 8.41520826974 .24750612558058823529 402
568 11.1452091112 .69657556945000000000 402
569 12.6148523333 1.57685654166250000000 402
570 8.43963272409 .35165136350375000000 402
571 12.7844412542 .58111096610000000000 402
572 7.25559311742 .35393137158146341463 402
573 8.90126141418 1.27160877345428571428 402
574 9.57503646181 .37549162595333333333 402
575 5.93242146358 .15611635430473684210 402
576 9.62280807241 .32076026908033333333 402
577 12.9454446353 1.12569083785217391304 402
578 12.0312697614 .35914238093731343283 402
579 10.3922897509 5.19614487545000000000 402
580 6.16081279178 .14001847254045454545 402
581 12.4616259282 6.23081296410000000000 402
582 12.3588110451 .38027110908000000000 402
583 8.56666281104 1.14222170813866666666 402
584 10.2534298309 .24125717249176470588 402
585 7.20909016599 .31343870286913043478 402
586 10.151814537 .24170986992857142857 402
587 10.0814322642 .31504475825625000000 402
588 12.5942582488 .31485645622000000000 402
589 10.1994694119 1.07362835914736842105 402
590 8.82292455922 .32677498367481481481 402
591 7.19657925437 .71965792543700000000 402
592 7.72888735358 .24152772979937500000 402
593 8.97096373378 1.38014826673538461538 402
594 10.6717292546 .23454350010109890109 402
595 5.77758534556 3.85172356370666666666 402
596 7.35210492024 1.83802623006000000000 402
597 11.2898286256 .28224571564000000000 402
598 11.8345907446 .33813116413142857142 402
599 10.1225687514 .39696348044705882352 402
600 10.420917533 1.73681958883333333333 402
601 10.8152349217 .25750559337380952380 402
602 10.2811858241 .30238781835588235294 402
603 16.0236779075 .50868818753968253968 403,404,405,406,407,408,409,410,411,412,413,414,415,416,417,418,419,420,421,422,423,424,425,426,427,428,429,430,431,432,433,434,435,436,437,438,439,440,441,442,443,444,445,446,447,448,449,450,451,452,453,454,455,456,457,458,459,460,461,462,463,464,465,466,467,468,469,470,471,472,473,474,475,476,477,478,479,480,481,482,483,484,485,486,487,488,489,490,491,492,493,494,495,496,497,498,499,500,501,502,503,504,505,506,507,508,509,510,511,512,513,514,515,516,517,518,519,520,521,522,523,524,525,526,527,528,529,530,531,532,533,534,535,536,537,538,539,540,541,542,543,544,545,546,547,548,549,550,551,552,553,554,555,556,557,558,559,560,561,562,563,564,565,566,567,568,569,570,571,572,573,574,575,576,577,578,579,580,581,582,583,584,585,586,587,588,589,590,591,592,593,594,595,596,597,598,599,600,601,602
604 11.5348641406 28.83716035150000000000 603
605 10.293460533 34.31153511000000000000 603
606 10.5471777351 21.09435547020000000000 603
607 12.4322161583 62.16108079150000000000 603
608 13.4592357026 26.91847140520000000000 603
609 11.7253665363 .90195127202307692307 603
610 8.82655195752 .47711091662270270270 603
611 8.01351721907 .33389655079458333333 603
612 9.75722820919 .39028912836760000000 603
613 12.4417050118 .38282169267076923076 603
614 14.7825170589 1.40785876751428571428 603
615 11.5852058544 .30091443777662337662 603
616 19.1966852128 .50517592665263157894 603
617 9.8518685165 .93827319204761904761 603
618 7.78214951371 .28298725504400000000 603
619 4.14780554432 .21830555496421052631 603
620 13.7486547632 1.96409353760000000000 603
621 11.7036614798 .39673428745084745762 603
622 11.3456684635 .68761627051515151515 603
623 11.2822051766 1.12822051766000000000 603
624 12.7089097293 .40996482997741935483 603
625 7.76414118311 .27729075653964285714 603
626 9.38994606005 .23185052000123456790 603
627 8.43700075055 .17395877836185567010 603
628 8.40369347817 .25857518394369230769 603
629 10.8256238876 .27758009968205128205 603
630 9.05487779139 .19472855465354838709 603
631 7.18836330777 .33434247943116279069 603
632 10.6511241651 .45323932617446808510 603
633 13.2726313042 26.54526260840000000000 603
634 12.667299229 .58917670832558139534 603
635 13.0750952528 .63780952452682926829 603
636 6.68999467242 .25245262914792452830 603
637 17.0630802826 1.31254463712307692307 603
638 10.8093598673 .23756834873186813186 603
639 11.9347438881 .50786144204680851063 603
640 14.7443191462 .49980742868474576271 603
641 5.56320033925 .25287274269318181818 603
642 7.05598376053 .83011573653294117647 603
643 13.1877152523 .32562259882222222222 603
644 13.2524946962 4.41749823206666666666 603
645 10.0066401733 20.01328034660000000000 603
646 8.76815539712 1.25259362816000000000 603
647 5.50550174147 .44044013931760000000 603
648 11.7377477011 1.11788073343809523809 603
649 8.67665077831 1.92814461740222222222 603
650 8.74028512862 .17480570257240000000 603
651 6.49128273221 .25456010714549019607 603
652 11.0800705332 .32588442744705882352 603
653 9.58991944209 .46780094839463414634 603
654 11.1704315324 .26916702487710843373 603
655 11.5794476697 .23875149834432989690 603
656 13.2100314989 1.39052963146315789473 603
657 10.3576163878 .28377031199452054794 603
658 10.997705765 .42298868326923076923 603
659 11.4902442096 .37065303901935483870 603
660 13.3984700734 .52543019895686274509 603
661 6.71339154356 .34427648941333333333 603
662 9.20280276797 .20450672817711111111 603
663 8.87384296492 2.95794765497333333333 603
664 10.6245297473 .47220132210222222222 603
665 9.51086554624 .23777163865600000000 603
666 11.087108778 .24367272039560439560 603
667 6.67048889127 .14043134507936842105 603
668 10.2668685812 1.14076317568888888888 603
669 9.25759936271 .19087833737546391752 603
670 9.23534192337 .45050448406682926829 603
671 10.2705989633 .89309556202608695652 603
672 9.42653264178 .23864639599443037974 603
673 11.1675883294 3.19073952268571428571 603
674 12.9813730073 .48079159286296296296 603
675 10.4923334425 .99926985166666666666 603
676 7.35186115438 .52513293959857142857 603
677 11.8373691661 .56368424600476190476 603
678 10.728885576 .42915542304000000000 603
679 9.12353280753 .29430750992032258064 603
680 8.91364890108 .20729416049023255813 603
681 12.0466255764 .30888783529230769230 603
682 12.8252034977 .25909502015555555555 603
683 14.1386792579 .37207050678684210526 603
684 10.4392020968 .41756808387200000000 603
685 9.39233085842 .33544038780071428571 603
686 10.2751703873 .26346590736666666666 603
687 6.67773487661 .26187195594549019607 603
688 9.7223298575 .26636520157534246575 603
689 11.1408735653 .37136245217666666666 603
690 11.8739673926 .32983242757222222222 603
691 9.12135292277 1.14016911534625000000 603
692 10.5456379803 .27040097385384615384 603
693 11.7736853113 .27065943244367816091 603
694 7.83562786461 1.20548120994000000000 603
695 12.9417852042 .43139284014000000000 603
696 8.85029237584 .88502923758400000000 603
697 7.45386154423 .17538497751129411764 603
698 13.1162562022 .52465024808800000000 603
699 12.359079813 .26867564810869565217 603
700 7.40869831535 1.05838547362142857142 603
701 11.2796309873 .26231699970465116279 603
702 9.36358370773 .62423891384866666666 603
703 10.2419965957 .21117518754020618556 603
704 7.33519762675 .15442521319473684210 603
705 9.94849541725 .86508655802173913043 603
706 9.28409120354 .74272729628320000000 603
707 6.56089724356 .25234220167538461538 603
708 9.68434529931 .77474762394480000000 603
709 14.2077537069 .29599486889375000000 603
710 9.52310667995 .61439397935161290322 603
711 10.4143602042 .24219442335348837209 603
712 15.2733484202 1.01822322801333333333 603
713 11.6895787059 .47712566146530612244 603
714 15.1660280634 1.04593296988965517241 603
715 5.94883577331 3.96589051554000000000 603
716 9.94367480293 .34288533803206896551 603
717 11.8269384544 .24136609090612244897 603
718 7.34572352571 .27719711417773584905 603
719 9.77047388598 .59214993248363636363 603
720 12.3940057953 .63559004078461538461 603
721 11.7431712768 .30110695581538461538 603
722 10.1790626632 .88513588375652173913 603
723 7.91664281953 .21396331944675675675 603
724 11.9297363773 .44184208804814814814 603
725 6.85867604658 .16330181063285714285 603
726 12.3264617728 2.73921372728888888888 603
727 9.41280352195 .50880019037567567567 603
728 8.87534203799 .77176887286869565217 603
729 9.48817825073 .79068152089416666666 603
730 8.42583557968 .24781869352000000000 603
731 10.4770759537 1.04770759537000000000 603
732 13.4625958009 1.92322797155714285714 603
733 11.2307312473 1.49743083297333333333 603
734 8.68328887145 .23789832524520547945 603
735 5.72546763782 .63616307086888888888 603
736 12.9795525531 1.12865674374782608695 603
737 5.72293895495 .18461093403064516129 603
738 8.31185308792 .97786506916705882352 603
739 11.973356339 .29933390847500000000 603
740 10.1982449667 .24281535635000000000 603
741 11.6786453338 2.33572906676000000000 603
742 10.4051478397 .54763935998421052631 603
743 7.24731389365 2.89892555746000000000 603
744 11.6395083512 .40136235693793103448 603
745 12.8922618024 .54860688520851063829 603
746 7.17132451029 .84368523650470588235 603
747 8.63571730028 .22430434546181818181 603
748 5.19846090477 .11425188801692307692 603
749 13.303731622 .36954810061111111111 603
750 6.97569786128 .34027794445268292682 603
751 11.5091509647 .59021286998461538461 603
752 7.43263154294 .64631578634260869565 603
753 12.062452331 1.20624523310000000000 603
754 5.95282040425 .12148613069897959183 603
755 15.4948501085 1.82292354217647058823 603
756 6.55129452655 .27297060527291666666 603
757 11.6200818405 .83000584575000000000 603
758 11.2970817342 .48072688230638297872 603
759 6.69543777868 .37196876548222222222 603
760 9.71397970088 .25563104476000000000 603
761 4.95317831298 .15977994558000000000 603
762 10.7706513031 1.79510855051666666666 603
763 10.3210007352 1.03210007352000000000 603
764 12.8618824878 .25723764975600000000 603
765 9.82247787382 .29765084466121212121 603
766 12.6797767827 .43723368216206896551 603
767 12.2803772312 8.18691815413333333333 603
768 7.53084190584 .79272020061473684210 603
769 11.3829730875 .31186227636986301369 603
770 10.8184561936 1.96699203520000000000 603
771 14.1687732957 .39357703599166666666 603
772 8.3609644421 .69674703684166666666 603
773 10.997411346 .87979290768000000000 603
774 12.7174714281 .63587357140500000000 603
775 12.0955309628 .44798262825185185185 603
776 10.2521137971 .37970791841111111111 603
777 10.2368284587 .24086655196941176470 603
778 13.5942154542 .93753210028965517241 603
779 13.2014867018 .32198748053170731707 603
780 9.43682336668 1.34811762381142857142 603
781 12.5212399325 .29812476029761904761 603
782 9.55178113915 .23016340094337349397 603
783 11.9225271988 .68128726850285714285 603
784 13.0402141044 .29977503688275862068 603
785 9.48178800361 .27483443488724637681 603
786 7.72903293955 .81358241468947368421 603
787 7.42951102165 .24765036738833333333 603
788 12.6989227334 .29532378449767441860 603
789 8.18643239585 1.63728647917000000000 603
790 9.64037359597 .23513106331634146341 603
791 6.36782034524 .27686175414086956521 603
792 13.8892979397 .38052871067671232876 603
793 7.97849118483 .23816391596507462686 603
794 8.35707469239 .22285532513040000000 603
795 11.759160808 .35101972561194029850 603
796 12.0602340874 .49225445254693877551 603
797 7.19382752088 .16165904541303370786 603
798 8.49415888053 .33310426982470588235 603
799 11.515652545 .36557627126984126984 603
800 8.62389496886 .33168826803307692307 603
801 11.7309534208 .24696744043789473684 603
802 13.6224048309 .87886482780000000000 603
803 12.847209033 8.56480602200000000000 603
804 9.6716106854 .96716106854000000000 604,605,606,607,608,609,610,611,612,613,614,615,616,617,618,619,620,621,622,623,624,625,626,627,628,629,630,631,632,633,634,635,636,637,638,639,640,641,642,643,644,645,646,647,648,649,650,651,652,653,654,655,656,657,658,659,660,661,662,663,664,665,666,667,668,669,670,671,672,673,674,675,676,677,678,679,680,681,682,683,684,685,686,687,688,689,690,691,692,693,694,695,696,697,698,699,700,701,702,703,704,705,706,707,708,709,710,711,712,713,714,715,716,717,718,719,720,721,722,723,724,725,726,727,728,729,730,731,732,733,734,735,736,737,738,739,740,741,742,743,744,745,746,747,748,749,750,751,752,753,754,755,756,757,758,759,760,761,762,763,764,765,766,767,768,769,770,771,772,773,774,775,776,777,778,779,780,781,782,783,784,785,786,787,788,789,790,791,792,793,794,795,796,797,798,799,800,801,802,803
805 10.6840604894 21.36812097880000000000 804
806 11.1546100451 37.18203348366666666666 804
807 10.3542051962 20.70841039240000000000 804
808 6.36544140126 15.91360350315000000000 804
809 11.5956185483 57.97809274150000000000 804
810 11.6529428585 .32369285718055555555 804
811 11.779875016 .54790116353488372093 804
812 9.72991422917 .27799754940485714285 804
813 12.6307726931 1.40341918812222222222 804
814 11.6777611273 .40974600446666666666 804
815 8.04744821639 1.46317240298000000000 804
816 10.5743330975 .22987680646739130434 804
817 9.51539288537 .48796886591641025641 804
818 9.78452945617 3.91381178246800000000 804
819 9.79922335949 3.26640778649666666666 804
820 12.8802760425 .40250862632812500000 804
821 10.7367418217 .93362972362608695652 804
822 7.84324373597 .26587266901593220338 804
823 8.72897106344 .91883905930947368421 804
824 8.05921311232 .39313234694243902439 804
825 9.2308592375 .65934708839285714285 804
826 9.21815539771 .54224443515941176470 804
827 11.5353828871 2.09734234310909090909 804
828 6.25196154451 2.50078461780400000000 804
829 9.26997960596 .43116184213767441860 804
830 8.49553661243 .17885340236694736842 804
831 7.73830261063 2.21094360303714285714 804
832 8.10353204947 .46305897425542857142 804
833 11.6741679488 7.78277863253333333333 804
834 6.87102569433 .22527953096163934426 804
835 11.4566012746 1.43207515932500000000 804
836 10.9956144005 .30124970960273972602 804
837 7.73189299494 .34363968866400000000 804
838 13.9403956051 .47255578322372881355 804
839 12.7940647088 2.32619358341818181818 804
840 12.0877009091 .73258793388484848484 804
841 10.3974386479 .67080249341290322580 804
842 9.35659893207 .35986918969500000000 804
843 9.92700855896 .86321813556173913043 804
844 6.8223462196 .14831187433913043478 804
845 11.9682697382 .36267484055151515151 804
846 11.1750403162 .39910858272142857142 804
847 6.78873374573 1.23431522649636363636 804
848 5.76812071342 .12016918152958333333 804
849 8.25871699903 .71814930426347826086 804
850 11.9753225795 .35747231580597014925 804
851 12.1781427134 2.02969045223333333333 804
852 11.9989356854 1.09081233503636363636 804
853 9.13242925853 .31491135374241379310 804
854 5.31283037895 .53128303789500000000 804
855 10.9521213323 .87616970658400000000 804
856 10.0727195518 1.11919106131111111111 804
857 7.9341675881 .37781750419523809523 804
858 14.0995816035 .32044503644318181818 804
859 10.9599275612 .87679420489600000000 804
860 7.99844334503 .88871592722555555555 804
861 6.70892924855 1.21980531791818181818 804
862 6.38510315559 6.38510315559000000000 804
863 11.9520434214 2.98801085535000000000 804
864 10.8374524765 .27436588548101265822 804
865 10.3259617184 .49171246278095238095 804
866 14.0534832745 .35578438669620253164 804
867 7.10351361262 3.55175680631000000000 804
868 11.4976528246 .27053300763764705882 804
869 8.34943827921 .46385768217833333333 804
870 14.3215556367 .45465255989523809523 804
871 10.3309437777 2.06618875554000000000 804
872 10.3802620184 .41521048073600000000 804
873 11.5943123152 .68201837148235294117 804
874 9.28025092388 .29936293302838709677 804
875 4.98579131341 .66477217512133333333 804
876 8.93284189818 2.55224054233714285714 804
877 12.571708799 .93123768881481481481 804
878 10.9221175944 .36407058648000000000 804
879 10.0543644896 .31918617427301587301 804
880 13.2204701219 .58757644986222222222 804
881 9.56382524844 .25167961180105263157 804
882 11.9017430458 .85012450327142857142 804
883 10.2487483521 2.56218708802500000000 804
884 9.39040987009 .20413934500195652173 804
885 9.47851621647 .75828129731760000000 804
886 9.92193398045 1.10243710893888888888 804
887 7.48852916149 .21705881627507246376 804
888 10.5026892625 .33341870674603174603 804
889 10.1127430724 .56181905957777777777 804
890 9.28706131208 .19759704919319148936 804
891 9.95487150861 .25202206350911392405 804
892 8.78975070284 .45075644629948717948 804
893 6.7059930581 .78894035977647058823 804
894 5.87899143793 .18371848243531250000 804
895 7.70800600253 .61664048020240000000 804
896 7.54145885258 .47134117828625000000 804
897 9.50786658981 .30183703459714285714 804
898 9.92180773797 .34213130130931034482 804
899 9.87636203834 .98763620383400000000 804
900 6.88376991241 .15469145870584269662 804
901 7.68101145407 1.02413486054266666666 804
902 11.4859464532 .63810813628888888888 804
903 11.1344277853 .33740690258484848484 804
904 11.0705486326 2.46012191835555555555 804
905 8.97511305768 .48514124636108108108 804
906 11.2150993033 .77345512436551724137 804
907 7.76160270355 .21264664941232876712 804
908 10.6334464834 .32718296872000000000 804
909 12.3205169465 1.89546414561538461538 804
910 12.3638699533 1.30145999508421052631 804
911 6.25781409042 .12642048667515151515 804
912 9.74043919736 .21174867820347826086 804
913 11.2583684995 .24743667031868131868 804
914 6.92932107203 .36470110905421052631 804
915 12.2188269382 .69821868218285714285 804
916 16.0826598652 .46616405406376811594 804
917 12.0143675119 .57211273866190476190 804
918 8.87993813898 1.04469860458588235294 804
919 13.0289753111 .28019301744301075268 804
920 12.2742626349 .66347365594054054054 804
921 9.09163614464 .58655717062193548387 804
922 9.21878950717 .19205811473270833333 804
923 11.1048680667 .26758718233012048192 804
924 8.4654667634 .18812148363111111111 804
925 9.10110392857 .58716799539161290322 804
926 13.8463701889 1.06510539914615384615 804
927 8.43856892179 .25964827451661538461 804
928 12.0690820841 .89400608030370370370 804
929 10.5502350185 .27051884662820512820 804
930 8.05912065201 16.11824130402000000000 804
931 7.22601725921 .36130086296050000000 804
932 8.48286003346 .24588000096985507246 804
933 11.7588171801 2.61307048446666666666 804
934 8.30436139026 1.50988388913818181818 804
935 10.3002420219 .93638563835454545454 804
936 9.55038596384 .86821690580363636363 804
937 12.0939676329 .93030520253076923076 804
938 10.9169079675 .45487116531250000000 804
939 7.71631498331 .26156999943423728813 804
940 11.4135289437 2.28270578874000000000 804
941 7.81896933144 .28959145672000000000 804
942 9.41936117548 .43810982211534883720 804
943 9.97561995905 2.21680443534444444444 804
944 9.34658377095 .28322981124090909090 804
945 13.5486262982 .40443660591641791044 804
946 11.6893089442 .27184439405116279069 804
947 12.2302624069 .33054763261891891891 804
948 10.9287795065 .28022511555128205128 804
949 13.8877595099 1.06828919306923076923 804
950 4.2951946323 .08677160873333333333 804
951 14.2783545551 .29439906299175257731 804
952 12.5781774584 .41927258194666666666 804
953 6.12916138738 .14769063584048192771 804
954 13.2331666417 .60150757462272727272 804
955 8.60846201899 .30205129891192982456 804
956 7.73128373789 .22409518080840579710 804
957 12.4011834473 1.24011834473000000000 804
958 6.42956733354 .44341843679586206896 804
959 8.57047091637 1.55826743934000000000 804
960 16.575826349 1.38131886241666666666 804
961 6.7871015682 .14139794933750000000 804
962 14.3731930033 5.74927720132000000000 804
963 14.4141625021 .39490856170136986301 804
964 11.2692826283 .83476167617037037037 804
965 7.61946657127 1.26991109521166666666 804
966 11.191635566 .57393002902564102564 804
967 9.14541442792 .18664111077387755102 804
968 9.48607692452 .23136772986634146341 804
969 5.95528546946 .12670820147787234042 804
970 12.4166402613 .68981334785000000000 804
971 12.22637703 .29820431780487804878 804
972 11.3574711362 .44539102494901960784 804
973 8.50919553175 .48623974467142857142 804
974 8.58736665047 .40892222145095238095 804
975 7.20514001436 .28255451036705882352 804
976 6.92367723794 .18968978734082191780 804
977 13.502228733 .56259286387500000000 804
978 10.5945130645 .26821552062025316455 804
979 13.1801885841 1.05441508672800000000 804
980 6.27373051547 .21266883103288135593 804
981 10.6482698364 3.54942327880000000000 804
982 11.6447342684 .41588336672857142857 804
983 11.7402074031 2.93505185077500000000 804
984 14.6328891365 2.66052529754545454545 804
985 10.5425841574 .43030955744489795918 804
986 8.83160764687 .18209500302824742268 804
987 10.1568171072 1.56258724726153846153 804
988 10.2166579256 1.27708224070000000000 804
989 9.81289581826 .36344058586148148148 804
990 6.01018166791 .20373497179355932203 804
991 8.29590423557 .33860833614571428571 804
992 9.36116333555 2.34029083388750000000 804
993 10.4532902217 .38011964442545454545 804
994 10.5166231283 .30931244495000000000 804
995 12.2080480041 .44392901833090909090 804
996 11.4482811256 .38160937085333333333 804
997 9.8102420403 .26160645440800000000 804
998 7.47016757771 2.13433359363142857142 804
999 7.98223186939 .93908610228117647058 804
1000 10.1951411402 .31369665046769230769 804
1001 10.7924576249 .25394017940941176470 804
1002 8.90854358243 .39593527033022222222 804
1003 9.16523307015 .20596029371123595505 804
1004 8.43226430133 .38328474096954545454 804
1005 11.7182433122 .33480695177714285714 805,806,807,808,809,810,811,812,813,814,815,816,817,818,819,820,821,822,823,824,825,826,827,828,829,830,831,832,833,834,835,836,837,838,839,840,841,842,843,844,845,846,847,848,849,850,851,852,853,854,855,856,857,858,859,860,861,862,863,864,865,866,867,868,869,870,871,872,873,874,875,876,877,878,879,880,881,882,883,884,885,886,887,888,889,890,891,892,893,894,895,896,897,898,899,900,901,902,903,904,905,906,907,908,909,910,911,912,913,914,915,916,917,918,919,920,921,922,923,924,925,926,927,928,929,930,931,932,933,934,935,936,937,938,939,940,941,942,943,944,945,946,947,948,949,950,951,952,953,954,955,956,957,958,959,960,961,962,963,964,965,966,967,968,969,970,971,972,973,974,975,976,977,978,979,980,981,982,983,984,985,986,987,988,989,990,991,992,993,994,995,996,997,998,999,1000,1001,1002,1003,1004
1006 11.1582234895 55.79111744750000000000 1005
1007 10.7383044852 53.69152242600000000000 1005
1008 6.5315346981 65.31534698100000000000 1005
1009 12.2653239578 122.65323957800000000000 1005
1010 11.8100341452 118.10034145200000000000 1005
1011 10.6776736861 1.52538195515714285714 1005
1012 6.40849621378 .85446616183733333333 1005
1013 10.0797757338 1.11997508153333333333 1005
1014 10.7069088682 .54907224965128205128 1005
1015 9.3039349886 1.55065583143333333333 1005
1016 6.28888135288 .13101836151833333333 1005
1017 11.5991926113 .56581427372195121951 1005
1018 5.96024113984 .14537173511804878048 1005
1019 7.17291243289 .17078362935452380952 1005
1020 10.6031691726 1.00982563548571428571 1005
1021 9.32770274624 .19036128053551020408 1005
1022 13.4476882909 .45585384036949152542 1005
1023 9.3382568006 .30123409034193548387 1005
1024 9.7061026222 .62620016917419354838 1005
1025 7.97750034079 .75976193721809523809 1005
1026 12.0585749688 .77797257863225806451 1005
1027 7.3216301909 .19017221275064935064 1005
1028 7.93980354313 1.58796070862600000000 1005
1029 8.69398364288 .22878904323368421052 1005
1030 9.00168327738 .46162478345538461538 1005
1031 9.43019379806 .26563926191718309859 1005
1032 10.344886333 .51724431665000000000 1005
1033 10.0481838946 3.34939463153333333333 1005
1034 14.0865486472 .47751012363389830508 1005
1035 9.36876559435 .21292649078068181818 1005
1036 10.5156084702 .24173812575172413793 1005
1037 10.2963129528 1.47090185040000000000 1005
1038 10.3621589484 .79708914987692307692 1005
1039 13.0512422336 .53270376463673469387 1005
1040 6.13172467448 .68130274160888888888 1005
1041 14.2864233184 2.38107055306666666666 1005
1042 10.6399690622 .66499806638750000000 1005
1043 5.07109396136 .23586483541209302325 1005
1044 10.8658981179 .24417748579550561797 1005
1045 5.56711358189 .16618249498179104477 1005
1046 11.7019836758 .28541423599512195121 1005
1047 12.1022032932 1.00851694110000000000 1005
1048 17.7316880563 .39846490014157303370 1005
1049 6.69186310569 .31866014789000000000 1005
1050 6.08538294374 .16903841510388888888 1005
1051 8.9397292036 .33110108161481481481 1005
1052 6.13831488959 .12527173244061224489 1005
1053 13.8882693734 4.62942312446666666666 1005
1054 11.4382421751 .91505937400800000000 1005
1055 11.6140941145 2.11165347536363636363 1005
1056 8.06927221285 .26029910364032258064 1005
1057 13.1886909275 .71290221229729729729 1005
1058 13.5469918717 .29133315853118279569 1005
1059 8.90363431066 .24063876515297297297 1005
1060 9.82678429805 19.65356859610000000000 1005
1061 11.4124869506 1.34264552360000000000 1005
1062 10.7626885721 .53813442860500000000 1005
1063 13.6296301759 .61952864435909090909 1005
1064 12.3906256695 .45056820616363636363 1005
1065 14.1776601574 .65942605383255813953 1005
1066 6.35169210535 12.70338421070000000000 1005
1067 9.37621138918 .24353795816051948051 1005
1068 7.2756612347 .21399003631470588235 1005
1069 8.50820835459 .60772916818500000000 1005
1070 11.2819017273 .38903109404482758620 1005
1071 9.55677099457 .65908765479793103448 1005
1072 9.30528860293 .28197844251303030303 1005
1073 8.09159767854 .31731755602117647058 1005
1074 8.35125313755 .21142413006455696202 1005
1075 8.66625458748 .69330036699840000000 1005
1076 8.20497180959 .82049718095900000000 1005
1077 7.12075483732 1.58238996384888888888 1005
1078 13.8295423884 .54233499562352941176 1005
1079 6.63070549831 .16576763745775000000 1005
1080 10.5208421415 .22149141350526315789 1005
1081 8.47139415828 .18024242889957446808 1005
1082 7.5368164215 .26917201505357142857 1005
1083 10.7075551999 .40405868678867924528 1005
1084 9.02545661697 .66855234199777777777 1005
1085 9.16487170099 .26564845510115942028 1005
1086 11.8094668398 .27148199631724137931 1005
1087 8.49865529799 .36950675208652173913 1005
1088 9.69391159239 .20195649150812500000 1005
1089 7.90961816372 .28762247868072727272 1005
1090 8.70283762017 .22604773039402597402 1005
1091 9.65559312911 .19506248745676767676 1005
1092 14.2173371602 .40048837070985915492 1005
1093 10.000102231 .62500638943750000000 1005
1094 7.71905159411 3.85952579705500000000 1005
1095 8.9740833577 .74784027980833333333 1005
1096 12.4461547923 .25929489150625000000 1005
1097 8.68459110848 .21443434835753086419 1005
1098 9.06464115609 .47708637663631578947 1005
1099 9.79763067009 2.79932304859714285714 1005
1100 10.4432378829 .69621585886000000000 1005
1101 11.7201083486 .60103119736410256410 1005
1102 11.4812833113 4.59251332452000000000 1005
1103 10.3680159544 .46080070908444444444 1005
1104 9.30968819492 .24825835186453333333 1005
1105 8.42261917021 .38284632591863636363 1005
1106 11.0673778949 2.76684447372500000000 1005
1107 13.4853259962 .93002248249655172413 1005
1108 14.5880357096 3.24178571324444444444 1005
1109 14.5524568316 .39330964409729729729 1005
1110 8.31172884283 .30784180899370370370 1005
1111 10.1471689113 .92246990102727272727 1005
1112 12.1490848684 .44178490430545454545 1005
1113 13.3296818856 .54406864839183673469 1005
1114 10.5027135134 .77797877877037037037 1005
1115 10.9159408137 .45483086723750000000 1005
1116 14.574109738 .31682847256521739130 1005
1117 7.1607350762 .26521241022962962962 1005
1118 11.9650997267 .41982806058596491228 1005
1119 10.7135286178 1.19039206864444444444 1005
1120 15.0183760633 .30965723841855670103 1005
1121 9.65820493999 .53656694111055555555 1005
1122 7.27986118034 .27471174265433962264 1005
1123 11.4473447626 .35772952383125000000 1005
1124 6.05866735767 .40391115717800000000 1005
1125 8.97840900264 3.59136360105600000000 1005
1126 13.2996668575 .31293333782352941176 1005
1127 7.19968616505 .20868655550869565217 1005
1128 7.07527695943 .45646948125354838709 1005
1129 6.03412275216 .17747419859294117647 1005
1130 8.54805416312 .85480541631200000000 1005
1131 5.84385647639 .46750851811120000000 1005
1132 7.21133908537 .18256554646506329113 1005
1133 13.3914752921 .52515589380784313725 1005
1134 10.1589759121 .31746799725312500000 1005
1135 11.0562007222 .23523831323829787234 1005
1136 11.7869386287 .81289231922068965517 1005
1137 7.37259591022 1.13424552464923076923 1005
1138 10.5230217051 .28061391213600000000 1005
1139 11.4756937015 .57378468507500000000 1005
1140 5.11094929591 .42591244132583333333 1005
1141 12.8926638234 .38485563651940298507 1005
1142 11.8466510256 .81701041555862068965 1005
1143 9.90154154552 .32464070641049180327 1005
1144 6.70826842643 2.68330737057200000000 1005
1145 5.92074322759 .19735810758633333333 1005
1146 11.0220558611 .50100253914090909090 1005
1147 8.46862798423 .22888183741162162162 1005
1148 10.1760203643 .23943577327764705882 1005
1149 10.2597220218 3.41990734060000000000 1005
1150 7.78338484631 .23233984615850746268 1005
1151 8.97524714259 2.56435632645428571428 1005
1152 8.07964046832 .73451276984727272727 1005
1153 11.486241048 1.09392771885714285714 1005
1154 7.64608199341 .80485073614842105263 1005
1155 6.89803818581 .18394768495493333333 1005
1156 12.6353093441 .78970683400625000000 1005
1157 12.6279072266 .61599547446829268292 1005
1158 9.77637155796 1.62939525966000000000 1005
1159 8.32784073874 .20562569725283950617 1005
1160 9.33604835072 .39727865322212765957 1005
1161 8.59419027966 .50554060468588235294 1005
1162 9.78123560464 2.79463874418285714285 1005
1163 8.30974729351 .30217262885490909090 1005
1164 5.608719137 .53416372733333333333 1005
1165 11.9562106605 .28467168239285714285 1005
1166 10.3839740708 .29668497345142857142 1005
1167 10.2028668998 .21255972707916666666 1005
1168 13.1565937106 .62650446240952380952 1005
1169 11.9637437599 1.08761306908181818181 1005
1170 10.3507030271 .69004686847333333333 1005
1171 10.9919588497 .48853150443111111111 1005
1172 12.6177164861 .30774918258780487804 1005
1173 9.40104527923 .42732023996500000000 1005
1174 10.8284150483 .48126289103555555555 1005
1175 7.01854949778 .73879468397684210526 1005
1176 8.10834475568 .16892384907666666666 1005
1177 10.12955961 .24706242951219512195 1005
1178 10.3747402926 .23054978428000000000 1005
1179 10.0649953313 .95857098393333333333 1005
1180 9.51971575864 .27199187881828571428 1005
1181 6.89476298252 .15669915869363636363 1005
1182 6.7902659338 1.23459380614545454545 1005
1183 13.7928573826 1.62268910383529411764 1005
1184 10.3383211285 .44949222297826086956 1005
1185 11.0185679701 .25624576674651162790 1005
1186 7.56603481206 .15440887371551020408 1005
1187 12.5752912257 .39921559446666666666 1005
1188 4.40774609161 .09479023852924731182 1005
1189 6.25700061375 .54408700989130434782 1005
1190 10.798209321 1.27037756717647058823 1005
1191 11.4976382179 7.66509214526666666666 1005
1192 12.182022567 .33838951575000000000 1005
1193 15.8109449548 .46502779278823529411 1005
1194 12.5733869096 1.32351441153684210526 1005
1195 10.911727225 .25674652294117647058 1005
1196 6.20737436988 .19705950380571428571 1005
1197 10.7470135933 .44779223305416666666 1005
1198 12.560055307 .33052777123684210526 1005
1199 10.3863684578 .64914802861250000000 1005
1200 11.7690384008 .33152220847323943661 1005
1201 6.99123860599 .21511503403046153846 1005
1202 10.2741013632 .76104454542222222222 1005
1203 8.92217028274 .22030050080839506172 1005
1204 12.7422592623 .62157362255121951219 1005
1205 9.49190178436 .20634569096434782608 1005
1206 13.86412292 .79223559542857142857 1006,1007,1008,1009,1010,1011,1012,1013,1014,1015,1016,1017,1018,1019,1020,1021,1022,1023,1024,1025,1026,1027,1028,1029,1030,1031,1032,1033,1034,1035,1036,1037,1038,1039,1040,1041,1042,1043,1044,1045,1046,1047,1048,1049,1050,1051,1052,1053,1054,1055,1056,1057,1058,1059,1060,1061,1062,1063,1064,1065,1066,1067,1068,1069,1070,1071,1072,1073,1074,1075,1076,1077,1078,1079,1080,1081,1082,1083,1084,1085,1086,1087,1088,1089,1090,1091,1092,1093,1094,1095,1096,1097,1098,1099,1100,1101,1102,1103,1104,1105,1106,1107,1108,1109,1110,1111,1112,1113,1114,1115,1116,1117,1118,1119,1120,1121,1122,1123,1124,1125,1126,1127,1128,1129,1130,1131,1132,1133,1134,1135,1136,1137,1138,1139,1140,1141,1142,1143,1144,1145,1146,1147,1148,1149,1150,1151,1152,1153,1154,1155,1156,1157,1158,1159,1160,1161,1162,1163,1164,1165,1166,1167,1168,1169,1170,1171,1172,1173,1174,1175,1176,1177,1178,1179,1180,1181,1182,1183,1184,1185,1186,1187,1188,1189,1190,1191,1192,1193,1194,1195,1196,1197,1198,1199,1200,1201,1202,1203,1204,1205
1207 15.0619672838 75.30983641900000000000 1206
1208 14.0313973078 46.77132435933333333333 1206
1209 15.8333063448 31.66661268960000000000 1206
1210 12.1972062315 30.49301557875000000000 1206
1211 15.3944665047 30.78893300940000000000 1206
1212 8.70177568382 .27624684710539682539 1206
1213 10.1945353291 20.38907065820000000000 1206
1214 12.9424943748 .41749981854193548387 1206
1215 7.6277965413 .19812458548831168831 1206
1216 8.32817140021 .17171487423113402061 1206
1217 11.8688813294 2.63752918431111111111 1206
1218 14.8065973041 .51952972996842105263 1206
1219 7.15507595433 .34902809533317073170 1206
1220 11.4393015224 .32223384570140845070 1206
1221 9.90019572421 2.82862734977428571428 1206
1222 11.8343133854 .30738476325714285714 1206
1223 12.3564574976 .27458794439111111111 1206
1224 16.7700379008 1.52454890007272727272 1206
1225 7.31810618737 2.43936872912333333333 1206
1226 12.5795042866 .55908907940444444444 1206
1227 8.73512474606 .31196874093071428571 1206
1228 11.3153118684 1.19108545983157894736 1206
1229 5.42013048487 .47131569433652173913 1206
1230 6.19418916733 .32600995617526315789 1206
1231 6.98152653341 .17674750717493670886 1206
1232 12.2918898644 .26721499705217391304 1206
1233 10.2325361988 1.13694846653333333333 1206
1234 5.9303727127 .15606243980789473684 1206
1235 6.39401054828 2.55760421931200000000 1206
1236 13.3781086033 .86310378085806451612 1206
1237 8.94916020954 .51138058340228571428 1206
1238 11.3332810287 .30222082743200000000 1206
1239 11.573697038 .24624887314893617021 1206
1240 11.5052150774 .54786738463809523809 1206
1241 8.16150613145 .25504706660781250000 1206
1242 12.6682167145 .52784236310416666666 1206
1243 10.019056649 .30360777724242424242 1206
1244 10.5976837302 .33643440413333333333 1206
1245 10.5576070353 .21115214070600000000 1206
1246 7.95748270206 .29472158155777777777 1206
1247 11.0909002226 .23349263626526315789 1206
1248 12.4974770793 .41658256931000000000 1206
1249 7.48635627302 .15596575568791666666 1206
1250 10.2988959115 .54204715323684210526 1206
1251 12.4903584583 1.13548713257272727272 1206
1252 12.002144137 .44452385692592592592 1206
1253 8.03149396262 2.67716465420666666666 1206
1254 7.20260188982 .28245497607137254901 1206
1255 9.2304891804 .24947268055135135135 1206
1256 8.88296868538 .20901102789129411764 1206
1257 10.4429459507 .77355155190370370370 1206
1258 10.4449817916 .24576427744941176470 1206
1259 6.56933469602 1.64233367400500000000 1206
1260 14.7113646918 .39760445112972972972 1206
1261 10.7614660462 .34714406600645161290 1206
1262 12.9372554138 .32752545351392405063 1206
1263 6.52738783615 .18387007989154929577 1206
1264 7.83568053084 .15671361061680000000 1206
1265 6.96190757931 .24006577859689655172 1206
1266 5.66146266368 1.13229253273600000000 1206
1267 10.6690993606 .44454580669166666666 1206
1268 7.75754507687 .21548736324638888888 1206
1269 14.3058845564 .62199498071304347826 1206
1270 13.4294384699 .42633137999682539682 1206
1271 13.8949847729 .48754332536491228070 1206
1272 5.56030124004 .14442340883220779220 1206
1273 13.4326357854 .41331187032000000000 1206
1274 10.991625848 1.46555011306666666666 1206
1275 11.2390759796 .30375881025945945945 1206
1276 10.2993607262 2.28874682804444444444 1206
1277 7.94522908274 7.94522908274000000000 1206
1278 10.4907812913 .37467076040357142857 1206
1279 11.9035696164 .47614278465600000000 1206
1280 6.93033287226 .14289346128371134020 1206
1281 9.37571197532 1.33938742504571428571 1206
1282 8.55143691957 .33535046743411764705 1206
1283 11.516808803 1.04698261845454545454 1206
1284 10.1353616029 .96527253360952380952 1206
1285 5.94195091099 1.18839018219800000000 1206
1286 12.3950854114 .68861585618888888888 1206
1287 8.42493236404 .17193739518448979591 1206
1288 15.5277983964 1.63450509435789473684 1206
1289 12.2280007286 .30570001821500000000 1206
1290 8.26823428396 .25838232137375000000 1206
1291 3.79523084579 .17652236492046511627 1206
1292 12.1191879653 1.05384243176521739130 1206
1293 12.1616274976 .27957764362298850574 1206
1294 15.9001952355 .34945484034065934065 1206
1295 7.16112823604 .21700388594060606060 1206
1296 9.93756002368 .25480923137641025641 1206
1297 11.1799749795 .40654454470909090909 1206
1298 9.47771469186 .94777146918600000000 1206
1299 9.24689030502 .30317673131213114754 1206
1300 8.90736966084 .27835530190125000000 1206
1301 11.8298437226 .23898674187070707070 1206
1302 10.95809593 1.56544227571428571428 1206
1303 12.5467214767 .35342877399154929577 1206
1304 7.35909286074 .17521649668428571428 1206
1305 11.9044441897 .30920634258961038961 1206
1306 4.90909386076 .10334934443705263157 1206
1307 9.98260008736 .21016000183915789473 1206
1308 5.34578988302 .32398726563757575757 1206
1309 8.53001335009 .20070619647270588235 1206
1310 13.6064955069 .34888450017692307692 1206
1311 2.50894717614 .10676370962297872340 1206
1312 7.12957900738 .59413158394833333333 1206
1313 7.53122036171 2.51040678723666666666 1206
1314 7.31931269799 .31146011480808510638 1206
1315 10.3182737886 .21722681660210526315 1206
1316 11.4544109339 .33201191112753623188 1206
1317 11.1626856197 5.58134280985000000000 1206
1318 11.1587274657 .85836365120769230769 1206
1319 16.8962797883 .47595154333239436619 1206
1320 17.1088017527 .57029339175666666666 1206
1321 10.1802575187 .24238708377857142857 1206
1322 9.84357761946 .27728387660450704225 1206
1323 7.01447819708 .21583009837169230769 1206
1324 8.74519629628 .30155849297517241379 1206
1325 13.1892377265 .33818558273076923076 1206
1326 10.3124395282 .55742916368648648648 1206
1327 7.4056274325 2.96225097300000000000 1206
1328 9.01317860846 .31079926236068965517 1206
1329 11.5115605214 .28423606225679012345 1206
1330 9.21540822075 .22476605416463414634 1206
1331 13.0234920853 .33393569449487179487 1206
1332 11.2403426673 1.02184933339090909090 1206
1333 13.6123127823 .29273790929677419354 1206
1334 8.97619382485 .44880969124250000000 1206
1335 10.9390007168 1.56271438811428571428 1206
1336 8.58843733906 .26425961043261538461 1206
1337 10.2625662966 1.36834217288000000000 1206
1338 12.0382535292 .29724082788148148148 1206
1339 9.58491119483 .25559763186213333333 1206
1340 5.77244232806 .28862211640300000000 1206
1341 8.3167558714 .46204199285555555555 1206
1342 12.4806442641 .53109124528085106382 1206
1343 13.5719522698 27.14390453960000000000 1206
1344 15.515891614 .56421424050909090909 1206
1345 8.71705021876 .27240781933625000000 1206
1346 10.1768196661 .23945458037882352941 1206
1347 6.22459077332 .16167768242389610389 1206
1348 8.9260624314 .42505059197142857142 1206
1349 13.4575037297 .37908461210422535211 1206
1350 14.4827759288 .35323843728780487804 1206
1351 9.7087881975 .34674243562500000000 1206
1352 11.6094972458 .53997661608372093023 1206
1353 4.94837599521 4.94837599521000000000 1206
1354 11.0915334902 .25794263930697674418 1206
1355 9.10682496543 .55192878578363636363 1206
1356 10.9446572161 3.12704491888571428571 1206
1357 11.1995709907 .28353344280253164556 1206
1358 11.3412034359 .90729627487200000000 1206
1359 6.938754878 .16520844947619047619 1206
1360 8.5526931317 .27151406767301587301 1206
1361 10.4652000094 1.61003077067692307692 1206
1362 9.82541844255 2.45635461063750000000 1206
1363 9.72327623611 .20256825491895833333 1206
1364 6.76455393745 .16300129969759036144 1206
1365 8.23034833893 .23515280968371428571 1206
1366 9.51271729253 .73174748404076923076 1206
1367 9.64006014284 1.37715144897714285714 1206
1368 7.83863310706 .58063948941185185185 1206
1369 9.26428762502 .24704767000053333333 1206
1370 10.2982049326 .49039071107619047619 1206
1371 6.46388943773 .38022879045470588235 1206
1372 6.74960445868 .74995605096444444444 1206
1373 9.18445174143 1.22459356552400000000 1206
1374 8.06746382535 .70151859350869565217 1206
1375 8.01908725015 2.00477181253750000000 1206
1376 5.65263296953 .13620802336216867469 1206
1377 13.3176521967 .83235326229375000000 1206
1378 13.2329156779 .61548445013488372093 1206
1379 8.43118116388 .46839895354888888888 1206
1380 17.0548728039 3.41097456078000000000 1206
1381 8.43582007947 .28119400264900000000 1206
1382 12.2825279181 .26994566852967032967 1206
1383 6.06713228495 .12908792095638297872 1206
1384 8.89927979501 .77385041695739130434 1206
1385 13.2563910505 3.78754030014285714285 1206
1386 12.0685577277 .48274230910800000000 1206
1387 11.011332261 .37970111244827586206 1206
1388 8.50904334583 .17189986557232323232 1206
1389 12.5263649295 .86388723651724137931 1206
1390 9.56511025806 .22506141783670588235 1206
1391 8.7171707161 1.45286178601666666666 1206
1392 7.58755324856 .54196808918285714285 1206
1393 13.0775196253 .38463293015588235294 1206
1394 10.1343100737 .36193964548928571428 1206
1395 13.4528133088 1.92183047268571428571 1206
1396 11.7271521158 2.60603380351111111111 1206
1397 8.28476099285 .97467776386470588235 1206
1398 13.1328209974 6.56641049870000000000 1206
1399 10.63898653 1.11989331894736842105 1206
1400 6.24224761998 .39014047624875000000 1206
1401 10.0629001123 .25157250280750000000 1206
1402 8.64313611099 .23048362962640000000 1206
1403 4.10221374545 .32817709963600000000 1206
1404 10.0481848314 .32413499456129032258 1206
1405 8.28706323199 2.07176580799750000000 1206
1406 11.8129564604 .34743989589411764705 1206
1407 9.06217327849 .51783847305657142857 1207,1208,1209,1210,1211,1212,1213,1214,1215,1216,1217,1218,1219,1220,1221,1222,1223,1224,1225,1226,1227,1228,1229,1230,1231,1232,1233,1234,1235,1236,1237,1238,1239,1240,1241,1242,1243,1244,1245,1246,1247,1248,1249,1250,1251,1252,1253,1254,1255,1256,1257,1258,1259,1260,1261,1262,1263,1264,1265,1266,1267,1268,1269,1270,1271,1272,1273,1274,1275,1276,1277,1278,1279,1280,1281,1282,1283,1284,1285,1286,1287,1288,1289,1290,1291,1292,1293,1294,1295,1296,1297,1298,1299,1300,1301,1302,1303,1304,1305,1306,1307,1308,1309,1310,1311,1312,1313,1314,1315,1316,1317,1318,1319,1320,1321,1322,1323,1324,1325,1326,1327,1328,1329,1330,1331,1332,1333,1334,1335,1336,1337,1338,1339,1340,1341,1342,1343,1344,1345,1346,1347,1348,1349,1350,1351,1352,1353,1354,1355,1356,1357,1358,1359,1360,1361,1362,1363,1364,1365,1366,1367,1368,1369,1370,1371,1372,1373,1374,1375,1376,1377,1378,1379,1380,1381,1382,1383,1384,1385,1386,1387,1388,1389,1390,1391,1392,1393,1394,1395,1396,1397,1398,1399,1400,1401,1402,1403,1404,1405,1406
1408 9.96689284044 49.83446420220000000000 1407
1409 8.15441818223 81.54418182230000000000 1407
1410 12.9671155127 43.22371837566666666666 1407
1411 8.12634083875 27.08780279583333333333 1407
1412 11.4165631066 114.16563106600000000000 1407
1413 8.31235562859 .30226747740327272727 1407
1414 7.67898265207 .18960450992765432098 1407
1415 6.78727367641 .13711663992747474747 1407
1416 10.3341458461 .26497809861794871794 1407
1417 9.72031845056 .74771680388923076923 1407
1418 8.962603839 17.92520767800000000000 1407
1419 11.6278091612 .61198995585263157894 1407
1420 8.47595642308 .42379782115400000000 1407
1421 10.4223030719 .26385577397215189873 1407
1422 7.30356049203 .60863004100250000000 1407
1423 15.8959631687 .99349769804375000000 1407
1424 11.4797030707 .29435136078717948717 1407
1425 14.9090624054 .30740334856494845360 1407
1426 8.76575266082 .20385471304232558139 1407
1427 11.5604824091 .74583757478064516129 1407
1428 12.0434394139 .24831833843092783505 1407
1429 13.4698841497 .32853375974878048780 1407
1430 11.9875707717 .63092477745789473684 1407
1431 10.8483692116 .27816331311794871794 1407
1432 12.1131370422 .27846292051034482758 1407
1433 7.59091368975 7.59091368975000000000 1407
1434 9.83655334608 .25885666700210526315 1407
1435 9.11375717169 .20480353194808988764 1407
1436 8.72375299025 .19603939303932584269 1407
1437 12.3471995407 .66741619138918918918 1407
1438 8.78657956956 .19969499021727272727 1407
1439 10.236744233 .33021755590322580645 1407
1440 7.46906720491 .14938134409820000000 1407
1441 10.337808349 .59073190565714285714 1407
1442 11.1349800683 3.18142287665714285714 1407
1443 8.68369427799 .19297098395533333333 1407
1444 10.2635893864 .20946100788571428571 1407
1445 8.47293068765 .54664068952580645161 1407
1446 11.3110270323 .64634440184571428571 1407
1447 6.78621233905 .16352318889277108433 1407
1448 10.8951728185 .83809021680769230769 1407
1449 10.4305312313 .67293749879354838709 1407
1450 4.7262911645 4.72629116450000000000 1407
1451 9.4008774669 .23502193667250000000 1407
1452 9.97126466938 .31160202091812500000 1407
1453 10.1266456451 .40506582580400000000 1407
1454 7.50278253384 .25433161131661016949 1407
1455 12.15005254 .29634274487804878048 1407
1456 9.11847812396 .36473912495840000000 1407
1457 10.3778756153 .66954036227741935483 1407
1458 11.3239841695 .46220343548979591836 1407
1459 13.9368220283 .38713394523055555555 1407
1460 9.64872402304 6.43248268202666666666 1407
1461 11.234175489 1.18254478831578947368 1407
1462 10.1392039349 1.06728462472631578947 1407
1463 12.9200825508 .86133883672000000000 1407
1464 12.0573586391 .73074900843030303030 1407
1465 6.34070301794 1.81162943369714285714 1407
1466 8.1252282902 .25000702431384615384 1407
1467 12.2994092494 6.14970462470000000000 1407
1468 12.6649329431 .28144295429111111111 1407
1469 10.0921187171 .21246565720210526315 1407
1470 6.70382433195 1.11730405532500000000 1407
1471 12.4843280045 12.48432800450000000000 1407
1472 11.2704173438 .30877855736438356164 1407
1473 7.84486630497 .34866072466533333333 1407
1474 10.3421241708 .53036534209230769230 1407
1475 10.2112392481 .21959654296989247311 1407
1476 12.4594731994 3.55984948554285714285 1407
1477 12.1345536628 .36771374735757575757 1407
1478 8.51957559259 .89679743079894736842 1407
1479 9.44799930286 .67485709306142857142 1407
1480 10.5042261761 .51240127688292682926 1407
1481 9.35240642792 .19086543730448979591 1407
1482 12.457498142 1.77964259171428571428 1407
1483 14.8394107771 .95738134045806451612 1407
1484 10.7107812476 .61204464272000000000 1407
1485 12.3855010659 .25537115599793814432 1407
1486 8.75380782293 .38060034012739130434 1407
1487 12.8007295012 .38211132839402985074 1407
1488 11.087769205 .28799400532467532467 1407
1489 7.21544025119 .15517075809010752688 1407
1490 9.1592459747 .76327049789166666666 1407
1491 11.7380426233 .24454255465208333333 1407
1492 9.50181942929 .54296111024514285714 1407
1493 7.10501232414 .44406327025875000000 1407
1494 10.7577028782 .27583853533846153846 1407
1495 9.57889134328 .20166087038484210526 1407
1496 9.34157715763 .29192428617593750000 1407
1497 11.5335674202 .42716916371111111111 1407
1498 10.3820894129 3.46069647096666666666 1407
1499 11.4345482223 .32209994992394366197 1407
1500 6.20982683445 .20031699465967741935 1407
1501 8.48577887425 .24596460505072463768 1407
1502 6.37679199318 .16350748700461538461 1407
1503 10.5337919074 .40514584259230769230 1407
1504 9.56061776127 .28119464003735294117 1407
1505 9.89859037276 .47136144632190476190 1407
1506 13.6544191452 .82754055425454545454 1407
1507 9.5156445574 .29278906330461538461 1407
1508 7.49903817562 .16664529279155555555 1407
1509 11.3392064269 .23872013530315789473 1407
1510 10.7231934627 .57963207906486486486 1407
1511 10.3984397941 10.39843979410000000000 1407
1512 9.65151315234 19.30302630468000000000 1407
1513 6.55441850469 .15242833731837209302 1407
1514 8.44133887596 .62528436118222222222 1407
1515 10.1434656577 .32201478278412698412 1407
1516 10.3267247164 2.06534494328000000000 1407
1517 10.3831267424 1.48330382034285714285 1407
1518 11.522025972 .96016883100000000000 1407
1519 13.0804936001 .26970089897113402061 1407
1520 11.9160850242 .38438983949032258064 1407
1521 11.7111863763 .61637823033157894736 1407
1522 11.9368218499 2.98420546247500000000 1407
1523 10.0526639421 .29566658653235294117 1407
1524 7.39434562844 .21748075377764705882 1407
1525 12.4353867099 .77721166936875000000 1407
1526 5.81897889072 1.66256539734857142857 1407
1527 12.6829649608 .27874648265494505494 1407
1528 7.13127710308 .33958462395619047619 1407
1529 10.266051065 .73328936178571428571 1407
1530 12.0992146684 1.86141764129230769230 1407
1531 8.39779788473 .27089670595903225806 1407
1532 12.9578477411 .61704036862380952380 1407
1533 10.1307928181 .84423273484166666666 1407
1534 11.8567164477 .24197380505510204081 1407
1535 9.37340304753 .29756835071523809523 1407
1536 13.6891631847 3.04203626326666666666 1407
1537 7.27132745673 7.27132745673000000000 1407
1538 11.9392746643 .38513789239677419354 1407
1539 9.69264015036 .92310858574857142857 1407
1540 9.00811466813 .25022540744805555555 1407
1541 8.08220348688 .73474577153454545454 1407
1542 12.106867648 .47477912345098039215 1407
1543 11.7902163166 .87334935678518518518 1407
1544 10.3241696823 .29082168119154929577 1407
1545 10.7781604067 .38493430023928571428 1407
1546 9.61886848385 .73991296029615384615 1407
1547 10.3941921523 .25046246150120481927 1407
1548 8.56470803771 .32941184760423076923 1407
1549 8.24039065864 .96945772454588235294 1407
1550 6.31819961329 .22564998618892857142 1407
1551 7.72361276571 .90866032537764705882 1407
1552 9.68447828352 .47241357480585365853 1407
1553 8.79525959136 .65150071047111111111 1407
1554 8.9754592808 .69041994467692307692 1407
1555 6.78180527826 .27680837870448979591 1407
1556 12.5475668671 .40476022151935483870 1407
1557 10.772118561 .22919401193617021276 1407
1558 11.9255699046 1.98759498410000000000 1407
1559 12.6387834121 .34626803868767123287 1407
1560 10.5586178414 .21770346064742268041 1407
1561 11.9705092443 .61387226893846153846 1407
1562 8.45816221043 .33169263570313725490 1407
1563 12.0282692547 .32508835823513513513 1407
1564 9.40420203951 .20668575911010989010 1407
1565 12.8522159649 .31346868207073170731 1407
1566 11.6359447276 .48483103031666666666 1407
1567 10.813906178 .36657309077966101694 1407
1568 12.27100778 .58433370380952380952 1407
1569 9.46564512096 .40279340940255319148 1407
1570 11.9374376912 .77015727040000000000 1407
1571 7.57992232251 .15957731205284210526 1407
1572 9.94041588137 1.98808317627400000000 1407
1573 12.2751243745 .27584549156179775280 1407
1574 11.8673754007 .64147975138918918918 1407
1575 10.8773579893 .45322324955416666666 1407
1576 10.1332188019 .29371648701159420289 1407
1577 10.7012196625 .41158537163461538461 1407
1578 14.998818574 1.03440128096551724137 1407
1579 11.4857320686 .38934684978305084745 1407
1580 6.87167792517 1.52703953892666666666 1407
1581 7.28512544857 .15500266911851063829 1407
1582 14.9548541164 4.98495137213333333333 1407
1583 9.88741331598 3.29580443866000000000 1407
1584 7.82067468247 .65172289020583333333 1407
1585 10.7634581368 1.26628919256470588235 1407
1586 11.1498801033 .61943778351666666666 1407
1587 10.4314092689 .26408631060506329113 1407
1588 9.71164111164 4.85582055582000000000 1407
1589 17.6521189311 1.10325743319375000000 1407
1590 11.7005242922 3.34300694062857142857 1407
1591 10.3160110362 .27147397463684210526 1407
1592 12.3763538523 .33003610272800000000 1407
1593 14.7608757914 .32801946203111111111 1407
1594 10.6205356289 .22596884316808510638 1407
1595 8.4709992415 .19035953351685393258 1407
1596 9.12078104735 .24002055387763157894 1407
1597 9.30148149316 2.32537037329000000000 1407
1598 6.54215425614 .43614361707600000000 1407
1599 4.04522534166 .08989389648133333333 1407
1600 8.75074423629 .41670210649000000000 1407
1601 7.68711253755 .35754011802558139534 1407
1602 11.3837621239 .35026960381230769230 1407
1603 7.78972809234 .23605236643454545454 1407
1604 11.9129605343 .40382917065423728813 1407
1605 9.27094145045 .47543289489487179487 1407
1606 11.4014517628 .47506049011666666666 1407
1607 10.7507583167 .26545082263456790123 1407
1608 6.04944414583 .15315048470455696202 1408,1409,1410,1411,1412,1413,1414,1415,1416,1417,1418,1419,1420,1421,1422,1423,1424,1425,1426,1427,1428,1429,1430,1431,1432,1433,1434,1435,1436,1437,1438,1439,1440,1441,1442,1443,1444,1445,1446,1447,1448,1449,1450,1451,1452,1453,1454,1455,1456,1457,1458,1459,1460,1461,1462,1463,1464,1465,1466,1467,1468,1469,1470,1471,1472,1473,1474,1475,1476,1477,1478,1479,1480,1481,1482,1483,1484,1485,1486,1487,1488,1489,1490,1491,1492,1493,1494,1495,1496,1497,1498,1499,1500,1501,1502,1503,1504,1505,1506,1507,1508,1509,1510,1511,1512,1513,1514,1515,1516,1517,1518,1519,1520,1521,1522,1523,1524,1525,1526,1527,1528,1529,1530,1531,1532,1533,1534,1535,1536,1537,1538,1539,1540,1541,1542,1543,1544,1545,1546,1547,1548,1549,1550,1551,1552,1553,1554,1555,1556,1557,1558,1559,1560,1561,1562,1563,1564,1565,1566,1567,1568,1569,1570,1571,1572,1573,1574,1575,1576,1577,1578,1579,1580,1581,1582,1583,1584,1585,1586,1587,1588,1589,1590,1591,1592,1593,1594,1595,1596,1597,1598,1599,1600,1601,1602,1603,1604,1605,1606,1607
1609 12.7251199579 63.62559978950000000000 1608
1610 8.93646503653 89.36465036530000000000 1608
1611 9.07568965307 45.37844826535000000000 1608
1612 12.4508307939 124.50830793900000000000 1608
1613 11.725898268 29.31474567000000000000 1608
1614 11.8193571138 .24369808482061855670 1608
1615 13.2966370511 .71873713789729729729 1608
1616 6.89126469318 .14507925669852631578 1608
1617 10.5666843096 .22482307041702127659 1608
1618 10.030055656 .20060111312000000000 1608
1619 5.91879011826 .43842889764888888888 1608
1620 6.77668061936 .52128312456615384615 1608
1621 9.92661393641 .79412911491280000000 1608
1622 8.85950774848 .18080628058122448979 1608
1623 9.52838331039 .25074692922078947368 1608
1624 10.1767406421 .67844937614000000000 1608
1625 10.9080203996 1.98327643629090909090 1608
1626 5.11809542532 .12957203608405063291 1608
1627 11.0912021148 .27728005287000000000 1608
1628 10.341014582 .45960064808888888888 1608
1629 4.78034830603 .43457711873000000000 1608
1630 7.60323780589 .33792168026177777777 1608
1631 9.89604752777 .27489020910472222222 1608
1632 6.18005304766 .39871309984903225806 1608
1633 8.9632327966 .35852931186400000000 1608
1634 11.1387504761 .54335368176097560975 1608
1635 12.1940867093 .43550309676071428571 1608
1636 11.7390191284 .39793285181016949152 1608
1637 11.7386161476 .23956359484897959183 1608
1638 13.6304907334 .30289979407555555555 1608
1639 11.9383926436 .26529761430222222222 1608
1640 11.2556504267 .80397503047857142857 1608
1641 11.3861521624 .31628200451111111111 1608
1642 10.5160992791 1.00153326467619047619 1608
1643 9.96786500101 .25558628207717948717 1608
1644 10.9929620952 .22208004232727272727 1608
1645 11.9581843577 11.95818435770000000000 1608
1646 10.4559749485 .38725833142592592592 1608
1647 9.05461551052 3.62184620420800000000 1608
1648 9.59252106353 .22051772559839080459 1608
1649 12.7215377565 .33477730938157894736 1608
1650 11.3494591592 .29866997787368421052 1608
1651 11.596406656 .25769792568888888888 1608
1652 13.1652492046 .44627963405423728813 1608
1653 11.5353562256 .29961964222337662337 1608
1654 8.63256831752 .33202185836615384615 1608
1655 7.48553100366 .68050281851454545454 1608
1656 13.9233564638 .53551371014615384615 1608
1657 8.5624316624 1.42707194373333333333 1608
1658 6.98971794228 .16255158005302325581 1608
1659 11.3103164049 .30987168232602739726 1608
1660 8.05354115237 .26845137174566666666 1608
1661 8.23163190235 .71579407846521739130 1608
1662 11.7616592861 .71282783552121212121 1608
1663 6.73099415593 .33654970779650000000 1608
1664 2.95857829336 .13149236859377777777 1608
1665 6.3028274141 .18008078326000000000 1608
1666 12.0260933967 2.00434889945000000000 1608
1667 7.7152594617 .20039634965454545454 1608
1668 14.2360329537 .50842974834642857142 1608
1669 14.3718344137 4.79061147123333333333 1608
1670 8.14164291363 .65133143309040000000 1608
1671 4.47322032291 .33134965354888888888 1608
1672 12.8465481576 5.13861926304000000000 1608
1673 9.84297348126 6.56198232084000000000 1608
1674 9.35883093247 .27525973330794117647 1608
1675 12.7699699853 1.06416416544166666666 1608
1676 9.46146410609 .20794426606791208791 1608
1677 14.1056654579 .51293328937818181818 1608
1678 13.8392008535 .31452729212500000000 1608
1679 7.92256133985 .16856513489042553191 1608
1680 9.16949992583 18.33899985166000000000 1608
1681 11.2683280415 .47950332091489361702 1608
1682 9.18871386782 .22688182389679012345 1608
1683 11.6632881192 .31954214025205479452 1608
1684 12.1349153061 .33246343304383561643 1608
1685 11.8599123711 .23719824742200000000 1608
1686 11.0504985627 .88403988501600000000 1608
1687 8.65247833056 8.65247833056000000000 1608
1688 11.9134540286 .44956430296603773584 1608
1689 9.26264919341 .45183654602000000000 1608
1690 11.7398621591 .24205901358969072164 1608
1691 12.1712818792 .73765344722424242424 1608
1692 11.4863920436 .35894975136250000000 1608
1693 10.431278338 .41725113352000000000 1608
1694 9.47226291895 6.31484194596666666666 1608
1695 7.1989728908 2.39965763026666666666 1608
1696 6.04564759986 .13001392687870967741 1608
1697 13.8373986925 .40698231448529411764 1608
1698 8.9242047019 .22592923295949367088 1608
1699 12.3527788877 .79695347662580645161 1608
1700 7.27217329448 7.27217329448000000000 1608
1701 8.45935375372 .21690650650564102564 1608
1702 10.9588843017 .48706152452000000000 1608
1703 8.34966097005 .17765236106489361702 1608
1704 6.92914915841 .25196906030581818181 1608
1705 7.53049197078 .75304919707800000000 1608
1706 14.6165584847 .39504212120810810810 1608
1707 7.58122260223 .18953056505575000000 1608
1708 8.61165591648 .31895021912888888888 1608
1709 9.81706687619 .29304677242358208955 1608
1710 10.4704678808 .42736603595102040816 1608
1711 5.57176437592 .13266105656952380952 1608
1712 11.7030989502 .38370816230163934426 1608
1713 10.1106706252 .37446928241481481481 1608
1714 13.1861428357 .28357296420860215053 1608
1715 12.9681927284 .31248657176867469879 1608
1716 6.7896101204 .22261016788196721311 1608
1717 12.2954006474 .29988782066829268292 1608
1718 6.56196849978 .19587965670985074626 1608
1719 9.80181876406 .28005196468742857142 1608
1720 8.00415904425 .35574040196666666666 1608
1721 14.0236028393 1.75295035491250000000 1608
1722 11.0932971437 2.77332428592500000000 1608
1723 10.661548436 .96923167600000000000 1608
1724 9.02509354783 .54697536653515151515 1608
1725 11.9692628568 .31088994433246753246 1608
1726 10.5834071196 .39937385356981132075 1608
1727 10.9267233221 10.92672332210000000000 1608
1728 8.6167510201 .26513080061846153846 1608
1729 12.0452505894 .27067978852584269662 1608
1730 10.3379115292 .32305973528750000000 1608
1731 9.97376711875 2.21639269305555555555 1608
1732 7.60671030066 1.08667290009428571428 1608
1733 11.7285234125 .31276062433333333333 1608
1734 9.94080462766 1.80741902321090909090 1608
1735 12.3720978109 .32992260829066666666 1608
1736 14.0406958483 .39551255910704225352 1608
1737 10.9530712419 .36510237473000000000 1608
1738 7.17043404628 .15256242651659574468 1608
1739 9.54142119722 .95414211972200000000 1608
1740 8.61358672532 .46559928244972972972 1608
1741 13.6882398633 .27935183394489795918 1608
1742 11.2771891117 .66336406539411764705 1608
1743 12.638617278 .26607615322105263157 1608
1744 14.0346598825 3.50866497062500000000 1608
1745 11.5891195176 .37384256508387096774 1608
1746 11.9805403633 .50981022822553191489 1608
1747 12.4379220934 1.91352647590769230769 1608
1748 13.4846636882 .29636623490549450549 1608
1749 6.45496061711 .17445839505702702702 1608
1750 8.63909650225 .55736106466129032258 1608
1751 7.23172393618 .16624652726850574712 1608
1752 10.4516633202 2.09033266404000000000 1608
1753 11.344344388 .87264187600000000000 1608
1754 7.88417004219 .17918568277704545454 1608
1755 7.66420927409 .17418657441113636363 1608
1756 11.8383402405 .28186524382142857142 1608
1757 10.9776398667 .27791493333417721518 1608
1758 11.7185033427 .63343261311891891891 1608
1759 10.0691248447 .95896427092380952380 1608
1760 8.96491368472 1.79298273694400000000 1608
1761 14.1308697969 .43479599375076923076 1608
1762 10.4230986103 .53451787745128205128 1608
1763 7.32942210139 .58635376811120000000 1608
1764 10.0590722492 .41912801038333333333 1608
1765 8.15017554977 1.81115012217111111111 1608
1766 7.72986839802 .42943713322333333333 1608
1767 6.97549280349 .28471399197918367346 1608
1768 11.2947006365 .23778317129473684210 1608
1769 1.66832316129 1.66832316129000000000 1608
1770 14.5921150125 .46324174642857142857 1608
1771 12.9005890703 .35834969639722222222 1608
1772 10.0040558977 .42570450628510638297 1608
1773 12.0156611264 2.40313222528000000000 1608
1774 8.15629459856 .24716044238060606060 1608
1775 11.8437752161 .28887256624634146341 1608
1776 8.61924580607 .26935143143968750000 1608
1777 11.5769027462 .77179351641333333333 1608
1778 11.9241846763 .25922140600652173913 1608
1779 12.1532359126 .28263339331627906976 1608
1780 9.27699248616 .54570544036235294117 1608
1781 10.3026348684 .38157906920000000000 1608
1782 11.284020222 .26241907493023255813 1608
1783 6.04904343401 .40326956226733333333 1608
1784 12.3115879527 .72421105604117647058 1608
1785 12.8780403593 .33449455478701298701 1608
1786 11.8507402157 .27884094625176470588 1608
1787 8.82588031298 .27156554809169230769 1608
1788 9.4689656042 .20584707835217391304 1608
1789 3.86897812799 .24181113299937500000 1608
1790 11.5585990514 .59274866930256410256 1608
1791 11.6133332733 .25246376681086956521 1608
1792 10.2702609645 2.28228021433333333333 1608
1793 11.1857310753 .45656045205306122448 1608
1794 4.63566742866 .27268631933294117647 1608
1795 7.11001723215 .14812535900312500000 1608
1796 9.79765535814 1.30635404775200000000 1608
1797 12.8313473005 .40734435874603174603 1608
1798 11.400704127 .40716800453571428571 1608
1799 6.66664733429 1.02563805142923076923 1608
1800 12.4353988837 .40114189947419354838 1608
1801 16.2547546964 .35724735596483516483 1608
1802 15.0302731917 1.30698027753913043478 1608
1803 13.7340886087 1.09872708869600000000 1608
1804 8.7629372251 .18067911804329896907 1608
1805 11.3409689729 5.67048448645000000000 1608
1806 13.6694622197 .63578894045116279069 1608
1807 8.49973885825 .24284968166428571428 1608
1808 7.99935012465 .16325204336020408163 1608
1809 14.2663385974 1.01902418552857142857 1609,1610,1611,1612,1613,1614,1615,1616,1617,1618,1619,1620,1621,1622,1623,1624,1625,1626,1627,1628,1629,1630,1631,1632,1633,1634,1635,1636,1637,1638,1639,1640,1641,1642,1643,1644,1645,1646,1647,1648,1649,1650,1651,1652,1653,1654,1655,1656,1657,1658,1659,1660,1661,1662,1663,1664,1665,1666,1667,1668,1669,1670,1671,1672,1673,1674,1675,1676,1677,1678,1679,1680,1681,1682,1683,1684,1685,1686,1687,1688,1689,1690,1691,1692,1693,1694,1695,1696,1697,1698,1699,1700,1701,1702,1703,1704,1705,1706,1707,1708,1709,1710,1711,1712,1713,1714,1715,1716,1717,1718,1719,1720,1721,1722,1723,1724,1725,1726,1727,1728,1729,1730,1731,1732,1733,1734,1735,1736,1737,1738,1739,1740,1741,1742,1743,1744,1745,1746,1747,1748,1749,1750,1751,1752,1753,1754,1755,1756,1757,1758,1759,1760,1761,1762,1763,1764,1765,1766,1767,1768,1769,1770,1771,1772,1773,1774,1775,1776,1777,1778,1779,1780,1781,1782,1783,1784,1785,1786,1787,1788,1789,1790,1791,1792,1793,1794,1795,1796,1797,1798,1799,1800,1801,1802,1803,1804,1805,1806,1807,1808
1810 8.26657293898 16.53314587796000000000 1809
1811 9.64139020668 32.13796735560000000000 1809
1812 7.7315790961 25.77193032033333333333 1809
1813 5.7594435302 14.39860882550000000000 1809
1814 7.87260810553 19.68152026382500000000 1809
1815 12.8339508082 .64169754041000000000 1809
1816 13.11866251 .37481892885714285714 1809
1817 10.3204329489 .31274039239090909090 1809
1818 5.97155453844 .13419223681887640449 1809
1819 10.4130889021 .59503365154857142857 1809
1820 14.771799315 .72057557634146341463 1809
1821 8.72883696092 .23914621810739726027 1809
1822 12.7587746137 .36981955402028985507 1809
1823 10.9120871007 .62354783432571428571 1809
1824 12.0269389464 3.43626827040000000000 1809
1825 9.32324499073 .30074983841064516129 1809
1826 5.28384487202 .11008010150041666666 1809
1827 13.7131995387 .34716960857468354430 1809
1828 7.511788357 .19017185713924050632 1809
1829 10.6164198741 .66352624213125000000 1809
1830 13.5215033813 .31083915819080459770 1809
1831 7.72647542159 .24145235692468750000 1809
1832 10.0716473841 .33021794701967213114 1809
1833 10.5199995804 .42938773797551020408 1809
1834 13.0600494748 8.70669964986666666666 1809
1835 12.7139683361 2.54279366722000000000 1809
1836 6.78672834652 .38781304837257142857 1809
1837 10.4195362846 .35929435464137931034 1809
1838 6.87273780566 .14622846395021276595 1809
1839 11.6608668793 .39528362302711864406 1809
1840 5.96156399085 .32224670220810810810 1809
1841 9.53657869578 .22439008695952941176 1809
1842 16.7918625175 .42511044348101265822 1809
1843 13.5394553739 .57614703718723404255 1809
1844 11.9243383109 1.40286333069411764705 1809
1845 4.94403139175 .13733420532638888888 1809
1846 10.4669472116 .99685211539047619047 1809
1847 11.0072645044 .28590297414025974025 1809
1848 6.26733111188 .14083890139056179775 1809
1849 8.62114903766 .23300402804486486486 1809
1850 10.5912180627 .35902434110847457627 1809
1851 12.3062717409 .36735139525074626865 1809
1852 9.25188766762 .44056607941047619047 1809
1853 13.0963472136 .60913242853953488372 1809
1854 7.81213546875 .71019413352272727272 1809
1855 12.8795276041 8.58635173606666666666 1809
1856 11.1577181485 .38474890167241379310 1809
1857 8.1519016147 .38818579117619047619 1809
1858 9.24790633531 .80416576828782608695 1809
1859 9.85445555074 .93851957626095238095 1809
1860 12.2802878272 1.06785111540869565217 1809
1861 5.5438489761 .20159450822181818181 1809
1862 10.3858798034 .25331414154634146341 1809
1863 10.691295697 1.33641196212500000000 1809
1864 14.5272651974 .67568675336744186046 1809
1865 8.1344128195 .36974603725000000000 1809
1866 11.7746359966 .60382748700512820512 1809
1867 6.9312624157 .14145433501428571428 1809
1868 10.1609045948 .46185929976363636363 1809
1869 11.9233733579 .31795662287733333333 1809
1870 13.7230805537 2.49510555521818181818 1809
1871 10.4983660314 .33328146131428571428 1809
1872 9.8397850786 1.31197134381333333333 1809
1873 15.1597043533 .55126197648363636363 1809
1874 9.13561578105 .24041094160657894736 1809
1875 7.38145355387 .18225811244123456790 1809
1876 10.3944024911 .37122866039642857142 1809
1877 6.44504466671 .39060876767939393939 1809
1878 9.33830990762 .21972493900282352941 1809
1879 6.69777602804 .95682514686285714285 1809
1880 9.93038230502 .24825955762550000000 1809
1881 12.0030684324 12.00306843240000000000 1809
1882 8.12108805394 2.03027201348500000000 1809
1883 10.4528340044 .95025763676363636363 1809
1884 11.287566196 .40312736414285714285 1809
1885 12.2267876083 .39441250349354838709 1809
1886 9.674144034 .21498097853333333333 1809
1887 5.93403168835 .47472253506800000000 1809
1888 9.12094854257 .33167085609345454545 1809
1889 8.24394460906 .17174884602208333333 1809
1890 9.61572518974 .54947001084228571428 1809
1891 12.1561070955 .46754258059615384615 1809
1892 11.0894938259 .37591504494576271186 1809
1893 9.13648187032 .70280629771692307692 1809
1894 14.8943864209 1.48943864209000000000 1809
1895 9.39441410407 3.75776564162800000000 1809
1896 11.9919540421 2.66487867602222222222 1809
1897 14.0760053765 1.75950067206250000000 1809
1898 7.63690880247 .19581817442230769230 1809
1899 10.3642458852 .34547486284000000000 1809
1900 10.5657359012 10.56573590120000000000 1809
1901 6.56117457516 .57053691957913043478 1809
1902 8.70854960935 .28552621670000000000 1809
1903 9.11440152911 .18988336518979166666 1809
1904 11.1182224026 .31766349721714285714 1809
1905 8.55844485403 .20622758684409638554 1809
1906 9.86478939687 .29447132527970149253 1809
1907 5.99627225062 .15180436077518987341 1809
1908 8.62507334364 3.45002933745600000000 1809
1909 13.1196323776 3.74846639360000000000 1809
1910 9.11140504681 .22222939138560975609 1809
1911 8.33989273408 4.16994636704000000000 1809
1912 11.9122784264 1.83265821944615384615 1809
1913 7.72641864928 .16796562281043478260 1809
1914 10.327572991 .57375405505555555555 1809
1915 6.32462907697 .19165542657484848484 1809
1916 9.48139256907 2.37034814226750000000 1809
1917 7.72510952616 1.71669100581333333333 1809
1918 11.8463578004 .24176240408979591836 1809
1919 12.9101720549 .47815452055185185185 1809
1920 11.974340765 1.71062010928571428571 1809
1921 9.66541306623 .22742148391129411764 1809
1922 10.1024662294 1.83681204170909090909 1809
1923 14.1449412895 .32517106412643678160 1809
1924 8.97494763872 2.56427075392000000000 1809
1925 9.1505716801 .19063691000208333333 1809
1926 9.01480935135 2.25370233783750000000 1809
1927 6.6294559158 .88392745544000000000 1809
1928 9.69185529092 .38007275650666666666 1809
1929 14.0233443551 3.50583608877500000000 1809
1930 11.1433065149 2.47629033664444444444 1809
1931 9.22277861816 .20960860495818181818 1809
1932 8.11751147048 .24598519607515151515 1809
1933 9.30846639448 .33244522837428571428 1809
1934 5.75343263007 .23013730520280000000 1809
1935 15.3513293475 .49520417250000000000 1809
1936 11.3707554552 1.19692162686315789473 1809
1937 11.9864690882 2.39729381764000000000 1809
1938 10.1565943185 1.12851047983333333333 1809
1939 8.96346308954 .81486028086727272727 1809
1940 10.869820896 1.27880245835294117647 1809
1941 16.090687515 .40226718787500000000 1809
1942 10.3854499356 .42389591573877551020 1809
1943 15.530325958 .31374395874747474747 1809
1944 15.4813897296 10.32092648640000000000 1809
1945 5.61814115383 .24969516239244444444 1809
1946 5.32248500192 .16376876928984615384 1809
1947 7.58341556799 .29166982953807692307 1809
1948 14.8401383411 .65956170404888888888 1809
1949 13.8838543147 .32288033290000000000 1809
1950 14.9097074911 1.98796099881333333333 1809
1951 11.0935049468 .61630583037777777777 1809
1952 12.4204286456 .35486938987428571428 1809
1953 8.64323650414 .17461083846747474747 1809
1954 9.70935989924 .28143072171710144927 1809
1955 11.9341182063 .23868236412600000000 1809
1956 10.7061171546 1.42748228728000000000 1809
1957 8.25431423415 .63494724878076923076 1809
1958 11.4018673931 .23753890402291666666 1809
1959 10.7940181415 .74441504424137931034 1809
1960 8.56089152977 .41760446486682926829 1809
1961 6.37718438886 .15554108265512195121 1809
1962 7.81979999823 .22027605628816901408 1809
1963 13.0709204771 1.45232449745555555555 1809
1964 13.5727491495 .69603841792307692307 1809
1965 10.4634130888 .42707808525714285714 1809
1966 10.6319495009 21.26389900180000000000 1809
1967 11.0495304341 1.05233623181904761904 1809
1968 9.71891662738 .20039003355422680412 1809
1969 7.42505334777 .39079228146157894736 1809
1970 10.1027976088 .22702915974831460674 1809
1971 7.62175895861 .43552908334914285714 1809
1972 6.01920655451 .70814194758941176470 1809
1973 8.99307034082 17.98614068164000000000 1809
1974 7.53113370833 .83679263425888888888 1809
1975 12.8578634678 3.21446586695000000000 1809
1976 10.8439785508 10.84397855080000000000 1809
1977 11.9814410785 .30721643791025641025 1809
1978 8.45361028582 .18996877046786516853 1809
1979 9.53009189195 .34654879607090909090 1809
1980 11.5856913871 .28606645400246913580 1809
1981 8.3197802877 .29192211535789473684 1809
1982 9.13628135784 3.04542711928000000000 1809
1983 15.711976355 .39279940887500000000 1809
1984 13.3101142383 .80667359020000000000 1809
1985 8.42329533772 .28077651125733333333 1809
1986 8.53073406835 .17772362642395833333 1809
1987 9.65489995203 .52188648389351351351 1809
1988 16.3475876024 .86039934749473684210 1809
1989 5.17570274413 5.17570274413000000000 1809
1990 15.1439149496 .34417988521818181818 1809
1991 12.6606728143 2.81348284762222222222 1809
1992 9.07004303583 .31276010468379310344 1809
1993 15.0237326701 .33019192681538461538 1809
1994 14.9506565595 .32151949590322580645 1809
1995 11.0681851031 .24325681545274725274 1809
1996 9.48505285197 .27897214270500000000 1809
1997 16.0432903546 .59419593905925925925 1809
1998 12.8000421632 4.26668072106666666666 1809
1999 8.99894874055 .20927787768720930232 1809
2000 12.1629948785 .41941361650000000000 1809
2001 9.74309657786 .25639727836473684210 1809
2002 10.2181004061 .21068248260000000000 1809
2003 7.26973455339 .40387414185500000000 1809
2004 11.0022793205 .57906733265789473684 1809
2005 8.53153747497 .17774036406187500000 1809
2006 10.940524844 .49729658381818181818 1809
2007 10.6892832977 7.12618886513333333333 1809
2008 11.1238316887 .29663551169866666666 1809
2009 9.9782489022 1.24728111277500000000 1809
2010 8.13578802291 .52488954986516129032 1810,1811,1812,1813,1814,1815,1816,1817,1818,1819,1820,1821,1822,1823,1824,1825,1826,1827,1828,1829,1830,1831,1832,1833,1834,1835,1836,1837,1838,1839,1840,1841,1842,1843,1844,1845,1846,1847,1848,1849,1850,1851,1852,1853,1854,1855,1856,1857,1858,1859,1860,1861,1862,1863,1864,1865,1866,1867,1868,1869,1870,1871,1872,1873,1874,1875,1876,1877,1878,1879,1880,1881,1882,1883,1884,1885,1886,1887,1888,1889,1890,1891,1892,1893,1894,1895,1896,1897,1898,1899,1900,1901,1902,1903,1904,1905,1906,1907,1908,1909,1910,1911,1912,1913,1914,1915,1916,1917,1918,1919,1920,1921,1922,1923,1924,1925,1926,1927,1928,1929,1930,1931,1932,1933,1934,1935,1936,1937,1938,1939,1940,1941,1942,1943,1944,1945,1946,1947,1948,1949,1950,1951,1952,1953,1954,1955,1956,1957,1958,1959,1960,1961,1962,1963,1964,1965,1966,1967,1968,1969,1970,1971,1972,1973,1974,1975,1976,1977,1978,1979,1980,1981,1982,1983,1984,1985,1986,1987,1988,1989,1990,1991,1992,1993,1994,1995,1996,1997,1998,1999,2000,2001,2002,2003,2004,2005,2006,2007,2008,2009
