1428,1328
1431,1428 1328 1358
1429,1428 1328 1338
1432,1428 1328 1368
1430,1428 1328 1348
1434,1428 1388
1438,1439
1439,1428
1433,1428 1378
1435,1428 1398
1436,1428 1408
1437,1428 1418
1440,1429 1339
1441,1430 1429 1349
1442,1431 1429 1359
1443,1432 1429 1369
1444,1433 1429 1379
1445,1434 1429 1389
1446,1435 1429 1399
1449,1450
1447,1436 1429 1409
1450,1429
1448,1437 1429 1419
1451,1430 1350
1452,1431 1430 1360
1453,1432 1430 1370
1454,1433 1430 1380
1455,1434 1430 1390
1459,1460
1460,1430
1456,1435 1430 1400
1457,1436 1430 1410
1458,1437 1430 1420
1461,1431 1361
1462,1432 1431 1371
1463,1433 1431 1381
1464,1434 1431 1391
1465,1435 1431 1401
1468,1469
1469,1431
1466,1436 1431 1411
1467,1437 1431 1421
1470,1432 1372
1471,1433 1432 1382
1472,1434 1432 1392
1473,1435 1432 1402
1476,1477
1477,1432
1474,1436 1432 1412
1475,1437 1432 1422
1478,1433 1383
1479,1434 1433 1393
1483,1484
1480,1435 1433 1403
1484,1433
1481,1436 1433 1413
1482,1437 1433 1423
1485,1434 1394
1486,1435 1434 1404
1489,1490
1487,1436 1434 1414
1490,1434
1488,1437 1434 1424
1491,1435 1405
1494,1495
1495,1435
1492,1436 1435 1415
1493,1437 1435 1425
1498,1499
1499,1436
1496,1436 1416
1497,1437 1436 1426
1501,1502
1502,1437
1500,1437 1427
1503,1440
1507,1503 1444
1504,1503 1440 1441
1505,1503 1440 1442
1506,1503 1440 1443
1512,1513
1513,1503
1509,1503 1446
1510,1503 1447
1508,1503 1445
1511,1503 1448
1514,1504 1451
1515,1505 1504 1452
1516,1506 1504 1453
1517,1507 1504 1454
1518,1508 1504 1455
1522,1523
1523,1504
1519,1509 1504 1456
1520,1510 1504 1457
1521,1511 1504 1458
1524,1505 1461
1525,1506 1505 1462
1526,1507 1505 1463
1527,1508 1505 1464
1528,1509 1505 1465
1531,1532
1532,1505
1529,1510 1505 1466
1530,1511 1505 1467
1533,1506 1470
1534,1507 1506 1471
1535,1508 1506 1472
1536,1509 1506 1473
1539,1540
1540,1506
1537,1510 1506 1474
1538,1511 1506 1475
1541,1507 1478
1542,1508 1507 1479
1546,1547
1547,1507
1543,1509 1507 1480
1544,1510 1507 1481
1545,1511 1507 1482
1548,1508 1485
1549,1509 1508 1486
1552,1553
1550,1510 1508 1487
1553,1508
1551,1511 1508 1488
1554,1509 1491
1557,1558
1558,1509
1555,1510 1509 1492
1556,1511 1509 1493
1561,1562
1562,1510
1559,1510 1496
1560,1511 1510 1497
1564,1565
1565,1511
1563,1511 1500
1566,1514
1569,1566 1517
1567,1566 1514 1515
1568,1566 1514 1516
1571,1566 1519
1574,1575
1575,1566
1570,1566 1518
1572,1566 1520
1573,1566 1521
1576,1567 1524
1577,1568 1567 1525
1578,1569 1567 1526
1579,1570 1567 1527
1580,1571 1567 1528
1583,1584
1584,1567
1581,1572 1567 1529
1582,1573 1567 1530
1585,1568 1533
1586,1569 1568 1534
1587,1570 1568 1535
1588,1571 1568 1536
1591,1592
1592,1568
1589,1572 1568 1537
1590,1573 1568 1538
1593,1569 1541
1594,1570 1569 1542
1595,1571 1569 1543
1598,1599
1596,1572 1569 1544
1599,1569
1597,1573 1569 1545
1600,1570 1548
1601,1571 1570 1549
1604,1605
1605,1570
1602,1572 1570 1550
1603,1573 1570 1551
1606,1571 1554
1609,1610
1610,1571
1607,1572 1571 1555
1608,1573 1571 1556
1613,1614
1614,1572
1611,1572 1559
1616,1617
1617,1573
1612,1573 1572 1560
1615,1573 1563
1618,1576
1619,1618 1576 1577
1620,1618 1576 1578
1625,1626
1626,1618
1622,1618 1580
1621,1618 1579
1623,1618 1581
1624,1618 1582
1627,1619 1585
1628,1620 1619 1586
1629,1621 1619 1587
1630,1622 1619 1588
1633,1634
1634,1619
1631,1623 1619 1589
1632,1624 1619 1590
1635,1620 1593
1636,1621 1620 1594
1640,1641
1641,1620
1637,1622 1620 1595
1638,1623 1620 1596
1639,1624 1620 1597
1642,1621 1600
1643,1622 1621 1601
1646,1647
1644,1623 1621 1602
1647,1621
1645,1624 1621 1603
1648,1622 1606
1651,1652
1652,1622
1649,1623 1622 1607
1650,1624 1622 1608
1655,1656
1656,1623
1653,1623 1611
1654,1624 1623 1612
1658,1659
1659,1624
1657,1624 1615
1660,1627
1661,1660 1627 1628
1666,1667
1662,1660 1627 1629
1663,1660 1630
1667,1660
1664,1660 1631
1665,1660 1632
1668,1661 1635
1669,1662 1661 1636
1670,1663 1661 1637
1673,1674
1674,1661
1671,1664 1661 1638
1672,1665 1661 1639
1675,1662 1642
1676,1663 1662 1643
1679,1680
1680,1662
1677,1664 1662 1644
1678,1665 1662 1645
1681,1663 1648
1684,1685
1685,1663
1682,1664 1663 1649
1683,1665 1663 1650
1688,1689
1686,1664 1653
1689,1664
1691,1692
1692,1665
1687,1665 1664 1654
1690,1665 1657
1693,1668
1698,1699
1699,1693
1695,1693 1668 1670
1694,1693 1668 1669
1697,1693 1672
1696,1693 1668 1671
1700,1694 1669 1675
1701,1695 1694 1676
1704,1705
1705,1694
1702,1696 1671 1694 1677
1703,1697 1694 1678
1709,1710
1710,1695
1706,1695 1681
1707,1696 1695 1682
1708,1697 1695 1683
1713,1714
1714,1696
1711,1696 1686
1712,1697 1696 1687
1716,1717
1717,1697
1715,1697 1690
1722,1723
1723,1718 1700
1718,1700
1720,1718 1700 1702
1731,1732
1721,1718 1700 1703
1732,1720
1727,1728
1728,1719 1701
1719,1718 1700 1701
1724,1719 1701 1706
1725,1720 1702 1719 1701 1707
1734,1735
1729,1720 1702 1711
1735,1721
1726,1721 1703 1719 1701 1708
1730,1721 1703 1720 1712
1733,1721 1715
1739,1740
1740,1736 1724
1736,1724
1738,1736 1724 1726
1746,1747
1747,1738
1743,1744
1745,1738 1726 1733
1744,1737 1725
1737,1736 1724 1725
1741,1737 1725 1729
1742,1738 1726 1737 1725 1730
1759,1448 1447 1449 1446 1445 1444 1443 1442 1441 1440
1750,1751
1751,1748 1729
1748,1741 1729
1761,1458 1457 1456 1459 1455 1454 1453 1452 1451 1441
1758,1428 1759 1429
1763,1467 1466 1468 1465 1464 1463 1462 1461 1452 1442
1753,1754
1754,1749 1730
1760,1428 1761 1430
1749,1748 1729 1742 1730
1765,1475 1474 1476 1473 1472 1471 1470 1462 1453 1443
1762,1428 1763 1431
1752,1749 1730 1745
1767,1482 1481 1480 1483 1479 1478 1471 1463 1454 1444
1769,1488 1487 1489 1486 1485 1479 1472 1464 1455 1445
1756,1757
1757,1755 1745
1755,1752 1745
1764,1428 1765 1432
1766,1428 1767 1433
1771,1493 1492 1494 1491 1486 1480 1473 1465 1456 1446
1768,1428 1769 1434
1773,1497 1496 1498 1492 1487 1481 1474 1466 1457 1447
1775,1500 1501 1497 1493 1488 1482 1475 1467 1458 1448
1770,1428 1771 1435
1772,1428 1773 1436
1777,1774 1772 1770 1768 1766 1764 1762 1760 1758 1437 1436 1435 1433 1438 1434 1430 1432 1429 1431
1774,1428 1775 1437
1779,1521 1520 1519 1522 1518 1517 1516 1515 1514
1781,1530 1529 1531 1528 1527 1526 1525 1524 1515
1776,1777 1428
1783,1538 1537 1539 1536 1535 1534 1533 1525 1516
1778,1503 1779 1504
1785,1545 1544 1543 1546 1542 1541 1534 1526 1517
1780,1503 1781 1505
1787,1551 1550 1552 1549 1548 1542 1535 1527 1518
1782,1503 1783 1506
1789,1556 1555 1557 1554 1549 1543 1536 1528 1519
1784,1503 1785 1507
1786,1503 1787 1508
1791,1560 1559 1561 1555 1550 1544 1537 1529 1520
1788,1503 1789 1509
1793,1563 1564 1560 1556 1551 1545 1538 1530 1521
1790,1503 1791 1510
1792,1503 1793 1511
1794,1778 1758 1760
1795,1780 1758 1762
1796,1782 1758 1764
1797,1784 1758 1766
1798,1786 1758 1768
1799,1788 1758 1770
1800,1790 1758 1772
1803,1801 1800 1799 1798 1797 1796 1795 1794
1801,1792 1758 1774
1807,1582 1581 1583 1580 1579 1578 1577 1576
1809,1590 1589 1591 1588 1587 1586 1585 1577
1806,1566 1807 1567
1805,1802 1792 1790 1788 1786 1784 1782 1780 1778 1511 1510 1508 1509 1512 1506 1505 1504 1507
1802,1503 1803 1758
1811,1597 1596 1598 1595 1594 1593 1586 1578
1813,1603 1602 1604 1601 1600 1594 1587 1579
1808,1566 1809 1568
1810,1566 1811 1569
1815,1608 1607 1609 1606 1601 1595 1588 1580
1817,1612 1611 1613 1607 1602 1596 1589 1581
1804,1805 1503
1812,1566 1813 1570
1814,1566 1815 1571
1819,1615 1612 1616 1608 1603 1597 1590 1582
1816,1566 1817 1572
1818,1566 1819 1573
1820,1806 1794 1795
1821,1806 1778 1795
1822,1808 1794 1796
1823,1808 1778 1796
1824,1810 1794 1797
1825,1810 1778 1797
1826,1812 1794 1798
1827,1812 1778 1798
1828,1814 1794 1799
1829,1814 1778 1799
1830,1816 1794 1800
1831,1816 1778 1800
1835,1832 1830 1828 1826 1824 1822 1820
1832,1818 1794 1801
1837,1833 1831 1829 1827 1825 1823 1821 1794
1833,1818 1778 1801
1834,1566 1835 1794
1841,1632 1631 1633 1630 1629 1628 1627
1839,1836 1834 1818 1816 1814 1812 1810 1808 1806 1573 1572 1570 1574 1571 1568 1567 1569
1836,1566 1837 1778
1843,1639 1638 1637 1640 1636 1635 1628
1845,1645 1644 1646 1643 1642 1636 1629
1840,1618 1841 1619
1842,1618 1843 1620
1847,1650 1649 1651 1648 1643 1637 1630
1838,1839 1566
1849,1654 1653 1655 1649 1644 1638 1631
1844,1618 1845 1621
1846,1618 1847 1622
1851,1657 1658 1654 1650 1645 1639 1632
1848,1618 1849 1623
1855,1823 1822
1852,1840 1820 1822
1850,1618 1851 1624
1853,1840 1821 1823
1859,1825 1824
1854,1840 1806 1855 1808
1856,1842 1820 1824
1857,1842 1821 1825
1858,1842 1806 1859 1810
1863,1827 1826
1860,1844 1820 1826
1861,1844 1821 1827
1862,1844 1806 1863 1812
1864,1846 1820 1828
1867,1829 1828
1865,1846 1821 1829
1866,1846 1806 1867 1814
1871,1831 1830
1868,1848 1820 1830
1869,1848 1821 1831
1870,1848 1806 1871 1816
1875,1833 1832
1872,1850 1820 1832
1873,1850 1821 1833
1877,1872 1868 1864 1860 1856 1852
1879,1873 1869 1865 1861 1857 1853
1874,1850 1806 1875 1818
1881,1874 1870 1866 1862 1858 1854 1821 1820
1876,1618 1877 1820
1885,1672 1671 1673 1670 1669 1668
1878,1618 1879 1821
1887,1678 1677 1679 1676 1675 1669
1883,1880 1878 1876 1850 1848 1846 1844 1842 1840 1624 1623 1621 1622 1625 1620 1619
1884,1660 1885 1661
1889,1683 1682 1684 1681 1676 1670
1880,1618 1881 1806
1886,1660 1887 1662
1891,1687 1686 1688 1682 1677 1671
1893,1690 1687 1691 1683 1678 1672
1888,1660 1889 1663
1890,1660 1891 1664
1882,1883 1618
1892,1660 1893 1665
1894,1884 1852 1856
1895,1884 1853 1857
1898,1858 1857 1856
1896,1884 1854 1858
1897,1884 1840 1898 1842
1899,1886 1852 1860
1900,1886 1853 1861
1903,1862 1861 1860
1901,1886 1854 1862
1902,1886 1840 1903 1844
1904,1888 1852 1864
1908,1866 1865 1864
1905,1888 1853 1865
1906,1888 1854 1866
1907,1888 1840 1908 1846
1909,1890 1852 1868
1913,1870 1869 1868
1910,1890 1853 1869
1911,1890 1854 1870
1912,1890 1840 1913 1848
1914,1892 1852 1872
1918,1874 1873 1872
1915,1892 1853 1873
1920,1914 1909 1904 1899 1894
1916,1892 1854 1874
1917,1892 1840 1918 1850
1922,1915 1910 1905 1900 1895
1924,1916 1911 1906 1901 1896
1919,1660 1920 1852
1926,1917 1912 1907 1902 1897 1854 1853 1852
1923,1660 1924 1854
1930,1703 1702 1704 1701 1700
1921,1660 1922 1853
1928,1925 1923 1921 1919 1892 1890 1888 1886 1884 1665 1664 1663 1662 1666 1661
1932,1708 1707 1706 1709 1701
1925,1660 1926 1840
1934,1712 1711 1713 1707 1702
1927,1928 1660
1929,1693 1930 1694
1931,1693 1932 1695
1936,1715 1716 1712 1708 1703
1933,1693 1934 1696
1937,1929 1894 1899
1935,1693 1936 1697
1938,1929 1895 1900
1942,1902 1901 1900 1899
1939,1929 1896 1901
1940,1929 1897 1902
1941,1929 1884 1942 1886
1943,1931 1894 1904
1944,1931 1895 1905
1948,1907 1906 1905 1904
1945,1931 1896 1906
1946,1931 1897 1907
1947,1931 1884 1948 1888
1949,1933 1894 1909
1950,1933 1895 1910
1951,1933 1896 1911
1954,1912 1911 1910 1909
1952,1933 1897 1912
1953,1933 1884 1954 1890
1955,1935 1894 1914
1956,1935 1895 1915
1960,1917 1916 1915 1914
1957,1935 1896 1916
1958,1935 1897 1917
1962,1955 1949 1943 1937
1959,1935 1884 1960 1892
1964,1956 1950 1944 1938
1966,1957 1951 1945 1939
1968,1958 1952 1946 1940
1963,1693 1964 1895
1961,1693 1962 1894
1970,1959 1953 1947 1941 1897 1896 1895 1894
1965,1693 1966 1896
1974,1726 1725 1724 1727
1967,1693 1968 1897
1976,1730 1729 1725 1731
1972,1969 1967 1965 1961 1963 1935 1933 1931 1929 1696 1697 1694 1695 1698
1969,1693 1970 1884
1978,1733 1730 1726 1734
1973,1718 1974 1719
1975,1718 1976 1720
1979,1973 1937 1943
1977,1718 1978 1721
1971,1972 1693
1980,1973 1938 1944
1981,1973 1939 1945
1982,1973 1940 1946
1985,1947 1946 1945 1944 1943
1983,1973 1941 1947
1984,1973 1929 1985 1931
1986,1975 1937 1949
1987,1975 1938 1950
1988,1975 1939 1951
1992,1953 1952 1951 1950 1949
1989,1975 1940 1952
1990,1975 1941 1953
1991,1975 1929 1992 1933
1993,1977 1937 1955
1994,1977 1938 1956
1995,1977 1939 1957
1996,1977 1940 1958
1999,1959 1958 1957 1956 1955
2001,1993 1986 1979
1997,1977 1941 1959
1998,1977 1929 1999 1935
2003,1994 1987 1980
2005,1995 1988 1981
2000,1718 2001 1937
2007,1996 1989 1982
2009,1997 1990 1983
2011,1998 1991 1984 1941 1940 1939 1938 1937
2002,1718 2003 1938
2004,1718 2005 1939
2006,1718 2007 1940
2015,1742 1741 1743
2008,1718 2009 1941
2017,1742 1745 1746
2013,2010 2008 2006 2004 2002 2000 1977 1975 1973 1721 1719 1720 1722
2010,1718 2011 1929
2014,1736 2015 1737
2016,1736 2017 1738
2018,2014 2015 1979 1986
2012,2013 1718
2019,2014 1980 1987
2020,2014 1981 1988
2021,2014 1982 1989
2022,2014 1983 1990
2025,1991 1990 1989 1988 1987 1986
2023,2014 1984 1991
2024,2014 1973 2025 1975
2026,2016 1979 1993
2027,2016 1980 1994
2028,2016 1981 1995
2029,2016 1982 1996
2033,1998 1997 1996 1995 1994 1993
2030,2016 1983 1997
2031,2016 1984 1998
2035,2026 2018
2032,2016 1973 2033 1977
2037,2027 2019
2039,2028 2020
2041,2029 2021
2043,2030 2022
2036,1736 2037 1980
2038,1736 2039 1981
2034,1736 2035 1979
2045,2031 2023
2047,2032 2024 1984 1983 1982 1981 1980 1979
2040,1736 2041 1982
2042,1736 2043 1983
2044,1736 2045 1984
2051,1752 1753
2049,2046 2044 2042 2040 2034 2038 2036 2016 2014 1737 1738 1739
2046,1736 2047 1973
2050,1748 2051 1749
2054,2050 2051 2020 2028
2052,2050 2051 2018 2026
2055,2050 2021 2029
2048,2049 1736
2053,2050 2051 2019 2027
2056,2050 2022 2030
2057,2050 2023 2031
2060,2032 2031 2030 2029 2028 2027 2026
2058,2050 2024 2032
2059,2050 2014 2060 2016
2062,1748 2053
2061,1748 2052
2064,1748 2055
2069,2059 2024 2023 2022 2021 2020 2019 2018
2063,1748 2054
2065,1748 2056
2067,1748 2058
2066,1748 2057
2071,2068 2067 2066 2065 2063 2064 2061 2062 2050 1749 1750
2068,1748 2069 2014
2070,2071 1748
2072,1755 2052
2074,1755 2054
2073,1755 2053
2076,1755 2056
2075,1755 2055
2081,2059 2058 2057 2056 2053 2055 2052 2054
2077,1755 2057
2078,1755 2058
2079,1755 2059
2084,1776
2083,2080 2079 2078 2077 2075 2076 2073 2074 2072 1756
2080,1755 2081 2050
2085,1802 2084 1776
2082,2083 1755
2086,1804 2085 1802
2088,1834 2085 2084
2087,2086 1804
2092,2089 2088
2097,1876 2088
2089,1836 1834 2086 1802
2094,2090 2089
2091,1838 2092 1834
2090,1836 2087 1804
2098,1878 1876 2089 2086
2096,2093 2091
2093,1838 2094 1836
2104,2099 2098 2097
2099,1880 1876 2091 2092
2100,1878 2090 2087
2106,2101 2100 2098
2101,1880 1878 2093 2094
2103,1882 2104 1876
2095,2096 1838
2105,1882 2106 1878
2108,2102 2101 2099
2102,1880 2095 1838
2110,2107 2105 2103
2107,1882 2108 1880
2111,1919 2097
2109,2110 1882
2112,1921 1919 2098
2113,1923 1919 2099
2114,1925 1919 2103
2115,1921 2100
2116,1923 1921 2101
2117,1925 1921 2105
2118,1923 2102
2122,2114 2113 2112 2111
2119,1925 1923 2107
2120,1925 2109
2124,2117 2116 2115 2112
2121,1927 2122 1919
2126,2119 2118 2116 2113
2123,1927 2124 1921
2128,2120 2119 2117 2114
2125,1927 2126 1923
2130,2127 2125 2123 2121
2127,1927 2128 1925
2131,1961 2111
2132,1963 1961 2112
2129,2130 1927
2133,1965 1961 2113
2134,1967 1961 2114
2135,1969 1961 2121
2136,1963 2115
2137,1965 1963 2116
2138,1967 1963 2117
2140,1965 2118
2139,1969 1963 2123
2141,1967 1965 2119
2142,1969 1965 2125
2143,1967 2120
2147,2135 2134 2133 2132 2131
2144,1969 1967 2127
2145,1969 2129
2149,2139 2138 2137 2136 2132
2146,1971 2147 1961
2151,2142 2141 2140 2137 2133
2148,1971 2149 1963
2153,2144 2143 2141 2138 2134
2150,1971 2151 1965
2155,2145 2144 2142 2139 2135
2152,1971 2153 1967
2157,2154 2152 2150 2148 2146
2154,1971 2155 1969
2158,2000 2131
2156,2157 1971
2159,2002 2000 2132
2160,2004 2000 2133
2161,2006 2000 2134
2162,2008 2000 2135
2163,2010 2000 2146
2164,2002 2136
2165,2004 2002 2137
2166,2006 2002 2138
2167,2008 2002 2139
2168,2010 2002 2148
2169,2004 2140
2170,2006 2004 2141
2171,2008 2004 2142
2172,2010 2004 2150
2173,2006 2143
2174,2008 2006 2144
2175,2010 2006 2152
2176,2008 2145
2177,2010 2008 2154
2180,2163 2162 2161 2160 2159 2158
2178,2010 2156
2182,2168 2167 2166 2165 2164 2159
2179,2012 2180 2000
2184,2172 2171 2170 2169 2165 2160
2181,2012 2182 2002
2186,2175 2174 2173 2170 2166 2161
2183,2012 2184 2004
2188,2177 2176 2174 2171 2167 2162
2185,2012 2186 2006
2190,2178 2177 2175 2172 2168 2163
2187,2012 2188 2008
2192,2189 2187 2185 2183 2181 2179
2189,2012 2190 2010
2191,2192 2012
2193,2034 2158
2194,2036 2034 2159
2195,2038 2034 2160
2196,2040 2034 2161
2197,2042 2034 2162
2198,2044 2034 2163
2199,2046 2034 2179
2200,2036 2164
2201,2038 2036 2165
2202,2040 2036 2166
2203,2042 2036 2167
2204,2044 2036 2168
2205,2046 2036 2181
2206,2038 2169
2207,2040 2038 2170
2208,2042 2038 2171
2209,2044 2038 2172
2210,2046 2038 2183
2211,2040 2173
2212,2042 2040 2174
2213,2044 2040 2175
2214,2046 2040 2185
2215,2042 2176
2216,2044 2042 2177
2217,2046 2042 2187
2218,2044 2178
2219,2046 2044 2189
2222,2199 2198 2197 2196 2195 2194 2193
2220,2046 2191
2224,2205 2204 2203 2202 2201 2200 2194
2221,2048 2222 2034
2226,2210 2209 2208 2207 2206 2201 2195
2223,2048 2224 2036
2228,2214 2213 2212 2211 2207 2202 2196
2225,2048 2226 2038
2230,2217 2216 2215 2212 2208 2203 2197
2227,2048 2228 2040
2232,2219 2218 2216 2213 2209 2204 2198
2229,2048 2230 2042
2234,2220 2219 2217 2214 2210 2205 2199
2231,2048 2232 2044
2236,2233 2231 2229 2227 2225 2223 2221
2233,2048 2234 2046
2237,2061 2193
2235,2236 2048
2239,2063 2061 2195
2238,2062 2061 2194
2240,2064 2061 2196
2241,2065 2061 2197
2242,2066 2061 2198
2243,2067 2061 2199
2244,2068 2061 2221
2245,2062 2200
2246,2063 2062 2201
2247,2064 2062 2202
2248,2065 2062 2203
2249,2066 2062 2204
2250,2067 2062 2205
2251,2068 2062 2223
2252,2063 2206
2253,2064 2063 2207
2254,2065 2063 2208
2255,2066 2063 2209
2256,2067 2063 2210
2257,2068 2063 2225
2258,2064 2211
2259,2065 2064 2212
2260,2066 2064 2213
2261,2067 2064 2214
2262,2068 2064 2227
2263,2065 2215
2264,2066 2065 2216
2265,2067 2065 2217
2266,2068 2065 2229
2267,2066 2218
2268,2067 2066 2219
2269,2068 2066 2231
2270,2067 2220
2274,2244 2243 2242 2241 2240 2238 2239 2237
2271,2068 2067 2233
2272,2068 2235
2276,2251 2250 2249 2248 2247 2246 2245 2238
2273,2070 2274 2061
2278,2257 2256 2255 2254 2253 2252 2246 2239
2275,2070 2276 2062
2280,2262 2261 2260 2259 2258 2253 2247 2240
2277,2070 2278 2063
2282,2266 2265 2264 2263 2259 2254 2248 2241
2279,2070 2280 2064
2284,2269 2268 2267 2264 2260 2255 2249 2242
2281,2070 2282 2065
2286,2271 2270 2268 2265 2261 2256 2250 2243
2283,2070 2284 2066
2288,2272 2271 2269 2266 2262 2257 2251 2244
2285,2070 2286 2067
2290,2287 2285 2283 2281 2279 2277 2275 2273
2287,2070 2288 2068
2289,2290 2070
2291,2072 2237
2292,2073 2072 2238
2293,2074 2072 2239
2294,2075 2072 2240
2295,2076 2072 2241
2296,2077 2072 2242
2297,2078 2072 2243
2298,2079 2072 2244
2299,2080 2072 2273
2300,2073 2245
2301,2074 2073 2246
2302,2075 2073 2247
2303,2076 2073 2248
2304,2077 2073 2249
2305,2078 2073 2250
2306,2079 2073 2251
2307,2080 2073 2275
2308,2074 2252
2309,2075 2074 2253
2310,2076 2074 2254
2311,2077 2074 2255
2312,2078 2074 2256
2313,2079 2074 2257
2314,2080 2074 2277
2315,2075 2258
2316,2076 2075 2259
2317,2077 2075 2260
2318,2078 2075 2261
2319,2079 2075 2262
2320,2080 2075 2279
2321,2076 2263
2322,2077 2076 2264
2323,2078 2076 2265
2324,2079 2076 2266
2325,2080 2076 2281
2326,2077 2267
2327,2078 2077 2268
2328,2079 2077 2269
2329,2080 2077 2283
2330,2078 2270
2331,2079 2078 2271
2332,2080 2078 2285
2333,2079 2272
2334,2080 2079 2287
2337,2299 2298 2297 2296 2295 2294 2293 2292 2291
2335,2080 2289
2339,2307 2306 2305 2304 2303 2302 2301 2300 2292
2336,2082 2337 2072
2341,2314 2313 2312 2311 2310 2309 2308 2301 2293
2338,2082 2339 2073
2343,2320 2319 2318 2317 2316 2315 2309 2302 2294
2340,2082 2341 2074
2345,2325 2324 2323 2322 2321 2316 2310 2303 2295
2342,2082 2343 2075
2347,2329 2328 2327 2326 2322 2317 2311 2304 2296
2344,2082 2345 2076
2349,2332 2331 2330 2327 2323 2318 2312 2305 2297
2346,2082 2347 2077
2351,2334 2333 2331 2328 2324 2319 2313 2306 2298
2348,2082 2349 2078
2353,2335 2334 2332 2329 2325 2320 2314 2307 2299
2350,2082 2351 2079
2355,2352 2350 2348 2346 2344 2342 2340 2338 2336
2352,2082 2353 2080
2354,2355 2082
2357,2291
2356,2357
2359,2292
2358,2359
2361,2293
2360,2361
2363,2294
2362,2363
2365,2295
2364,2365
2367,2296
2366,2367
2369,2297
2368,2369
2371,2298
2370,2371
2373,2299
2372,2373
2375,2336
2374,2375
2377,1329
2376,2377
2379,2300
2378,2379
2381,2301
2380,2381
2383,2302
2382,2383
2385,2303
2384,2385
2387,2304
2386,2387
2389,2305
2388,2389
2391,2306
2390,2391
2393,2307
2392,2393
2395,2338
2394,2395
2397,1330
2396,2397
2399,1340
2398,2399
2401,2308
2400,2401
2403,2309
2402,2403
2405,2310
2404,2405
2407,2311
2406,2407
2409,2312
2408,2409
2411,2313
2410,2411
2413,2314
2412,2413
2415,2340
2414,2415
2417,1331
2416,2417
2419,1341
2418,2419
2421,1351
2420,2421
2423,2315
2422,2423
2425,2316
2424,2425
2427,2317
2426,2427
2429,2318
2428,2429
2431,2319
2430,2431
2433,2320
2432,2433
2435,2342
2434,2435
2437,1332
2436,2437
2439,1342
2438,2439
2441,1352
2440,2441
2443,1362
2442,2443
2445,2321
2444,2445
2447,2322
2446,2447
2449,2323
2448,2449
2451,2324
2450,2451
2453,2325
2452,2453
2455,2344
2454,2455
2457,1333
2456,2457
2459,1343
2458,2459
2461,1353
2460,2461
2463,1363
2462,2463
2465,1373
2464,2465
2467,2326
2466,2467
2469,2327
2468,2469
2471,2328
2470,2471
2473,2329
2472,2473
2475,2346
2474,2475
2477,1334
2476,2477
2479,1344
2478,2479
2481,1354
2480,2481
2483,1364
2482,2483
2485,1374
2484,2485
2487,1384
2486,2487
2489,2330
2488,2489
2491,2331
2490,2491
2493,2332
2492,2493
2495,2348
2494,2495
2497,1335
2496,2497
2499,1345
2498,2499
2501,1355
2500,2501
2503,1365
2502,2503
2505,1375
2504,2505
2507,1385
2506,2507
2509,1395
2508,2509
2511,2333
2510,2511
2513,2334
2512,2513
2515,2350
2514,2515
2517,1336
2516,2517
2519,1346
2518,2519
2521,1356
2520,2521
2523,1366
2522,2523
2525,1376
2524,2525
2527,1386
2526,2527
2529,1396
2528,2529
2531,1406
2530,2531
2533,2335
2532,2533
2535,2352
2534,2535
2537,1337
2536,2537
2539,1347
2538,2539
2541,1357
2540,2541
2543,1367
2542,2543
2545,1377
2544,2545
2547,1387
2546,2547
2549,1397
2548,2549
2551,1407
2550,2551
2553,1417
2552,2553
2555,2354
2554,2555
