1755 2.784118 -1 
1756 5.102026 1.116549 1755
1757 5.483072 1.068115 1755
1758 8.839372 1.069060 1755
1759 5.135881 1.073544 1755
1760 5.080063 0.964148 1755
1761 5.432601 0.986921 1755
1762 5.401524 0.820195 1755
1763 5.046309 0.303965 1755
1764 5.057397 1.045631 1755
1767 4.713998 0.066944 1756
1768 7.308865 0.216537 1757,1756
1769 7.329001 0.561642 1756,1758
1770 8.055931 0.754385 1756,1759
1771 7.305980 0.218639 1756,1760
1772 6.790665 0.336727 1756,1761
1773 7.213226 0.209242 1762,1756
1774 7.956327 0.208921 1763,1756
1775 7.970597 0.207696 1756,1764
1778 4.711688 0.108792 1757
1779 6.555555 0.481729 1757,1758
1780 7.549481 0.208961 1757,1759
1781 7.532948 0.344310 1757,1760
1782 6.855790 0.208523 1757,1761
1783 7.466156 0.224096 1762,1757
1784 7.392150 0.165824 1757,1763
1785 6.845268 0.214484 1757,1764
1788 4.580480 0.139279 1758
1789 6.603274 0.279435 1759,1758
1790 6.675999 0.049859 1760,1758
1791 6.628377 0.112067 1761,1758
1792 7.224100 0.211604 1762,1758
1793 6.915638 0.191822 1763,1758
1794 7.287286 0.696402 1764,1758
1797 4.606233 0.119149 1759
1798 7.365671 0.452318 1760,1759
1799 7.428495 0.339373 1761,1759
1800 7.347537 0.206889 1762,1759
1801 7.176620 0.162855 1763,1759
1802 7.180803 0.526167 1759,1764
1805 4.944744 1.669705 1760
1806 7.422726 0.436232 1760,1761
1807 6.570702 0.210052 1762,1760
1808 7.436644 0.157842 1763,1760
1809 7.263296 0.755194 1760,1764
1812 4.786477 0.331742 1761
1813 7.308315 0.163540 1762,1761
1814 6.798661 0.469379 1763,1761
1815 6.673117 0.208256 1761,1764
1818 4.787438 0.124922 1762
1819 7.434960 0.159139 1762,1763
1820 7.436488 0.208748 1762,1764
1823 5.020172 0.361173 1763
1824 7.435166 0.205632 1763,1764
1827 4.989450 0.384964 1764
1830 2.623895 -1 1767
1831 5.377437 1.047495 1830,1768
1832 5.395329 0.990895 1830,1769
1833 5.347178 0.902357 1830,1770
1834 5.117894 0.949188 1830,1771
1835 5.054620 3.375838 1830,1772
1836 5.161249 0.905099 1830,1773
1837 5.443855 1.143557 1774,1830
1838 5.391869 0.884409 1775,1830
1841 4.495242 0.138334 1831,1778
1842 7.250035 0.208538 1832,1831,1779
1843 7.479484 0.458088 1780,1833,1831
1844 7.434960 0.218751 1781,1831,1834
1845 6.536579 0.217017 1782,1831,1835
1846 7.255020 0.589276 1783,1831,1836
1847 7.173619 0.113404 1831,1784,1837
1848 7.567689 0.527455 1838,1831,1785
1851 4.441575 0.036537 1832,1788
1852 6.814632 0.206357 1832,1833,1789
1853 6.770700 0.156578 1832,1790,1834
1854 6.827740 0.215117 1832,1791,1835
1855 7.310205 0.213078 1832,1792,1836
1856 6.597612 0.207557 1832,1793,1837
1857 7.251371 0.212134 1832,1838,1794
1860 4.409832 0.756348 1833,1797
1861 6.628579 0.199521 1833,1798,1834
1862 6.812271 0.210024 1833,1799,1835
1863 6.577566 0.209668 1833,1836,1800
1864 6.821302 0.157843 1833,1837,1801
1865 7.402227 0.208649 1833,1838,1802
1868 3.918387 0.121922 1805,1834
1869 6.696055 0.358730 1806,1834,1835
1870 6.640883 0.209749 1807,1836,1834
1871 6.598106 0.199695 1837,1834,1808
1872 6.621763 0.208334 1838,1809,1834
1875 4.138690 0.100163 1812,1835
1876 6.518576 0.163191 1813,1836,1835
1877 7.275835 0.158307 1814,1837,1835
1878 6.590803 0.064818 1815,1838,1835
1881 4.007526 0.126501 1818,1836
1882 7.394173 0.165075 1836,1837,1819
1883 7.390480 0.206140 1838,1836,1820
1886 4.367079 0.123591 1837,1823
1887 6.610552 0.195973 1824,1838,1837
1890 4.384912 0.122031 1838,1827
1893 2.790200 -1 1841
1894 5.118497 1.326226 1842,1893
1895 5.468675 0.981767 1843,1893
1896 5.081459 1.260896 1844,1893
1897 5.082149 1.289091 1845,1893
1898 5.334343 0.970303 1846,1893
1899 4.982600 1.029073 1847,1893
1900 5.603143 0.989422 1848,1893
1903 4.070346 0.067373 1894,1851
1904 6.889329 1.006060 1894,1895,1852
1905 7.157980 0.052368 1894,1896,1853
1906 6.509975 0.218871 1894,1897,1854
1907 6.643317 0.206994 1894,1898,1855
1908 7.184256 0.472365 1894,1899,1856
1909 6.705544 0.836724 1894,1900,1857
1912 4.280562 0.118642 1895,1860
1913 6.584249 1.089768 1861,1895,1896
1914 6.673383 0.202115 1895,1862,1897
1915 6.680751 0.157477 1895,1863,1898
1916 6.757915 0.210752 1895,1899,1864
1917 7.283336 0.210370 1895,1865,1900
1920 4.147963 0.040386 1868,1896
1921 6.751680 0.205999 1869,1896,1897
1922 7.362824 0.202950 1896,1898,1870
1923 7.626693 0.211715 1896,1899,1871
1924 6.577105 0.208305 1896,1872,1900
1927 4.284207 0.133295 1875,1897
1928 7.223756 0.210215 1876,1897,1898
1929 7.627801 0.521534 1877,1897,1899
1930 6.639831 0.681757 1897,1878,1900
1933 4.394275 0.380620 1898,1881
1934 6.622043 0.158799 1898,1899,1882
1935 6.624227 0.152133 1883,1898,1900
1938 4.371272 0.125471 1886,1899
1939 7.310193 0.207536 1887,1899,1900
1942 4.349822 0.392582 1890,1900
1945 2.602791 -1 1903
1946 5.134992 0.842087 1904,1945
1947 5.036908 0.866464 1905,1945
1948 5.442520 1.214379 1906,1945
1949 5.073812 1.347250 1907,1945
1950 5.020557 0.789195 1908,1945
1951 5.102416 0.806273 1909,1945
1954 4.199463 0.155221 1912,1946
1955 6.609698 0.163108 1913,1946,1947
1956 6.822518 0.214212 1948,1946,1914
1957 7.349807 0.156926 1915,1949,1946
1958 7.552724 0.166363 1946,1950,1916
1959 6.686202 0.038792 1946,1951,1917
1962 4.437794 11.093507 1920,1947
1963 6.809454 0.493277 1921,1948,1947
1964 6.513218 0.361110 1922,1949,1947
1965 7.228287 0.207910 1923,1950,1947
1966 6.712667 0.208629 1924,1951,1947
1969 4.477362 0.056743 1948,1927
1970 6.629735 0.357142 1928,1948,1949
1971 7.167411 0.210163 1929,1948,1950
1972 6.674481 0.447344 1948,1930,1951
1975 4.281427 0.056806 1933,1949
1976 7.156299 0.098770 1949,1950,1934
1977 6.505509 0.256808 1949,1951,1935
1980 4.012912 0.123154 1938,1950
1981 6.820975 0.125063 1939,1951,1950
1984 4.028385 0.246746 1942,1951
1987 2.711254 -1 1954
1988 5.469396 0.724114 1955,1987
1989 4.992508 0.925466 1987,1956
1990 5.171520 0.985319 1987,1957
1991 5.395729 0.835600 1987,1958
1992 5.134106 0.910064 1987,1959
1995 4.469031 0.122373 1962,1988
1996 7.403179 0.460939 1963,1988,1989
1997 7.506824 0.159126 1964,1990,1988
1998 7.598500 0.157064 1991,1965,1988
1999 7.518033 0.206226 1966,1992,1988
2002 4.031421 0.074682 1969,1989
2003 7.297048 0.217461 1990,1970,1989
2004 6.635566 0.210762 1991,1971,1989
2005 6.757938 0.399329 1992,1972,1989
2008 4.010422 0.118576 1990,1975
2009 6.520702 0.196274 1991,1990,1976
2010 6.630054 0.160715 1977,1990,1992
2013 4.461612 0.142416 1991,1980
2014 6.777614 0.110935 1991,1992,1981
2017 4.092051 0.121959 1984,1992
2020 2.719280 -1 1995
2021 5.492733 1.081958 2020,1996
2022 5.436478 0.863970 2020,1997
2023 5.604878 0.954632 1998,2020
2024 5.165414 1.100404 1999,2020
2027 4.328383 0.123065 2002,2021
2028 6.877734 0.524244 2003,2021,2022
2029 7.606324 0.041706 2021,2004,2023
2030 7.464542 0.063672 2024,2021,2005
2033 4.011483 0.064674 2008,2022
2034 7.544747 0.106244 2009,2022,2023
2035 7.311095 0.151407 2024,2010,2022
2038 4.360505 1.107063 2013,2023
2039 6.697450 0.191975 2024,2014,2023
2042 4.033977 0.103468 2024,2017
2045 2.750505 -1 2027
2046 5.138194 0.052976 2045,2028
2047 5.504670 0.991211 2045,2029
2048 5.426486 1.239568 2045,2030
2051 3.974993 0.120633 2046,2033
2052 7.557183 0.134239 2046,2047,2034
2053 7.469020 0.338865 2046,2035,2048
2056 4.003540 0.016934 2047,2038
2057 7.593330 0.208630 2047,2039,2048
2060 4.018174 0.164791 2042,2048
2063 2.623437 -1 2051
2064 5.483774 0.818855 2052,2063
2065 5.385857 0.848622 2053,2063
2068 3.872912 0.220273 2064,2056
2069 6.905449 0.218989 2064,2065,2057
2072 3.920604 0.118896 2060,2065
2075 2.643279 -1 2068
2076 5.139106 1.003790 2069,2075
2079 4.011096 0.119641 2072,2076
2082 2.646344 -1 2079
2085 6.010956 0.899378 1775,1774,1771,1770,1773,1772,1768,1769,1756,1755,1767
2087 5.412478 0.713700 1780,1781,1782,1783,1784,1785,1778,1768,1757,1755,1779
2089 5.109958 7.380373 1788,1789,1793,1792,1791,1790,1779,1794,1769,1758,1755
2091 5.559708 0.961516 1789,1799,1798,1802,1801,1800,1780,1797,1759,1755,1770
2093 5.790718 1.007363 1807,1806,1805,1798,1771,1781,1790,1809,1808,1755,1760
2095 5.996617 0.995840 1814,1815,1799,1813,1812,1806,1791,1772,1755,1761,1782
2097 5.411760 1.050985 1807,1773,1813,1792,1783,1818,1820,1819,1800,1762,1755
2099 5.418917 0.949825 1814,1774,1801,1793,1824,1784,1819,1823,1808,1763,1755
2101 5.356038 0.933086 1775,1815,1802,1824,1827,1820,1809,1794,1755,1785,1764
2123 3.005154 -1 2095,1762,2097,2091,2093,1763,2099,1760,2089,2087,2085,1759,1758,1757,1756,1755,1761,2101,1764
2125 6.086288 0.976852 1830,1831,1843,1842,1841,1847,1846,1845,1844,1848
2127 5.518288 0.989842 1832,1830,1851,1852,1853,1854,1855,1856,1857,1842
2129 5.891035 0.963061 1833,1830,1843,1852,1861,1860,1863,1862,1865,1864
2131 5.719429 0.993274 1830,1834,1853,1844,1861,1872,1870,1871,1869,1868
2133 5.309838 0.941904 1869,1830,1835,1854,1845,1876,1877,1862,1875,1878
2135 5.713717 0.943919 1830,1836,1855,1846,1876,1863,1870,1883,1882,1881
2137 5.566364 0.934149 1830,1837,1847,1856,1877,1864,1871,1887,1886,1882
2139 5.593464 0.963029 1830,1848,1883,1838,1857,1872,1887,1865,1890,1878
2141 7.223682 0.151666 2125,2087,2085
2144 7.308282 0.495615 2089,2127,2085
2147 7.271519 0.197643 2129,2091,2085
2150 7.245004 0.200008 2131,2093,2085
2153 6.586194 0.206546 2095,2133,2085
2156 7.198634 0.209369 2097,2135,2085
2159 6.729562 0.205699 2137,2099,2085
2162 7.126008 0.199362 2101,2139,2085
2167 6.371435 3.116257 1830,2085,2147,2156,2144,2150,2141,2153,2159,2162
2171 3.118604 -1 1833,1834,1831,1836,1837,1832,2137,1830,2135,2125,2133,2127,2131,2129,1838,1835,2139,2167
2173 5.671558 1.062914 1894,1908,1909,1906,1907,1904,1905,1903,1893
2175 5.789589 0.946600 1916,1914,1895,1904,1912,1915,1913,1917,1893
2177 5.323160 0.939857 1920,1921,1922,1923,1924,1896,1905,1913,1893
2179 5.464512 0.886248 1921,1930,1927,1928,1929,1897,1914,1906,1893
2181 5.543476 4.879805 1933,1922,1898,1935,1934,1928,1907,1915,1893
2183 5.631539 0.937761 1916,1923,1899,1908,1934,1929,1939,1938,1893
2185 5.636591 0.879356 1942,1930,1924,1900,1935,1909,1939,1917,1893
2187 7.341912 0.403887 2173,2144,2141
2188 7.361236 0.211534 2173,2144,2125,2127
2192 7.283242 11.879883 2147,2141,2175
2193 7.321352 0.067212 2129,2147,2125,2175
2197 6.582282 0.201362 2150,2177,2141
2198 6.505170 0.209721 2150,2125,2177,2131
2202 6.619535 0.453962 2179,2141,2153
2203 7.320635 0.209531 2179,2125,2133,2153
2207 6.472342 0.204446 2181,2156,2141
2208 6.449824 0.153814 2181,2135,2125,2156
2212 7.129242 0.206684 2183,2159,2141
2213 7.165467 0.384137 2183,2137,2125,2159
2217 7.209475 0.201189 2141,2185,2162
2218 7.190947 0.209701 2139,2125,2185,2162
2224 6.369575 0.962699 2212,2202,2217,2207,2192,2187,2141,2197,1893
2228 6.156915 1.030520 2213,2203,2125,2208,2218,2193,2141,2198,2188,1893
2232 3.134983 -1 2183,2181,1898,1899,2185,1894,1895,1896,1897,1900,1893,2228,2224,2173,2177,2175,2179
2234 5.377796 1.008766 1946,1945,1955,1954,1957,1956,1959,1958
2236 5.677515 1.036038 1964,1965,1966,1947,1962,1945,1955,1963
2238 5.405974 0.842301 1948,1969,1972,1971,1945,1956,1970,1963
2240 5.424016 1.031172 1949,1977,1976,1975,1945,1964,1957,1970
2242 5.653128 0.860525 1980,1981,1976,1971,1945,1950,1965,1958
2244 6.007301 1.028870 1984,1981,1977,1966,1972,1945,1951,1959
2246 6.666931 0.205667 2192,2187,2234
2247 7.354140 0.196618 2193,2188,2234
2248 7.183879 0.194222 2173,2192,2193,2234,2175
2252 6.663841 0.132187 2197,2187,2236
2253 6.608154 0.542134 2198,2188,2236
2254 6.422318 0.216367 2198,2173,2197,2177,2236
2258 6.624977 0.157409 2238,2202,2187
2259 6.544234 0.210297 2238,2188,2203
2260 7.282353 0.068209 2238,2202,2203,2179,2173
2264 6.678393 0.426262 2187,2240,2207
2265 6.517789 0.209775 2208,2188,2240
2266 6.495681 0.164401 2208,2173,2181,2240,2207
2270 6.565643 0.197162 2212,2187,2242
2271 7.317760 0.207013 2213,2188,2242
2272 6.347576 0.208227 2183,2173,2212,2242,2213
2276 7.235385 0.161256 2244,2217,2187
2277 6.404657 0.205302 2244,2218,2188
2278 6.367029 0.211149 2244,2173,2218,2217,2185
2284 6.391576 1.029516 2276,2270,1945,2187,2258,2246,2252,2264
2288 6.419740 0.047744 2277,2188,2271,1945,2259,2247,2253,2265
2292 5.744951 1.139146 2254,2272,2278,1945,2173,2248,2187,2260,2188,2266
2296 3.122494 -1 2288,2292,2284,1947,1951,1950,2236,2238,1948,1949,1946,2234,1945,2244,2240,2242
2298 5.928224 1.007234 1987,1995,1997,1996,1999,1998,1988
2300 5.704135 0.945655 2002,1987,2003,2004,1996,2005,1989
2302 5.469734 1.027273 1987,2003,1997,1990,2008,2009,2010
2304 5.513634 0.132208 1991,1987,2004,2014,1998,2009,2013
2306 5.490627 1.046089 1987,1992,2005,1999,2014,2017,2010
2308 7.344889 0.160832 2246,2298,2252
2309 6.508037 0.195519 2247,2298,2253
2310 6.549534 0.193964 2298,2248,2254
2311 7.314302 0.196625 2298,2236,2254,2253,2234,2252
2315 7.469370 0.206497 2300,2246,2258
2316 7.382544 0.441782 2300,2247,2259
2317 6.541636 0.395363 2300,2260,2248
2318 6.593755 11.242471 2238,2259,2258,2300,2260,2234
2322 6.808736 0.205530 2246,2302,2264
2323 6.723898 0.147990 2247,2302,2265
2324 6.662727 0.209037 2266,2302,2248
2325 6.782258 0.101415 2240,2302,2266,2234,2264,2265
2329 6.582558 0.216118 2246,2304,2270
2330 6.627891 0.219301 2247,2271,2304
2331 7.102585 0.209303 2248,2304,2272
2332 7.758725 0.210238 2271,2270,2272,2304,2242,2234
2336 6.472589 0.204171 2246,2276,2306
2337 7.303285 0.162223 2277,2247,2306
2338 7.239655 0.208888 2248,2278,2306
2339 6.608545 0.195083 2277,2276,2278,2244,2234,2306
2345 6.271722 0.920413 1987,2336,2322,2308,2329,2315,2246
2349 5.913607 1.041737 2330,1987,2247,2323,2309,2316,2337
2353 6.378775 1.020019 1987,2248,2331,2338,2317,2324,2310
2357 5.888344 0.865166 1987,2332,2318,2325,2339,2234,2311,2248,2246,2247
2361 3.223613 -1 2345,1987,2298,1990,2300,2302,2349,2304,1988,2306,1991,1992,2353,1989,2357
2363 5.542554 0.938256 2027,2020,2021,2030,2028,2029
2365 5.919142 0.971280 2035,2034,2020,2022,2033,2028
2367 5.736310 0.944522 2034,2020,2023,2029,2039,2038
2369 5.412709 1.008992 2024,2035,2020,2030,2042,2039
2371 6.630983 0.415187 2308,2315,2363
2372 6.529293 0.160512 2309,2316,2363
2373 7.248404 0.158801 2317,2363,2310
2374 7.227096 0.067516 2363,2318,2311
2375 6.667604 0.197184 2298,2318,2317,2316,2300,2315,2363
2379 7.421800 0.200539 2308,2365,2322
2380 6.612127 0.070825 2309,2323,2365
2381 6.442446 0.201038 2365,2310,2324
2382 7.364523 0.210170 2365,2325,2311
2383 6.851541 0.507918 2323,2322,2298,2325,2324,2365,2302
2387 6.686382 0.468296 2367,2308,2329
2388 6.572460 0.205468 2367,2309,2330
2389 7.264618 0.209131 2367,2331,2310
2390 7.270365 0.164330 2367,2332,2311
2391 6.586443 0.152149 2330,2331,2332,2298,2367,2329,2304
2395 6.521614 0.351252 2308,2336,2369
2396 7.334109 0.109122 2309,2369,2337
2397 6.424881 0.210022 2338,2310,2369
2398 7.227242 0.219732 2339,2369,2311
2399 7.343909 0.208757 2298,2336,2369,2337,2338,2339,2306
2405 5.803705 4.990215 2308,2395,2020,2379,2387,2371
2409 5.960652 1.033981 2309,2396,2020,2380,2388,2372
2413 5.997076 3.013000 2381,2397,2020,2389,2310,2373
2417 6.219612 0.955822 2382,2020,2390,2374,2398,2311
2421 5.959562 1.041205 2309,2308,2298,2310,2311,2383,2020,2391,2375,2399
2425 3.041605 -1 2369,2022,2421,2024,2413,2405,2020,2021,2417,2023,2367,2365,2363,2409
2427 5.668478 0.996451 2046,2051,2053,2045,2052
2429 5.792824 1.015002 2047,2045,2057,2052,2056
2431 5.715429 1.282819 2060,2053,2045,2048,2057
2433 7.462251 0.207671 2379,2371,2427
2434 6.719273 0.059236 2380,2372,2427
2435 6.446875 0.316153 2381,2373,2427
2436 6.417944 0.203515 2374,2382,2427
2437 7.486017 0.110391 2375,2383,2427
2438 7.281476 0.196876 2427,2381,2380,2383,2382,2379,2365,2363
2442 7.535587 0.153073 2429,2371,2387
2443 7.625802 0.171411 2429,2372,2388
2444 7.565591 0.163858 2389,2429,2373
2445 7.485924 0.164432 2374,2429,2390
2446 6.605661 0.209466 2429,2391,2375
2447 6.629103 0.186516 2429,2387,2367,2390,2391,2389,2388,2363
2451 7.281920 0.249427 2431,2395,2371
2452 6.360217 0.563594 2396,2431,2372
2453 6.480713 0.118251 2397,2431,2373
2454 7.267750 0.126190 2374,2431,2398
2455 7.229891 0.121285 2375,2431,2399
2456 6.329635 0.037909 2431,2396,2397,2395,2369,2363,2398,2399
2462 6.180124 0.943717 2442,2433,2045,2451,2371
2466 5.885093 1.026494 2452,2443,2045,2372,2434
2470 5.869895 0.870974 2453,2045,2444,2435,2373
2474 5.611648 0.930477 2374,2454,2045,2436,2445
2478 6.058178 0.845043 2455,2375,2045,2437,2446
2482 6.255760 1.334330 2045,2447,2456,2438,2374,2375,2363,2371,2372,2373
2486 3.096495 -1 2046,2429,2466,2474,2462,2470,2431,2047,2482,2048,2478,2045,2427
2488 5.850988 1.015388 2068,2069,2063,2064
2490 5.843878 0.691381 2072,2063,2065,2069
2492 6.490362 0.209332 2433,2442,2488
2493 7.386946 0.194917 2443,2488,2434
2494 6.519008 0.197000 2444,2435,2488
2495 6.470709 0.196587 2436,2488,2445
2496 7.170828 0.215734 2446,2437,2488
2497 6.603412 0.033579 2438,2447,2488
2498 6.995404 0.205189 2442,2429,2446,2447,2488,2443,2444,2445,2427
2502 7.233598 0.160190 2433,2490,2451
2503 6.584666 0.101546 2490,2452,2434
2504 7.239045 0.114884 2490,2453,2435
2505 7.178242 0.107836 2490,2436,2454
2506 6.565255 0.131772 2455,2490,2437
2507 7.392800 0.149700 2456,2490,2438
2508 7.389583 0.116375 2455,2490,2431,2456,2451,2453,2427,2454,2452
2514 6.080170 1.086329 2433,2063,2502,2492
2518 5.704294 0.971222 2493,2063,2503,2434
2522 5.667906 0.926221 2063,2504,2435,2494
2526 5.983409 0.932876 2505,2063,2495,2436
2530 6.092069 0.978719 2506,2063,2437,2496
2534 5.972370 1.003259 2507,2063,2438,2497
2538 6.335083 1.285216 2498,2438,2434,2433,2437,2436,2435,2427,2508,2063
2542 3.152908 -1 2526,2488,2522,2490,2538,2518,2514,2530,2063,2064,2065,2534
2544 5.293288 1.033854 2079,2076,2075
2546 6.552984 0.195070 2492,2502,2544
2547 6.599468 0.075282 2493,2503,2544
2548 6.647813 0.149675 2504,2494,2544
2549 6.562397 0.111505 2505,2495,2544
2550 7.197460 0.101835 2506,2496,2544
2551 6.470243 0.194928 2507,2497,2544
2552 7.516520 0.092351 2498,2508,2544
2553 7.760513 0.119918 2488,2544,2490,2508,2507,2506,2505,2504,2503,2502
2559 5.703188 0.990255 2492,2546,2075
2563 5.591088 0.843278 2493,2547,2075
2567 5.579751 0.985176 2548,2494,2075
2571 5.623052 1.042758 2549,2495,2075
2575 6.053083 0.912293 2550,2075,2496
2579 5.629899 1.055198 2551,2497,2075
2583 6.146065 0.980643 2498,2552,2075
2587 5.690585 0.956515 2498,2553,2488,2493,2492,2495,2494,2497,2496,2075
2591 2.981371 -1 2587,2583,2544,2579,2559,2563,2575,2567,2571,2076,2075
2595 6.096343 1.079899 2082,2546
2598 5.638607 0.041668 2082,2547
2601 5.572801 0.985986 2082,2548
2604 5.593952 0.811766 2082,2549
2607 6.020883 1.004009 2082,2550
2610 5.958151 0.984896 2082,2551
2613 5.946954 0.944799 2082,2552
2616 6.063304 0.988131 2082,2553
2619 6.099413 1.054441 2550,2551,2552,2553,2547,2546,2544,2082,2549,2548
2623 3.116838 -1 2604,2616,2607,2613,2601,2610,2082,2598,2619,2595
2627 1.878110 -1 2123,1755
2628 4.244917 0.506875 2167,2627,1755
2631 4.820206 0.879798 2167,2171,2628
2635 2.091539 -1 2171,2631
2637 4.313612 0.132044 2224,2628,1755
2638 6.732226 0.488285 2224,2631,2228
2639 3.856796 0.669324 2635,2228
2642 4.432132 0.919968 2224,2232,2638,2637
2646 4.369247 10.221375 2232,2639,2638,2228
2650 2.014870 -1 2642,2232,2646
2652 4.306003 0.168687 2637,2284,1755
2653 7.567195 10.215523 2288,2284,2638
2654 6.564847 0.620321 2292,2642,2284
2655 4.312938 11.108657 2288,2639
2656 7.045585 0.461657 2288,2292,2646
2657 3.865028 0.419076 2292,2650
2660 4.825991 0.567245 2653,2652,2284,2296,2654
2664 4.918081 1.246994 2288,2653,2296,2655,2656
2668 4.510760 0.878918 2292,2654,2657,2296,2656
2672 2.083042 -1 2664,2296,2668,2660
2674 4.316353 0.392074 2345,2652,1755
2675 6.545620 0.556354 2345,2653,2349
2676 7.475514 0.246973 2345,2353,2654
2677 6.621074 0.156246 2345,2357,2660
2678 3.798948 0.273422 2349,2655
2679 6.885828 0.419140 2353,2349,2656
2680 7.326447 0.147119 2664,2349,2357
2681 4.280349 0.139169 2353,2657
2682 7.214927 0.199020 2353,2357,2668
2683 4.275399 0.166814 2672,2357
2686 4.485245 0.736629 2345,2675,2674,2677,2676,2361
2690 4.864315 0.828237 2675,2678,2679,2349,2680,2361
2694 4.892061 0.871401 2682,2676,2679,2353,2681,2361
2698 4.458479 0.827127 2682,2677,2680,2357,2361,2683
2702 1.953209 -1 2698,2686,2694,2361,2690
2704 3.902040 0.077318 1755,2405,2674
2705 7.459549 0.811138 2405,2675,2409
2706 7.158667 0.246980 2413,2405,2676
2707 7.297097 0.555149 2405,2677,2417
2708 6.817760 0.247546 2421,2686,2405
2709 3.880580 0.072603 2678,2409
2710 6.616351 0.240309 2679,2413,2409
2711 6.575359 0.146433 2680,2417,2409
2712 7.330988 0.231080 2421,2690,2409
2713 4.151245 0.128595 2413,2681
2714 7.334741 0.233360 2413,2682,2417
2715 7.192194 0.548390 2421,2413,2694
2716 4.130706 0.166472 2417,2683
2717 6.517191 0.243176 2421,2417,2698
2718 3.773799 0.365280 2421,2702
2721 4.540303 1.240320 2405,2708,2705,2704,2707,2706,2425
2725 5.093739 0.871012 2712,2710,2711,2709,2705,2425,2409
2729 4.981130 0.875743 2713,2710,2413,2714,2715,2706,2425
2733 4.464327 0.787065 2711,2716,2717,2714,2417,2707,2425
2737 4.459409 0.879036 2712,2717,2715,2421,2718,2425,2708
2741 2.116846 -1 2725,2737,2721,2733,2425,2729
2743 4.282593 0.132057 2704,1755,2462
2744 6.729862 0.541088 2705,2466,2462
2745 6.620183 0.203357 2706,2462,2470
2746 7.299523 0.048088 2707,2474,2462
2747 7.491406 0.204571 2708,2462,2478
2748 6.750416 0.036715 2482,2721,2462
2749 4.132090 0.135562 2466,2709
2750 6.588901 0.152642 2466,2710,2470
2751 6.696370 0.253827 2711,2466,2474
2752 7.277041 0.040076 2712,2466,2478
2753 7.376301 0.201975 2466,2482,2725
2754 3.824871 0.148790 2713,2470
2755 7.222366 0.146835 2474,2714,2470
2756 6.684245 0.204777 2715,2470,2478
2757 7.385594 0.202822 2482,2729,2470
2758 3.784911 0.058058 2474,2716
2759 6.653682 0.202222 2474,2717,2478
2760 6.549797 0.442912 2474,2482,2733
2761 3.785319 0.424384 2718,2478
2762 7.746080 0.205664 2737,2482,2478
2763 3.831262 0.419171 2741,2482
2766 4.520702 0.830900 2462,2486,2743,2745,2744,2747,2746,2748
2770 4.882470 0.879077 2466,2486,2752,2753,2750,2751,2749,2744
2774 4.880798 0.837842 2470,2486,2756,2757,2754,2755,2745,2750
2778 4.683888 0.837020 2474,2486,2760,2755,2751,2746,2758,2759
2782 5.028946 0.826875 2486,2762,2761,2478,2756,2752,2747,2759
2786 4.540376 0.833319 2757,2486,2762,2760,2482,2763,2753,2748
2790 2.057218 -1 2778,2770,2786,2782,2486,2774,2766
2792 4.280199 0.129138 2514,2743,1755
2793 6.451147 0.206564 2514,2518,2744
2794 6.700616 0.135674 2514,2745,2522
2795 7.379232 0.147659 2514,2526,2746
2796 7.413809 0.049949 2514,2530,2747
2797 6.856737 0.232833 2514,2748,2534
2798 6.609834 0.396830 2514,2538,2766
2799 4.107155 0.075661 2749,2518
2800 6.709338 0.202163 2518,2750,2522
2801 6.596041 0.205155 2526,2518,2751
2802 7.321757 0.321325 2752,2530,2518
2803 7.506663 0.206403 2518,2753,2534
2804 7.400420 0.141785 2770,2538,2518
2805 3.853012 0.114386 2754,2522
2806 7.399532 0.231704 2526,2755,2522
2807 6.497674 0.462433 2756,2530,2522
2808 7.491722 0.236308 2757,2534,2522
2809 7.554718 0.229083 2538,2774,2522
2810 4.243374 0.089046 2526,2758
2811 6.687384 0.245317 2530,2526,2759
2812 6.832548 0.205115 2526,2534,2760
2813 6.951307 0.201759 2778,2538,2526
2814 4.163171 0.127954 2530,2761
2815 7.558130 0.352605 2762,2530,2534
2816 7.465544 0.143601 2538,2530,2782
2817 3.957719 0.134036 2763,2534
2818 6.572242 0.039292 2538,2786,2534
2819 3.902174 0.084074 2538,2790
2822 4.552166 0.832573 2542,2514,2798,2792,2793,2796,2797,2794,2795
2826 5.001500 0.830252 2542,2799,2518,2803,2802,2793,2800,2801,2804
2830 4.999427 1.173566 2542,2522,2808,2809,2800,2806,2807,2794,2805
2834 4.881211 0.822902 2542,2526,2811,2810,2813,2812,2801,2806,2795
2838 5.265189 0.887289 2815,2542,2816,2811,2814,2802,2530,2796,2807
2842 4.515042 1.171045 2815,2542,2817,2812,2818,2808,2803,2797,2534
2846 4.495435 0.878436 2542,2816,2813,2819,2818,2538,2798,2809,2804
2850 2.010419 -1 2542,2846,2842,2838,2826,2834,2822,2830
2852 3.870364 0.122598 2792,2559,1755
2853 6.679112 0.246650 2559,2563,2793
2854 6.697006 0.609352 2559,2794,2567
2855 6.620865 0.286483 2559,2795,2571
2856 7.591135 0.536830 2559,2575,2796
2857 7.027819 0.199708 2559,2797,2579
2858 6.614249 0.247426 2559,2798,2583
2859 6.755470 0.191158 2587,2559,2822
2860 3.828621 0.126814 2563,2799
2861 6.535600 0.244044 2563,2800,2567
2862 7.218281 0.203653 2563,2801,2571
2863 7.515311 0.206505 2802,2563,2575
2864 7.431690 0.203651 2803,2563,2579
2865 7.455001 0.285020 2563,2583,2804
2866 7.384687 0.285674 2587,2563,2826
2867 3.792659 0.137489 2567,2805
2868 6.647165 0.247661 2806,2567,2571
2869 7.557361 0.511546 2575,2807,2567
2870 7.297830 0.200153 2808,2567,2579
2871 7.540038 0.213906 2809,2583,2567
2872 6.884086 0.220168 2587,2567,2830
2873 3.766827 0.129725 2810,2571
2874 6.723696 0.246648 2575,2811,2571
2875 6.549887 0.201977 2812,2571,2579
2876 7.417014 0.253606 2583,2813,2571
2877 7.318318 0.285871 2587,2834,2571
2878 4.280756 0.226230 2814,2575
2879 7.452607 0.035133 2815,2575,2579
2880 7.608928 0.545440 2816,2575,2583
2881 7.194885 0.289575 2587,2575,2838
2882 3.855245 0.090710 2817,2579
2883 6.532178 0.246035 2583,2818,2579
2884 7.251639 0.601618 2587,2842,2579
2885 4.233432 0.085909 2819,2583
2886 7.295922 0.264372 2587,2846,2583
2887 4.118941 0.480339 2587,2850
2890 4.817777 0.920017 2859,2858,2591,2559,2853,2852,2855,2854,2857,2856
2894 4.338118 0.833568 2860,2861,2862,2863,2864,2591,2866,2563,2853,2865
2898 4.537480 0.877383 2872,2871,2870,2591,2867,2868,2869,2854,2567,2861
2902 4.340835 0.917657 2873,2862,2877,2591,2875,2874,2868,2855,2571,2876
2906 4.772263 1.060564 2880,2881,2591,2874,2869,2879,2575,2878,2856,2863
2910 4.458853 0.908211 2882,2883,2870,2864,2591,2884,2579,2879,2857,2875
2914 4.833184 1.148841 2883,2880,2886,2591,2858,2865,2885,2871,2583,2876
2918 4.436179 0.826997 2587,2872,2881,2877,2591,2884,2866,2859,2886,2887
2922 1.988889 -1 2910,2902,2914,2591,2918,2894,2890,2906,2898
2924 3.816799 0.229498 2595,1755,2852
2925 6.577956 0.247797 2595,2853,2598
2926 6.634446 0.359911 2595,2601,2854
2927 6.511931 0.193045 2604,2595,2855
2928 7.360385 0.193494 2595,2607,2856
2929 6.592399 0.243938 2595,2857,2610
2930 6.737602 0.149908 2595,2613,2858
2931 7.640368 0.201496 2859,2616,2595
2932 6.616668 0.243858 2595,2890,2619
2933 3.799861 0.089944 2860,2598
2934 6.604435 0.247069 2861,2598,2601
2935 7.418875 0.200356 2604,2862,2598
2936 7.371585 0.201160 2607,2598,2863
2937 7.419613 0.244549 2864,2598,2610
2938 6.815682 0.384064 2598,2613,2865
2939 7.420016 0.284040 2616,2598,2866
2940 7.095495 0.034572 2894,2598,2619
2941 3.782383 0.175591 2601,2867
2942 6.880998 0.246490 2604,2868,2601
2943 7.495721 0.245069 2869,2607,2601
2944 7.301786 0.246956 2870,2601,2610
2945 7.415077 0.244886 2871,2613,2601
2946 6.740073 0.151936 2616,2601,2872
2947 7.165243 0.244563 2601,2619,2898
2948 3.772804 0.131516 2604,2873
2949 6.708978 0.251367 2604,2607,2874
2950 6.843915 0.250262 2604,2875,2610
2951 6.532239 0.177773 2604,2613,2876
2952 6.428593 0.244000 2604,2616,2877
2953 7.257866 0.202319 2604,2902,2619
2954 4.257325 0.130890 2607,2878
2955 7.209824 0.394690 2879,2607,2610
2956 7.190179 0.153725 2880,2607,2613
2957 6.503870 0.202400 2881,2616,2607
2958 7.053441 0.204054 2607,2906,2619
2959 3.954566 0.084342 2882,2610
2960 6.447752 0.286232 2883,2613,2610
2961 7.133087 0.147852 2616,2884,2610
2962 7.027227 0.247005 2910,2619,2610
2963 4.244155 0.141643 2613,2885
2964 6.419348 0.245574 2616,2613,2886
2965 6.192147 0.286044 2914,2613,2619
2966 4.003365 0.173349 2616,2887
2967 7.046901 0.189202 2918,2616,2619
2968 3.631314 0.469996 2922,2619
2971 4.363772 0.766893 2929,2623,2595,2932,2925,2924,2930,2931,2927,2926,2928
2975 4.267839 0.014217 2623,2938,2939,2936,2937,2934,2935,2598,2933,2925,2940
2979 4.309746 0.875421 2623,2601,2934,2926,2947,2946,2945,2944,2943,2942,2941
2983 4.212775 1.189284 2604,2623,2935,2927,2951,2949,2948,2950,2942,2952,2953
2987 4.566757 0.838200 2623,2607,2928,2936,2958,2949,2954,2955,2956,2957,2943
2991 4.119744 1.175194 2929,2623,2961,2960,2962,2937,2610,2959,2955,2944,2950
2995 4.650976 1.161657 2965,2623,2613,2960,2963,2964,2930,2938,2956,2951,2945
2999 4.237824 1.162690 2623,2967,2966,2961,2616,2939,2931,2964,2946,2957,2952
3003 4.159345 1.175893 2965,2623,2967,2962,2932,2968,2619,2958,2947,2953,2940
3007 1.962469 -1 2623,2999,2983,2991,2987,2995,2979,3003,2971,2975
