747
748
749
750
752
751
753
754
755
756
767
779
780
781
782
783
784
762,652 752
785
758,648 748
759,649 749
763,653 753
760,650 750
786
765,655 755
787
761,651 751
788
766,656 756
757,647 747
764,654 754
768,758 748 757 747
769,759 749 768 747
770,760 750 769 747
771,761 751 770 747
772,762 752 771 747
773,763 753 772 747
799
774,764 754 773 747
775,765 755 774 747
776,766 756 775 747
777,776 747 767
778,777 767 777 747
811
791,659 781
812
814
813
815
789,657 779
816
790,658 780
817
800,790 780 789 779
794,662 784
818
801,791 781 800 779
795,663 785
793,661 783
792,660 782
819
797,665 787
798,666 788
802,792 782 801 779
796,664 786
803,793 783 802 779
820
804,794 784 803 779
805,795 785 804 779
806,796 786 805 779
807,797 787 806 779
808,798 788 807 779
809,808 779 799
810,809 799 809 779
831
843
821,667 811
844
845
822,668 812
832,822 812 821 811
824,670 814
846
823,669 813
847
825,671 815
833,823 813 832 811
826,672 816
848
834,824 814 833 811
828,674 818
849
835,825 815 834 811
829,675 819
836,826 816 835 811
850
851
830,676 820
852
827,673 817
837,827 817 836 811
838,828 818 837 811
839,829 819 838 811
840,830 820 839 811
863
841,840 811 831
842,841 831 841 811
875
876
877
853,677 843
878
879
860,684 850
854,678 844
880
855,679 845
859,683 849
857,681 847
881
858,682 848
864,854 844 853 843
856,680 846
882
861,685 851
862,686 852
865,855 845 864 843
883
866,856 846 865 843
884
867,857 847 866 843
868,858 848 867 843
869,859 849 868 843
870,860 850 869 843
871,861 851 870 843
872,862 852 871 843
873,872 843 863
874,873 863 873 843
895
907
885,687 875
887,689 877
908
909
910
889,691 879
886,688 876
911
891,693 881
896,886 876 885 875
888,690 878
912
897,887 877 896 875
890,692 880
913
894,696 884
898,888 878 897 875
914
892,694 882
899,889 879 898 875
915
900,890 880 899 875
916
901,891 881 900 875
902,892 882 901 875
893,695 883
903,893 883 902 875
927
904,894 884 903 875
905,904 875 895
906,905 895 905 875
939
940
941
917,697 907
942
918,698 908
943
928,918 908 917 907
920,700 910
944
921,701 911
923,703 913
945
919,699 909
924,704 914
925,705 915
926,706 916
929,919 909 928 907
922,702 912
946
930,920 910 929 907
947
931,921 911 930 907
948
932,922 912 931 907
933,923 913 932 907
934,924 914 933 907
935,925 915 934 907
936,926 916 935 907
937,936 907 927
938,937 927 937 907
959
971
972
973
974
975
952,710 942
976
949,707 939
977
950,708 940
960,950 940 949 939
954,712 944
951,709 941
978
955,713 945
961,951 941 960 939
979
962,952 942 961 939
958,716 948
956,714 946
980
957,715 947
953,711 943
963,953 943 962 939
991
964,954 944 963 939
965,955 945 964 939
966,956 946 965 939
967,957 947 966 939
968,958 948 967 939
969,968 939 959
970,969 959 969 939
1003
1004
1005
1006
987,723 977
1007
1008
988,724 978
1009
1010
981,717 971
984,720 974
989,725 979
1011
982,718 972
990,726 980
983,719 973
1012
992,982 972 981 971
993,983 973 992 971
985,721 975
986,722 976
994,984 974 993 971
995,985 975 994 971
996,986 976 995 971
997,987 977 996 971
998,988 978 997 971
1023
999,989 979 998 971
1000,990 980 999 971
1001,1000 971 991
1002,1001 991 1001 971
1014,728 1004
1035
1036
1037
1038
1013,727 1003
1018,732 1008
1016,730 1006
1024,1014 1004 1013 1003
1039
1040
1041
1042
1017,731 1007
1043
1019,733 1009
1020,734 1010
1044
1022,736 1012
1015,729 1005
1021,735 1011
1025,1015 1005 1024 1003
1026,1016 1006 1025 1003
1027,1017 1007 1026 1003
1028,1018 1008 1027 1003
1029,1019 1009 1028 1003
1030,1020 1010 1029 1003
1031,1021 1011 1030 1003
1055
1032,1022 1012 1031 1003
1033,1032 1003 1023
1034,1033 1023 1033 1003
1067
1068,778 1067
1069,810 1068 1067
1045,737 1035
1050,742 1040
1046,738 1036
1070,842 1069 1067
1048,740 1038
1052,744 1042
1051,743 1041
1056,1046 1036 1045 1035
1049,741 1039
1071,874 1070 1067
1053,745 1043
1072,906 1071 1067
1073,938 1072 1067
1054,746 1044
1074,970 1073 1067
1075,1002 1074 1067
1047,739 1037
1076,1034 1075 1067
1057,1047 1037 1056 1035
1058,1048 1038 1057 1035
1059,1049 1039 1058 1035
1060,1050 1040 1059 1035
1061,1051 1041 1060 1035
1062,1052 1042 1061 1035
1063,1053 1043 1062 1035
1064,1054 1044 1063 1035
1065,1064 1035 1055
1066,1065 1055 1065 1035
1077,1066 1035 1076 1067
1078,1077 1067 1067
1079,1078 1067 1068
1080,778
1081,810
1082,842
1083,874
1084,906
1085,938
1086,970
1087,1002
1088,1034
1089,1066
1090,1079
1091,1069
1092,1070
1093,1071
1094,1072
1095,1073
1096,1074
1097,1075
1098,1076
1099,1077
1100,768
1101,800
1102,832
1103,864
1104,896
1105,928
1106,960
1107,992
1108,1024
1109,1056
1110,769
1111,801
1112,833
1113,865
1114,897
1115,929
1116,961
1117,993
1118,1025
1119,1057
1120,770
1121,802
1122,834
1123,866
1124,898
1125,930
1126,962
1127,994
1128,1026
1129,1058
1130,771
1131,803
1132,835
1133,867
1134,899
1135,931
1136,963
1137,995
1138,1027
1139,1059
1140,772
1141,804
1142,836
1143,868
1144,900
1145,932
1146,964
1147,996
1148,1028
1149,1060
1150,773
1151,805
1152,837
1153,869
1154,901
1155,933
1156,965
1157,997
1158,1029
1159,1061
1160,774
1161,806
1162,838
1163,870
1164,902
1165,934
1166,966
1167,998
1168,1030
1169,1062
1170,775
1171,807
1172,839
1173,871
1174,903
1175,935
1176,967
1177,999
1178,1031
1179,1063
1180,776
1181,808
1182,840
1183,872
1184,904
1185,936
1186,968
1187,1000
1188,1032
1189,1064
1190,1079
1191,1192
1192
