202
203
204
205
206
212
219
220
221
222
223
229
236
237
238
239
240
207,177 202
246
253
254
255
256
213,208 203 207 202
208,178 203
257
209,179 204
214,209 204 213 202
210,180 205
211,181 206
215,210 205 214 202
263
216,211 206 215 202
217,216 202 212
218,217 212 217 202
270
271
272
273
274
225,183 220
226,184 221
227,185 222
280
224,182 219
287
230,225 220 224 219
288,218 287
231,226 221 230 219
232,227 222 231 219
228,186 223
233,228 223 232 219
234,233 219 229
244,190 239
235,234 229 234 219
289,235 219 288 287
242,188 237
262,196 257
243,189 238
260,194 255
245,191 240
241,187 236
247,242 237 241 236
261,195 256
248,243 238 247 236
259,193 254
249,244 239 248 236
258,192 253
250,245 240 249 236
264,259 254 258 253
277,199 272
251,250 236 246
265,260 255 264 253
252,251 246 251 236
266,261 256 265 253
290,252 236 289 287
267,262 257 266 253
276,198 271
278,200 273
268,267 253 263
269,268 263 268 253
291,269 253 290 287
275,197 270
281,276 271 275 270
279,201 274
282,277 272 281 270
283,278 273 282 270
284,279 274 283 270
285,284 270 280
286,285 280 285 270
292,286 270 291 287
293,292 287 287
294,293 287 288
295,218
296,235
297,252
298,269
299,286
300,294
301,289
302,290
303,291
304,292
305,213
306,230
307,247
308,264
309,281
310,214
311,231
312,248
313,265
314,282
315,215
316,232
317,249
318,266
319,283
320,216
321,233
322,250
323,267
324,284
325,294
326,327
327
