2887
2888
2889
2890
2891
2892
2893
2894
2895
2896
2897
2898
2899
2900
2901
2902
2903
2904
2905
2906
2907,2487 2887
2908,2488 2888
2909,2489 2889
2910,2490 2890
2911,2491 2891
2912,2492 2892
2913,2493 2893
2914,2494 2894
2915,2495 2895
2916,2496 2896
2917,2497 2897
2918,2498 2898
2919,2499 2899
2920,2500 2900
2921,2501 2901
2922,2502 2902
2923,2503 2903
2924,2504 2904
2925,2505 2905
2926,2506 2906
2927
2928,2908 2907
2929,2909 2928 2907
2930,2910 2929 2928
2931,2911 2930 2928
2932,2912 2931 2928
2933,2913 2932 2928
2934,2914 2933 2928
2935,2915 2934 2928
2936,2916 2935 2928
2949
2937,2917 2936 2928
2950
2951
2938,2918 2937 2928
2952
2939,2919 2938 2928
2953
2940,2920 2939 2928
2954
2955
2941,2921 2940 2928
2956
2942,2922 2941 2928
2943,2923 2942 2928
2957
2958
2944,2924 2943 2928
2959
2945,2925 2944 2928
2960
2946,2926 2945 2928
2961
2947,2946 2928 2927
2962
2948,2947 2927 2947 2928
2963
2964
2965
2966
2967
2968
2969,2507 2949
2970,2508 2950
2971,2509 2951
2972,2510 2952
2973,2511 2953
2974,2512 2954
2975,2513 2955
2976,2514 2956
2977,2515 2957
2978,2516 2958
2979,2517 2959
2980,2518 2960
2981,2519 2961
2982,2520 2962
2983,2521 2963
2985,2523 2965
2984,2522 2964
2986,2524 2966
2987,2525 2967
2989
2988,2526 2968
2990,2970 2969
2991,2971 2990 2969
2992,2972 2991 2969
2993,2973 2992 2969
2994,2974 2993 2969
2995,2975 2994 2969
2996,2976 2995 2969
2997,2977 2996 2969
3011
2998,2978 2997 2969
3012
2999,2979 2998 2969
3013
3000,2980 2999 2969
3014
3001,2981 3000 2969
3015
3016
3002,2982 3001 2969
3017
3003,2983 3002 2969
3018
3004,2984 3003 2969
3019
3005,2985 3004 2969
3020
3021
3006,2986 3005 2969
3022
3007,2987 3006 2969
3023
3008,2988 3007 2969
3024
3009,3008 2969 2989
3025
3026
3010,3009 2989 3009 2969
3027
3028
3029
3030
3031,2527 3011
3032,2528 3012
3033,2529 3013
3034,2530 3014
3035,2531 3015
3036,2532 3016
3037,2533 3017
3038,2534 3018
3039,2535 3019
3040,2536 3020
3041,2537 3021
3042,2538 3022
3043,2539 3023
3044,2540 3024
3045,2541 3025
3046,2542 3026
3047,2543 3027
3048,2544 3028
3049,2545 3029
3050,2546 3030
3051
3052,3032 3031
3053,3033 3052 3031
3054,3034 3053 3052
3055,3035 3054 3052
3056,3036 3055 3052
3057,3037 3056 3052
3058,3038 3057 3052
3059,3039 3058 3052
3060,3040 3059 3052
3073
3061,3041 3060 3052
3074
3075
3062,3042 3061 3052
3076
3063,3043 3062 3052
3077
3064,3044 3063 3052
3065,3045 3064 3052
3078
3066,3046 3065 3052
3079
3067,3047 3066 3052
3080
3068,3048 3067 3052
3081
3069,3049 3068 3052
3082
3070,3050 3069 3052
3083
3071,3070 3052 3051
3084
3085
3072,3071 3051 3071 3052
3086
3087
3088
3089
3090
3091
3092
3093,2547 3073
3094,2548 3074
3095,2549 3075
3096,2550 3076
3097,2551 3077
3098,2552 3078
3099,2553 3079
3100,2554 3080
3101,2555 3081
3102,2556 3082
3103,2557 3083
3104,2558 3084
3105,2559 3085
3106,2560 3086
3107,2561 3087
3108,2562 3088
3109,2563 3089
3110,2564 3090
3111,2565 3091
3112,2566 3092
3113
3114,3094 3093
3115,3095 3114 3093
3116,3096 3115 3114
3117,3097 3116 3114
3118,3098 3117 3114
3119,3099 3118 3114
3120,3100 3119 3114
3121,3101 3120 3114
3122,3102 3121 3114
3135
3123,3103 3122 3114
3136
3124,3104 3123 3114
3137
3125,3105 3124 3114
3138
3126,3106 3125 3114
3139
3127,3107 3126 3114
3140
3128,3108 3127 3114
3141
3129,3109 3128 3114
3142
3130,3110 3129 3114
3143
3131,3111 3130 3114
3144
3132,3112 3131 3114
3145
3146
3133,3132 3114 3113
3147
3134,3133 3113 3133 3114
3148
3149
3150
3151
3152
3153
3154
3155,2567 3135
3156,2568 3136
3157,2569 3137
3158,2570 3138
3159,2571 3139
3160,2572 3140
3161,2573 3141
3162,2574 3142
3163,2575 3143
3164,2576 3144
3165,2577 3145
3166,2578 3146
3167,2579 3147
3168,2580 3148
3169,2581 3149
3170,2582 3150
3171,2583 3151
3172,2584 3152
3173,2585 3153
3174,2586 3154
3175
3176,3156 3155
3177,3157 3176 3155
3178,3158 3177 3176
3179,3159 3178 3176
3180,3160 3179 3176
3181,3161 3180 3176
3182,3162 3181 3176
3183,3163 3182 3176
3184,3164 3183 3176
3197
3185,3165 3184 3176
3198
3186,3166 3185 3176
3199
3187,3167 3186 3176
3200
3188,3168 3187 3176
3201
3189,3169 3188 3176
3202
3203
3190,3170 3189 3176
3204
3191,3171 3190 3176
3205
3192,3172 3191 3176
3206
3207
3193,3173 3192 3176
3208
3194,3174 3193 3176
3209
3195,3194 3176 3175
3210
3196,3195 3175 3195 3176
3211
3212
3213
3214
3215
3216
3217,2587 3197
3218,2588 3198
3219,2589 3199
3220,2590 3200
3221,2591 3201
3222,2592 3202
3223,2593 3203
3224,2594 3204
3225,2595 3205
3226,2596 3206
3227,2597 3207
3228,2598 3208
3229,2599 3209
3230,2600 3210
3231,2601 3211
3232,2602 3212
3233,2603 3213
3234,2604 3214
3235,2605 3215
3236,2606 3216
3237
3238,3218 3217
3239,3219 3238 3217
3240,3220 3239 3217
3241,3221 3240 3217
3242,3222 3241 3217
3243,3223 3242 3217
3244,3224 3243 3217
3245,3225 3244 3217
3246,3226 3245 3217
3259
3260
3247,3227 3246 3217
3248,3228 3247 3217
3261
3262
3249,3229 3248 3217
3250,3230 3249 3217
3263
3264
3251,3231 3250 3217
3265
3252,3232 3251 3217
3266
3253,3233 3252 3217
3254,3234 3253 3217
3267
3255,3235 3254 3217
3268
3269
3256,3236 3255 3217
3270
3257,3256 3217 3237
3271
3258,3257 3237 3257 3217
3272
3273
3274
3275
3276
3277
3278
3279,2607 3259
3280,2608 3260
3281,2609 3261
3282,2610 3262
3283,2611 3263
3284,2612 3264
3285,2613 3265
3286,2614 3266
3287,2615 3267
3288,2616 3268
3289,2617 3269
3290,2618 3270
3291,2619 3271
3292,2620 3272
3293,2621 3273
3294,2622 3274
3295,2623 3275
3296,2624 3276
3297,2625 3277
3299
3298,2626 3278
3300,3280 3279
3301,3281 3300 3279
3302,3282 3301 3279
3303,3283 3302 3279
3304,3284 3303 3279
3305,3285 3304 3279
3306,3286 3305 3279
3307,3287 3306 3279
3308,3288 3307 3279
3309,3289 3308 3279
3310,3290 3309 3279
3321
3311,3291 3310 3279
3322
3312,3292 3311 3279
3323
3313,3293 3312 3279
3324
3325
3314,3294 3313 3279
3326
3315,3295 3314 3279
3327
3316,3296 3315 3279
3328
3317,3297 3316 3279
3329
3330
3318,3298 3317 3279
3319,3318 3279 3299
3331
3320,3319 3299 3319 3279
3332
3333
3334
3335
3336
3337
3338
3339
3340
3341,2627 3321
3342,2628 3322
3343,2629 3323
3344,2630 3324
3345,2631 3325
3346,2632 3326
3347,2633 3327
3348,2634 3328
3349,2635 3329
3350,2636 3330
3351,2637 3331
3352,2638 3332
3353,2639 3333
3354,2640 3334
3355,2641 3335
3356,2642 3336
3357,2643 3337
3358,2644 3338
3359,2645 3339
3360,2646 3340
3361
3362,3342 3341
3363,3343 3362 3341
3364,3344 3363 3362
3365,3345 3364 3362
3366,3346 3365 3362
3367,3347 3366 3362
3368,3348 3367 3362
3369,3349 3368 3362
3370,3350 3369 3362
3383
3384
3371,3351 3370 3362
3385
3372,3352 3371 3362
3386
3373,3353 3372 3362
3387
3374,3354 3373 3362
3388
3375,3355 3374 3362
3389
3376,3356 3375 3362
3390
3377,3357 3376 3362
3391
3378,3358 3377 3362
3392
3393
3379,3359 3378 3362
3380,3360 3379 3362
3394
3395
3381,3380 3362 3361
3396
3382,3381 3361 3381 3362
3397
3398
3399
3400
3401
3402
3403,2647 3383
3404,2648 3384
3405,2649 3385
3406,2650 3386
3407,2651 3387
3409,2653 3389
3408,2652 3388
3410,2654 3390
3411,2655 3391
3412,2656 3392
3414,2658 3394
3413,2657 3393
3415,2659 3395
3416,2660 3396
3417,2661 3397
3418,2662 3398
3419,2663 3399
3420,2664 3400
3421,2665 3401
3422,2666 3402
3423
3424,3404 3403
3425,3405 3424 3403
3426,3406 3425 3424
3427,3407 3426 3424
3428,3408 3427 3424
3429,3409 3428 3424
3430,3410 3429 3424
3431,3411 3430 3424
3432,3412 3431 3424
3445
3433,3413 3432 3424
3446
3434,3414 3433 3424
3435,3415 3434 3424
3447
3448
3436,3416 3435 3424
3449
3437,3417 3436 3424
3438,3418 3437 3424
3450
3451
3439,3419 3438 3424
3452
3440,3420 3439 3424
3453
3441,3421 3440 3424
3454
3442,3422 3441 3424
3455
3443,3442 3424 3423
3456
3444,3443 3423 3443 3424
3457
3458
3459
3460
3461
3462
3463
3464
3465,2667 3445
3466,2668 3446
3467,2669 3447
3468,2670 3448
3469,2671 3449
3470,2672 3450
3471,2673 3451
3472,2674 3452
3473,2675 3453
3474,2676 3454
3475,2677 3455
3476,2678 3456
3477,2679 3457
3478,2680 3458
3479,2681 3459
3480,2682 3460
3481,2683 3461
3482,2684 3462
3483,2685 3463
3485
3484,2686 3464
3486,3466 3465
3487,3467 3486 3465
3488,3468 3487 3465
3489,3469 3488 3465
3490,3470 3489 3465
3491,3471 3490 3465
3492,3472 3491 3465
3493,3473 3492 3465
3494,3474 3493 3465
3507
3495,3475 3494 3465
3508
3509
3496,3476 3495 3465
3510
3497,3477 3496 3465
3511
3498,3478 3497 3465
3512
3499,3479 3498 3465
3513
3500,3480 3499 3465
3514
3501,3481 3500 3465
3515
3516
3502,3482 3501 3465
3517
3503,3483 3502 3465
3518
3504,3484 3503 3465
3519
3505,3504 3465 3485
3520
3506,3505 3485 3505 3465
3521
3522
3523
3524
3525
3526
3527,2687 3507
3528,2688 3508
3529,2689 3509
3530,2690 3510
3531,2691 3511
3532,2692 3512
3533,2693 3513
3534,2694 3514
3535,2695 3515
3536,2696 3516
3537,2697 3517
3538,2698 3518
3539,2699 3519
3540,2700 3520
3541,2701 3521
3542,2702 3522
3543,2703 3523
3544,2704 3524
3545,2705 3525
3546,2706 3526
3547
3548,3528 3527
3549,3529 3548 3527
3550,3530 3549 3548
3551,3531 3550 3548
3552,3532 3551 3548
3553,3533 3552 3548
3554,3534 3553 3548
3555,3535 3554 3548
3556,3536 3555 3548
3569
3557,3537 3556 3548
3570
3558,3538 3557 3548
3571
3559,3539 3558 3548
3572
3560,3540 3559 3548
3573
3561,3541 3560 3548
3574
3562,3542 3561 3548
3575
3563,3543 3562 3548
3576
3564,3544 3563 3548
3565,3545 3564 3548
3577
3566,3546 3565 3548
3578
3567,3566 3548 3547
3579
3580
3568,3567 3547 3567 3548
3581
3582
3583
3584
3585
3586
3587
3588
3589,2707 3569
3590,2708 3570
3591,2709 3571
3592,2710 3572
3593,2711 3573
3594,2712 3574
3595,2713 3575
3596,2714 3576
3597,2715 3577
3598,2716 3578
3599,2717 3579
3600,2718 3580
3601,2719 3581
3602,2720 3582
3603,2721 3583
3604,2722 3584
3605,2723 3585
3606,2724 3586
3607,2725 3587
3608,2726 3588
3609
3610,3590 3589
3611,3591 3610 3589
3612,3592 3611 3589
3613,3593 3612 3589
3614,3594 3613 3589
3615,3595 3614 3589
3616,3596 3615 3589
3617,3597 3616 3589
3618,3598 3617 3589
3631
3619,3599 3618 3589
3632
3620,3600 3619 3589
3621,3601 3620 3589
3633
3622,3602 3621 3589
3634
3623,3603 3622 3589
3635
3624,3604 3623 3589
3625,3605 3624 3589
3636
3637
3626,3606 3625 3589
3627,3607 3626 3589
3638
3639
3628,3608 3627 3589
3640
3629,3628 3589 3609
3630,3629 3609 3629 3589
3641
3642
3643
3644
3645
3646
3647
3648
3649
3650
3651,2727 3631
3652,2728 3632
3653,2729 3633
3654,2730 3634
3655,2731 3635
3656,2732 3636
3657,2733 3637
3658,2734 3638
3659,2735 3639
3660,2736 3640
3661,2737 3641
3662,2738 3642
3663,2739 3643
3664,2740 3644
3665,2741 3645
3666,2742 3646
3667,2743 3647
3668,2744 3648
3669,2745 3649
3670,2746 3650
3671
3672,3652 3651
3673,3653 3672 3651
3674,3654 3673 3651
3675,3655 3674 3651
3676,3656 3675 3651
3677,3657 3676 3651
3678,3658 3677 3651
3679,3659 3678 3651
3680,3660 3679 3651
3693
3681,3661 3680 3651
3682,3662 3681 3651
3694
3683,3663 3682 3651
3695
3696
3684,3664 3683 3651
3697
3685,3665 3684 3651
3698
3686,3666 3685 3651
3699
3687,3667 3686 3651
3700
3688,3668 3687 3651
3689,3669 3688 3651
3701
3690,3670 3689 3651
3702
3703
3691,3690 3651 3671
3704
3692,3691 3671 3691 3651
3705
3706
3707
3708
3709
3710
3711
3712
3713,2747 3693
3714,2748 3694
3715,2749 3695
3716,2750 3696
3717,2751 3697
3718,2752 3698
3719,2753 3699
3720,2754 3700
3721,2755 3701
3722,2756 3702
3723,2757 3703
3724,2758 3704
3725,2759 3705
3726,2760 3706
3727,2761 3707
3728,2762 3708
3729,2763 3709
3730,2764 3710
3731,2765 3711
3732,2766 3712
3733
3734,3714 3713
3735,3715 3734 3713
3736,3716 3735 3734
3737,3717 3736 3734
3738,3718 3737 3734
3739,3719 3738 3734
3740,3720 3739 3734
3741,3721 3740 3734
3742,3722 3741 3734
3743,3723 3742 3734
3755
3756
3744,3724 3743 3734
3757
3745,3725 3744 3734
3758
3746,3726 3745 3734
3759
3747,3727 3746 3734
3760
3748,3728 3747 3734
3761
3762
3749,3729 3748 3734
3763
3750,3730 3749 3734
3764
3751,3731 3750 3734
3765
3752,3732 3751 3734
3766
3753,3752 3734 3733
3767
3754,3753 3733 3753 3734
3768
3769
3770
3771
3772
3773
3774
3775,2767 3755
3776,2768 3756
3777,2769 3757
3778,2770 3758
3779,2771 3759
3780,2772 3760
3781,2773 3761
3782,2774 3762
3783,2775 3763
3784,2776 3764
3785,2777 3765
3786,2778 3766
3787,2779 3767
3788,2780 3768
3789,2781 3769
3790,2782 3770
3791,2783 3771
3792,2784 3772
3793,2785 3773
3795
3794,2786 3774
3796,3776 3775
3797,3777 3796 3775
3798,3778 3797 3775
3799,3779 3798 3775
3800,3780 3799 3775
3801,3781 3800 3775
3802,3782 3801 3775
3803,3783 3802 3775
3817
3804,3784 3803 3775
3818
3805,3785 3804 3775
3819
3806,3786 3805 3775
3820
3807,3787 3806 3775
3821
3808,3788 3807 3775
3809,3789 3808 3775
3822
3810,3790 3809 3775
3823
3824
3811,3791 3810 3775
3825
3812,3792 3811 3775
3826
3813,3793 3812 3775
3814,3794 3813 3775
3827
3828
3815,3814 3775 3795
3829
3816,3815 3795 3815 3775
3830
3831
3832
3833
3834
3835
3836
3837,2787 3817
3838,2788 3818
3839,2789 3819
3840,2790 3820
3841,2791 3821
3842,2792 3822
3843,2793 3823
3844,2794 3824
3845,2795 3825
3846,2796 3826
3847,2797 3827
3848,2798 3828
3849,2799 3829
3850,2800 3830
3851,2801 3831
3852,2802 3832
3853,2803 3833
3854,2804 3834
3855,2805 3835
3856,2806 3836
3857
3858,3838 3837
3859,3839 3858 3837
3860,3840 3859 3837
3861,3841 3860 3837
3862,3842 3861 3837
3863,3843 3862 3837
3864,3844 3863 3837
3865,3845 3864 3837
3879
3866,3846 3865 3837
3880
3867,3847 3866 3837
3881
3882
3868,3848 3867 3837
3883
3869,3849 3868 3837
3884
3870,3850 3869 3837
3885
3871,3851 3870 3837
3886
3872,3852 3871 3837
3887
3888
3873,3853 3872 3837
3874,3854 3873 3837
3889
3890
3875,3855 3874 3837
3891
3876,3856 3875 3837
3892
3877,3876 3837 3857
3878,3877 3857 3877 3837
3893
3894
3895
3896
3897
3898
3899,2807 3879
3900,2808 3880
3901,2809 3881
3902,2810 3882
3903,2811 3883
3904,2812 3884
3905,2813 3885
3906,2814 3886
3907,2815 3887
3908,2816 3888
3909,2817 3889
3910,2818 3890
3911,2819 3891
3912,2820 3892
3913,2821 3893
3914,2822 3894
3915,2823 3895
3916,2824 3896
3917,2825 3897
3918,2826 3898
3919
3920,3900 3899
3921,3901 3920 3899
3922,3902 3921 3920
3923,3903 3922 3920
3924,3904 3923 3920
3925,3905 3924 3920
3926,3906 3925 3920
3927,3907 3926 3920
3928,3908 3927 3920
3929,3909 3928 3920
3941
3942
3930,3910 3929 3920
3943
3931,3911 3930 3920
3944
3932,3912 3931 3920
3945
3933,3913 3932 3920
3946
3934,3914 3933 3920
3947
3935,3915 3934 3920
3936,3916 3935 3920
3948
3949
3937,3917 3936 3920
3950
3938,3918 3937 3920
3951
3939,3938 3920 3919
3952
3940,3939 3919 3939 3920
3953
3954
3955
3956
3957
3958
3959
3960
3961,2827 3941
3962,2828 3942
3963,2829 3943
3964,2830 3944
3965,2831 3945
3966,2832 3946
3967,2833 3947
3968,2834 3948
3969,2835 3949
3970,2836 3950
3971,2837 3951
3972,2838 3952
3973,2839 3953
3974,2840 3954
3975,2841 3955
3976,2842 3956
3977,2843 3957
3978,2844 3958
3979,2845 3959
3980,2846 3960
3981
3982,3962 3961
3983,3963 3982 3961
3984,3964 3983 3961
3985,3965 3984 3961
3986,3966 3985 3961
3987,3967 3986 3961
3988,3968 3987 3961
3989,3969 3988 3961
3990,3970 3989 3961
3991,3971 3990 3961
4003
3992,3972 3991 3961
4004
3993,3973 3992 3961
4005
3994,3974 3993 3961
4006
3995,3975 3994 3961
4007
3996,3976 3995 3961
4008
3997,3977 3996 3961
4009
3998,3978 3997 3961
4010
3999,3979 3998 3961
4011
4000,3980 3999 3961
4012
4001,4000 3961 3981
4013
4002,4001 3981 4001 3961
4014
4015
4016
4017
4018
4019
4020
4021
4022
4023,2847 4003
4024,2848 4004
4025,2849 4005
4026,2850 4006
4027,2851 4007
4028,2852 4008
4029,2853 4009
4030,2854 4010
4031,2855 4011
4032,2856 4012
4033,2857 4013
4034,2858 4014
4035,2859 4015
4036,2860 4016
4037,2861 4017
4038,2862 4018
4039,2863 4019
4040,2864 4020
4041,2865 4021
4042,2866 4022
4043
4044,4024 4023
4045,4025 4044 4023
4046,4026 4045 4044
4047,4027 4046 4044
4048,4028 4047 4044
4049,4029 4048 4044
4050,4030 4049 4044
4051,4031 4050 4044
4052,4032 4051 4044
4053,4033 4052 4044
4065
4054,4034 4053 4044
4055,4035 4054 4044
4066
4067
4056,4036 4055 4044
4068
4057,4037 4056 4044
4069
4058,4038 4057 4044
4070
4059,4039 4058 4044
4071
4060,4040 4059 4044
4072
4061,4041 4060 4044
4073
4062,4042 4061 4044
4074
4063,4062 4044 4043
4075
4064,4063 4043 4063 4044
4076
4077
4078
4079
4080
4081
4082
4083
4084
4085,2867 4065
4086,2868 4066
4087,2869 4067
4088,2870 4068
4089,2871 4069
4090,2872 4070
4091,2873 4071
4092,2874 4072
4093,2875 4073
4094,2876 4074
4095,2877 4075
4096,2878 4076
4097,2879 4077
4098,2880 4078
4099,2881 4079
4100,2882 4080
4101,2883 4081
4102,2884 4082
4103,2885 4083
4104,2886 4084
4105
4106,4086 4085
4107,4087 4106 4085
4108,4088 4107 4106
4109,4089 4108 4106
4110,4090 4109 4106
4111,4091 4110 4106
4112,4092 4111 4106
4113,4093 4112 4106
4114,4094 4113 4106
4115,4095 4114 4106
4116,4096 4115 4106
4127
4128,2948 4127
4117,4097 4116 4106
4129,3010 4128
4118,4098 4117 4106
4119,4099 4118 4106
4130,3072 4129
4120,4100 4119 4106
4131,3134 4130
4121,4101 4120 4106
4132,3196 4131
4133,3258 4132
4122,4102 4121 4106
4134,3320 4133
4123,4103 4122 4106
4135,3382 4134
4124,4104 4123 4106
4125,4124 4106 4105
4136,3444 4135
4126,4125 4105 4125 4106
4137,3506 4136
4138,3568 4137
4139,3630 4138
4140,3692 4139
4141,3754 4140
4142,3816 4141
4143,3878 4142
4144,3940 4143
4145,4002 4144
4146,4064 4145
4147,4126 4106 4146
4148,4147
4149,4148 4128
4150,2948
4151,3010
4152,3072
4153,3134
4154,3196
4155,3258
4156,3320
4157,3382
4158,3444
4159,3506
4160,3568
4161,3630
4162,3692
4163,3754
4164,3816
4165,3878
4166,3940
4167,4002
4168,4064
4169,4126
4170,4149
4171,4129
4172,4130
4173,4131
4174,4132
4175,4133
4176,4134
4177,4135
4178,4136
4179,4137
4180,4138
4181,4139
4182,4140
4183,4141
4184,4142
4185,4143
4186,4144
4187,4145
4188,4146
4189,4147
4190,2928
4191,2990
4192,3052
4193,3114
4194,3176
4195,3238
4196,3300
4197,3362
4198,3424
4199,3486
4200,3548
4201,3610
4202,3672
4203,3734
4204,3796
4205,3858
4206,3920
4207,3982
4208,4044
4209,4106
4210,2929
4211,2991
4212,3053
4213,3115
4214,3177
4215,3239
4216,3301
4217,3363
4218,3425
4219,3487
4220,3549
4221,3611
4222,3673
4223,3735
4224,3797
4225,3859
4226,3921
4227,3983
4228,4045
4229,4107
4230,2930
4231,2992
4232,3054
4233,3116
4234,3178
4235,3240
4236,3302
4237,3364
4238,3426
4239,3488
4240,3550
4241,3612
4242,3674
4243,3736
4244,3798
4245,3860
4246,3922
4247,3984
4248,4046
4249,4108
4250,2931
4251,2993
4252,3055
4253,3117
4254,3179
4255,3241
4256,3303
4257,3365
4258,3427
4259,3489
4260,3551
4261,3613
4262,3675
4263,3737
4264,3799
4265,3861
4266,3923
4267,3985
4268,4047
4269,4109
4270,2932
4271,2994
4272,3056
4273,3118
4274,3180
4275,3242
4276,3304
4277,3366
4278,3428
4279,3490
4280,3552
4281,3614
4282,3676
4283,3738
4284,3800
4285,3862
4286,3924
4287,3986
4288,4048
4289,4110
4290,2933
4291,2995
4292,3057
4293,3119
4294,3181
4295,3243
4296,3305
4297,3367
4298,3429
4299,3491
4300,3553
4301,3615
4302,3677
4303,3739
4304,3801
4305,3863
4306,3925
4307,3987
4308,4049
4309,4111
4310,2934
4311,2996
4312,3058
4313,3120
4314,3182
4315,3244
4316,3306
4317,3368
4318,3430
4319,3492
4320,3554
4321,3616
4322,3678
4323,3740
4324,3802
4325,3864
4326,3926
4327,3988
4328,4050
4329,4112
4330,2935
4331,2997
4332,3059
4333,3121
4334,3183
4335,3245
4336,3307
4337,3369
4338,3431
4339,3493
4340,3555
4341,3617
4342,3679
4343,3741
4344,3803
4345,3865
4346,3927
4347,3989
4348,4051
4349,4113
4350,2936
4351,2998
4352,3060
4353,3122
4354,3184
4355,3246
4356,3308
4357,3370
4358,3432
4359,3494
4360,3556
4361,3618
4362,3680
4363,3742
4364,3804
4365,3866
4366,3928
4367,3990
4368,4052
4369,4114
4370,2937
4371,2999
4372,3061
4373,3123
4374,3185
4375,3247
4376,3309
4377,3371
4378,3433
4379,3495
4380,3557
4381,3619
4382,3681
4383,3743
4384,3805
4385,3867
4386,3929
4387,3991
4388,4053
4389,4115
4390,2938
4391,3000
4392,3062
4393,3124
4394,3186
4395,3248
4396,3310
4397,3372
4398,3434
4399,3496
4400,3558
4401,3620
4402,3682
4403,3744
4404,3806
4405,3868
4406,3930
4407,3992
4408,4054
4409,4116
4410,2939
4411,3001
4412,3063
4413,3125
4414,3187
4415,3249
4416,3311
4417,3373
4418,3435
4419,3497
4420,3559
4421,3621
4422,3683
4423,3745
4424,3807
4425,3869
4426,3931
4427,3993
4428,4055
4429,4117
4430,2940
4431,3002
4432,3064
4433,3126
4434,3188
4435,3250
4436,3312
4437,3374
4438,3436
4439,3498
4440,3560
4441,3622
4442,3684
4443,3746
4444,3808
4445,3870
4446,3932
4447,3994
4448,4056
4449,4118
4450,2941
4451,3003
4452,3065
4453,3127
4454,3189
4455,3251
4456,3313
4457,3375
4458,3437
4459,3499
4460,3561
4461,3623
4462,3685
4463,3747
4464,3809
4465,3871
4466,3933
4467,3995
4468,4057
4469,4119
4470,2942
4471,3004
4472,3066
4473,3128
4474,3190
4475,3252
4476,3314
4477,3376
4478,3438
4479,3500
4480,3562
4481,3624
4482,3686
4483,3748
4484,3810
4485,3872
4486,3934
4487,3996
4488,4058
4489,4120
4490,2943
4491,3005
4492,3067
4493,3129
4494,3191
4495,3253
4496,3315
4497,3377
4498,3439
4499,3501
4500,3563
4501,3625
4502,3687
4503,3749
4504,3811
4505,3873
4506,3935
4507,3997
4508,4059
4509,4121
4510,2944
4511,3006
4512,3068
4513,3130
4514,3192
4515,3254
4516,3316
4517,3378
4518,3440
4519,3502
4520,3564
4521,3626
4522,3688
4523,3750
4524,3812
4525,3874
4526,3936
4527,3998
4528,4060
4529,4122
4530,2945
4531,3007
4532,3069
4533,3131
4534,3193
4535,3255
4536,3317
4537,3379
4538,3441
4539,3503
4540,3565
4541,3627
4542,3689
4543,3751
4544,3813
4545,3875
4546,3937
4547,3999
4548,4061
4549,4123
4550,2946
4551,3008
4552,3070
4553,3132
4554,3194
4555,3256
4556,3318
4557,3380
4558,3442
4559,3504
4560,3566
4561,3628
4562,3690
4563,3752
4564,3814
4565,3876
4566,3938
4567,4000
4568,4062
4569,4124
4570,4149
4571,4572
4572
