3927
3928,3929
3929,3321
3931
3926,3321 3916
3932,3933
3933,3322
3935
3936,3937
3937,3323
3930,3322 3926 3916 3917
3939
3934,3323 3926 3918
3940,3941
3941,3324
3943
3938,3324 3926 3919
3944,3945
3945,3325
3947
3942,3325 3926 3920
3948,3949
3949,3326
3951
3946,3326 3926 3921
3952,3953
3953,3327
3955
3950,3327 3926 3922
3956,3957
3957,3328
3959
3960,3961
3954,3328 3926 3923
3961,3329
3963
3958,3329 3926 3924
3964,3965
3965,3330
3966
3967,3968
3968,3926
3962,3330 3926 3925
3970
3971,3972
3972,3421
3974
3969,3421 3930
3975,3976
3976,3422
3978
3973,3422 3969 3930 3934
3979,3980
3980,3423
3982
3977,3423 3969 3938
3983,3984
3984,3424
3986
3981,3424 3969 3942
3987,3988
3988,3425
3990
3985,3425 3969 3946
3991,3992
3992,3426
3994
3989,3426 3969 3950
3995,3996
3996,3427
3998
3993,3427 3969 3954
3999,4000
4000,3428
4002
3997,3428 3969 3958
4003,4004
4004,3429
4005
4006,4007
4007,3969
4001,3429 3969 3962
4009
4010,4011
4011,3502
4013
4008,3502 3973
4014,4015
4015,3503
4017
4018,4019
4012,3503 4008 3973 3977
4019,3504
4021
4016,3504 4008 3981
4022,4023
4023,3505
4025
4020,3505 4008 3985
4026,4027
4027,3506
4029
4024,3506 4008 3989
4030,4031
4031,3507
4033
4028,3507 4008 3993
4034,4035
4035,3508
4037
4032,3508 4008 3997
4038,4039
4039,3509
4040
4041,4042
4042,4008
4036,3509 4008 4001
4044
4045,4046
4046,3566
4048
4043,3566 4012
4049,4050
4050,3567
4052
4053,4054
4047,3567 4043 4012 4016
4054,3568
4056
4051,3568 4043 4020
4057,4058
4058,3569
4060
4055,3569 4043 4024
4061,4062
4062,3570
4064
4059,3570 4043 4028
4065,4066
4066,3571
4068
4063,3571 4043 4032
4069,4070
4070,3572
4071
4072,4073
4073,4043
4067,3572 4043 4036
4075
4076,4077
4077,3615
4079
4074,3615 4047
4080,4081
4081,3616
4083
4084,4085
4078,3616 4074 4047 4051
4085,3617
4087
4082,3617 4074 4055
4088,4089
4089,3618
4091
4086,3618 4074 4059
4092,4093
4093,3619
4095
4090,3619 4074 4063
4096,4097
4097,3620
4098
4099,4100
4100,4074
4094,3620 4074 4067
4102
4103,4104
4104,3651
4106
4101,3651 4078
4107,4108
4108,3652
4110
4111,4112
4112,3653
4105,3652 4101 4078 4082
4114
4115,4116
4116,3654
4109,3653 4101 4086
4118
4113,3654 4101 4090
4119,4120
4120,3655
4121
4122,4123
4123,4101
4117,3655 4101 4094
4125
4126,4127
4127,3676
4129
4124,3676 4105
4130,4131
4131,3677
4133
4128,3677 4124 4105 4109
4134,4135
4135,3678
4137
4132,3678 4124 4113
4138,4139
4139,3679
4140
4141,4142
4142,4124
4136,3679 4124 4117
4144
4145,4146
4146,3692
4148
4143,3692 4128
4149,4150
4150,3693
4152
4153,4154
4154,3694
4155
4147,3693 4143 4128 4132
4156,4157
4157,4143
4151,3694 4143 4136
4159
4160,4161
4161,3701
4163
4158,3701 4147
4164,4165
4165,3702
4166
4167,4168
4168,4158
4170
4162,3702 4158 4147 4151
4171,4172
4172,3705
4173
4177
4178,4179
4174,4175
4179,3705
4175,4169 4162
4169,3705 4162 4151
4181,4162 4167
4182
4183,4184
4176,3705 4174 4162
4184,3703
4186,4151 4156 4147
4187
4188,4189
4189,3698
4180,3703 4176 4174 4181 4158
4191,4136 4141 4132 4128
4185,3698 4176 4186 4143
4192
4193,4194
4194,3688
4190,3688 4176 4191 4124
4196,4117 4122 4113 4109 4105
4197
4198,4199
4199,3671
4195,3671 4176 4196 4101
4201,4094 4099 4090 4086 4082 4078
4202
4203,4204
4204,3645
4206,4067 4072 4063 4059 4055 4051 4047
4200,3645 4176 4201 4074
4207
4208,4209
4209,3608
4205,3608 4176 4206 4043
4211,4036 4041 4032 4028 4024 4020 4016 4012
4212
4213,4214
4214,3558
4210,3558 4176 4211 4008
4216,4001 4006 3997 3993 3989 3985 3981 3977 3973
4217
4218,4219
4219,3493
4215,3493 4176 4216 3969
4221,3962 3967 3958 3954 3950 3946 3942 3938 3934 3930
4222
4223,4224
4224,3411
4225
4226,4227
4227,4176
4220,3411 4176 4221 3926
4229
4230,4231
4231,3701
4233
4228,3701 4180
4234,4235
4235,3695
4237
4238,4239
4232,3695 4228 4180 4185
4239,3684
4241
4236,3684 4228 4190
4242,4243
4243,3666
4245
4240,3666 4228 4195
4246,4247
4247,3639
4249
4244,3639 4228 4200
4250,4251
4251,3601
4253
4248,3601 4228 4205
4254,4255
4255,3550
4257
4252,3550 4228 4210
4258,4259
4259,3484
4261
4256,3484 4228 4215
4262,4263
4263,3401
4264
4265,4266
4266,4228
4260,3401 4228 4220
4268
4269,4270
4270,3692
4272
4267,3692 4232
4273,4274
4274,3680
4276
4277,4278
4271,3680 4267 4232 4236
4278,3661
4280
4275,3661 4267 4240
4281,4282
4282,3633
4284
4279,3633 4267 4244
4285,4286
4286,3594
4288
4283,3594 4267 4248
4289,4290
4290,3542
4292
4287,3542 4267 4252
4293,4294
4294,3475
4296
4297,4298
4291,3475 4267 4256
4298,3391
4299
4300,4301
4301,4267
4295,3391 4267 4260
4303
4304,4305
4305,3676
4302,3676 4271
4307
4308,4309
4309,3656
4311
4306,3656 4302 4271 4275
4312,4313
4313,3627
4315
4310,3627 4302 4279
4316,4317
4317,3587
4319
4314,3587 4302 4283
4320,4321
4321,3534
4323
4318,3534 4302 4287
4324,4325
4325,3466
4327
4322,3466 4302 4291
4328,4329
4329,3381
4330
4331,4332
4332,4302
4326,3381 4302 4295
4334
4335,4336
4336,3651
4338
4333,3651 4306
4339,4340
4340,3621
4342
4343,4344
4337,3621 4333 4306 4310
4344,3580
4346
4341,3580 4333 4314
4347,4348
4348,3526
4350
4345,3526 4333 4318
4351,4352
4352,3457
4354
4355,4356
4349,3457 4333 4322
4356,3371
4357
4358,4359
4359,4333
4353,3371 4333 4326
4361
4362,4363
4363,3615
4365
4360,3615 4337
4366,4367
4367,3573
4369
4370,4371
4364,3573 4360 4337 4341
4371,3518
4373
4368,3518 4360 4345
4374,4375
4375,3448
4377
4372,3448 4360 4349
4378,4379
4379,3361
4380
4381,4382
4382,4360
4376,3361 4360 4353
4384
4385,4386
4386,3566
4388
4383,3566 4364
4389,4390
4390,3510
4392
4393,4394
4394,3439
4387,3510 4383 4364 4368
4396
4391,3439 4383 4372
4397,4398
4398,3351
4399
4400,4401
4401,4383
4395,3351 4383 4376
4403
4404,4405
4405,3502
4407
4402,3502 4387
4408,4409
4409,3430
4411
4406,3430 4402 4387 4391
4412,4413
4413,3341
4414
4415,4416
4416,4402
4410,3341 4402 4395
4418
4419,4420
4420,3421
4417,3421 4406
4422
4423,4424
4424,3331
4425
4426,4427
4427,4417
4429
4421,3331 4417 4406 4410
4430,4431
4431,3321
4432
4433,4434
4434,4428 4421
4428,3321 4421 4410
4436,3321
4435,4436
4438,3322
4437,4438
4440,3323
4439,4440
4442,3324
4441,4442
4444,3325
4443,4444
4446,3326
4445,4446
4448,3327
4447,4448
4450,3328
4449,4450
4452,3329
4451,4452
4454,3330
4453,4454
4456,3331
4455,4456
4458,3421
4457,4458
4460,3422
4459,4460
4462,3423
4461,4462
4464,3424
4463,4464
4466,3425
4465,4466
4468,3426
4467,4468
4470,3427
4469,4470
4472,3428
4471,4472
4474,3429
4473,4474
4476,3341
4475,4476
4478,3430
4477,4478
4480,3502
4479,4480
4482,3503
4481,4482
4484,3504
4483,4484
4486,3505
4485,4486
4488,3506
4487,4488
4490,3507
4489,4490
4492,3508
4491,4492
4494,3509
4493,4494
4496,3351
4495,4496
4498,3439
4497,4498
4500,3510
4499,4500
4502,3566
4501,4502
4504,3567
4503,4504
4506,3568
4505,4506
4508,3569
4507,4508
4510,3570
4509,4510
4512,3571
4511,4512
4514,3572
4513,4514
4516,3361
4515,4516
4518,3448
4517,4518
4520,3518
4519,4520
4522,3573
4521,4522
4524,3615
4523,4524
4526,3616
4525,4526
4528,3617
4527,4528
4530,3618
4529,4530
4532,3619
4531,4532
4534,3620
4533,4534
4536,3371
4535,4536
4538,3457
4537,4538
4540,3526
4539,4540
4542,3580
4541,4542
4544,3621
4543,4544
4546,3651
4545,4546
4548,3652
4547,4548
4550,3653
4549,4550
4552,3654
4551,4552
4554,3655
4553,4554
4556,3381
4555,4556
4558,3466
4557,4558
4560,3534
4559,4560
4562,3587
4561,4562
4564,3627
4563,4564
4566,3656
4565,4566
4568,3676
4567,4568
4570,3677
4569,4570
4572,3678
4571,4572
4574,3679
4573,4574
4576,3391
4575,4576
4578,3475
4577,4578
4580,3542
4579,4580
4582,3594
4581,4582
4584,3633
4583,4584
4586,3661
4585,4586
4588,3680
4587,4588
4590,3692
4589,4590
4592,3693
4591,4592
4594,3694
4593,4594
4596,3401
4595,4596
4598,3484
4597,4598
4600,3550
4599,4600
4602,3601
4601,4602
4604,3639
4603,4604
4606,3666
4605,4606
4608,3684
4607,4608
4610,3695
4609,4610
4612,3701
4611,4612
4614,3702
4613,4614
4616,3411
4615,4616
4618,3493
4617,4618
4620,3558
4619,4620
4622,3608
4621,4622
4624,3645
4623,4624
4626,3671
4625,4626
4628,3688
4627,4628
4630,3698
4629,4630
4632,3703
4631,4632
4634,3705
4633,4634
4636,4428
4635,4636
4638,4417
4637,4638
4640,4402
4639,4640
4642,4383
4641,4642
4644,4360
4643,4644
4646,4333
4645,4646
4648,4302
4647,4648
4650,4267
4649,4650
4652,4228
4651,4652
4654,4176
4653,4654
