3309,3209
3315,3309 3269
3310,3309 3209 3219
3311,3309 3209 3229
3312,3309 3209 3239
3313,3309 3209 3249
3316,3309 3279
3314,3309 3209 3259
3317,3309 3289
3318,3309 3299
3319,3309 3210
3320,3310 3319 3210 3220
3322,3312 3319 3210 3240
3323,3313 3319 3250
3321,3311 3319 3210 3230
3324,3314 3319 3260
3325,3315 3319 3270
3326,3316 3319 3280
3327,3317 3319 3290
3328,3318 3319 3300
3329,3309 3211
3336,3316 3329 3281
3330,3310 3329 3211 3221
3331,3311 3329 3211 3231
3332,3312 3329 3211 3241
3334,3314 3329 3211 3261
3333,3313 3329 3211 3251
3335,3315 3329 3211 3271
3337,3317 3329 3291
3338,3318 3329 3301
3339,3309 3212
3341,3311 3339 3232
3340,3310 3339 3212 3222
3342,3312 3339 3242
3343,3313 3339 3252
3344,3314 3339 3262
3345,3315 3339 3272
3346,3316 3339 3282
3347,3317 3339 3292
3348,3318 3339 3302
3349,3309 3213
3351,3311 3349 3213 3233
3356,3316 3349 3283
3350,3310 3349 3213 3223
3353,3313 3349 3213 3253
3352,3312 3349 3213 3243
3354,3314 3349 3213 3263
3355,3315 3349 3213 3273
3357,3317 3349 3293
3358,3318 3349 3303
3359,3309 3214
3360,3310 3359 3214 3224
3361,3311 3359 3214 3234
3362,3312 3359 3214 3244
3363,3313 3359 3254
3364,3314 3359 3264
3365,3315 3359 3274
3366,3316 3359 3284
3367,3317 3359 3294
3368,3318 3359 3304
3369,3309 3215
3370,3310 3369 3215 3225
3371,3311 3369 3215 3235
3372,3312 3369 3215 3245
3373,3313 3369 3255
3374,3314 3369 3265
3375,3315 3369 3275
3376,3316 3369 3285
3377,3317 3369 3295
3378,3318 3369 3305
3381,3311 3379 3216 3236
3380,3310 3379 3216 3226
3386,3316 3379 3286
3379,3309 3216
3382,3312 3379 3216 3246
3387,3317 3379 3296
3383,3313 3379 3216 3256
3384,3314 3379 3216 3266
3388,3318 3379 3306
3385,3315 3379 3216 3276
3389,3309 3217
3390,3310 3389 3217 3227
3391,3311 3389 3217 3237
3392,3312 3389 3217 3247
3393,3313 3389 3217 3257
3394,3314 3389 3267
3395,3315 3389 3277
3396,3316 3389 3287
3397,3317 3389 3297
3398,3318 3389 3307
3399,3309 3218
3400,3310 3399 3218 3228
3401,3311 3399 3218 3238
3402,3312 3399 3218 3248
3404,3314 3399 3268
3403,3313 3399 3218 3258
3405,3315 3399 3278
3406,3316 3399 3288
3407,3317 3399 3298
3408,3318 3399 3308
3409,3320
3414,3409 3325
3411,3409 3320 3322
3410,3409 3320 3321
3412,3409 3320 3323
3413,3409 3320 3324
3415,3409 3326
3416,3409 3327
3417,3409 3328
3418,3409 3330
3419,3410 3418 3330 3331
3422,3413 3418 3334
3420,3411 3418 3330 3332
3421,3412 3418 3330 3333
3423,3414 3418 3335
3424,3415 3418 3336
3425,3416 3418 3337
3426,3417 3418 3338
3427,3409 3340
3428,3410 3427 3340 3341
3429,3411 3427 3340 3342
3432,3414 3427 3345
3431,3413 3427 3340 3344
3430,3412 3427 3340 3343
3433,3415 3427 3346
3434,3416 3427 3347
3435,3417 3427 3348
3442,3415 3436 3356
3437,3410 3436 3350 3351
3436,3409 3350
3438,3411 3436 3350 3352
3439,3412 3436 3350 3353
3440,3413 3436 3350 3354
3443,3416 3436 3357
3441,3414 3436 3350 3355
3444,3417 3436 3358
3445,3409 3360
3446,3410 3445 3360 3361
3448,3412 3445 3360 3363
3449,3413 3445 3364
3447,3411 3445 3360 3362
3450,3414 3445 3365
3451,3415 3445 3366
3452,3416 3445 3367
3453,3417 3445 3368
3454,3409 3370
3455,3410 3454 3370 3371
3456,3411 3454 3370 3372
3457,3412 3454 3370 3373
3461,3416 3454 3377
3458,3413 3454 3370 3374
3459,3414 3454 3370 3375
3462,3417 3454 3378
3460,3415 3454 3370 3376
3463,3409 3380
3464,3410 3463 3380 3381
3466,3412 3463 3380 3383
3467,3413 3463 3384
3465,3411 3463 3380 3382
3468,3414 3463 3385
3469,3415 3463 3386
3470,3416 3463 3387
3471,3417 3463 3388
3473,3410 3472 3390 3391
3478,3415 3472 3396
3472,3409 3390
3474,3411 3472 3390 3392
3475,3412 3472 3390 3393
3479,3416 3472 3397
3476,3413 3472 3390 3394
3477,3414 3472 3390 3395
3480,3417 3472 3398
3481,3409 3400
3482,3410 3481 3400 3401
3485,3413 3481 3404
3483,3411 3481 3400 3402
3484,3412 3481 3400 3403
3486,3414 3481 3405
3487,3415 3481 3406
3488,3416 3481 3407
3489,3417 3481 3408
3490,3419
3491,3490 3419 3420
3495,3490 3424
3493,3490 3419 3422
3494,3490 3419 3423
3492,3490 3419 3421
3496,3490 3425
3497,3490 3426
3498,3490 3428
3499,3491 3498 3428 3429
3500,3492 3498 3428 3430
3502,3494 3498 3432
3501,3493 3498 3428 3431
3503,3495 3498 3433
3504,3496 3498 3434
3505,3497 3498 3435
3506,3490 3437
3510,3494 3506 3441
3509,3493 3506 3437 3440
3508,3492 3506 3437 3439
3507,3491 3506 3437 3438
3511,3495 3506 3442
3512,3496 3506 3443
3513,3497 3506 3444
3514,3490 3446
3518,3494 3514 3450
3515,3491 3514 3446 3447
3517,3493 3514 3446 3449
3516,3492 3514 3446 3448
3519,3495 3514 3451
3520,3496 3514 3452
3521,3497 3514 3453
3522,3490 3455
3523,3491 3522 3455 3456
3524,3492 3522 3455 3457
3528,3496 3522 3461
3525,3493 3522 3455 3458
3526,3494 3522 3455 3459
3527,3495 3522 3455 3460
3529,3497 3522 3462
3530,3490 3464
3531,3491 3530 3464 3465
3534,3494 3530 3468
3532,3492 3530 3464 3466
3533,3493 3530 3464 3467
3535,3495 3530 3469
3536,3496 3530 3470
3537,3497 3530 3471
3538,3490 3473
3539,3491 3538 3473 3474
3540,3492 3538 3473 3475
3541,3493 3538 3473 3476
3542,3494 3538 3477
3544,3496 3538 3479
3543,3495 3538 3478
3545,3497 3538 3480
3546,3490 3482
3550,3494 3546 3486
3547,3491 3546 3482 3483
3548,3492 3546 3482 3484
3549,3493 3546 3482 3485
3551,3495 3546 3487
3552,3496 3546 3488
3553,3497 3546 3489
3554,3499
3559,3554 3504
3555,3554 3499 3500
3558,3554 3499 3503
3556,3554 3499 3501
3560,3554 3505
3557,3554 3499 3502
3561,3554 3507
3562,3555 3500 3561 3507 3508
3565,3558 3561 3511
3564,3557 3502 3561 3507 3510
3563,3556 3501 3561 3507 3509
3566,3559 3561 3512
3567,3560 3561 3513
3568,3554 3515
3569,3555 3568 3515 3516
3572,3558 3568 3519
3570,3556 3568 3515 3517
3571,3557 3568 3515 3518
3573,3559 3568 3520
3574,3560 3568 3521
3575,3554 3523
3576,3555 3575 3523 3524
3577,3556 3575 3523 3525
3578,3557 3575 3523 3526
3579,3558 3575 3527
3580,3559 3575 3528
3581,3560 3575 3529
3582,3554 3531
3583,3555 3582 3531 3532
3586,3558 3582 3535
3587,3559 3582 3536
3585,3557 3582 3531 3534
3584,3556 3582 3531 3533
3588,3560 3582 3537
3589,3554 3539
3592,3557 3589 3542
3590,3555 3589 3539 3540
3591,3556 3589 3539 3541
3593,3558 3589 3543
3594,3559 3589 3544
3595,3560 3589 3545
3596,3554 3547
3597,3555 3596 3547 3548
3599,3557 3596 3550
3598,3556 3596 3547 3549
3600,3558 3596 3551
3601,3559 3596 3552
3602,3560 3596 3553
3603,3562
3608,3603 3567
3604,3603 3562 3563
3605,3603 3562 3564
3607,3603 3562 3566
3606,3603 3562 3565
3609,3603 3569
3610,3604 3563 3609 3569 3570
3611,3605 3564 3609 3569 3571
3613,3607 3609 3573
3612,3606 3565 3609 3569 3572
3614,3608 3609 3574
3615,3603 3576
3616,3604 3615 3576 3577
3617,3605 3615 3576 3578
3618,3606 3615 3576 3579
3619,3607 3615 3580
3620,3608 3615 3581
3621,3603 3583
3622,3604 3621 3583 3584
3623,3605 3621 3583 3585
3624,3606 3621 3583 3586
3625,3607 3621 3587
3626,3608 3621 3588
3627,3603 3590
3628,3604 3627 3590 3591
3629,3605 3627 3590 3592
3630,3606 3627 3590 3593
3631,3607 3627 3594
3632,3608 3627 3595
3633,3603 3597
3634,3604 3633 3597 3598
3635,3605 3633 3597 3599
3636,3606 3633 3597 3600
3638,3608 3633 3602
3637,3607 3633 3597 3601
3639,3610
3640,3639 3610 3611
3641,3639 3610 3612
3642,3639 3610 3613
3644,3639 3616
3643,3639 3610 3614
3645,3640 3611 3644 3616 3617
3646,3641 3612 3644 3616 3618
3648,3643 3614 3644 3620
3647,3642 3613 3644 3616 3619
3649,3639 3622
3650,3640 3649 3622 3623
3651,3641 3649 3622 3624
3652,3642 3649 3622 3625
3653,3643 3649 3626
3654,3639 3628
3655,3640 3654 3628 3629
3658,3643 3654 3632
3657,3642 3654 3628 3631
3656,3641 3654 3628 3630
3659,3639 3634
3660,3640 3659 3634 3635
3663,3643 3659 3638
3661,3641 3659 3634 3636
3662,3642 3659 3634 3637
3664,3645
3665,3664 3645 3646
3666,3664 3645 3647
3667,3664 3645 3648
3668,3664 3645 3650
3669,3665 3646 3668 3650 3651
3671,3667 3648 3668 3650 3653
3672,3664 3655
3670,3666 3647 3668 3650 3652
3673,3665 3672 3655 3656
3674,3666 3672 3655 3657
3675,3667 3672 3655 3658
3676,3664 3660
3679,3667 3676 3663
3677,3665 3676 3660 3661
3678,3666 3676 3660 3662
3680,3669
3681,3680 3669 3670
3682,3680 3669 3671
3686,3680 3677
3683,3680 3669 3673
3687,3681 3670 3686 3677 3678
3688,3682 3671 3686 3677 3679
3685,3682 3671 3683 3673 3675
3684,3681 3670 3683 3673 3674
3689,3684 3674
3691,3689 3674 3687 3678
3690,3689 3674 3685 3675
3692,3690 3675 3691 3678 3688 3679
3693,3692 3688
3695,3309
3694,3695
3697,3310
3696,3697
3699,3311
3698,3699
3701,3312
3700,3701
3703,3313
3702,3703
3705,3314
3704,3705
3707,3315
3706,3707
3709,3316
3708,3709
3711,3317
3710,3711
3713,3318
3712,3713
3715,3319
3714,3715
3717,3409
3716,3717
3719,3410
3718,3719
3721,3411
3720,3721
3723,3412
3722,3723
3725,3413
3724,3725
3727,3414
3726,3727
3729,3415
3728,3729
3731,3416
3730,3731
3733,3417
3732,3733
3735,3329
3734,3735
3737,3418
3736,3737
3739,3490
3738,3739
3741,3491
3740,3741
3743,3492
3742,3743
3745,3493
3744,3745
3747,3494
3746,3747
3749,3495
3748,3749
3751,3496
3750,3751
3753,3497
3752,3753
3755,3339
3754,3755
3757,3427
3756,3757
3759,3498
3758,3759
3761,3554
3760,3761
3763,3555
3762,3763
3765,3556
3764,3765
3767,3557
3766,3767
3769,3558
3768,3769
3771,3559
3770,3771
3773,3560
3772,3773
3775,3349
3774,3775
3777,3436
3776,3777
3779,3506
3778,3779
3781,3561
3780,3781
3783,3603
3782,3783
3785,3604
3784,3785
3787,3605
3786,3787
3789,3606
3788,3789
3791,3607
3790,3791
3793,3608
3792,3793
3795,3359
3794,3795
3797,3445
3796,3797
3799,3514
3798,3799
3801,3568
3800,3801
3803,3609
3802,3803
3805,3639
3804,3805
3807,3640
3806,3807
3809,3641
3808,3809
3811,3642
3810,3811
3813,3643
3812,3813
3815,3369
3814,3815
3817,3454
3816,3817
3819,3522
3818,3819
3821,3575
3820,3821
3823,3615
3822,3823
3825,3644
3824,3825
3827,3664
3826,3827
3829,3665
3828,3829
3831,3666
3830,3831
3833,3667
3832,3833
3835,3379
3834,3835
3837,3463
3836,3837
3839,3530
3838,3839
3841,3582
3840,3841
3843,3621
3842,3843
3845,3649
3844,3845
3847,3668
3846,3847
3849,3680
3848,3849
3851,3681
3850,3851
3853,3682
3852,3853
3855,3389
3854,3855
3857,3472
3856,3857
3859,3538
3858,3859
3861,3589
3860,3861
3863,3627
3862,3863
3865,3654
3864,3865
3867,3672
3866,3867
3869,3683
3868,3869
3871,3689
3870,3871
3873,3690
3872,3873
3875,3399
3874,3875
3877,3481
3876,3877
3879,3546
3878,3879
3881,3596
3880,3881
3883,3633
3882,3883
3885,3659
3884,3885
3887,3676
3886,3887
3889,3686
3888,3889
3891,3691
3890,3891
3893,3693
3892,3893
