3274,3275
3275,3264 3164
3264,3164
3330,3331
3331,3271 3171
3319,3320
3271,3264 3164 3171
3320,3269 3169
3269,3264 3164 3169
3334,3335
3335,3272 3172
3272,3264 3164 3172
3337,3338
3285,3286
3338,3273 3173
3273,3264 3164 3173
3286,3265 3165
3265,3264 3164 3165
3304,3305
3305,3267 3167
3267,3264 3164 3167
3312,3313
3313,3268 3168
3268,3264 3164 3168
3325,3326
3326,3270 3170
3270,3264 3164 3170
3295,3296
3296,3266 3166
3266,3264 3164 3166
3314,3269 3169 3219
3276,3265 3165 3175
3336,3273 3173 3263
3297,3267 3167 3197
3327,3271 3171 3241
3306,3268 3168 3208
3332,3272 3172 3252
3287,3266 3166 3186
3321,3270 3170 3230
3348,3349
3349,3339 3175
3339,3276 3175
3317,3269 3169 3272 3172 3222
3316,3269 3169 3271 3171 3221
3282,3265 3165 3271 3171 3181
3283,3265 3165 3272 3172 3182
3280,3265 3165 3269 3169 3179
3318,3269 3169 3273 3173 3223
3328,3271 3171 3272 3172 3242
3329,3271 3171 3273 3173 3243
3284,3265 3165 3273 3173 3183
3278,3265 3165 3267 3167 3177
3333,3272 3172 3273 3173 3253
3281,3265 3165 3270 3170 3180
3300,3267 3167 3270 3170 3200
3299,3267 3167 3269 3169 3199
3298,3267 3167 3268 3168 3198
3277,3265 3165 3266 3166 3176
3279,3265 3165 3268 3168 3178
3308,3268 3168 3270 3170 3210
3288,3266 3166 3267 3167 3187
3400,3401
3367,3368
3368,3341 3177
3401,3347 3183
3347,3339 3175 3284 3183
3341,3339 3175 3278 3177
3397,3398
3398,3346 3182
3346,3339 3175 3283 3182
3382,3383
3383,3343 3179
3343,3339 3175 3280 3179
3393,3394
3394,3345 3181
3345,3339 3175 3282 3181
3315,3269 3169 3270 3170 3220
3307,3268 3168 3269 3169 3209
3309,3268 3168 3271 3171 3211
3322,3270 3170 3271 3171 3231
3323,3270 3170 3272 3172 3232
3324,3270 3170 3273 3173 3233
3301,3267 3167 3271 3171 3201
3399,3347 3183 3336 3263
3377,3343 3179 3314 3219
3395,3346 3182 3332 3252
3360,3341 3177 3297 3197
3390,3345 3181 3327 3241
3388,3389
3389,3344 3180
3344,3339 3175 3281 3180
3358,3359
3359,3340 3176
3340,3339 3175 3277 3176
3375,3376
3376,3342 3178
3342,3339 3175 3279 3178
3311,3268 3168 3273 3173 3213
3310,3268 3168 3272 3172 3212
3303,3267 3167 3273 3173 3203
3302,3267 3167 3272 3172 3202
3289,3266 3166 3268 3168 3188
3384,3344 3180 3321 3230
3350,3340 3176 3287 3186
3369,3342 3178 3306 3208
3396,3346 3182 3347 3183 3333 3253
3290,3266 3166 3269 3169 3189
3291,3266 3166 3270 3170 3190
3362,3341 3177 3343 3179 3299 3199
3379,3343 3179 3345 3181 3316 3221
3364,3341 3177 3345 3181 3301 3201
3380,3343 3179 3346 3182 3317 3222
3410,3411
3411,3402 3186
3402,3350 3186
3292,3266 3166 3271 3171 3191
3391,3345 3181 3346 3182 3328 3242
3293,3266 3166 3272 3172 3192
3381,3343 3179 3347 3183 3318 3223
3392,3345 3181 3347 3183 3329 3243
3366,3341 3177 3347 3183 3303 3203
3374,3342 3178 3347 3183 3311 3213
3373,3342 3178 3346 3182 3310 3212
3365,3341 3177 3346 3182 3302 3202
3352,3340 3176 3342 3178 3289 3188
3363,3341 3177 3344 3180 3300 3200
3361,3341 3177 3342 3178 3298 3198
3378,3343 3179 3344 3180 3315 3220
3353,3340 3176 3343 3179 3290 3189
3354,3340 3176 3344 3180 3291 3190
3385,3344 3180 3345 3181 3322 3231
3387,3344 3180 3347 3183 3324 3233
3386,3344 3180 3346 3182 3323 3232
3370,3342 3178 3343 3179 3307 3209
3351,3340 3176 3341 3177 3288 3187
3355,3340 3176 3345 3181 3292 3191
3372,3342 3178 3345 3181 3309 3211
3356,3340 3176 3346 3182 3293 3192
3371,3342 3178 3344 3180 3308 3210
3294,3266 3166 3273 3173 3193
3427,3428
3428,3404 3188
3404,3402 3186 3352 3188
3440,3441
3441,3406 3190
3406,3402 3186 3354 3190
3434,3435
3435,3405 3189
3405,3402 3186 3353 3189
3421,3404 3188 3369 3208
3419,3420
3420,3403 3187
3403,3402 3186 3351 3187
3449,3450
3450,3408 3192
3408,3402 3186 3356 3192
3445,3446
3446,3407 3191
3407,3402 3186 3355 3191
3429,3405 3189 3377 3219
3436,3406 3190 3384 3230
3357,3340 3176 3347 3183 3294 3193
3412,3403 3187 3360 3197
3442,3407 3191 3390 3241
3447,3408 3192 3395 3252
3423,3404 3188 3406 3190 3371 3210
3430,3405 3189 3406 3190 3378 3220
3422,3404 3188 3405 3189 3370 3209
3461,3462
3462,3454 3197
3454,3412 3197
3415,3403 3187 3406 3190 3363 3200
3413,3403 3187 3404 3188 3361 3198
3414,3403 3187 3405 3189 3362 3199
3431,3405 3189 3407 3191 3379 3221
3432,3405 3189 3408 3192 3380 3222
3424,3404 3188 3407 3191 3372 3211
3438,3406 3190 3408 3192 3386 3232
3437,3406 3190 3407 3191 3385 3231
3425,3404 3188 3408 3192 3373 3212
3416,3403 3187 3407 3191 3364 3201
3417,3403 3187 3408 3192 3365 3202
3452,3453
3453,3409 3193
3409,3402 3186 3357 3193
3443,3407 3191 3408 3192 3391 3242
3451,3409 3193 3399 3263
3482,3483
3483,3457 3200
3457,3454 3197 3415 3200
3476,3477
3477,3456 3199
3456,3454 3197 3414 3199
3469,3470
3470,3455 3198
3455,3454 3197 3413 3198
3491,3492
3492,3459 3202
3459,3454 3197 3417 3202
3487,3488
3488,3458 3201
3458,3454 3197 3416 3201
3433,3405 3189 3409 3193 3381 3223
3448,3408 3192 3409 3193 3396 3253
3426,3404 3188 3409 3193 3374 3213
3439,3406 3190 3409 3193 3387 3233
3444,3407 3191 3409 3193 3392 3243
3418,3403 3187 3409 3193 3366 3203
3471,3456 3199 3429 3219
3478,3457 3200 3436 3230
3463,3455 3198 3421 3208
3489,3459 3202 3447 3252
3484,3458 3201 3442 3241
3502,3503
3503,3496 3208
3496,3463 3208
3472,3456 3199 3457 3200 3430 3220
3465,3455 3198 3457 3200 3423 3210
3464,3455 3198 3456 3199 3422 3209
3474,3456 3199 3459 3202 3432 3222
3480,3457 3200 3459 3202 3438 3232
3479,3457 3200 3458 3201 3437 3231
3467,3455 3198 3459 3202 3425 3212
3466,3455 3198 3458 3201 3424 3211
3473,3456 3199 3458 3201 3431 3221
3494,3495
3495,3460 3203
3460,3454 3197 3418 3203
3485,3458 3201 3459 3202 3443 3242
3493,3460 3203 3451 3263
3515,3516
3516,3498 3210
3498,3496 3208 3465 3210
3509,3510
3510,3497 3209
3497,3496 3208 3464 3209
3524,3525
3520,3521
3525,3500 3212
3521,3499 3211
3500,3496 3208 3467 3212
3499,3496 3208 3466 3211
3475,3456 3199 3460 3203 3433 3223
3481,3457 3200 3460 3203 3439 3233
3490,3459 3202 3460 3203 3448 3253
3486,3458 3201 3460 3203 3444 3243
3468,3455 3198 3460 3203 3426 3213
3511,3498 3210 3478 3230
3504,3497 3209 3471 3219
3522,3500 3212 3489 3252
3517,3499 3211 3484 3241
3534,3535
3535,3529 3219
3529,3504 3219
3505,3497 3209 3498 3210 3472 3220
3513,3498 3210 3500 3212 3480 3232
3512,3498 3210 3499 3211 3479 3231
3518,3499 3211 3500 3212 3485 3242
3506,3497 3209 3499 3211 3473 3221
3507,3497 3209 3500 3212 3474 3222
3527,3528
3528,3501 3213
3501,3496 3208 3468 3213
3526,3501 3213 3493 3263
3540,3541
3541,3530 3220
3530,3529 3219 3505 3220
3545,3546
3546,3531 3221
3531,3529 3219 3506 3221
3549,3550
3550,3532 3222
3532,3529 3219 3507 3222
3508,3497 3209 3501 3213 3475 3223
3523,3500 3212 3501 3213 3490 3253
3519,3499 3211 3501 3213 3486 3243
3514,3498 3210 3501 3213 3481 3233
3536,3530 3220 3511 3230
3542,3531 3221 3517 3241
3547,3532 3222 3522 3252
3558,3559
3559,3554 3230
3554,3536 3230
3537,3530 3220 3531 3221 3512 3231
3543,3531 3221 3532 3222 3518 3242
3538,3530 3220 3532 3222 3513 3232
3552,3553
3553,3533 3223
3533,3529 3219 3508 3223
3551,3533 3223 3526 3263
3563,3564
3564,3555 3231
3555,3554 3230 3537 3231
3567,3568
3568,3556 3232
3556,3554 3230 3538 3232
3539,3530 3220 3533 3223 3514 3233
3548,3532 3222 3533 3223 3523 3253
3544,3531 3221 3533 3223 3519 3243
3560,3555 3231 3542 3241
3565,3556 3232 3547 3252
3575,3576
3576,3572 3241
3572,3560 3241
3561,3555 3231 3556 3232 3543 3242
3570,3571
3571,3557 3233
3557,3554 3230 3539 3233
3569,3557 3233 3551 3263
3579,3580
3580,3573 3242
3573,3572 3241 3561 3242
3562,3555 3231 3557 3233 3544 3243
3566,3556 3232 3557 3233 3548 3253
3577,3573 3242 3565 3252
3586,3587
3587,3584 3252
3584,3577 3252
3582,3583
3583,3574 3243
3574,3572 3241 3562 3243
3581,3574 3243 3569 3263
3578,3573 3242 3574 3243 3566 3253
3589,3590
3590,3585 3253
3585,3584 3252 3578 3253
3588,3585 3253 3581 3263
3592,3593
3593,3591 3263
3591,3588 3263
3595,3264
3594,3595
3597,3074
3596,3597
3599,3084
3598,3599
3601,3094
3600,3601
3603,3104
3602,3603
3605,3114
3604,3605
3607,3124
3606,3607
3609,3134
3608,3609
3611,3144
3610,3611
3613,3154
3612,3613
3615,3265
3614,3615
3617,3339
3616,3617
3619,3085
3618,3619
3621,3095
3620,3621
3623,3105
3622,3623
3625,3115
3624,3625
3627,3125
3626,3627
3629,3135
3628,3629
3631,3145
3630,3631
3633,3155
3632,3633
3635,3266
3634,3635
3637,3340
3636,3637
3639,3402
3638,3639
3641,3096
3640,3641
3643,3106
3642,3643
3645,3116
3644,3645
3647,3126
3646,3647
3649,3136
3648,3649
3651,3146
3650,3651
3653,3156
3652,3653
3655,3267
3654,3655
3657,3341
3656,3657
3659,3403
3658,3659
3661,3454
3660,3661
3663,3107
3662,3663
3665,3117
3664,3665
3667,3127
3666,3667
3669,3137
3668,3669
3671,3147
3670,3671
3673,3157
3672,3673
3675,3268
3674,3675
3677,3342
3676,3677
3679,3404
3678,3679
3681,3455
3680,3681
3683,3496
3682,3683
3685,3118
3684,3685
3687,3128
3686,3687
3689,3138
3688,3689
3691,3148
3690,3691
3693,3158
3692,3693
3695,3269
3694,3695
3697,3343
3696,3697
3699,3405
3698,3699
3701,3456
3700,3701
3703,3497
3702,3703
3705,3529
3704,3705
3707,3129
3706,3707
3709,3139
3708,3709
3711,3149
3710,3711
3713,3159
3712,3713
3715,3270
3714,3715
3717,3344
3716,3717
3719,3406
3718,3719
3721,3457
3720,3721
3723,3498
3722,3723
3725,3530
3724,3725
3727,3554
3726,3727
3729,3140
3728,3729
3731,3150
3730,3731
3733,3160
3732,3733
3735,3271
3734,3735
3737,3345
3736,3737
3739,3407
3738,3739
3741,3458
3740,3741
3743,3499
3742,3743
3745,3531
3744,3745
3747,3555
3746,3747
3749,3572
3748,3749
3751,3151
3750,3751
3753,3161
3752,3753
3755,3272
3754,3755
3757,3346
3756,3757
3759,3408
3758,3759
3761,3459
3760,3761
3763,3500
3762,3763
3765,3532
3764,3765
3767,3556
3766,3767
3769,3573
3768,3769
3771,3584
3770,3771
3773,3162
3772,3773
3775,3273
3774,3775
3777,3347
3776,3777
3779,3409
3778,3779
3781,3460
3780,3781
3783,3501
3782,3783
3785,3533
3784,3785
3787,3557
3786,3787
3789,3574
3788,3789
3791,3585
3790,3791
3793,3591
3792,3793
