15417
15418,15419
15419,12616
15421
15422,15423
15423,12617
15425
15426,15427
15427,12618
15429
15416,12616 15396
15430,15431
15431,12619
15433
15434,15435
15435,12620
15437
15438,15439
15439,12621
15441
15442,15443
15443,12622
15445
15446,15447
15447,12623
15424,12618 15416 15396 15398
15428,12619 15416 15399
15449
15450,15451
15420,12617 15416 15396 15397
15432,12620 15416 15400
15451,12624
15453
15454,15455
15455,12625
15436,12621 15416 15401
15457
15458,15459
15459,12626
15440,12622 15416 15402
15461
15462,15463
15463,12627
15465
15466,15467
15444,12623 15416 15403
15467,12628
15448,12624 15416 15404
15469
15470,15471
15471,12629
15473
15456,12626 15416 15406
15474,15475
15475,12630
15452,12625 15416 15405
15477
15460,12627 15416 15407
15478,15479
15479,12631
15481
15482,15483
15483,12632
15464,12628 15416 15408
15485
15486,15487
15487,12633
15468,12629 15416 15409
15489
15490,15491
15491,12634
15472,12630 15416 15410
15493
15476,12631 15416 15411
15494,15495
15495,12635
15496
15497,15498
15498,15416
15500
15501,15502
15502,12866
15480,12632 15416 15412
15504
15484,12633 15416 15413
15505,15506
15506,12867
15508
15488,12634 15416 15414
15509,15510
15510,12868
15499,12866 15420
15512
15492,12635 15416 15415
15513,15514
15514,12869
15516
15517,15518
15518,12870
15520
15521,15522
15522,12871
15524
15525,15526
15526,12872
15528
15529,15530
15530,12873
15503,12867 15499 15420 15424
15507,12868 15499 15420 15428
15532
15533,15534
15534,12874
15511,12869 15499 15432
15536
15537,15538
15519,12871 15499 15440
15538,12875
15515,12870 15499 15436
15540
15523,12872 15499 15444
15541,15542
15542,12876
15544
15545,15546
15546,12877
15527,12873 15499 15448
15548
15531,12874 15499 15452
15549,15550
15550,12878
15552
15535,12875 15499 15456
15553,15554
15554,12879
15556
15557,15558
15558,12880
15539,12876 15499 15460
15560
15543,12877 15499 15464
15561,15562
15562,12881
15564
15565,15566
15547,12878 15499 15468
15566,12882
15568
15551,12879 15499 15472
15569,15570
15570,12883
15572
15555,12880 15499 15476
15573,15574
15574,12884
15575
15576,15577
15577,15499
15579
15559,12881 15499 15480
15580,15581
15581,13094
15583
15584,15585
15585,13095
15563,12882 15499 15484
15587
15567,12883 15499 15488
15588,15589
15589,13096
15578,13094 15503
15591
15571,12884 15499 15492
15592,15593
15593,13097
15595
15596,15597
15597,13098
15599
15600,15601
15601,13099
15603
15604,15605
15605,13100
15607
15582,13095 15578 15503 15507
15590,13097 15578 15515
15608,15609
15609,13101
15586,13096 15578 15503 15511
15611
15594,13098 15578 15519
15612,15613
15613,13102
15615
15598,13099 15578 15523
15616,15617
15617,13103
15619
15620,15621
15621,13104
15602,13100 15578 15527
15623
15624,15625
15625,13105
15606,13101 15578 15531
15627
15628,15629
15629,13106
15610,13102 15578 15535
15631
15632,15633
15633,13107
15614,13103 15578 15539
15635
15636,15637
15637,13108
15639
15618,13104 15578 15543
15640,15641
15622,13105 15578 15547
15641,13109
15643
15644,15645
15645,13110
15626,13106 15578 15551
15647
15630,13107 15578 15555
15648,15649
15649,13111
15650
15651,15652
15652,15578
15634,13108 15578 15559
15654
15655,15656
15656,13301
15638,13109 15578 15563
15658
15659,15660
15660,13302
15662
15642,13110 15578 15567
15663,15664
15664,13303
15653,13301 15582
15646,13111 15578 15571
15666
15667,15668
15668,13304
15670
15671,15672
15672,13305
15674
15675,15676
15676,13306
15678
15679,15680
15680,13307
15682
15657,13302 15653 15582 15586
15683,15684
15684,13308
15686
15665,13304 15653 15594
15687,15688
15661,13303 15653 15582 15590
15688,13309
15669,13305 15653 15598
15690
15691,15692
15692,13310
15673,13306 15653 15602
15694
15677,13307 15653 15606
15695,15696
15696,13311
15698
15681,13308 15653 15610
15699,15700
15700,13312
15702
15703,15704
15704,13313
15685,13309 15653 15614
15706
15707,15708
15708,13314
15710
15693,13311 15653 15622
15689,13310 15653 15618
15711,15712
15712,13315
15714
15715,15716
15697,13312 15653 15626
15716,13316
15718
15719,15720
15701,13313 15653 15630
15720,13317
15721
15722,15723
15723,15653
15705,13314 15653 15634
15725
15726,15727
15727,13488
15729
15709,13315 15653 15638
15730,15731
15731,13489
15733
15713,13316 15653 15642
15734,15735
15735,13490
15724,13488 15657
15737
15717,13317 15653 15646
15738,15739
15739,13491
15741
15742,15743
15743,13492
15745
15746,15747
15747,13493
15749
15750,15751
15751,13494
15753
15754,15755
15736,13491 15724 15669
15755,13495
15732,13490 15724 15657 15665
15757
15740,13492 15724 15673
15728,13489 15724 15657 15661
15758,15759
15759,13496
15761
15762,15763
15744,13493 15724 15677
15763,13497
15765
15766,15767
15767,13498
15748,13494 15724 15681
15769
15770,15771
15771,13499
15773
15752,13495 15724 15685
15756,13496 15724 15689
15774,15775
15775,13500
15777
15778,15779
15779,13501
15760,13497 15724 15693
15781
15782,15783
15783,13502
15785
15768,13499 15724 15701
15764,13498 15724 15697
15786,15787
15787,13503
15788
15789,15790
15790,15724
15772,13500 15724 15705
15792
15793,15794
15794,13656
15796
15776,13501 15724 15709
15797,15798
15798,13657
15800
15780,13502 15724 15713
15801,15802
15802,13658
15804
15784,13503 15724 15717
15805,15806
15791,13656 15728
15806,13659
15808
15809,15810
15810,13660
15812
15813,15814
15814,13661
15816
15817,15818
15818,13662
15820
15821,15822
15822,13663
15795,13657 15791 15728 15732
15824
15803,13659 15791 15728 15740
15799,13658 15791 15728 15736
15825,15826
15826,13664
15807,13660 15791 15744
15828
15829,15830
15830,13665
15832
15815,13662 15791 15752
15833,15834
15811,13661 15791 15748
15834,13666
15836
15837,15838
15838,13667
15840
15823,13664 15791 15760
15841,15842
15842,13668
15819,13663 15791 15756
15844
15827,13665 15791 15764
15845,15846
15846,13669
15848
15831,13666 15791 15768
15849,15850
15850,13670
15851
15852,15853
15853,15791
15835,13667 15791 15772
15855
15856,15857
15857,13806
15859
15860,15861
15861,13807
15843,13669 15791 15780
15839,13668 15791 15776
15863
15864,15865
15865,13808
15854,13806 15795
15847,13670 15791 15784
15867
15868,15869
15869,13809
15871
15872,15873
15873,13810
15875
15876,15877
15877,13811
15879
15880,15881
15881,13812
15862,13808 15854 15795 15803
15883
15858,13807 15854 15795 15799
15884,15885
15866,13809 15854 15807
15885,13813
15870,13810 15854 15811
15887
15888,15889
15889,13814
15891
15892,15893
15874,13811 15854 15815
15893,13815
15895
15896,15897
15897,13816
15878,13812 15854 15819
15899
15900,15901
15901,13817
15882,13813 15854 15823
15903
15904,15905
15905,13818
15907
15908,15909
15886,13814 15854 15827
15890,13815 15854 15831
15909,13819
15910
15911,15912
15912,15854
15894,13816 15854 15835
15914
15915,15916
15916,13939
15918
15898,13817 15854 15839
15919,15920
15920,13940
15922
15902,13818 15854 15843
15923,15924
15924,13941
15926
15906,13819 15854 15847
15927,15928
15913,13939 15858
15928,13942
15930
15931,15932
15932,13943
15934
15935,15936
15936,13944
15938
15939,15940
15940,13945
15942
15943,15944
15944,13946
15917,13940 15913 15858 15862
15946
15921,13941 15913 15858 15866
15947,15948
15948,13947
15925,13942 15913 15858 15870
15929,13943 15913 15874
15950
15951,15952
15952,13948
15933,13944 15913 15878
15954
15955,15956
15956,13949
15958
15937,13945 15913 15882
15959,15960
15960,13950
15962
15941,13946 15913 15886
15963,15964
15964,13951
15965
15966,15967
15945,13947 15913 15890
15967,15913
15949,13948 15913 15894
15969
15970,15971
15971,14056
15953,13949 15913 15898
15973
15974,15975
15975,14057
15957,13950 15913 15902
15977
15978,15979
15979,14058
15968,14056 15917
15981
15982,15983
15983,14059
15961,13951 15913 15906
15985
15986,15987
15987,14060
15989
15990,15991
15991,14061
15993
15994,15995
15995,14062
15997
15998,15999
15972,14057 15968 15917 15921
15999,14063
15976,14058 15968 15917 15925
16001
15980,14059 15968 15929
16002,16003
16003,14064
16005
16006,16007
15984,14060 15968 15933
15988,14061 15968 15937
16007,14065
16009
15992,14062 15968 15941
16010,16011
16011,14066
16013
16014,16015
16015,14067
16016
16017,16018
15996,14063 15968 15945
16018,15968
16000,14064 15968 15949
16020
16021,16022
16022,14158
16024
16004,14065 15968 15953
16025,16026
16026,14159
16028
16029,16030
16008,14066 15968 15957
16030,14160
16019,14158 15972
16012,14067 15968 15961
16032
16033,16034
16034,14161
16036
16037,16038
16038,14162
16040
16041,16042
16042,14163
16044
16045,16046
16046,14164
16048
16049,16050
16027,14160 16019 15972 15980
16023,14159 16019 15972 15976
16050,14165
16052
16053,16054
16031,14161 16019 15984
16054,14166
16035,14162 16019 15988
16056
16057,16058
16058,14167
16039,14163 16019 15992
16060
16061,16062
16062,14168
16063
16064,16065
16065,16019
16043,14164 16019 15996
16067
16068,16069
16069,14246
16047,14165 16019 16000
16071
16051,14166 16019 16004
16072,16073
16073,14247
16055,14167 16019 16008
16075
16076,16077
16077,14248
16066,14246 16023
16079
16059,14168 16019 16012
16080,16081
16081,14249
16083
16084,16085
16085,14250
16087
16088,16089
16089,14251
16091
16092,16093
16093,14252
16095
16078,14249 16066 16035
16074,14248 16066 16023 16031
16096,16097
16097,14253
16070,14247 16066 16023 16027
16099
16100,16101
16082,14250 16066 16039
16101,14254
16103
16086,14251 16066 16043
16104,16105
16105,14255
16106
16107,16108
16108,16066
16090,14252 16066 16047
16110
16111,16112
16112,14321
16114
16094,14253 16066 16051
16115,16116
16116,14322
16118
16119,16120
16120,14323
16109,14321 16070
16098,14254 16066 16055
16122
16102,14255 16066 16059
16123,16124
16124,14324
16126
16127,16128
16128,14325
16130
16131,16132
16132,14326
16134
16135,16136
16136,14327
16138
16113,14322 16109 16070 16074
16139,16140
16140,14328
16117,14323 16109 16070 16078
16121,14324 16109 16082
16142
16143,16144
16144,14329
16145
16125,14325 16109 16086
16146,16147
16147,16109
16149
16150,16151
16151,14384
16129,14326 16109 16090
16133,14327 16109 16094
16153
16154,16155
16155,14385
16157
16158,16159
16137,14328 16109 16098
16159,14386
16141,14329 16109 16102
16148,14384 16113
16161
16162,16163
16163,14387
16165
16166,16167
16167,14388
16169
16170,16171
16171,14389
16173
16174,16175
16175,14390
16177
16178,16179
16156,14386 16148 16113 16121
16179,14391
16180
16181,16182
16182,16148
16152,14385 16148 16113 16117
16160,14387 16148 16125
16184
16164,14388 16148 16129
16185,16186
16186,14436
16168,14389 16148 16133
16188
16189,16190
16190,14437
16192
16172,14390 16148 16137
16193,16194
16194,14438
16183,14436 16152
16196
16197,16198
16198,14439
16176,14391 16148 16141
16200
16201,16202
16202,14440
16204
16205,16206
16206,14441
16208
16209,16210
16210,14442
16211
16212,16213
16213,16183
16191,14438 16183 16152 16160
16215
16216,16217
16217,14478
16195,14439 16183 16164
16187,14437 16183 16152 16156
16219
16199,14440 16183 16168
16220,16221
16221,14479
16223
16203,14441 16183 16172
16224,16225
16225,14480
16227
16207,14442 16183 16176
16228,16229
16229,14481
16214,14478 16187 16156
16231
16232,16233
16233,14482
16235
16236,16237
16237,14483
16238
16239,16240
16240,16214
16242
16243,16244
16244,14511
16246
16247,16248
16248,14512
16250
16222,14480 16214 16187 16195
16218,14479 16214 16187 16191
16251,16252
16252,14513
16226,14481 16214 16187 16199
16254
16234,14483 16214 16207
16255,16256
16230,14482 16214 16203
16256,14514
16258
16259,16260
16260,14515
16261
16262,16263
16241,14511 16218 16191
16263,16241
16265
16266,16267
16267,14536
16269
16270,16271
16271,14537
16273
16274,16275
16275,14538
16277
16278,16279
16279,14539
16280
16284
16245,14512 16241 16191 16222 16195
16249,14513 16241 16191 16226 16199
16285,16286
16286,14554
16253,14514 16241 16191 16230 16203
16257,14515 16241 16191 16234
16288
16289,16290
16290,14555
16292
16293,16294
16294,14556
16295
16299
16281,16282
16282,16264 16222
16264,14536 16245 16222
16300,16301
16301,14566
16303
16304,16305
16305,14567
16306
16310
16311,16312
16312,14573
16313
16317
16318,16319
16319,14573
16322
16272,14538 16264 16222 16253 16230
16268,14537 16264 16222 16249 16226
16323,16324
16324,14567
16276,14539 16264 16222 16257 16234
16327
16328,16329
16329,14556
16331,16276 16268 16272 16281
16332
16296,16297
16297,16283 16226
16283,14554 16268 16226
16333,16334
16334,14539
16336,16257 16253 16249 16245 16262
16337
16338,16339
16339,14515
16341,16230 16234 16226 16222 16218 16239
16342
16343,16344
16344,14483
16346,16207 16203 16199 16187 16195 16191 16212
16347
16348,16349
16349,14442
16287,14555 16283 16226 16272 16253
16326,16296 16291 16287
16291,14556 16283 16226 16276 16257
16351,16176 16172 16168 16164 16160 16152 16181 16156
16352
16353,16354
16354,14391
16356,16141 16137 16133 16129 16146 16125 16121 16117 16113
16357
16358,16359
16359,14329
16307,16308
16308,16298 16253
16298,14566 16287 16253
16361,16102 16098 16094 16090 16107 16086 16082 16070 16074 16078
16362
16363,16364
16364,14255
16366,16059 16055 16051 16047 16043 16064 16039 16035 16031 16023 16027
16367
16368,16369
16369,14168
16371,16012 16008 16004 16000 15996 16017 15992 15988 15984 15980 15976 15972
16372
16373,16374
16374,14067
16321,16307 16302
16302,14567 16298 16253 16291 16257
16376,15961 15957 15953 15949 15945 15966 15941 15937 15933 15929 15925 15921 15917
16377
16378,16379
16379,13951
16381,15906 15902 15898 15894 15911 15890 15886 15882 15878 15874 15870 15866 15858 15862
16382
16383,16384
16384,13819
16314,16315
16315,16309 16257
16309,14573 16302 16257
16386,15847 15839 15843 15835 15852 15831 15827 15819 15823 15811 15815 15807 15799 15803 15795
16387
16388,16389
16389,13670
16391,15784 15780 15776 15772 15789 15764 15768 15760 15756 15752 15748 15744 15728 15740 15732 15736
16392
16393,16394
16394,13503
16396,15717 15713 15709 15705 15722 15701 15697 15689 15693 15685 15681 15677 15673 15669 15661 15665 15657
16397
16316,14573 16314 16257
16398,16399
16399,13317
16401,15646 15642 15638 15634 15651 15630 15626 15622 15618 15614 15610 15606 15602 15598 15594 15586 15590 15582
16402
16403,16404
16404,13111
16320,14567 16316 16257 16321 16253
16325,14556 16316 16257 16326 16226
16335,14515 16316 16257 16336 16241
16406,15571 15567 15563 15559 15576 15555 15551 15547 15543 15539 15535 15531 15527 15523 15515 15519 15511 15507 15503
16330,14539 16316 16257 16331 16264
16407
16408,16409
16409,12884
16340,14483 16316 16257 16341 16214
16411,15492 15488 15484 15480 15497 15476 15472 15468 15464 15460 15452 15456 15448 15444 15440 15436 15432 15420 15428 15424
16412
16413,16414
16414,12635
16415
16390,13503 16316 16257 16391 15724
16416,16417
16417,16316
16419
16420,16421
16421,14566
16423
16424,16425
16425,14555
16427
16428,16429
16429,14538
16395,13317 16316 16396 15653
16431
16385,13670 16316 16257 16386 15791
16432,16433
16433,14514
16435
16380,13819 16316 16257 16381 15854
16400,13111 16316 16401 15578
16436,16437
16437,14482
16375,13951 16316 16257 16376 15913
16439
16440,16441
16441,14441
16443
16444,16445
16445,14390
16370,14067 16316 16257 16371 15968
16418,14566 16320
16447
16448,16449
16449,14328
16451
16452,16453
16453,14254
16455
16456,16457
16457,14167
16365,14168 16316 16257 16366 16019
16459
16460,16461
16461,14066
16410,12635 16316 16411 15416
16463
16405,12884 16316 16406 15499
16464,16465
16465,13950
16360,14255 16316 16257 16361 16066
16467
16468,16469
16469,13818
16434,14482 16418 16320 16340
16355,14329 16316 16257 16356 16109
16471
16472,16473
16473,13669
16475
16476,16477
16477,13502
16479
16480,16481
16481,13316
16454,14167 16418 16365 16366
16483
16484,16485
16485,13110
16426,14538 16418 16320 16330
16430,14514 16418 16320 16335
16487
16488,16489
16489,12883
16450,14254 16418 16360 16361
16491
16422,14555 16418 16320 16325
16492,16493
16493,12634
16494
16495,16496
16496,16418
16498
16446,14328 16418 16355 16356
16499,16500
16500,14554
16502
16503,16504
16504,14537
16506
16507,16508
16508,14513
16482,13110 16418 16400
16510
16511,16512
16512,14481
16514
16515,16516
16470,13669 16418 16385
16516,14440
16518
16466,13818 16418 16380
16519,16520
16520,14389
16474,13502 16418 16390
16522
16523,16524
16524,14327
16478,13316 16418 16395
16526
16527,16528
16486,12883 16418 16405
16528,14253
16530
16531,16532
16532,14166
16534
16497,14554 16422
16535,16536
16536,14065
16458,14066 16418 16370
16538
16539,16540
16540,13949
16542
16543,16544
16544,13817
16546
16547,16548
16548,13668
16490,12634 16418 16410
16550
16462,13950 16418 16375
16551,16552
16350,14391 16316 16257 16351 16148
16552,13501
16554
16345,14442 16316 16257 16346 16183
16555,16556
16556,13315
16558
16559,16560
16529,14166 16497 16422 16454
16560,13109
16562
16533,14065 16497 16458 16370
16563,16564
16564,12882
16566
16567,16568
16568,12633
16569
16570,16571
16571,16497
16573
16574,16575
16575,14536
16577
16525,14253 16497 16422 16450
16578,16579
16537,13949 16497 16462 16375
16579,14512
16581
16582,16583
16583,14480
16442,14390 16418 16320 16350 16351
16585
16438,14441 16418 16320 16345 16346
16586,16587
16587,14439
16521,14327 16497 16422 16446
16589
16590,16591
16591,14388
16593
16549,13501 16497 16474
16594,16595
16595,14326
16597
16598,16599
16599,14252
16601
16602,16603
16603,14165
16557,13109 16497 16482
16605
16606,16607
16607,14064
16565,12633 16497 16490
16609
16610,16611
16611,13948
16613
16517,14389 16497 16422 16442 16351
16614,16615
16615,13816
16561,12882 16497 16486
16617
16618,16619
16513,14440 16497 16422 16438 16346
16619,13667
16621
16622,16623
16623,13500
16553,13315 16497 16478
16625
16626,16627
16627,13314
16629
16630,16631
16631,13108
16633
16509,14481 16497 16422 16434
16634,16635
16635,12881
16541,13817 16497 16466
16637
16638,16639
16639,12632
16640
16545,13668 16497 16470
16644
16645,16646
16646,14511
16505,14513 16497 16422 16430
16648
16501,14537 16497 16422 16426
16649,16650
16650,14479
16652
16653,16654
16654,14438
16656
16657,16658
16658,14387
16660
16661,16662
16662,14325
16664
16665,16666
16666,14251
16668
16669,16670
16670,14164
16641,16642
16642,16572 16426
16572,14536 16501 16426
16672
16673,16674
16674,14063
16676
16677,16678
16678,13947
16680
16681,16682
16682,13815
16684
16685,16686
16686,13666
16688
16689,16690
16690,13499
16692
16693,16694
16694,13313
16580,14480 16572 16426 16509 16434
16584,14439 16572 16426 16513 16346
16576,14512 16572 16426 16505 16430
16588,14388 16572 16426 16517 16442
16592,14326 16572 16426 16521
16696
16697,16698
16698,13107
16636,12632 16572 16426 16565
16700
16701,16702
16702,12880
16704
16705,16706
16706,12631
16707
16711
16712,16713
16713,14478
16715
16708,16709
16716,16717
16709,16643 16430
16643,14511 16576 16430
16717,14437
16719
16720,16721
16721,14386
16723
16724,16725
16725,14324
16632,12881 16572 16426 16561
16727
16728,16729
16628,13108 16572 16426 16557
16729,14250
16620,13500 16572 16426 16549
16731
16624,13314 16572 16426 16553
16616,13667 16572 16426 16545 16470
16732,16733
16733,14163
16735
16736,16737
16737,14062
16739
16740,16741
16741,13946
16743
16744,16745
16745,13814
16703,12631 16643 16430 16636
16747
16748,16749
16749,13665
16751
16752,16753
16753,13498
16699,12880 16643 16430 16632 16561
16755
16695,13107 16643 16430 16628 16557
16756,16757
16757,13312
16759
16683,13666 16643 16430 16616 16545
16687,13499 16643 16430 16620 16549
16760,16761
16761,13106
16691,13313 16643 16430 16624 16553
16763
16764,16765
16765,12879
16767
16768,16769
16769,12630
16770
16774
16659,14325 16643 16430 16592 16521
16775,16776
16776,14436
16778
16779,16780
16780,14385
16782
16783,16784
16784,14323
16786
16612,13816 16572 16426 16541 16466
16787,16788
16788,14249
16790
16608,13948 16572 16426 16537
16791,16792
16792,14162
16604,14064 16572 16426 16533
16600,14165 16572 16426 16529
16794
16596,14252 16572 16426 16525
16795,16796
16796,14061
16798
16799,16800
16800,13945
16802
16803,16804
16804,13813
16655,14387 16643 16430 16588 16517
16806
16807,16808
16808,13664
16810
16811,16812
16812,13497
16679,13815 16643 16430 16612 16541
16814
16815,16816
16816,13311
16818
16819,16820
16820,13105
16675,13947 16643 16430 16608 16537
16667,14164 16643 16430 16600 16529
16822
16671,14063 16643 16430 16604 16533
16823,16824
16824,12878
16663,14251 16643 16430 16596 16525
16826
16827,16828
16828,12629
16829
16651,14438 16643 16430 16584 16513
16833
16834,16835
16835,14384
16837
16838,16839
16839,14322
16841
16647,14479 16643 16430 16580 16509
16842,16843
16843,14248
16845
16846,16847
16847,14161
16849
16850,16851
16851,14060
16853
16854,16855
16855,13944
16857
16858,16859
16859,13812
16861
16862,16863
16863,13663
16865
16866,16867
16867,13496
16771,16772
16869
16772,16710 16580
16710,14478 16647 16580
16870,16871
16871,13310
16873
16874,16875
16875,13104
16877
16878,16879
16879,12877
16881
16882,16883
16883,12628
16884
16888
16889,16890
16890,14321
16892
16714,14437 16710 16580 16651 16584
16718,14386 16710 16580 16655 16588
16722,14324 16710 16580 16659 16592
16893,16894
16894,14247
16896
16730,14163 16710 16580 16667 16529
16897,16898
16898,14160
16726,14250 16710 16580 16663 16525
16900
16901,16902
16766,12630 16710 16580 16703
16902,14059
16904
16905,16906
16906,13943
16908
16909,16910
16910,13811
16912
16830,16831
16831,16773 16584
16773,14436 16714 16584
16913,16914
16914,13662
16916
16917,16918
16918,13495
16920
16762,12879 16710 16580 16699
16921,16922
16922,13309
16924
16758,13106 16710 16580 16695
16925,16926
16926,13103
16754,13312 16710 16580 16691 16624
16928
16746,13665 16710 16580 16683 16616
16929,16930
16750,13498 16710 16580 16687 16620
16930,12876
16932
16933,16934
16934,12627
16935
16939
16940,16941
16941,14246
16825,12629 16773 16584 16766 16703
16943
16944,16945
16945,14159
16947
16948,16949
16949,14058
16821,12878 16773 16584 16762 16699
16951
16952,16953
16953,13942
16955
16817,13105 16773 16584 16758 16695
16956,16957
16957,13810
16959
16805,13664 16773 16584 16746 16683
16813,13311 16773 16584 16754 16691
16960,16961
16961,13661
16963
16964,16965
16809,13497 16773 16584 16750 16687
16965,13494
16967
16968,16969
16789,14162 16773 16584 16730 16529
16969,13308
16971
16972,16973
16973,13102
16975
16976,16977
16785,14249 16773 16584 16726 16525
16977,12875
16979
16980,16981
16981,12626
16982
16781,14323 16773 16584 16722 16659
16986
16987,16988
16988,14158
16990
16777,14385 16773 16584 16718 16588
16742,13814 16710 16580 16679 16541
16991,16992
16992,14057
16994
16738,13946 16710 16580 16675 16537
16995,16996
16996,13941
16998
16734,14062 16710 16580 16671 16533
16999,17000
17000,13809
17002
17003,17004
17004,13660
17006
17007,17008
17008,13493
17010
16885,16886
16886,16832 16588
16832,14384 16777 16588
17011,17012
17012,13307
17014
17015,17016
17016,13101
17018
17019,17020
17020,12874
16801,13813 16773 16584 16742 16541
17022
17023,17024
17024,12625
17025
16797,13945 16773 16584 16738 16537
17029
16793,14061 16773 16584 16734 16533
17030,17031
17031,14056
17033
17034,17035
17035,13940
16840,14248 16832 16588 16785 16525
17037
16836,14322 16832 16588 16781 16659
17038,17039
17039,13808
17041
17042,17043
16880,12628 16832 16588 16825 16703
17043,13659
17045
17046,17047
17047,13492
17049
17050,17051
17051,13306
16856,13812 16832 16588 16801 16541
17053
17054,17055
16852,13944 16832 16588 16797 16537
17055,13100
17057
17058,17059
16848,14060 16832 16588 16793 16533
17059,12873
17061
17062,17063
16936,16937
17063,12624
16937,16887 16659
17064
16887,14321 16836 16659
17068
16876,12877 16832 16588 16821 16699
17069,17070
17070,13939
17072
16872,13104 16832 16588 16817 16695
17073,17074
17074,13807
17076
17077,17078
17078,13658
17080
17081,17082
17082,13491
17084
16868,13310 16832 16588 16813 16691
17085,17086
17086,13305
16864,13496 16832 16588 16809 16687
17088
17089,17090
17090,13099
16860,13663 16832 16588 16805 16683
17092
17093,17094
17094,12872
17096
16931,12627 16887 16659 16880 16703
17097,17098
17098,12623
17099
16927,12876 16887 16659 16876 16699
17103
16923,13103 16887 16659 16872 16695
17104,17105
17105,13806
17107
17108,17109
17109,13657
17111
17112,17113
17113,13490
17115
16919,13309 16887 16659 16868 16691
17116,17117
17117,13304
16915,13495 16887 16659 16864 16687
17119
17120,17121
17121,13098
17123
16911,13662 16887 16659 16860 16683
17124,17125
17125,12871
16907,13811 16887 16659 16856 16541
17127
17128,17129
17129,12622
17130
16903,13943 16887 16659 16852 16537
16844,14161 16832 16588 16789 16529
17134
17135,17136
17136,13656
17138
17139,17140
17140,13489
17142
17143,17144
17144,13303
16899,14059 16887 16659 16848 16533
17146
16891,14247 16887 16659 16840 16525
17147,17148
17148,13097
17150
17151,17152
17152,12870
17154
17155,17156
17156,12621
17157
17161
17162,17163
17163,13488
16895,14160 16887 16659 16844 16529
17165
17166,17167
17167,13302
17169
17170,17171
17171,13096
17173
17174,17175
16983,16984
17175,12869
16984,16938 16525
16938,14246 16891 16525
17177
17178,17179
17179,12620
17180
17184
17185,17186
17186,13301
17188
17189,17190
17190,13095
17192
17193,17194
17194,12868
17196
17197,17198
17198,12619
17199
16946,14058 16938 16525 16899 16533
17203
16942,14159 16938 16525 16895 16529
17204,17205
17205,13094
16954,13810 16938 16525 16907 16541
16950,13942 16938 16525 16903 16537
17207
16958,13661 16938 16525 16911 16683
17208,17209
17209,12867
16978,12626 16938 16525 16931 16703
17211
17212,17213
17213,12618
17214
17218
17219,17220
17220,12866
17222
17223,17224
17224,12617
17225
17229
17026,17027
17027,16985 16529
16985,14158 16942 16529
17230,17231
17231,12616
17232
16974,12875 16938 16525 16927 16699
16970,13102 16938 16525 16923 16695
16966,13308 16938 16525 16919 16691
16962,13494 16938 16525 16915 16687
16989,14057 16985 16529 16946 16533
17021,12625 16985 16529 16978 16703
17017,12874 16985 16529 16974 16699
17013,13101 16985 16529 16970 16695
17005,13493 16985 16529 16962 16687
17009,13307 16985 16529 16966 16691
17065,17066
17066,17028 16533
17028,14056 16989 16533
17001,13660 16985 16529 16958 16683
16997,13809 16985 16529 16954 16541
16993,13941 16985 16529 16950 16537
17044,13492 17028 16533 17005 16687
17060,12624 17028 16533 17021 16703
17048,13306 17028 16533 17009 16691
17040,13659 17028 16533 17001 16683
17032,13940 17028 16533 16993 16537
17036,13808 17028 16533 16997 16541
17056,12873 17028 16533 17017 16699
17052,13100 17028 16533 17013 16695
17100,17101
17101,17067 16537
17067,13939 17032 16537
17071,13807 17067 16537 17036 16541
17075,13658 17067 16537 17040 16683
17079,13491 17067 16537 17044 16687
17083,13305 17067 16537 17048 16691
17095,12623 17067 16537 17060 16703
17087,13099 17067 16537 17052 16695
17131,17132
17132,17102 16541
17102,13806 17071 16541
17091,12872 17067 16537 17056 16699
17106,13657 17102 16541 17075 16683
17114,13304 17102 16541 17083 16691
17110,13490 17102 16541 17079 16687
17118,13098 17102 16541 17087 16695
17126,12622 17102 16541 17095 16703
17122,12871 17102 16541 17091 16699
17158,17159
17159,17133 16683
17133,13656 17106 16683
17141,13303 17133 16683 17114 16691
17137,13489 17133 16683 17110 16687
17145,13097 17133 16683 17118 16695
17149,12870 17133 16683 17122 16699
17153,12621 17133 16683 17126 16703
17181,17182
17182,17160 16687
17160,13488 17137 16687
17164,13302 17160 16687 17141 16691
17168,13096 17160 16687 17145 16695
17176,12620 17160 16687 17153 16703
17172,12869 17160 16687 17149 16699
17200,17201
17201,17183 16691
17183,13301 17164 16691
17195,12619 17183 16691 17176 16703
17187,13095 17183 16691 17168 16695
17191,12868 17183 16691 17172 16699
17215,17216
17216,17202 16695
17202,13094 17187 16695
17210,12618 17202 16695 17195 16703
17206,12867 17202 16695 17191 16699
17226,17227
17227,17217 16699
17217,12866 17206 16699
17221,12617 17217 16699 17210 16703
17233,17234
17234,17228 16703
17228,12616 17221 16703
17236,12616
17235,17236
17238,11836
17237,17238
17240,11856
17239,17240
17242,11876
17241,17242
17244,11896
17243,17244
17246,11916
17245,17246
17248,11936
17247,17248
17250,11956
17249,17250
17252,11976
17251,17252
17254,11996
17253,17254
17256,12016
17255,17256
17258,12036
17257,17258
17260,12056
17259,17260
17262,12076
17261,17262
17264,12096
17263,17264
17266,12116
17265,17266
17268,12136
17267,17268
17270,12156
17269,17270
17272,12176
17271,17272
17274,12196
17273,17274
17276,12617
17275,17276
17278,12866
17277,17278
17280,11857
17279,17280
17282,11877
17281,17282
17284,11897
17283,17284
17286,11917
17285,17286
17288,11937
17287,17288
17290,11957
17289,17290
17292,11977
17291,17292
17294,11997
17293,17294
17296,12017
17295,17296
17298,12037
17297,17298
17300,12057
17299,17300
17302,12077
17301,17302
17304,12097
17303,17304
17306,12117
17305,17306
17308,12137
17307,17308
17310,12157
17309,17310
17312,12177
17311,17312
17314,12197
17313,17314
17316,12618
17315,17316
17318,12867
17317,17318
17320,13094
17319,17320
17322,11878
17321,17322
17324,11898
17323,17324
17326,11918
17325,17326
17328,11938
17327,17328
17330,11958
17329,17330
17332,11978
17331,17332
17334,11998
17333,17334
17336,12018
17335,17336
17338,12038
17337,17338
17340,12058
17339,17340
17342,12078
17341,17342
17344,12098
17343,17344
17346,12118
17345,17346
17348,12138
17347,17348
17350,12158
17349,17350
17352,12178
17351,17352
17354,12198
17353,17354
17356,12619
17355,17356
17358,12868
17357,17358
17360,13095
17359,17360
17362,13301
17361,17362
17364,11899
17363,17364
17366,11919
17365,17366
17368,11939
17367,17368
17370,11959
17369,17370
17372,11979
17371,17372
17374,11999
17373,17374
17376,12019
17375,17376
17378,12039
17377,17378
17380,12059
17379,17380
17382,12079
17381,17382
17384,12099
17383,17384
17386,12119
17385,17386
17388,12139
17387,17388
17390,12159
17389,17390
17392,12179
17391,17392
17394,12199
17393,17394
17396,12620
17395,17396
17398,12869
17397,17398
17400,13096
17399,17400
17402,13302
17401,17402
17404,13488
17403,17404
17406,11920
17405,17406
17408,11940
17407,17408
17410,11960
17409,17410
17412,11980
17411,17412
17414,12000
17413,17414
17416,12020
17415,17416
17418,12040
17417,17418
17420,12060
17419,17420
17422,12080
17421,17422
17424,12100
17423,17424
17426,12120
17425,17426
17428,12140
17427,17428
17430,12160
17429,17430
17432,12180
17431,17432
17434,12200
17433,17434
17436,12621
17435,17436
17438,12870
17437,17438
17440,13097
17439,17440
17442,13303
17441,17442
17444,13489
17443,17444
17446,13656
17445,17446
17448,11941
17447,17448
17450,11961
17449,17450
17452,11981
17451,17452
17454,12001
17453,17454
17456,12021
17455,17456
17458,12041
17457,17458
17460,12061
17459,17460
17462,12081
17461,17462
17464,12101
17463,17464
17466,12121
17465,17466
17468,12141
17467,17468
17470,12161
17469,17470
17472,12181
17471,17472
17474,12201
17473,17474
17476,12622
17475,17476
17478,12871
17477,17478
17480,13098
17479,17480
17482,13304
17481,17482
17484,13490
17483,17484
17486,13657
17485,17486
17488,13806
17487,17488
17490,11962
17489,17490
17492,11982
17491,17492
17494,12002
17493,17494
17496,12022
17495,17496
17498,12042
17497,17498
17500,12062
17499,17500
17502,12082
17501,17502
17504,12102
17503,17504
17506,12122
17505,17506
17508,12142
17507,17508
17510,12162
17509,17510
17512,12182
17511,17512
17514,12202
17513,17514
17516,12623
17515,17516
17518,12872
17517,17518
17520,13099
17519,17520
17522,13305
17521,17522
17524,13491
17523,17524
17526,13658
17525,17526
17528,13807
17527,17528
17530,13939
17529,17530
17532,11983
17531,17532
17534,12003
17533,17534
17536,12023
17535,17536
17538,12043
17537,17538
17540,12063
17539,17540
17542,12083
17541,17542
17544,12103
17543,17544
17546,12123
17545,17546
17548,12143
17547,17548
17550,12163
17549,17550
17552,12183
17551,17552
17554,12203
17553,17554
17556,12624
17555,17556
17558,12873
17557,17558
17560,13100
17559,17560
17562,13306
17561,17562
17564,13492
17563,17564
17566,13659
17565,17566
17568,13808
17567,17568
17570,13940
17569,17570
17572,14056
17571,17572
17574,12004
17573,17574
17576,12024
17575,17576
17578,12044
17577,17578
17580,12064
17579,17580
17582,12084
17581,17582
17584,12104
17583,17584
17586,12124
17585,17586
17588,12144
17587,17588
17590,12164
17589,17590
17592,12184
17591,17592
17594,12204
17593,17594
17596,12625
17595,17596
17598,12874
17597,17598
17600,13101
17599,17600
17602,13307
17601,17602
17604,13493
17603,17604
17606,13660
17605,17606
17608,13809
17607,17608
17610,13941
17609,17610
17612,14057
17611,17612
17614,14158
17613,17614
17616,12025
17615,17616
17618,12045
17617,17618
17620,12065
17619,17620
17622,12085
17621,17622
17624,12105
17623,17624
17626,12125
17625,17626
17628,12145
17627,17628
17630,12165
17629,17630
17632,12185
17631,17632
17634,12205
17633,17634
17636,12626
17635,17636
17638,12875
17637,17638
17640,13102
17639,17640
17642,13308
17641,17642
17644,13494
17643,17644
17646,13661
17645,17646
17648,13810
17647,17648
17650,13942
17649,17650
17652,14058
17651,17652
17654,14159
17653,17654
17656,14246
17655,17656
17658,12046
17657,17658
17660,12066
17659,17660
17662,12086
17661,17662
17664,12106
17663,17664
17666,12126
17665,17666
17668,12146
17667,17668
17670,12166
17669,17670
17672,12186
17671,17672
17674,12206
17673,17674
17676,12627
17675,17676
17678,12876
17677,17678
17680,13103
17679,17680
17682,13309
17681,17682
17684,13495
17683,17684
17686,13662
17685,17686
17688,13811
17687,17688
17690,13943
17689,17690
17692,14059
17691,17692
17694,14160
17693,17694
17696,14247
17695,17696
17698,14321
17697,17698
17700,12067
17699,17700
17702,12087
17701,17702
17704,12107
17703,17704
17706,12127
17705,17706
17708,12147
17707,17708
17710,12167
17709,17710
17712,12187
17711,17712
17714,12207
17713,17714
17716,12628
17715,17716
17718,12877
17717,17718
17720,13104
17719,17720
17722,13310
17721,17722
17724,13496
17723,17724
17726,13663
17725,17726
17728,13812
17727,17728
17730,13944
17729,17730
17732,14060
17731,17732
17734,14161
17733,17734
17736,14248
17735,17736
17738,14322
17737,17738
17740,14384
17739,17740
17742,12088
17741,17742
17744,12108
17743,17744
17746,12128
17745,17746
17748,12148
17747,17748
17750,12168
17749,17750
17752,12188
17751,17752
17754,12208
17753,17754
17756,12629
17755,17756
17758,12878
17757,17758
17760,13105
17759,17760
17762,13311
17761,17762
17764,13497
17763,17764
17766,13664
17765,17766
17768,13813
17767,17768
17770,13945
17769,17770
17772,14061
17771,17772
17774,14162
17773,17774
17776,14249
17775,17776
17778,14323
17777,17778
17780,14385
17779,17780
17782,14436
17781,17782
17784,12109
17783,17784
17786,12129
17785,17786
17788,12149
17787,17788
17790,12169
17789,17790
17792,12189
17791,17792
17794,12209
17793,17794
17796,12630
17795,17796
17798,12879
17797,17798
17800,13106
17799,17800
17802,13312
17801,17802
17804,13498
17803,17804
17806,13665
17805,17806
17808,13814
17807,17808
17810,13946
17809,17810
17812,14062
17811,17812
17814,14163
17813,17814
17816,14250
17815,17816
17818,14324
17817,17818
17820,14386
17819,17820
17822,14437
17821,17822
17824,14478
17823,17824
17826,12130
17825,17826
17828,12150
17827,17828
17830,12170
17829,17830
17832,12190
17831,17832
17834,12210
17833,17834
17836,12631
17835,17836
17838,12880
17837,17838
17840,13107
17839,17840
17842,13313
17841,17842
17844,13499
17843,17844
17846,13666
17845,17846
17848,13815
17847,17848
17850,13947
17849,17850
17852,14063
17851,17852
17854,14164
17853,17854
17856,14251
17855,17856
17858,14325
17857,17858
17860,14387
17859,17860
17862,14438
17861,17862
17864,14479
17863,17864
17866,14511
17865,17866
17868,12151
17867,17868
17870,12171
17869,17870
17872,12191
17871,17872
17874,12211
17873,17874
17876,12632
17875,17876
17878,12881
17877,17878
17880,13108
17879,17880
17882,13314
17881,17882
17884,13500
17883,17884
17886,13667
17885,17886
17888,13816
17887,17888
17890,13948
17889,17890
17892,14064
17891,17892
17894,14165
17893,17894
17896,14252
17895,17896
17898,14326
17897,17898
17900,14388
17899,17900
17902,14439
17901,17902
17904,14480
17903,17904
17906,14512
17905,17906
17908,14536
17907,17908
17910,12172
17909,17910
17912,12192
17911,17912
17914,12212
17913,17914
17916,12633
17915,17916
17918,12882
17917,17918
17920,13109
17919,17920
17922,13315
17921,17922
17924,13501
17923,17924
17926,13668
17925,17926
17928,13817
17927,17928
17930,13949
17929,17930
17932,14065
17931,17932
17934,14166
17933,17934
17936,14253
17935,17936
17938,14327
17937,17938
17940,14389
17939,17940
17942,14440
17941,17942
17944,14481
17943,17944
17946,14513
17945,17946
17948,14537
17947,17948
17950,14554
17949,17950
17952,12193
17951,17952
17954,12213
17953,17954
17956,12634
17955,17956
17958,12883
17957,17958
17960,13110
17959,17960
17962,13316
17961,17962
17964,13502
17963,17964
17966,13669
17965,17966
17968,13818
17967,17968
17970,13950
17969,17970
17972,14066
17971,17972
17974,14167
17973,17974
17976,14254
17975,17976
17978,14328
17977,17978
17980,14390
17979,17980
17982,14441
17981,17982
17984,14482
17983,17984
17986,14514
17985,17986
17988,14538
17987,17988
17990,14555
17989,17990
17992,14566
17991,17992
17994,12214
17993,17994
17996,12635
17995,17996
17998,12884
17997,17998
18000,13111
17999,18000
18002,13317
18001,18002
18004,13503
18003,18004
18006,13670
18005,18006
18008,13819
18007,18008
18010,13951
18009,18010
18012,14067
18011,18012
18014,14168
18013,18014
18016,14255
18015,18016
18018,14329
18017,18018
18020,14391
18019,18020
18022,14442
18021,18022
18024,14483
18023,18024
18026,14515
18025,18026
18028,14539
18027,18028
18030,14556
18029,18030
18032,14567
18031,18032
18034,14573
18033,18034
18036,17228
18035,18036
18038,17217
18037,18038
18040,17202
18039,18040
18042,17183
18041,18042
18044,17160
18043,18044
18046,17133
18045,18046
18048,17102
18047,18048
18050,17067
18049,18050
18052,17028
18051,18052
18054,16985
18053,18054
18056,16938
18055,18056
18058,16887
18057,18058
18060,16832
18059,18060
18062,16773
18061,18062
18064,16710
18063,18064
18066,16643
18065,18066
18068,16572
18067,18068
18070,16497
18069,18070
18072,16418
18071,18072
18074,16316
18073,18074
