0 2.36182344808 .06298195861546666666 
1 2.75067509071 5.50135018142000000000 0
2 2.25075287529 22.50752875290000000000 0
3 1.19918614203 3.99728714010000000000 0
4 1.37219229044 4.57397430146666666666 0
5 2.19697906177 21.96979061770000000000 0
6 2.38317032088 .07687646196387096774 0
7 2.2562740397 .16713141034814814814 0
8 2.38497867489 .05962446687225000000 0
9 1.82105101864 .03642102037280000000 0
10 2.44743834131 .06894192510732394366 0
11 1.98061379218 .05353010249135135135 0
12 1.02310837493 .02923166785514285714 0
13 1.53214957627 .04255971045194444444 0
14 2.67214923179 .06851664696897435897 0
15 2.65811537261 .06328846125261904761 0
16 1.46242565575 .13927863388095238095 0
17 1.63062463569 .20382807946125000000 0
18 2.45803181649 .15362698853062500000 0
19 2.08089259176 .18917205379636363636 0
20 2.56152437671 1.70768291780666666666 0
21 2.85499998917 .22839999913360000000 0
22 1.91820074799 .10095793410473684210 0
23 2.20521933097 .06682482821121212121 0
24 2.71181608447 .90393869482333333333 0
25 1.91195582452 .15932965204333333333 0
26 2.34218734907 .08674767959518518518 0
27 1.90134787639 .31689131273166666666 0
28 2.90829816826 .10204554976350877192 0
29 1.41651318218 .04047180520514285714 0
30 1.10646929875 .02666191081325301204 0
31 2.51136182953 .05643509729280898876 0
32 1.6060092758 .26766821263333333333 0
33 2.33509333119 .11675466655950000000 0
34 1.62011627996 .03306359755020408163 0
35 1.89969011146 .94984505573000000000 0
36 1.65526103396 .04868414805764705882 0
37 1.45860830796 .08103379488666666666 0
38 2.00532841097 .07161887182035714285 0
39 1.20569120806 .03014228020150000000 0
40 2.78363877345 .23196989778750000000 0
41 1.36405065528 .03897287586514285714 0
42 2.21110404509 .05975956878621621621 0
43 1.98715384045 .09242576002093023255 0
44 2.63268222576 .29252024730666666666 0
45 1.51291440714 .03399807656494382022 0
46 3.3026955016 6.60539100320000000000 0
47 2.90211239027 .05804224780540000000 0
48 2.43953502919 .04879070058380000000 0
49 2.31901413786 .77300471262000000000 0
50 2.21005305141 .07491705259016949152 0
51 1.76235306433 .04577540426831168831 0
52 2.89288031826 .07417641841692307692 0
53 1.79102798359 .09681232343729729729 0
54 1.54463465075 .11881805005769230769 0
55 2.16764119413 .13984781897612903225 0
56 1.52184176029 .05636450964037037037 0
57 2.06292513811 .04167525531535353535 0
58 2.46254414025 .19700353122000000000 0
59 1.98775926135 .14724142676666666666 0
60 1.93987625415 .04564414715647058823 0
61 1.93712861464 .04612210987238095238 0
62 1.72505931863 .04600158183013333333 0
63 2.14006940813 4.28013881626000000000 0
64 1.65196696424 .18355188491555555555 0
65 1.3510986111 .04094238215454545454 0
66 2.17385528634 .04528865179875000000 0
67 2.22011384529 1.48007589686000000000 0
68 1.38299376598 .55319750639200000000 0
69 1.68686406241 .05035415111671641791 0
70 1.44406087345 .08751884081515151515 0
71 1.8116038903 .06709644038148148148 0
72 1.69562888499 .04521677026640000000 0
73 2.46334252684 .19706740214720000000 0
74 2.32778426174 .08167664076280701754 0
75 2.55152668267 .12757633413350000000 0
76 2.19597447454 .05166998763623529411 0
77 1.42291679542 .04378205524369230769 0
78 1.24531479665 .02862792635977011494 0
79 1.09539484251 .11530472026421052631 0
80 1.84150900743 .04185247744159090909 0
81 0.482586372036 .01072414160080000000 0
82 2.44009810048 .06024933581432098765 0
83 1.90393641635 .04643747356951219512 0
84 2.43101636426 .12155081821300000000 0
85 2.29268406852 .05660948317333333333 0
86 1.75973013477 .25139001925285714285 0
87 1.48969709408 .49656569802666666666 0
88 2.21804998798 .05687307661487179487 0
89 1.34619425685 .02958668696373626373 0
90 2.03190203317 .11288344628722222222 0
91 2.07220123533 .05054149354463414634 0
92 1.92304372817 .03965038614783505154 0
93 2.30630398932 .04959793525419354838 0
94 1.5729983051 .04915619703437500000 0
95 2.38315659468 .11915782973400000000 0
96 2.22040002769 .10092727398590909090 0
97 1.39844443423 .23307407237166666666 0
98 2.37132603787 .22584057503523809523 0
99 1.78877415921 .05503920489876923076 0
100 1.79826464505 .13320478852222222222 0
101 2.29611885021 .04783580937937500000 0
102 2.31543464574 .07124414294584615384 0
103 2.20812258314 .22081225831400000000 0
104 1.63897099157 .25214938331846153846 0
105 2.18988763745 .07299625458166666666 0
106 1.75563095443 .03546729200868686868 0
107 2.86734668783 .06166336963075268817 0
108 2.05712891245 .20571289124500000000 0
109 1.93752217371 .19375221737100000000 0
110 2.90881235451 .07364081910151898734 0
111 1.86130495042 .05318014144057142857 0
112 2.00030708843 .57151631098000000000 0
113 2.50978778491 .05339974010446808510 0
114 2.07768029809 .08657001242041666666 0
115 2.46659848858 .54813299746222222222 0
116 2.13208620957 .04488602546463157894 0
117 2.22755915572 .11723995556421052631 0
118 2.04330997462 .15135629441629629629 0
119 1.86143776808 .13788427911703703703 0
120 2.13169255409 .05329231385225000000 0
121 2.03367333714 .36975878857090909090 0
122 2.21367681315 .09419901332553191489 0
123 2.4165442793 .37177604296923076923 0
124 2.54478991502 .29938704882588235294 0
125 2.13968341565 .17830695130416666666 0
126 2.23053842639 .10621611554238095238 0
127 2.70896036442 .06946052216461538461 0
128 2.01162427219 .26821656962533333333 0
129 2.48714183163 .15073586858363636363 0
130 2.23385637509 .06292553169267605633 0
131 2.82209666827 .11518761911306122448 0
132 0.911655544903 .05697847155643750000 0
133 1.03716420924 .05458758996000000000 0
134 1.84422543664 .06359398057379310344 0
135 1.50859707666 .03868197632461538461 0
136 1.34369935079 .02799373647479166666 0
137 1.99617674296 .04485790433617977528 0
138 1.71102013504 .03979116593116279069 0
139 1.56714763825 .10110629924193548387 0
140 1.83844644346 .06937533748905660377 0
141 1.81304900885 .07882821777608695652 0
142 2.40523075335 .07635653185238095238 0
143 1.20896731649 .05756987221380952380 0
144 2.06005300299 .06754272140950819672 0
145 1.80905812528 .05481994319030303030 0
146 2.17270292023 .24141143558111111111 0
147 2.71920344565 .05847749345483870967 0
148 2.05011655836 .04823803666729411764 0
149 2.45234830316 .14425578253882352941 0
150 1.66347642871 .55449214290333333333 0
151 1.54547683199 .30909536639800000000 0
152 1.730940206 .09891086891428571428 0
153 2.38230871697 .05294019371044444444 0
154 2.04448091686 .09293095076636363636 0
155 1.84301679643 .05119491101194444444 0
156 1.40531397388 .07026569869400000000 0
157 2.09026027091 .23225114121222222222 0
158 2.57179631721 .07143878658916666666 0
159 2.35938559665 .09074559987115384615 0
160 1.92733513077 .20287738218631578947 0
161 1.79810312754 .71924125101600000000 0
162 2.13399048281 .08368590128666666666 0
163 1.69836678015 .03501787175567010309 0
164 0.790963599855 .01952996542851851851 0
165 2.11253307759 .06401615386636363636 0
166 1.79791394006 .06308469965122807017 0
167 2.51523359721 .07508159991671641791 0
168 1.14304239346 .02484874768391304347 0
169 2.04978078322 .14136419194620689655 0
170 1.52424676465 .07435350071463414634 0
171 2.01888469113 .06026521466059701492 0
172 2.29605326987 .57401331746750000000 0
173 1.59517047707 .04038406271063291139 0
174 1.55703211497 .05560828982035714285 0
175 3.09435127469 .07367503034976190476 0
176 0.97582515193 .03049453599781250000 0
177 2.03401130771 .07823120414269230769 0
178 2.24079822628 .10422317331534883720 0
179 1.28993003838 .12285047984571428571 0
180 1.95442430141 .07106997459672727272 0
181 1.04282510398 .02708636633714285714 0
182 3.13270256314 .14917631253047619047 0
183 1.42042629518 .04370542446707692307 0
184 3.06222431695 .07378853775783132530 0
185 1.91351187149 .42522486033111111111 0
186 2.64068695559 .09431024841392857142 0
187 2.32357289954 .10326990664622222222 0
188 1.01856866814 .02288918355370786516 0
189 1.71995391111 .07644239604933333333 0
190 2.61016355997 .06444848296222222222 0
191 2.08468512108 .05023337641156626506 0
192 2.76838262776 .20506537983407407407 0
193 1.66011304649 .04611425129138888888 0
194 2.7735134845 .07396035958666666666 0
195 2.15901771796 .08147236671547169811 0
196 2.15112976182 .07052884464983606557 0
197 1.78702308392 .04524109073215189873 0
198 1.32304417859 .06784841941487179487 0
199 2.35001960781 .36154147812461538461 0
200 1.97308707228 .04995157145012658227 0
201 1.92386029497 .04008042281187500000 1,2,3,4,5,6,7,8,9,10,11,12,13,14,15,16,17,18,19,20,21,22,23,24,25,26,27,28,29,30,31,32,33,34,35,36,37,38,39,40,41,42,43,44,45,46,47,48,49,50,51,52,53,54,55,56,57,58,59,60,61,62,63,64,65,66,67,68,69,70,71,72,73,74,75,76,77,78,79,80,81,82,83,84,85,86,87,88,89,90,91,92,93,94,95,96,97,98,99,100,101,102,103,104,105,106,107,108,109,110,111,112,113,114,115,116,117,118,119,120,121,122,123,124,125,126,127,128,129,130,131,132,133,134,135,136,137,138,139,140,141,142,143,144,145,146,147,148,149,150,151,152,153,154,155,156,157,158,159,160,161,162,163,164,165,166,167,168,169,170,171,172,173,174,175,176,177,178,179,180,181,182,183,184,185,186,187,188,189,190,191,192,193,194,195,196,197,198,199,200
202 1.58000464366 3.95001160915000000000 201
203 2.56475735188 5.12951470376000000000 201
204 2.75301713855 27.53017138550000000000 201
205 2.87056768133 7.17641920332500000000 201
206 2.77337112575 13.86685562875000000000 201
207 1.04426328178 .23205850706222222222 201
208 1.59467274307 .11812390689407407407 201
209 1.76607630084 .04059945519172413793 201
210 2.42831840449 .15176990028062500000 201
211 1.62966812535 .54322270845000000000 201
212 1.36595593148 .06353283402232558139 201
213 1.81189856012 .03982194637626373626 201
214 1.88968828505 .07713013408367346938 201
215 2.08238465567 .69412821855666666666 201
216 2.3115955393 .05136878976222222222 201
217 3.08575305094 .51429217515666666666 201
218 1.84334377767 .04915583407120000000 201
219 2.52345655726 .09705602143307692307 201
220 1.42436230263 .04997762465368421052 201
221 1.8764007248 .04937896644210526315 201
222 2.67127280401 .89042426800333333333 201
223 2.76327204558 .09367023883322033898 201
224 1.77793119743 .09877395541277777777 201
225 1.47226481093 .03384516806735632183 201
226 1.78350116661 .07431254860875000000 201
227 2.30798473628 .25644274847555555555 201
228 1.56170269513 .03395005858978260869 201
229 2.02900360724 .08634057903148936170 201
230 1.9472810797 .25963747729333333333 201
231 2.01958146405 .08975917618000000000 201
232 2.08649095316 .04967835602761904761 201
233 2.27615759604 .30348767947200000000 201
234 1.03851031001 .02233355505397849462 201
235 1.48499236046 .03263719473538461538 201
236 1.52909257054 1.01939504702666666666 201
237 1.76916044565 .06676077153396226415 201
238 1.7191147162 .14325955968333333333 201
239 1.15930795756 .02365934607265306122 201
240 1.92125290456 .04176636749043478260 201
241 1.88246811668 .28961047948923076923 201
242 2.18000074038 .05891893892918918918 201
243 1.64944194678 .03472509361642105263 201
244 1.77550408832 .05001419967098591549 201
245 1.72255843395 .08202659209285714285 201
246 2.67721014998 .05949355888844444444 201
247 1.13119835015 .04113448546000000000 201
248 2.2381287956 .10657756169523809523 201
249 1.301681485 .12396966523809523809 201
250 1.8869829884 .12579886589333333333 201
251 1.4626194704 .07134729123902439024 201
252 1.86133889255 .23266736156875000000 201
253 2.06450096814 .12903131050875000000 201
254 2.9253615022 .20895439301428571428 201
255 2.0900666734 .06635132296507936507 201
256 2.94721862557 .28068748814952380952 201
257 1.93292936099 .05444871439408450704 201
258 1.25396859804 .03532305909971830985 201
259 1.74763162984 .06721660114769230769 201
260 1.87155957918 .12074577930193548387 201
261 2.33954854275 .17329989205555555555 201
262 2.31992916178 .28999114522250000000 201
263 2.31889099569 .06267272961324324324 201
264 2.14027227994 .04864255181681818181 201
265 2.31123111047 .27190954240823529411 201
266 1.8696938948 .10683965113142857142 201
267 2.16231020836 .04552232017600000000 201
268 1.83047010425 .13074786458928571428 201
269 1.98967474105 .06744660139152542372 201
270 1.93269186373 .04601647294595238095 201
271 1.93347176396 .04203199486869565217 201
272 1.86809272851 .74723709140400000000 201
273 1.65188296915 .41297074228750000000 201
274 2.64427017539 .11252213512297872340 201
275 1.84578687579 .04012580164760869565 201
276 1.80354856541 .05913273984950819672 201
277 1.77334332456 .27282204993230769230 201
278 2.17882434325 .39614988059090909090 201
279 1.85202366748 .05528428858149253731 201
280 2.4320163759 .05120034475578947368 201
281 1.1870933468 .03297481518888888888 201
282 1.76873942013 .12633853000928571428 201
283 2.4286515466 .15668719655483870967 201
284 1.32222554815 .03347406451012658227 201
285 1.18314491425 .03286513650694444444 201
286 1.60038687067 .06401547482680000000 201
287 3.09567195665 .19972077139677419354 201
288 2.7102306276 .06230415235862068965 201
289 2.3505552265 2.35055522650000000000 201
290 3.08745799849 .13722035548844444444 201
291 2.25092219241 .06925914438184615384 201
292 2.27507387641 .07222456750507936507 201
293 1.26149514913 .05045980596520000000 201
294 0.926354213331 .02058564918513333333 201
295 2.47685852233 .82561950744333333333 201
296 1.701386742 .56712891400000000000 201
297 2.04819067451 .05936784563797101449 201
298 1.24914409853 .08327627323533333333 201
299 3.4806520667 .40948847843529411764 201
300 2.00142233685 .05198499576233766233 201
301 2.07734174008 .13402204774709677419 201
302 2.9637293939 .10584747835357142857 201
303 2.05835172239 .04678072096340909090 201
304 1.89699179804 .05662662083701492537 201
305 1.40137255876 .06518011901209302325 201
306 2.01517064542 .09372886722883720930 201
307 1.223567785 .10196398208333333333 201
308 2.13661242487 .04360433520142857142 201
309 2.67545843242 .09225718732482758620 201
310 1.83246406571 .03778276424144329896 201
311 2.52862850687 .09541994365547169811 201
312 1.89035095056 3.78070190112000000000 201
313 2.50338100989 .11379004590409090909 201
314 2.38535270161 .05547331864209302325 201
315 1.74047285954 .05525310665206349206 201
316 1.90242337062 .14634025927846153846 201
317 2.6132493038 .07466426582285714285 201
318 1.18070027288 .02409592393632653061 201
319 1.55853967225 .04329276867361111111 201
320 1.5228232092 .03107802467755102040 201
321 1.51476224569 .04390615204898550724 201
322 2.60431032391 .08138469762218750000 201
323 2.35530094993 .14720630937062500000 201
324 0.449557077804 .01138119184313924050 201
325 3.18190278071 1.06063426023666666666 201
326 1.77541815305 .04278116031445783132 201
327 2.07538670099 .10643008723025641025 201
328 2.21851457892 .06622431578865671641 201
329 1.62593553627 .04927077382636363636 201
330 2.98760897336 .06097161170122448979 201
331 1.32862937004 .03851099623304347826 201
332 1.70862211194 .04881777462685714285 201
333 2.00459956241 .05568332117805555555 201
334 1.52715241731 .03593299805435294117 201
335 2.35408132321 .22419822125809523809 201
336 1.34141051518 .03675097301863013698 201
337 1.88863042128 .05723122488727272727 201
338 1.89919502619 3.79839005238000000000 201
339 2.56596381321 .05236660843285714285 201
340 2.4089042232 .05875376154146341463 201
341 1.97667955342 .24708494417750000000 201
342 1.46163515501 .04714952112935483870 201
343 2.87852035979 1.15140814391600000000 201
344 1.49525007557 .04746825636730158730 201
345 2.95742468539 .24645205711583333333 201
346 1.39362886941 .46454295647000000000 201
347 1.64159232636 .17279919224842105263 201
348 1.86568137326 .62189379108666666666 201
349 1.30515926737 .04579506201298245614 201
350 1.73944016058 .14495334671500000000 201
351 1.99642678138 .04589486853747126436 201
352 1.82234924295 .91117462147500000000 201
353 1.17249307289 .04114010782070175438 201
354 1.73610339267 .05787011308900000000 201
355 1.48408525477 .04011041229108108108 201
356 1.70243796005 .13095676615769230769 201
357 2.28973403672 .08480496432296296296 201
358 1.88881665667 .19882280596526315789 201
359 2.88154817914 .64034403980888888888 201
360 1.89843350871 .04930996126519480519 201
361 1.95249922024 .09081391722046511627 201
362 1.43040490205 .05297795933518518518 201
363 1.60074772175 .03479886351630434782 201
364 0.987569853018 .07315332244577777777 201
365 2.15113093585 .11031440696666666666 201
366 3.03801691316 .07409797349170731707 201
367 1.61164146638 .04740121959941176470 201
368 2.44335866687 .05490693633415730337 201
369 2.01803975078 .04293701597404255319 201
370 1.75750167753 .14060013420240000000 201
371 2.14960764858 .09770943857181818181 201
372 1.54566486488 .12880540540666666666 201
373 2.83529856034 .10699239850339622641 201
374 0.387072176585 .01334731643396551724 201
375 3.28292354005 1.09430784668333333333 201
376 2.06486567602 .07120226469034482758 201
377 2.87874547216 .06397212160355555555 201
378 1.92868304006 .05075481684368421052 201
379 2.18510819966 .14097472255870967741 201
380 2.61448550163 .37349792880428571428 201
381 2.32851387072 .08786844795169811320 201
382 2.26265943288 .30168792438400000000 201
383 1.84034177833 .08977276967463414634 201
384 2.48490865045 .55220192232222222222 201
385 1.78407171827 .11510140117870967741 201
386 1.80242198919 .72096879567600000000 201
387 1.98939129937 .09042687724409090909 201
388 2.00482755151 .19093595728666666666 201
389 1.51616436122 .10107762408133333333 201
390 1.74616890131 .05632802907451612903 201
391 1.97394060249 .09628978548731707317 201
392 1.61310617273 .03506752549413043478 201
393 1.93254251391 .06663939703137931034 201
394 2.01878407427 .28839772489571428571 201
395 2.14485589118 .17158847129440000000 201
396 1.94271814813 .04177888490602150537 201
397 1.77550925537 .04931970153805555555 201
398 2.85743528956 .43960542916307692307 201
399 2.18790768608 .20837216057904761904 201
400 1.9323513575 1.28823423833333333333 201
401 2.18492151536 .09710762290488888888 201
402 2.8054326474 .09843623324210526315 202,203,204,205,206,207,208,209,210,211,212,213,214,215,216,217,218,219,220,221,222,223,224,225,226,227,228,229,230,231,232,233,234,235,236,237,238,239,240,241,242,243,244,245,246,247,248,249,250,251,252,253,254,255,256,257,258,259,260,261,262,263,264,265,266,267,268,269,270,271,272,273,274,275,276,277,278,279,280,281,282,283,284,285,286,287,288,289,290,291,292,293,294,295,296,297,298,299,300,301,302,303,304,305,306,307,308,309,310,311,312,313,314,315,316,317,318,319,320,321,322,323,324,325,326,327,328,329,330,331,332,333,334,335,336,337,338,339,340,341,342,343,344,345,346,347,348,349,350,351,352,353,354,355,356,357,358,359,360,361,362,363,364,365,366,367,368,369,370,371,372,373,374,375,376,377,378,379,380,381,382,383,384,385,386,387,388,389,390,391,392,393,394,395,396,397,398,399,400,401
