0 2.37835514776 .39639252462666666666 
1 2.22351873438 4.44703746876000000000 0
2 1.60076298714 5.33587662380000000000 0
3 1.44613604033 3.61534010082500000000 0
4 1.8143885804 6.04796193466666666666 0
5 2.17186405741 10.85932028705000000000 0
6 2.2747475395 .04690201112371134020 0
7 2.1647926665 .04919983332954545454 0
8 2.7449364262 .19606688758571428571 0
9 2.41610355372 .05892935496878048780 0
10 2.39577975388 .29947246923500000000 0
11 3.04046925422 .07415778668829268292 0
12 2.738066294 .11651345931914893617 0
13 2.55940991275 .08980385658771929824 0
14 1.89141245501 .54040355857428571428 0
15 1.55602491301 .06102058482392156862 0
16 2.01575376579 .04633916702965517241 0
17 1.66758982598 .05211218206187500000 0
18 2.5157163517 .41928605861666666666 0
19 1.84242317468 .04848482038631578947 0
20 2.47856426622 .17704030473000000000 0
21 2.623993046 .20184561892307692307 0
22 1.4175711884 .04500225994920634920 0
23 2.02061848237 .05115489828784810126 0
24 1.94336508394 .97168254197000000000 0
25 1.70030544424 .06072519443714285714 0
26 2.33249699595 .33321385656428571428 0
27 1.9529230621 .03905846124200000000 0
28 3.10436764258 .06467432588708333333 0
29 2.07746438572 .04154928771440000000 0
30 1.59857143143 .03365413539852631578 0
31 1.58219813137 .06328792525480000000 0
32 2.16800440571 .43360088114200000000 0
33 2.26466453648 .05806832144820512820 0
34 1.87660246849 .10425569269388888888 0
35 1.57750370154 .05633941791214285714 0
36 1.95974063434 .04354979187422222222 0
37 1.78737623773 .04205591147600000000 0
38 1.57276106665 .03311075929789473684 0
39 2.65179620775 .09304548097368421052 0
40 2.37353234069 .24984550954631578947 0
41 2.52607179558 2.52607179558000000000 0
42 2.31364910681 .05380579318162790697 0
43 1.82196099601 .03835707360021052631 0
44 1.19181789819 .29795447454750000000 0
45 1.41471777747 .05658871109880000000 0
46 1.86224547718 .07162482604538461538 0
47 1.82094120634 .04921462719837837837 0
48 1.71368190227 .05909247938862068965 0
49 2.12849990703 .53212497675750000000 0
50 1.51028716049 .04719647376531250000 0
51 1.88927884131 .05556702474441176470 0
52 2.2087412289 .07487258403050847457 0
53 1.71678400556 .20197458888941176470 0
54 2.41021137488 1.20510568744000000000 0
55 2.21989385554 1.10994692777000000000 0
56 1.77557315308 .27316510047384615384 0
57 2.43548216073 .10147842336375000000 0
58 2.91907976076 .08845696244727272727 0
59 2.52838348303 .16312151503419354838 0
60 1.86197283939 .05729147198123076923 0
61 1.88303798658 .11076694038705882352 0
62 2.15219126009 .10248529809952380952 0
63 2.09714696976 .07489810606285714285 0
64 2.01964752749 .04696854715093023255 0
65 2.05513005961 .14679500425785714285 0
66 2.82649633098 .47108272183000000000 0
67 2.32040702178 .05524778623285714285 0
68 2.02356998745 .40471399749000000000 0
69 1.63810783273 .05850385116892857142 0
70 3.21770694784 .29251881344000000000 0
71 1.90072157025 .05001898869078947368 0
72 2.57065977146 .19041924233037037037 0
73 1.51220043428 .06434895465021276595 0
74 1.5037532192 .04296437769142857142 0
75 1.81440125801 .03944350560891304347 0
76 1.73656664005 .21707083000625000000 0
77 2.03303434553 .13116350616322580645 0
78 2.18573528395 .12857266376176470588 0
79 2.61184941306 .09497634229309090909 0
80 2.34567673714 4.69135347428000000000 0
81 2.34418280304 .11720914015200000000 0
82 2.70908429566 .20067291078962962962 0
83 2.8819863357 .10875420134716981132 0
84 2.75207535821 .05855479485553191489 0
85 2.22234878491 .04884283043758241758 0
86 1.77754195747 .25393456535285714285 0
87 2.29914374289 .10450653376772727272 0
88 2.53458493174 .09564471440528301886 0
89 2.14195870108 .15299705007714285714 0
90 2.23912368916 1.11956184458000000000 0
91 2.27472671262 .23944491711789473684 0
92 0.888898972269 .04232852248900000000 0
93 2.37361876097 .07085429137223880597 0
94 1.05522347576 .52761173788000000000 0
95 1.51635692096 .03126509115381443298 0
96 2.76619920019 .06746827317536585365 0
97 0.257282412544 .00970877028467924528 0
98 1.47179995226 .03977837708810810810 0
99 2.2796808584 .09700769610212765957 0
100 1.91739909009 .05991872156531250000 0
101 2.67522549051 .06524940220756097560 0
102 1.70434315414 .22724575388533333333 0
103 2.37089528189 .10537312363955555555 0
104 1.43075109244 .03668592544717948717 0
105 2.44942302972 .40823717162000000000 0
106 2.45539663429 .08323378421322033898 0
107 2.54692418044 .06447909317569620253 0
108 1.57992051248 .08540110878270270270 0
109 1.92600555977 .09876951588564102564 0
110 2.49089319475 .33211909263333333333 0
111 2.1868557397 .19880506724545454545 0
112 1.64363643168 .07146245355130434782 0
113 2.69192589351 .06815002262050632911 0
114 1.11270623028 .02392916624258064516 0
115 2.10187335331 .06005352438028571428 0
116 2.19821482907 .09354105655617021276 0
117 2.6590017071 .05371720620404040404 0
118 1.90265665271 .09757213603641025641 0
119 1.4196350488 .02988705365894736842 0
120 1.76720466781 .11781364452066666666 0
121 1.84670954523 .21725994649764705882 0
122 2.25057973427 .34624303604153846153 0
123 2.35371809458 4.70743618916000000000 0
124 1.63722787505 .04093069687625000000 0
125 1.23673918836 .03989481252774193548 0
126 2.20732601167 .07611469005758620689 0
127 2.92155852187 .10074339730586206896 0
128 1.73620290079 .04692440272405405405 0
129 1.57121424127 .14963945154952380952 0
130 1.75053904251 .06732842471192307692 0
131 2.42582701105 .80860900368333333333 0
132 1.92392299244 .10125910486526315789 0
133 1.63062027897 .05176572314190476190 0
134 2.12013549541 .05047941655738095238 0
135 1.84126116352 .05496301980656716417 0
136 1.66602767203 .06664110688120000000 0
137 1.58736739267 .12698939141360000000 0
138 2.15065318926 .08115672412301886792 0
139 2.26158403215 .05259497749186046511 0
140 1.73294476463 .06301617325927272727 0
141 2.36525405185 .36388523874615384615 0
142 2.20355328777 .23195297766000000000 0
143 1.72730474131 .09091077585842105263 0
144 1.31409961274 .03922685411164179104 0
145 1.39817736877 .02824600744989898989 0
146 0.78597277901 .06045944453923076923 0
147 1.63877775593 .03378923208103092783 0
148 1.55112958746 .04496027789739130434 0
149 2.52890414339 .06568582190623376623 0
150 1.83310734962 .03666214699240000000 0
151 1.56255133667 .03765183943783132530 0
152 1.80630340139 .05473646670878787878 0
153 2.35427024414 .06539639567055555555 0
154 1.7017694052 .05579571820327868852 0
155 1.25281540727 .07158945184400000000 0
156 2.12790924765 .21279092476500000000 0
157 1.77654746437 1.18436497624666666666 0
158 1.85692202764 .10610983015085714285 0
159 2.40547360654 .09251821563615384615 0
160 1.65087514897 .04585764302694444444 0
161 1.8874757364 .31457928940000000000 0
162 2.43847475206 .18062775941185185185 0
163 2.30799043184 .06689827338666666666 0
164 1.0477271384 .03809916866909090909 0
165 1.01375369581 .33791789860333333333 0
166 3.12038397689 .48005907336769230769 0
167 1.99510125371 .24938765671375000000 0
168 2.0434392926 .04301977458105263157 0
169 2.42205053912 .07941149308590163934 0
170 1.41064690745 2.82129381490000000000 0
171 1.77933840051 .06843609232730769230 0
172 2.42816140486 .21114446998782608695 0
173 2.15806014833 .18765740420260869565 0
174 1.77372213141 .04490435775721518987 0
175 2.61747950882 .21812329240166666666 0
176 2.59716328033 .05525879319851063829 0
177 1.77418202711 .12672728765071428571 0
178 1.60567012692 .03528945333890109890 0
179 1.58391310803 .03599802518250000000 0
180 1.82658658651 .07025333025038461538 0
181 2.12705055361 .04779888884516853932 0
182 2.15652438817 .06739138713031250000 0
183 1.11526377213 1.11526377213000000000 0
184 1.71490676602 3.42981353204000000000 0
185 2.12352756615 .13272047288437500000 0
186 1.86886969174 .15573914097833333333 0
187 0.757989081282 .08422100903133333333 0
188 2.43778915345 .05078727403020833333 0
189 1.92089239165 .06402974638833333333 0
190 2.28025423342 .24002676141263157894 0
191 2.05783740079 .17894238267739130434 0
192 2.20056166173 .15718297583785714285 0
193 2.06867734673 .34477955778833333333 0
194 1.8535054028 .11233366077575757575 0
195 1.98046033963 .07766511135803921568 0
196 2.15982584528 .53995646132000000000 0
197 2.57771987889 1.28885993944500000000 0
198 2.4731287624 .06423711071168831168 0
199 2.09106658147 .10455332907350000000 0
200 1.94045240644 .03880904812880000000 0
201 1.83204246654 .03816755138625000000 0
202 1.57975001748 .04157236888105263157 0
203 2.50030672163 .05319801535382978723 0
204 2.08737909902 .08349516396080000000 0
205 1.04013707816 .06934247187733333333 0
206 1.74372934614 .04588761437210526315 0
207 2.29388876409 .10195061173733333333 0
208 2.11815209182 .12459718187176470588 0
209 2.29204615987 .05457252761595238095 0
210 2.1312444045 .05328111011250000000 0
211 1.91797448614 .04262165524755555555 0
212 2.21112416994 .05743179662181818181 0
213 1.58615947556 .05200522870688524590 0
214 1.9694033744 .05626866784000000000 0
215 1.56111829337 .08672879407611111111 0
216 1.80870878219 .11304429888687500000 0
217 2.34131456668 2.34131456668000000000 0
218 2.84799554932 .06623245463534883720 0
219 2.42450288271 .06137981981544303797 0
220 0.933572716335 .02523169503608108108 0
221 2.71442981259 .08352091731046153846 0
222 2.39489637993 .12604717789105263157 0
223 1.79232093261 .11202005828812500000 0
224 2.53760506472 .06041916820761904761 0
225 2.15913561259 .04963530143885057471 0
226 2.41548757428 .09290336824153846153 0
227 2.00395467011 .09320719395860465116 0
228 2.51883334058 .12286991905268292682 0
229 1.83340986492 .03703858312969696969 0
230 2.7634499386 .09367626910508474576 0
231 2.2811365932 .14717010278709677419 0
232 1.41493247355 .11791103946250000000 0
233 1.17784576787 .58892288393500000000 0
234 1.17743297951 .02675984044340909090 0
235 2.21024125586 .04702640969914893617 0
236 2.04712693149 1.02356346574500000000 0
237 1.60073642465 .26678940410833333333 0
238 2.00171460946 .10008573047300000000 0
239 1.98672752537 .19867275253700000000 0
240 2.2555363292 .08675139727692307692 0
241 1.9931599027 .24914498783750000000 0
242 1.65600658306 .06021842120218181818 0
243 2.28708719822 .05511053489686746987 0
244 1.5294947048 .23530687766153846153 0
245 1.46709760054 .03189342609869565217 0
246 2.29846831183 .06297173457068493150 0
247 2.69754454474 1.79836302982666666666 0
248 1.57045348544 .04244468879567567567 0
249 1.37659340613 .05735805858875000000 0
250 2.05907281802 .11130123340648648648 0
251 1.72698538264 .34539707652800000000 0
252 1.64437969501 .04632055478901408450 0
253 1.58443552902 .15844355290200000000 0
254 2.34481587149 .07563922166096774193 0
255 1.55620288466 .14147298951454545454 0
256 2.53229675868 .15826854741750000000 0
257 1.28581912309 .04433859045137931034 0
258 1.73427103985 .04624722772933333333 0
259 1.95246080632 .06298260665548387096 0
260 2.49817565724 .11619421661581395348 0
261 2.09875855554 .13540377777677419354 0
262 1.46068823465 .10433487390357142857 0
263 1.98337481954 .07083481498357142857 0
264 3.06965930335 .09301997888939393939 0
265 2.35148568563 1.17574284281500000000 0
266 1.91778247523 .05327173542305555555 0
267 1.98233922579 .05018580318455696202 0
268 1.57233096478 .05329935473830508474 0
269 2.15428440421 .53857110105250000000 0
270 1.77074205899 .39349823533111111111 0
271 0.949869238328 .11174932215623529411 0
272 2.16757141449 .21675714144900000000 0
273 1.62402388605 .12492491431153846153 0
274 1.17832521407 .58916260703500000000 0
275 2.76367919595 .06909197989875000000 0
276 1.17259114724 .04424872253735849056 0
277 1.6462010351 .06097040870740740740 0
278 2.22770933344 .06961591667000000000 0
279 2.38780322617 .06283692700447368421 0
280 1.35024301829 .07942605989941176470 0
281 1.3011503065 1.30115030650000000000 0
282 2.6306361807 .37580516867142857142 0
283 2.38263797022 .26473755224666666666 0
284 2.4567400917 .07333552512537313432 0
285 1.6245895856 .03456573586382978723 0
286 1.64610861417 .19365983696117647058 0
287 1.41199967343 .02941665986312500000 0
288 2.13509665885 .05770531510405405405 0
289 1.48750523809 .03419552271471264367 0
290 2.0484070734 .04312435944000000000 0
291 1.89888889136 .09262872640780487804 0
292 1.77404029094 .15426437312521739130 0
293 2.31382240717 .06610921163342857142 0
294 2.18957380356 .08937035932897959183 0
295 1.3175739104 .12548322956190476190 0
296 1.34274549101 .08662874135548387096 0
297 1.43673164685 .09578210979000000000 0
298 1.66963084379 .03407409885285714285 0
299 1.70474577238 .11756867395724137931 0
300 1.70707119832 .03448628683474747474 0
301 2.02668480018 .13511232001200000000 0
302 2.20805174855 .04906781663444444444 0
303 1.64845372973 .04643531633042253521 0
304 2.76766432637 .10064233914072727272 0
305 1.95198208678 .10010164547589743589 0
306 1.65745215785 .13812101315416666666 0
307 1.7505275454 .87526377270000000000 0
308 2.1417992186 .07515084977543859649 0
309 2.85608053094 .12693691248622222222 0
310 1.97947825051 .06710095764440677966 0
311 1.56576037736 .04970667864634920634 0
312 2.11500613879 .09195678864304347826 0
313 1.4834065235 .02996780855555555555 0
314 1.72980506911 3.45961013822000000000 0
315 1.97690213674 .19769021367400000000 0
316 1.46055843217 .08114213512055555555 0
317 2.55436827043 .05160339940262626262 0
318 1.16113967907 .02551955338615384615 0
319 1.90207726419 .04877121190230769230 0
320 2.77947803313 .06246018051977528089 0
321 2.30894269991 .92357707996400000000 0
322 2.13661084465 .15826746997407407407 0
323 1.95276361654 .04026316735134020618 0
324 2.37939875746 .06702531711154929577 0
325 2.551810807 .12447857595121951219 0
326 1.48881711123 .03917939766394736842 0
327 2.85343883513 .05764522899252525252 0
328 1.03364657991 .05587278810324324324 0
329 1.98705182697 .04367146872461538461 0
330 1.72527309497 .03557264113340206185 0
331 2.30838558516 .09822917383659574468 0
332 2.03344404256 .67781468085333333333 0
333 2.57177392276 1.02870956910400000000 0
334 1.31487286025 .04108977688281250000 0
335 2.03912146118 .04687635542942528735 0
336 2.69654438759 .06344810323741176470 0
337 2.9686744844 .06058519355918367346 0
338 2.08713469994 .09074498695391304347 0
339 1.32219280456 .15555209465411764705 0
340 1.64409702948 .09964224421090909090 0
341 1.76725011607 .06426364058436363636 0
342 1.90996132529 .06474445170474576271 0
343 1.64143896801 .04974057478818181818 0
344 2.01935536981 .11878560998882352941 0
345 0.731469751068 .02479558478196610169 0
346 1.08429244945 .43371697978000000000 0
347 2.67227032854 .07126054209440000000 0
348 2.69105215742 .67276303935500000000 0
349 1.57161577989 .08495220431837837837 0
350 1.30386521809 .04574965677508771929 0
351 1.67680513499 .37262336333111111111 0
352 1.91307346648 .42512743699555555555 0
353 1.74731302992 .43682825748000000000 0
354 2.08936273772 .11293852636324324324 0
355 2.31012793558 .09240511742320000000 0
356 1.38156315555 .07467908948918918918 0
357 1.54905519516 .03561046425655172413 0
358 1.83287555356 .06665002012945454545 0
359 2.59251526397 .07302859898507042253 0
360 1.01879756185 .11985853668823529411 0
361 1.71889918669 .11089672172193548387 0
362 1.63467656618 .05029774049784615384 0
363 1.99000254485 .33166709080833333333 0
364 2.00406722767 .06793448229389830508 0
365 2.06540861562 .06355103432676923076 0
366 2.05193071298 .05004709056048780487 0
367 1.87313920323 .09605842067846153846 0
368 1.62798694103 .12522976469461538461 0
369 2.33489268825 .05694860215243902439 0
370 1.44657003745 .72328501872500000000 0
371 2.8148620052 .31276244502222222222 0
372 2.17239048048 .07364035527050847457 0
373 3.03826336182 .08324009210465753424 0
374 2.14590108503 .07803276672836363636 0
375 1.8029237827 .04344394657108433734 0
376 1.61246331018 .04886252455090909090 0
377 2.12053314666 .84821325866400000000 0
378 1.64821364352 .07013675078808510638 0
379 2.37586406448 .05109385084903225806 0
380 2.11647408941 .06317833102716417910 0
381 2.76408828641 .08504887035107692307 0
382 2.97081070114 .08029218111189189189 0
383 1.46015043226 .03041980067208333333 0
384 2.01283948034 .04328687054494623655 0
385 2.04199291354 .04640892985318181818 0
386 2.31567378362 .06093878377947368421 0
387 0.854909563621 .02713998614669841269 0
388 2.46633509611 .07148797380028985507 0
389 2.17537985178 .04394706771272727272 0
390 1.90981942061 .54566269160285714285 0
391 1.50830352616 .03818489939645569620 0
392 2.25140167635 .05360480181785714285 0
393 2.26074562066 .11303728103300000000 0
394 1.205561009 .34444600257142857142 0
395 1.18573782216 .07410861388500000000 0
396 1.74751467281 .04210878729662650602 0
397 1.72439953873 .04724382297890410958 0
398 1.59009528301 .07950476415050000000 0
399 0.778882279772 .02732920279901754385 0
400 2.05649465301 .07215770712315789473 0
401 1.26803877857 .05072155114280000000 0
402 1.65013468683 .04074406634148148148 0
403 1.9244189792 .05498339940571428571 0
404 1.13299072648 .02574978923818181818 0
405 0.922031742971 .01844063485942000000 0
406 2.28463556017 .24048795370210526315 0
407 2.70028951235 .13501447561750000000 0
408 2.09011764669 .11000619193105263157 0
409 1.79158048211 .04369708492951219512 0
410 1.91986612737 .13240456050827586206 0
411 1.86050285496 .04537811841365853658 0
412 1.42211301491 .35552825372750000000 0
413 2.4147784046 .06899366870285714285 0
414 2.21492089997 .06921627812406250000 0
415 2.30905201044 .11263668343609756097 0
416 0.502152355985 .01287570143551282051 0
417 2.19732801108 .27466600138500000000 0
418 2.3195825232 .07998560424827586206 0
419 1.59813289548 .79906644774000000000 0
420 2.25967438006 .09824671217652173913 0
421 1.85887473396 .03755302492848484848 0
422 2.23828286717 .17217560516692307692 0
423 2.05864601956 .34310766992666666666 0
424 1.06582852202 .02197584581484536082 0
425 2.71437494173 .05654947795270833333 0
426 2.16124797259 .39295417683454545454 0
427 1.45334317463 .04844477248766666666 0
428 1.90056390599 .21117376733222222222 0
429 1.39642838554 .05171956983481481481 0
430 1.11597924927 .02565469538551724137 0
431 2.09692275473 .06764266950741935483 0
432 1.57034071484 .07660198608975609756 0
433 2.07260437836 .05454222048315789473 0
434 1.55779717562 .14161792505636363636 0
435 2.0563974023 .04621117757977528089 0
436 2.78420766276 .06874586821629629629 0
437 1.55652387357 .05461487275684210526 0
438 1.7778939932 .16932323744761904761 0
439 1.09775729077 .03430491533656250000 0
440 2.53263942458 2.53263942458000000000 0
441 2.2948981311 .06287392140000000000 0
442 2.63597047009 .14248489027513513513 0
443 1.66941728276 .06070608300945454545 0
444 2.07684513317 .09659744805441860465 0
445 2.42501542393 .06062538559825000000 0
446 1.58674421571 .03966860539275000000 0
447 2.16557938832 .06985739962322580645 0
448 0.673257704375 .01346515408750000000 0
449 1.1341919496 .02492729559560439560 0
450 1.907749882 .13626784871428571428 0
451 1.62801989839 .03391708121645833333 0
452 2.79820101823 .10175276429927272727 0
453 1.20106831737 .03002670793425000000 0
454 2.00364936859 .19082374938952380952 0
455 1.84074358096 .30679059682666666666 0
456 2.94584815255 .65463292278888888888 0
457 1.69737929471 .13579034357680000000 0
458 2.43458534041 .09363789770807692307 0
459 2.28817386327 .11161823723268292682 0
460 1.65580829488 .12265246628740740740 0
461 2.63225698094 .18801835578142857142 0
462 1.89485233916 .08612965178000000000 0
463 1.90411014213 .17310092201181818181 0
464 2.80192546144 .09038469230451612903 0
465 1.32557464256 .05002168462490566037 0
466 0.917007398758 .04366701898847619047 0
467 2.75411408124 .14123661955076923076 0
468 2.00300953937 .05070910226253164556 0
469 2.43885863244 .48777172648800000000 0
470 1.94258592297 .07928922134571428571 0
471 2.67741004522 .05820456620043478260 0
472 1.6349868585 .06055506883333333333 0
473 1.83475550333 .06015591814196721311 0
474 1.73237802951 .07218241789625000000 0
475 1.98358932024 .07778781648000000000 0
476 2.15539687597 .05012550874348837209 0
477 2.73804530297 .39114932899571428571 0
478 1.5634662833 .03594175363908045977 0
479 2.52529166233 .08560310719762711864 0
480 2.19167275926 .04565984915125000000 0
481 2.1408841499 .09731291590454545454 0
482 1.81529676877 .20169964097444444444 0
483 2.32661109233 .18612888738640000000 0
484 2.19438074353 .04770392920717391304 0
485 2.07826835909 .06597677330444444444 0
486 1.89193864519 .04068685258473118279 0
487 2.92575761777 .25441370589304347826 0
488 2.00784237108 .07722470658000000000 0
489 2.40237222427 1.20118611213500000000 0
490 2.72910472149 .07580846448583333333 0
491 1.64533748608 .04062561694024691358 0
492 1.95897462972 .09111509905674418604 0
493 2.2832579352 .16308985251428571428 0
494 2.55111519067 .85037173022333333333 0
495 1.26667034709 .36190581345428571428 0
496 1.86842629682 .09581673317025641025 0
497 2.07436227324 .06012644270260869565 0
498 1.83130384946 .08517692323069767441 0
499 1.93019651351 .05013497437688311688 0
500 2.47391513535 .19791321082800000000 0
501 2.29821560762 .06211393534108108108 1,2,3,4,5,6,7,8,9,10,11,12,13,14,15,16,17,18,19,20,21,22,23,24,25,26,27,28,29,30,31,32,33,34,35,36,37,38,39,40,41,42,43,44,45,46,47,48,49,50,51,52,53,54,55,56,57,58,59,60,61,62,63,64,65,66,67,68,69,70,71,72,73,74,75,76,77,78,79,80,81,82,83,84,85,86,87,88,89,90,91,92,93,94,95,96,97,98,99,100,101,102,103,104,105,106,107,108,109,110,111,112,113,114,115,116,117,118,119,120,121,122,123,124,125,126,127,128,129,130,131,132,133,134,135,136,137,138,139,140,141,142,143,144,145,146,147,148,149,150,151,152,153,154,155,156,157,158,159,160,161,162,163,164,165,166,167,168,169,170,171,172,173,174,175,176,177,178,179,180,181,182,183,184,185,186,187,188,189,190,191,192,193,194,195,196,197,198,199,200,201,202,203,204,205,206,207,208,209,210,211,212,213,214,215,216,217,218,219,220,221,222,223,224,225,226,227,228,229,230,231,232,233,234,235,236,237,238,239,240,241,242,243,244,245,246,247,248,249,250,251,252,253,254,255,256,257,258,259,260,261,262,263,264,265,266,267,268,269,270,271,272,273,274,275,276,277,278,279,280,281,282,283,284,285,286,287,288,289,290,291,292,293,294,295,296,297,298,299,300,301,302,303,304,305,306,307,308,309,310,311,312,313,314,315,316,317,318,319,320,321,322,323,324,325,326,327,328,329,330,331,332,333,334,335,336,337,338,339,340,341,342,343,344,345,346,347,348,349,350,351,352,353,354,355,356,357,358,359,360,361,362,363,364,365,366,367,368,369,370,371,372,373,374,375,376,377,378,379,380,381,382,383,384,385,386,387,388,389,390,391,392,393,394,395,396,397,398,399,400,401,402,403,404,405,406,407,408,409,410,411,412,413,414,415,416,417,418,419,420,421,422,423,424,425,426,427,428,429,430,431,432,433,434,435,436,437,438,439,440,441,442,443,444,445,446,447,448,449,450,451,452,453,454,455,456,457,458,459,460,461,462,463,464,465,466,467,468,469,470,471,472,473,474,475,476,477,478,479,480,481,482,483,484,485,486,487,488,489,490,491,492,493,494,495,496,497,498,499,500
502 2.10291537277 21.02915372770000000000 501
503 2.05103726311 6.83679087703333333333 501
504 2.01058284608 20.10582846080000000000 501
505 1.70749657488 5.69165524960000000000 501
506 1.6605908739 16.60590873900000000000 501
507 2.05783662355 .04522717853956043956 501
508 1.85647814926 .04267765860367816091 501
509 1.94048360281 .09951197963128205128 501
510 1.8255533757 .06295011640344827586 501
511 1.81460923274 .40324649616444444444 501
512 2.34185608176 .20363965928347826086 501
513 2.03315428103 .05893200814579710144 501
514 2.02563792733 .06430596594698412698 501
515 1.24424086685 .03554973905285714285 501
516 1.79734945053 .51352841443714285714 501
517 2.70181539551 .07017702326000000000 501
518 2.15262625822 .04731046721362637362 501
519 1.64581864792 .08229093239600000000 501
520 1.72782905389 .05316397088892307692 501
521 1.22684683264 .61342341632000000000 501
522 0.903948040714 .16435418922072727272 501
523 2.15892603515 .07318393339491525423 501
524 2.41896605814 .10517243731043478260 501
525 3.55001172038 .29583431003166666666 501
526 1.96384708759 .05776020845852941176 501
527 1.77584067979 .12247177102000000000 501
528 1.55285949081 .03882148727025000000 501
529 1.65543973654 .05708412884620689655 501
530 1.32894851243 .29532189165111111111 501
531 2.17717458411 .22917627201157894736 501
532 2.02101104112 .05774317260342857142 501
533 1.67462900406 .03987211914428571428 501
534 1.80637163314 .11289822707125000000 501
535 1.49170528563 .16574503173666666666 501
536 1.7756387128 .06456868046545454545 501
537 3.35428079364 .18131247533189189189 501
538 2.07687885704 .04720179220545454545 501
539 2.46842052353 .10285085514708333333 501
540 1.49953200493 .03487283732395348837 501
541 1.46164057064 .05731923806431372549 501
542 2.11087129326 .06596472791437500000 501
543 3.06864177881 .07768713364075949367 501
544 2.37544115718 .19795342976500000000 501
545 2.00513180285 .04221330111263157894 501
546 3.20768460867 .06546295119734693877 501
547 2.04681815429 .04705329090321839080 501
548 2.47931221492 .08854686481857142857 501
549 1.72211277074 .05646271379475409836 501
550 1.3745563787 .06109139460888888888 501
551 1.43292614229 .03538089240222222222 501
552 2.49105756579 .16607050438600000000 501
553 2.71507884374 .31942104044000000000 501
554 2.09408871473 .18209467084608695652 501
555 1.70745017673 .21343127209125000000 501
556 2.34202234721 .26022470524555555555 501
557 1.65634552895 .06370559726730769230 501
558 2.02708498777 .04555247163528089887 501
559 2.19607107855 .09344983312978723404 501
560 3.10785673204 .07227573795441860465 501
561 2.02646083432 .18422371221090909090 501
562 1.77077252793 .06810663568961538461 501
563 1.55936016179 .07796800808950000000 501
564 2.10626097479 .19147827043545454545 501
565 1.48352370537 .03190373559935483870 501
566 2.13420512222 .12934576498303030303 501
567 3.42072205365 .62194946430000000000 501
568 2.62391503789 .14183324529135135135 501
569 2.59645006957 .09986346421423076923 501
570 2.4340028098 .05595408758160919540 501
571 2.30378716622 .06399408795055555555 501
572 1.68924467604 .24132066800571428571 501
573 1.51137081407 .03321694096857142857 501
574 2.25234339982 .37539056663666666666 501
575 2.27458479446 .14216154965375000000 501
576 2.03196806252 .08127872250080000000 501
577 2.29997886972 1.14998943486000000000 501
578 1.43914380445 .03643402036582278481 501
579 2.04575234485 .09092232643777777777 501
580 2.47612964361 .06878137898916666666 501
581 1.76157569358 .05181104981117647058 501
582 2.1291230127 .09462768945333333333 501
583 1.16845001917 .05434651251953488372 501
584 1.31493106538 .03652586292722222222 501
585 2.48813109494 .06462678168675324675 501
586 1.64322694906 .03423389477208333333 501
587 1.70325331803 .56775110601000000000 501
588 2.16955987574 .11727350679675675675 501
589 1.95415440772 .04492308983264367816 501
590 1.19316380993 .02435028183530612244 501
591 1.45611243132 .08565367243058823529 501
592 1.79748705346 .03907580551000000000 501
593 2.07693260463 .07837481526905660377 501
594 1.72603349721 .05230404537000000000 501
595 3.06424588556 2.04283059037333333333 501
596 1.68408353608 .03402188961777777777 501
597 1.67060083507 .06425387827192307692 501
598 1.93083287073 .04827082176825000000 501
599 2.58008468597 .08062764643656250000 501
600 2.07718013092 .04239143124326530612 501
601 1.97488808291 .12741213438129032258 501
602 2.19996878736 .04536018118268041237 501
603 2.24052731738 .09145009458693877551 501
604 2.41011332615 .11209829423953488372 501
605 1.97203768914 1.97203768914000000000 501
606 2.55232362397 .06898171956675675675 501
607 1.80890764638 .06577845986836363636 501
608 1.80801772308 .22600221538500000000 501
609 2.32422718296 .16601622735428571428 501
610 2.78147124435 .16857401480909090909 501
611 0.494577855999 .02826159177137142857 501
612 1.02767416246 .06045142132117647058 501
613 2.06445627415 .21731118675263157894 501
614 2.67505204417 .10700208176680000000 501
615 3.0663094482 .08887853473043478260 501
616 2.41585240672 .07320764868848484848 501
617 1.84807928856 .08800377564571428571 501
618 1.95416136373 .07106041322654545454 501
619 1.64632718469 .03784660194689655172 501
620 2.30228467296 .16444890521142857142 501
621 2.01589190291 .09163145013227272727 501
622 2.37106506247 .10089638563702127659 501
623 2.19651600307 .31378800043857142857 501
624 1.67043761445 .10123864330000000000 501
625 1.01874883989 .02263886310866666666 501
626 1.57806082614 .18565421484000000000 501
627 2.07892875164 .04569074179428571428 501
628 1.36853564995 .05950154999782608695 501
629 2.03548331135 .04285228023894736842 501
630 2.1096531925 .06204862330882352941 501
631 1.84625010652 .03729798194989898989 501
632 2.20449995099 .20040908645363636363 501
633 1.77310126931 .03772555892148936170 501
634 1.2281845439 .04235119116896551724 501
635 2.27562355104 .07001918618584615384 501
636 1.77202820817 .04663232126763157894 501
637 2.55482230206 1.70321486804000000000 501
638 2.45408121438 .05393585086549450549 501
639 1.35443821833 .06156537356045454545 501
640 2.3751129587 .06012944199240506329 501
641 1.7316959896 .04223648755121951219 501
642 1.73209726833 .14434143902750000000 501
643 1.86464824516 .74585929806400000000 501
644 1.71421491937 .04081464093738095238 501
645 2.43953850518 .05608134494666666666 501
646 1.85541099801 .10914182341235294117 501
647 2.00885873889 .04671764509046511627 501
648 1.82596174123 .16599652193000000000 501
649 3.18080931742 .27659211455826086956 501
650 1.64543091244 .04273846525818181818 501
651 1.23790935791 .09903274863280000000 501
652 2.20534447641 .14702296509400000000 501
653 2.61337385193 .09861788120490566037 501
654 1.75291988602 .03895377524488888888 501
655 1.43329485267 .71664742633500000000 501
656 1.39407841375 .06970392068750000000 501
657 1.85961783501 .04427661511928571428 501
658 2.62922012237 .06412732005780487804 501
659 1.62740806197 .06259261776807692307 501
660 1.87983410895 3.75966821790000000000 501
661 1.78807569674 .08316631147627906976 501
662 2.13175501329 .04487905291136842105 501
663 1.2308640538 .04644770014339622641 501
664 1.37268170349 .16149196511647058823 501
665 1.8266633148 .03690228918787878787 501
666 2.39068562702 .09021455196301886792 501
667 2.27204358993 .08261976690654545454 501
668 1.19094644823 .02405952420666666666 501
669 1.933008636 .04495368920930232558 501
670 1.66353456384 .03738279918741573033 501
671 1.9005900863 .22359883368235294117 501
672 2.3526066049 .09048486941923076923 501
673 1.44996378468 .03624909461700000000 501
674 1.92074899052 .06097615842920634920 501
675 1.96113577723 .05684451528202898550 501
676 2.15090414975 .07966311665740740740 501
677 2.45366469272 .05842058792190476190 501
678 1.77428080364 .04174778361505882352 501
679 2.82330172617 .09570514326000000000 501
680 2.24733250352 .09988144460088888888 501
681 2.18916797579 .48648177239777777777 501
682 1.52475243151 .03811881078775000000 501
683 1.38541731472 .39583351849142857142 501
684 0.818163566063 .81816356606300000000 501
685 2.18765278074 .04419500567151515151 501
686 2.79051881648 .12402305851022222222 501
687 1.57196697265 .05070861202096774193 501
688 1.35125905094 .09319027937517241379 501
689 2.33319283246 .24559924552210526315 501
690 2.24133965752 .12451886986222222222 501
691 1.14068008015 .02376416833645833333 501
692 2.2938985256 .04587797051200000000 501
693 1.47882933926 .29576586785200000000 501
694 2.09940763076 .11996615032914285714 501
695 1.76222158319 .04577198917376623376 501
696 2.18480739249 .43696147849800000000 501
697 2.11077389765 .84430955906000000000 501
698 2.07896340519 .05774898347750000000 501
699 3.05114008876 .14191349250046511627 501
700 0.567017434789 .01288675988156818181 501
701 2.77613037528 .07605836644602739726 501
702 2.33772127913 4.67544255826000000000 501
703 1.93553461508 .03950070643020408163 501
704 2.13903757235 .06111535921000000000 501
705 2.93346320865 .09312581614761904761 501
706 1.27118008564 .12106477006095238095 501
707 1.73861081831 .16558198269619047619 501
708 2.1916869301 .13282951091515151515 501
709 2.67820655285 .66955163821250000000 501
710 1.32883029093 .06180606004325581395 501
711 1.92577798238 .07552070519137254901 501
712 1.83441832902 .26205976128857142857 501
713 2.62105415069 .20968433205520000000 501
714 1.88042388729 .05151846266547945205 501
715 2.79882364632 .37317648617600000000 501
716 1.89331922405 .04302998236477272727 501
717 1.97080906709 .28154415244142857142 501
718 1.90452749418 .54415071262285714285 501
719 2.04491367114 .07175135688210526315 501
720 1.65769616251 .08501005961589743589 501
721 1.94527906228 .09263233629904761904 501
722 1.45797842573 .22430437318923076923 501
723 1.89817681524 .15818140127000000000 501
724 1.966696355 .04521141045977011494 501
725 1.77119939957 .16101812723363636363 501
726 1.82584070755 .13524745981851851851 501
727 1.10610202451 .03456568826593750000 501
728 2.44591980067 .69883422876285714285 501
729 3.33457171255 .08035112560361445783 501
730 3.10674471771 .07670974611629629629 501
731 2.12435572096 .06157552814376811594 501
732 1.50650628545 .05380379590892857142 501
733 1.19882099166 .09590567933280000000 501
734 1.75474382326 .04080799588976744186 501
735 1.9666353823 .04627377370117647058 501
736 2.80901305882 .17556331617625000000 501
737 2.8855339107 .09950116933448275862 501
738 1.7729729559 .13133133006666666666 501
739 2.46378797265 .10950168767333333333 501
740 1.22490793079 .02882136307741176470 501
741 2.89695338266 .19313022551066666666 501
742 3.39708815673 .21231800979562500000 501
743 1.99217515674 .03984350313480000000 501
744 2.27263389498 .14662154161161290322 501
745 2.92458559797 .13926598085571428571 501
746 2.09915578953 .41983115790600000000 501
747 2.56939835545 .05773928888651685393 501
748 2.50486810212 .11132747120533333333 501
749 2.13408879359 .08892036639958333333 501
750 2.13124946527 .04583332183376344086 501
751 0.999161945009 .03918282137290196078 501
752 2.58784254854 1.29392127427000000000 501
753 1.71490261757 .03769016741912087912 501
754 1.97961297431 .11644782201823529411 501
755 2.26389738339 .04716452882062500000 501
756 1.39681968974 .12698360815818181818 501
757 1.82899802529 .33254509550727272727 501
758 1.92004787298 .06981992265381818181 501
759 3.26090427367 .06654906680959183673 501
760 2.63401938615 .07525769674714285714 501
761 3.10100033505 .12657144224693877551 501
762 2.2274749293 .07185402997741935483 501
763 2.84505369546 .07794667658794520547 501
764 1.32246733613 .29388163025111111111 501
765 0.869583314145 .06689102416500000000 501
766 0.812533323033 .03385555512637500000 501
767 1.87251664289 .12483444285933333333 501
768 1.43970586381 .05758823455240000000 501
769 1.35248437181 .06762421859050000000 501
770 1.75304729735 .29217454955833333333 501
771 2.23389157962 .09505921615404255319 501
772 1.22855050821 .05118960450875000000 501
773 2.9594683846 .08834233983880597014 501
774 2.52491250557 .42081875092833333333 501
775 2.20176005974 .05574076100607594936 501
776 3.30502188218 .13770924509083333333 501
777 2.46000083703 .07130437208782608695 501
778 1.4135213912 .10470528823703703703 501
779 1.83193402652 .08141929006755555555 501
780 1.90864926359 .06257866438000000000 501
781 1.1863049647 .06412459268648648648 501
782 1.90749914337 .03892855394632653061 501
783 2.0248683009 .05955495002647058823 501
784 1.51102142308 .13139316722434782608 501
785 2.26313944518 .90525577807200000000 501
786 1.96918241771 .03978146298404040404 501
787 2.43710970062 .06586782974648648648 501
788 1.51550894536 .03651828784000000000 501
789 2.08914828017 .06739188000548387096 501
790 0.967080123921 .27630860683457142857 501
791 2.52679003819 .13298894937842105263 501
792 2.53699939164 .39030759871384615384 501
793 1.39115227339 1.39115227339000000000 501
794 2.47418444731 .09336545084188679245 501
795 1.93852944634 .09692647231700000000 501
796 2.12591342261 .04523220048106382978 501
797 1.81271003464 .03699408233959183673 501
798 1.28643865784 .03176391747753086419 501
799 2.29716575236 .25524063915111111111 501
800 2.67783059052 .06531294123219512195 501
801 2.15999900276 .61714257221714285714 501
802 1.77069054506 .88534527253000000000 501
803 1.5492510223 .05079511548524590163 501
804 1.32185808975 .02782859136315789473 501
805 2.59040052477 1.72693368318000000000 501
806 2.06945362418 .04138907248360000000 501
807 2.20321418683 .20029219880272727272 501
808 2.335791404 .05023207320430107526 501
809 2.10309290597 .12746017611939393939 501
810 1.66893422534 .04225149937569620253 501
811 1.62624639536 .03696014534909090909 501
812 1.53714497781 .10247633185400000000 501
813 1.69140757978 .08054321808476190476 501
814 1.63646573068 .05365461412065573770 501
815 2.62948006165 .07106702869324324324 501
816 2.04054341339 .17743855768608695652 501
817 1.85047617686 .08606865938883720930 501
818 2.14390957282 .05104546601952380952 501
819 2.19109045457 .16854541958230769230 501
820 3.44875176424 .14675539422297872340 501
821 1.82855320232 .04514946178567901234 501
822 1.62354403284 .06908698012085106382 501
823 2.21243551035 .07762931615263157894 501
824 2.31272407611 .30836321014800000000 501
825 1.48419698758 .12368308229833333333 501
826 2.80552592738 .11451126234204081632 501
827 2.46984452183 2.46984452183000000000 501
828 3.06068268317 .09417485178984615384 501
829 2.30340787214 .51186841603111111111 501
830 2.71346041398 .11306085058250000000 501
831 1.68133398309 .04051407188168674698 501
832 1.16813827419 .16687689631285714285 501
833 1.63356664888 .03300134644202020202 501
834 1.77197147448 .04663082827578947368 501
835 2.74260543519 .22855045293250000000 501
836 2.32878826867 .93151530746800000000 501
837 1.82951075661 .06533966987892857142 501
838 1.67971820808 .06221178548444444444 501
839 2.53485674915 .05280951560729166666 501
840 0.982119214302 .24552980357550000000 501
841 1.1055066624 .07896476160000000000 501
842 2.04192523318 .22688058146444444444 501
843 1.45169964635 .03923512557702702702 501
844 2.05618659198 .21644069389263157894 501
845 2.08288824008 .04959257714476190476 501
846 3.11511572161 .36648420254235294117 501
847 2.8116660954 .12496293757333333333 501
848 1.56812271124 .07293594005767441860 501
849 1.89398512691 .05827646544338461538 501
850 2.40975282224 .08606260079428571428 501
851 1.61850647787 .08092532389350000000 501
852 2.37534056434 .08637602052145454545 501
853 2.6011058721 .12386218438571428571 501
854 1.26327518558 .03368733828213333333 501
855 2.41322199538 .13789839973600000000 501
856 1.56083113397 .15608311339700000000 501
857 1.64126361055 .04003081976951219512 501
858 2.29903378749 .05285135143655172413 501
859 2.26161567993 .05874326441376623376 501
860 2.1240793969 .08669711824081632653 501
861 0.937819299879 .03827833877057142857 501
862 2.36223680687 .09842653361958333333 501
863 2.37331590553 .06592544182027777777 501
864 2.28669159652 .06628091584115942028 501
865 2.26078489989 4.52156979978000000000 501
866 2.46979199643 .22452654513000000000 501
867 1.72901273895 3.45802547790000000000 501
868 1.73355728147 .09630873785944444444 501
869 1.50079738789 .05772297645730769230 501
870 1.69354772659 .06158355369418181818 501
871 1.5888952826 .04022519702784810126 501
872 2.23609295807 .13153487988647058823 501
873 1.37815810422 .06125147129866666666 501
874 2.01710457187 .04802629933023809523 501
875 2.15034820056 .12649107062117647058 501
876 2.46791474528 .07712233579000000000 501
877 1.48414135412 .10993639660148148148 501
878 2.53808241095 .07464948267500000000 501
879 2.39469198492 4.78938396984000000000 501
880 1.82510599582 .05290162306724637681 501
881 1.44119389035 .19215918538000000000 501
882 2.3312588913 .06856643797941176470 501
883 2.68307475161 .05896867585956043956 501
884 2.37910103137 .07800331250393442622 501
885 0.924725272289 .02201726838783333333 501
886 0.698292488395 .02182164026234375000 501
887 1.25388322505 .02667836649042553191 501
888 1.83340425548 .03985661424956521739 501
889 1.59663243005 .03991581075125000000 501
890 2.19905220086 .11886768653297297297 501
891 1.49165020033 .05737116155115384615 501
892 1.6958256875 .04583312668918918918 501
893 1.77813475952 .27355919377230769230 501
894 2.06508082173 .24295068490941176470 501
895 2.53976578747 .14109809930388888888 501
896 2.27951751565 .15720810452758620689 501
897 2.24241766122 .32034538017428571428 501
898 2.3537755822 .21397959838181818181 501
899 3.13332449796 .21609134468689655172 501
900 1.06857752691 .02574885607012048192 501
901 2.67127513288 .05744677705118279569 501
902 2.18732091992 .08254041207245283018 501
903 2.08741477853 .13916098523533333333 501
904 2.11308668281 .70436222760333333333 501
905 1.23809997629 .03869062425906250000 501
906 1.36161959586 .03166557199674418604 501
907 1.31985564628 .06599278231400000000 501
908 1.40131186307 .03258864797837209302 501
909 1.87665752943 .05361878655514285714 501
910 1.92867879611 .12443089007161290322 501
911 1.60241860548 .04513855226704225352 501
912 2.50993013513 .10680553766510638297 501
913 1.07910156128 .02345872959304347826 501
914 1.85922510429 .33804092805272727272 501
915 1.72448912166 .04311222804150000000 501
916 1.90428057958 .05950876811187500000 501
917 1.68440389639 .03437558972224489795 501
918 2.36427235125 .08443829825892857142 501
919 1.1758013984 .02424332780206185567 501
920 1.00853582368 .06723572157866666666 501
921 2.5699822941 .12536498995609756097 501
922 1.47740359393 .04924678646433333333 501
923 1.77652620548 .05303063299940298507 501
924 2.76642950358 .23053579196500000000 501
925 1.78886666042 .04112337150390804597 501
926 1.51212808301 .37803202075250000000 501
927 2.43064239315 .07716325057619047619 501
928 3.00714483574 .22275146931407407407 501
929 1.79631691188 .09454299536210526315 501
930 2.65920036276 .08058182917454545454 501
931 2.3107513812 .38512523020000000000 501
932 2.09782885163 .04238038084101010101 501
933 2.08605306907 .05281147010303797468 501
934 2.29874301104 .27044035424000000000 501
935 1.74265192203 .03630524837562500000 501
936 1.65515456489 .30093719361636363636 501
937 0.845063709857 .02253503226285333333 501
938 2.45944178873 .08629620311333333333 501
939 1.91257646529 .17387058775363636363 501
940 1.92728927236 .11336995719764705882 501
941 1.37276861345 .06536993397380952380 501
942 1.84940324803 .04566427772913580246 501
943 1.53355858883 .03194913726729166666 501
944 1.54954099077 .08854519947257142857 501
945 2.47368169745 .32982422632666666666 501
946 2.35514989732 .05352613403000000000 501
947 1.57630837841 .03426757344369565217 501
948 1.75230824618 .05652607245741935483 501
949 2.26446033175 .09636001411702127659 501
950 1.93590949397 .04839773734925000000 501
951 2.12010597748 .08154253759538461538 501
952 2.12593728816 .12884468413090909090 501
953 1.34107880945 .06705394047250000000 501
954 2.28304471411 .12683581745055555555 501
955 2.80687271957 .12758512361681818181 501
956 1.88100765049 .04275017387477272727 501
957 2.36813513222 .67661003777714285714 501
958 1.37954509855 .30656557745555555555 501
959 1.84143843585 .06242164189322033898 501
960 2.19533803228 .14163471176000000000 501
961 2.43477618947 .06956503398485714285 501
962 2.84393341165 .05987228235052631578 501
963 2.28823609108 .13460212300470588235 501
964 1.63122129275 .04027706895679012345 501
965 3.17193620349 .28835783668090909090 501
966 1.8879585737 .53941673534285714285 501
967 1.87704429387 .04939590247026315789 501
968 1.17164012806 .03254555911277777777 501
969 2.11289893697 .26411236712125000000 501
970 2.0759391826 .04416891877872340425 501
971 2.08579486161 .18961771469181818181 501
972 2.41813503615 .32241800482000000000 501
973 1.99113279429 1.99113279429000000000 501
974 1.26776914647 .07457465567470588235 501
975 1.70403160857 .04057218115642857142 501
976 2.18418521833 .29122469577733333333 501
977 1.63183928557 .03296645021353535353 501
978 2.20366023801 .06886438243781250000 501
979 2.0685406707 2.06854067070000000000 501
980 1.45839982153 .03431528991835294117 501
981 0.644306795734 .08053834946675000000 501
982 2.35801246625 .06642288637323943661 501
983 2.05291381655 .10527763161794871794 501
984 1.39776008837 .04111059083441176470 501
985 1.92023877848 .76809551139200000000 501
986 1.50648406884 1.00432271256000000000 501
987 2.67614583136 .10494689534745098039 501
988 1.65136152384 .18348461376000000000 501
989 2.38930151112 .11655129322536585365 501
990 0.836522092062 .01798972240993548387 501
991 2.38323911154 .09166304275153846153 501
992 2.06530923925 .07001048268644067796 501
993 1.87494346385 .09374717319250000000 501
994 1.67262060066 .03484626251375000000 501
995 1.76564208601 .10089383348628571428 501
996 1.76987559157 .07866113740311111111 501
997 1.59506236283 .05800226773927272727 501
998 1.40000974255 .06086998880652173913 501
999 2.10531018888 .07944566750490566037 501
1000 1.8001117041 .30001861735000000000 501
1001 2.20722167918 .29429622389066666666 501
1002 2.88019245335 .09290943397903225806 502,503,504,505,506,507,508,509,510,511,512,513,514,515,516,517,518,519,520,521,522,523,524,525,526,527,528,529,530,531,532,533,534,535,536,537,538,539,540,541,542,543,544,545,546,547,548,549,550,551,552,553,554,555,556,557,558,559,560,561,562,563,564,565,566,567,568,569,570,571,572,573,574,575,576,577,578,579,580,581,582,583,584,585,586,587,588,589,590,591,592,593,594,595,596,597,598,599,600,601,602,603,604,605,606,607,608,609,610,611,612,613,614,615,616,617,618,619,620,621,622,623,624,625,626,627,628,629,630,631,632,633,634,635,636,637,638,639,640,641,642,643,644,645,646,647,648,649,650,651,652,653,654,655,656,657,658,659,660,661,662,663,664,665,666,667,668,669,670,671,672,673,674,675,676,677,678,679,680,681,682,683,684,685,686,687,688,689,690,691,692,693,694,695,696,697,698,699,700,701,702,703,704,705,706,707,708,709,710,711,712,713,714,715,716,717,718,719,720,721,722,723,724,725,726,727,728,729,730,731,732,733,734,735,736,737,738,739,740,741,742,743,744,745,746,747,748,749,750,751,752,753,754,755,756,757,758,759,760,761,762,763,764,765,766,767,768,769,770,771,772,773,774,775,776,777,778,779,780,781,782,783,784,785,786,787,788,789,790,791,792,793,794,795,796,797,798,799,800,801,802,803,804,805,806,807,808,809,810,811,812,813,814,815,816,817,818,819,820,821,822,823,824,825,826,827,828,829,830,831,832,833,834,835,836,837,838,839,840,841,842,843,844,845,846,847,848,849,850,851,852,853,854,855,856,857,858,859,860,861,862,863,864,865,866,867,868,869,870,871,872,873,874,875,876,877,878,879,880,881,882,883,884,885,886,887,888,889,890,891,892,893,894,895,896,897,898,899,900,901,902,903,904,905,906,907,908,909,910,911,912,913,914,915,916,917,918,919,920,921,922,923,924,925,926,927,928,929,930,931,932,933,934,935,936,937,938,939,940,941,942,943,944,945,946,947,948,949,950,951,952,953,954,955,956,957,958,959,960,961,962,963,964,965,966,967,968,969,970,971,972,973,974,975,976,977,978,979,980,981,982,983,984,985,986,987,988,989,990,991,992,993,994,995,996,997,998,999,1000,1001
