886 4.473123 -1 
887 6.306104 1.123402 886
888 5.731082 1.089445 886
889 6.279929 1.308859 886
890 6.271295 1.332291 886
891 6.264936 1.322984 886
892 6.686232 1.618724 886
893 5.698307 0.850464 886
894 6.096082 0.982548 886
895 5.692031 1.036799 886
898 4.790743 0.174494 887
899 7.794198 0.289803 888,887
900 7.818952 0.256446 889,887
901 7.724893 0.466190 890,887
902 7.357762 0.296410 891,887
903 6.528130 0.248327 892,887
904 7.292219 0.245642 893,887
905 7.880276 0.249973 894,887
906 7.857457 0.155065 887,895
909 4.625882 0.209912 888
910 8.009669 0.186466 889,888
911 7.140013 0.185558 890,888
912 6.942500 0.596923 891,888
913 7.180473 0.839374 892,888
914 8.459417 3.239350 888,893
915 6.995710 0.196572 888,894
916 8.358562 1.026814 888,895
919 4.736611 0.043299 889
920 7.099907 0.239388 890,889
921 7.250514 0.245873 891,889
922 6.531078 0.436939 889,892
923 7.987034 0.203055 889,893
924 6.586064 0.635845 889,894
925 6.447440 0.245225 889,895
928 4.577368 3.135228 890
929 8.017113 0.241758 890,891
930 6.542572 0.245130 890,892
931 6.621526 0.264697 890,893
932 6.442953 0.251639 890,894
933 7.274334 0.607913 890,895
936 4.404655 0.197884 891
937 8.071815 0.446222 891,892
938 7.680995 0.571623 891,893
939 7.325858 0.191319 891,894
940 7.091880 0.200460 891,895
943 4.829606 0.126619 892
944 6.416907 0.473707 892,893
945 6.438989 0.244077 892,894
946 6.455313 0.244077 892,895
949 4.182629 0.082922 893
950 8.520760 0.195616 893,894
951 6.873953 0.494807 893,895
954 4.393806 0.050807 894
955 7.821255 0.196092 894,895
958 5.005114 0.131362 895
961 2.797800 -1 898
962 6.179650 0.948767 899,961
963 6.134281 0.965917 900,961
964 6.352669 0.837121 901,961
965 6.077393 0.944036 902,961
966 5.702710 0.982622 903,961
967 6.283503 0.738833 961,904
968 6.626951 1.130449 961,905
969 6.595675 1.026181 906,961
972 4.653161 0.082320 909,962
973 7.307077 3.444473 910,962,963
974 7.445154 0.463742 964,911,962
975 6.693718 0.244993 965,962,912
976 7.852450 0.271274 966,913,962
977 8.243523 0.244965 914,967,962
978 7.102352 3.606629 915,968,962
979 7.959396 0.200950 916,969,962
982 3.757451 0.128691 919,963
983 7.044335 0.243595 964,920,963
984 7.422519 0.939545 965,921,963
985 6.401843 0.050437 966,922,963
986 7.511870 0.285239 967,923,963
987 7.237392 0.247585 924,968,963
988 7.956038 0.203211 925,969,963
991 4.288143 0.407091 964,928
992 6.699963 0.243383 964,965,929
993 6.397122 0.245694 964,966,930
994 7.473291 0.246311 964,931,967
995 6.456976 0.195614 964,932,968
996 7.106426 0.246349 964,933,969
999 3.993463 0.250859 965,936
1000 7.422128 0.705695 965,966,937
1001 8.136252 0.244238 938,965,967
1002 6.407021 0.200476 965,939,968
1003 7.087747 0.199130 965,969,940
1006 3.784841 0.133232 966,943
1007 7.348856 0.875486 966,967,944
1008 6.519952 0.203998 966,945,968
1009 7.085322 0.241278 946,966,969
1012 4.394642 0.128853 967,949
1013 7.083672 0.198670 950,967,968
1014 7.300521 0.501270 951,967,969
1017 4.634383 0.135208 968,954
1018 7.265402 0.242644 955,968,969
1021 4.647545 0.082701 958,969
1024 2.665227 -1 972
1025 6.424251 1.022903 1024,973
1026 5.798543 0.036347 1024,974
1027 5.724239 1.337547 1024,975
1028 6.699162 1.028980 1024,976
1029 6.210097 12.326568 977,1024
1030 6.654607 1.020079 1024,978
1031 5.751926 1.013565 1024,979
1034 4.334244 0.331038 1025,982
1035 6.483926 0.244739 1025,983,1026
1036 6.449737 0.536503 1025,1027,984
1037 7.154188 0.491677 1025,1028,985
1038 7.974358 0.595750 1025,986,1029
1039 6.582029 0.298162 1025,1030,987
1040 7.235664 0.080765 1025,988,1031
1043 3.827797 0.153756 1026,991
1044 6.477254 0.489436 1027,1026,992
1045 6.367708 0.250303 1026,1028,993
1046 7.991708 0.277196 994,1026,1029
1047 7.248478 0.203424 995,1030,1026
1048 6.627011 0.196288 1031,996,1026
1051 4.180507 0.293154 1027,999
1052 8.090031 0.246008 1027,1028,1000
1053 7.048026 0.712790 1027,1029,1001
1054 7.226614 0.243912 1027,1030,1002
1055 8.041823 0.244965 1027,1031,1003
1058 3.731663 0.082156 1006,1028
1059 7.044688 0.251838 1007,1029,1028
1060 7.206315 0.243095 1030,1028,1008
1061 8.092796 0.200523 1031,1028,1009
1064 4.590172 0.059725 1029,1012
1065 7.168385 0.409311 1030,1029,1013
1066 6.572784 0.248133 1014,1031,1029
1069 4.241387 10.191999 1030,1017
1070 7.221927 0.243844 1030,1031,1018
1073 3.910623 0.075792 1031,1021
1076 3.129318 -1 1034
1077 5.803885 0.959640 1076,1035
1078 5.644570 1.171763 1076,1036
1079 6.012728 1.353744 1076,1037
1080 6.214301 0.420409 1076,1038
1081 6.675159 1.070057 1076,1039
1082 6.598580 1.036920 1076,1040
1085 3.877922 0.167170 1043,1077
1086 6.229650 0.224627 1077,1078,1044
1087 7.065704 0.232139 1077,1045,1079
1088 6.350595 0.227916 1077,1046,1080
1089 6.305026 0.148107 1077,1047,1081
1090 6.468806 0.282907 1077,1048,1082
1093 3.681698 0.129545 1051,1078
1094 6.260624 0.195211 1052,1078,1079
1095 7.036348 0.296317 1053,1078,1080
1096 7.026189 0.201894 1054,1081,1078
1097 7.216851 0.248649 1082,1078,1055
1100 4.530217 0.089224 1058,1079
1101 7.019075 0.109354 1059,1080,1079
1102 6.930803 0.531796 1060,1081,1079
1103 7.138014 0.283199 1061,1082,1079
1106 4.131974 0.085040 1064,1080
1107 7.151058 0.220545 1065,1081,1080
1108 6.433047 0.243227 1066,1082,1080
1111 4.490544 0.471737 1069,1081
1112 6.425008 0.282739 1070,1082,1081
1115 4.521163 0.142795 1082,1073
1118 2.803533 -1 1085
1119 6.673780 0.980767 1118,1086
1120 6.187863 0.962300 1087,1118
1121 5.614263 1.018515 1118,1088
1122 5.701841 1.381746 1118,1089
1123 5.680392 1.211983 1118,1090
1126 4.129728 0.388950 1119,1093
1127 6.958821 0.244086 1119,1120,1094
1128 7.760153 0.287519 1119,1121,1095
1129 6.336740 0.533427 1119,1122,1096
1130 6.873701 0.241333 1119,1097,1123
1133 3.992319 0.130435 1120,1100
1134 6.977614 0.189553 1120,1121,1101
1135 6.335494 0.520788 1120,1122,1102
1136 7.063564 0.243455 1120,1123,1103
1139 3.716777 0.583545 1106,1121
1140 6.978093 1.132531 1121,1122,1107
1141 7.056005 0.184591 1121,1123,1108
1144 4.008199 0.573191 1111,1122
1145 7.722933 0.198470 1122,1123,1112
1148 4.515432 0.553044 1123,1115
1151 2.777605 -1 1126
1152 6.241537 0.040825 1151,1127
1153 6.155325 1.098805 1128,1151
1154 5.660523 1.053331 1129,1151
1155 6.557516 0.999421 1130,1151
1158 4.489403 0.409008 1133,1152
1159 6.971571 0.671516 1134,1153,1152
1160 7.059050 0.227984 1154,1135,1152
1161 6.314779 0.540997 1155,1136,1152
1164 3.664873 0.433840 1139,1153
1165 6.930449 0.242015 1154,1140,1153
1166 7.708071 0.583513 1155,1141,1153
1169 4.453769 0.463502 1154,1144
1170 6.300399 0.595020 1155,1154,1145
1173 4.060820 0.114881 1155,1148
1176 3.036060 -1 1158
1177 5.607257 1.324480 1176,1159
1178 6.030722 0.972194 1176,1160
1179 5.591800 1.481831 1176,1161
1182 3.609436 0.046839 1177,1164
1183 6.982471 0.285660 1177,1165,1178
1184 6.920300 0.015284 1177,1166,1179
1187 4.362891 0.440233 1169,1178
1188 6.126582 0.560860 1170,1179,1178
1191 3.518360 0.076563 1173,1179
1194 3.112432 -1 1182
1195 5.630759 1.288223 1194,1183
1196 5.568586 1.363283 1184,1194
1199 3.938875 0.165133 1187,1195
1200 6.265358 0.602569 1195,1188,1196
1203 4.022103 0.404258 1191,1196
1206 2.696866 -1 1199
1207 5.584391 1.319398 1206,1200
1210 3.550514 0.169027 1207,1203
1213 2.636073 -1 1210
