4171 7.370886 -1 
4172 18.428436 2.210996 4171
4173 16.911021 2.266353 4171
4174 16.773346 2.218515 4171
4175 18.091260 2.194920 4171
4176 17.842730 1.711483 4171
4177 18.214375 1.740621 4171
4178 16.640047 1.369158 4171
4179 16.633478 1.339540 4171
4180 18.026943 1.799642 4171
4181 16.899229 1.797800 4171
4182 17.523519 1.732621 4171
4183 16.692085 16.189741 4171
4184 18.087529 1.663577 4171
4185 18.238526 1.648386 4171
4186 17.905538 1.781398 4171
4187 18.077933 1.836389 4171
4188 18.196209 1.743656 4171
4189 17.903336 1.772356 4171
4190 25.741493 1.727374 4171
4193 15.562130 0.179668 4172
4194 24.196341 0.628093 4172,4173
4195 23.977082 0.980040 4174,4172
4196 24.331481 0.930575 4175,4172
4197 24.240168 0.696294 4176,4172
4198 21.482833 0.694949 4177,4172
4199 23.747678 0.692317 4178,4172
4200 23.714500 0.692406 4179,4172
4201 21.358093 0.696371 4180,4172
4202 21.392300 0.696041 4181,4172
4203 23.537384 0.686895 4182,4172
4204 23.702262 0.645843 4183,4172
4205 23.734519 0.691769 4184,4172
4206 23.639531 0.749973 4185,4172
4207 23.768263 0.937049 4172,4186
4208 23.675178 0.645573 4187,4172
4209 23.780537 0.688574 4188,4172
4210 23.527081 0.697739 4189,4172
4211 21.454662 0.907370 4190,4172
4214 13.694450 0.444729 4173
4215 21.323615 0.648845 4174,4173
4216 23.837286 17.264366 4175,4173
4217 23.414544 0.689039 4176,4173
4218 23.964825 0.690997 4177,4173
4219 21.734556 0.647338 4178,4173
4220 21.896926 0.646578 4179,4173
4221 21.505575 1.279163 4180,4173
4222 21.438179 0.689410 4181,4173
4223 23.523798 0.690606 4182,4173
4224 21.684003 0.643319 4183,4173
4225 24.041259 0.942077 4184,4173
4226 23.869778 0.688792 4185,4173
4227 23.347612 0.643959 4186,4173
4228 24.049072 0.645225 4187,4173
4229 23.982149 1.156141 4188,4173
4230 23.875948 0.676581 4189,4173
4231 23.942667 0.645058 4190,4173
4234 13.514243 18.360793 4174
4235 23.734894 0.932823 4174,4175
4236 23.772917 18.102101 4174,4176
4237 23.884948 0.644045 4174,4177
4238 21.771511 0.692164 4174,4178
4239 21.815036 0.160438 4174,4179
4240 24.426730 0.692110 4174,4180
4241 20.971224 1.165604 4174,4181
4242 23.750333 0.581833 4174,4182
4243 21.699317 0.683664 4174,4183
4244 23.850737 0.686183 4174,4184
4245 23.929272 0.645353 4174,4185
4246 23.280163 0.642397 4174,4186
4247 23.907201 0.902357 4174,4187
4248 23.855101 0.644122 4174,4188
4249 23.754122 0.643421 4174,4189
4250 23.839580 0.686628 4174,4190
4253 15.575217 0.189520 4175
4254 24.145557 0.967260 4175,4176
4255 23.974333 0.692714 4175,4177
4256 24.291023 0.962303 4175,4178
4257 24.352553 12.473955 4175,4179
4258 24.023374 0.695217 4175,4180
4259 23.870086 0.687334 4181,4175
4260 23.673521 0.968483 4175,4182
4261 23.994875 0.569716 4175,4183
4262 23.834993 0.681991 4175,4184
4263 24.115903 0.576565 4175,4185
4264 23.786541 0.693096 4175,4186
4265 23.842083 1.845658 4175,4187
4266 23.816670 0.689695 4175,4188
4267 23.764260 0.068209 4189,4175
4268 21.246362 0.640487 4175,4190
4271 14.644308 0.373903 4176
4272 24.207990 0.434670 4176,4177
4273 23.677523 0.780148 4176,4178
4274 23.794913 0.545479 4176,4179
4275 21.792673 0.456379 4180,4176
4276 23.710054 0.645213 4181,4176
4277 23.632279 1.352010 4176,4182
4278 23.859299 0.687707 4176,4183
4279 24.209315 0.582422 4176,4184
4280 24.167768 0.650604 4176,4185
4281 23.352543 0.644623 4176,4186
4282 24.256614 0.686863 4176,4187
4283 21.601515 0.641827 4188,4176
4284 21.599226 0.688795 4189,4176
4285 21.157035 0.686978 4176,4190
4288 15.637929 0.747198 4177
4289 24.189542 0.692692 4177,4178
4290 21.256848 0.644909 4177,4179
4291 24.307400 0.690088 4180,4177
4292 23.634142 1.008220 4181,4177
4293 21.269111 0.626244 4182,4177
4294 21.265589 0.651001 4183,4177
4295 21.269124 0.691507 4177,4184
4296 24.244806 0.636264 4177,4185
4297 21.139697 0.645729 4177,4186
4298 24.280532 0.687415 4177,4187
4299 21.347777 0.642170 4188,4177
4300 21.377558 0.887798 4189,4177
4301 23.744449 0.689307 4177,4190
4304 13.596421 0.370210 4178
4305 21.470254 0.140166 4178,4179
4306 24.172767 16.314420 4180,4178
4307 21.707214 0.641863 4181,4178
4308 23.938051 0.688487 4182,4178
4309 21.758261 0.644873 4183,4178
4310 24.370963 0.645391 4178,4184
4311 24.308801 0.687870 4185,4178
4312 23.739733 16.495958 4178,4186
4313 24.380221 4.554847 4178,4187
4314 24.481440 0.644235 4188,4178
4315 23.812487 0.641945 4189,4178
4316 21.777826 0.646246 4178,4190
4319 12.984961 0.262043 4179
4320 21.820103 0.691896 4180,4179
4321 21.164041 0.141486 4181,4179
4322 23.878277 12.258148 4182,4179
4323 21.801909 0.646182 4183,4179
4324 24.466043 0.694097 4179,4184
4325 24.267776 0.690250 4185,4179
4326 23.714698 0.689685 4179,4186
4327 24.288772 0.644313 4179,4187
4328 24.190658 0.640246 4188,4179
4329 21.543441 0.646640 4189,4179
4330 21.303832 0.646017 4179,4190
4333 15.570101 0.691903 4180
4334 24.065600 0.643648 4181,4180
4335 21.475172 0.959279 4180,4182
4336 24.126052 0.629788 4180,4183
4337 24.000092 0.039396 4180,4184
4338 21.377127 13.230842 4180,4185
4339 24.056456 0.642001 4180,4186
4340 24.407593 0.690109 4180,4187
4341 24.198940 0.928385 4180,4188
4342 23.733274 0.644580 4189,4180
4343 21.447561 0.649519 4180,4190
4346 13.455142 0.117328 4181
4347 23.678802 0.643792 4181,4182
4348 21.821315 0.643621 4181,4183
4349 24.112846 0.645335 4181,4184
4350 21.371071 0.033200 4181,4185
4351 23.875186 0.645062 4181,4186
4352 21.129780 9.150524 4181,4187
4353 23.822271 0.688611 4181,4188
4354 23.930507 0.645823 4181,4189
4355 23.971329 0.643858 4181,4190
4358 14.687220 0.076920 4182
4359 23.731172 0.625755 4183,4182
4360 23.625337 0.627060 4182,4184
4361 23.810371 0.578402 4182,4185
4362 23.943359 0.643939 4182,4186
4363 23.851697 0.628319 4182,4187
4364 24.049115 0.643274 4188,4182
4365 21.199748 0.623883 4189,4182
4366 21.569381 0.650639 4182,4190
4369 13.477003 0.328366 4183
4370 23.930900 0.687594 4183,4184
4371 24.044164 0.685203 4183,4185
4372 23.580869 0.642011 4183,4186
4373 24.144719 0.646005 4183,4187
4374 24.143173 0.691239 4188,4183
4375 23.998448 0.686769 4189,4183
4376 21.568824 0.035573 4183,4190
4379 15.740025 0.321459 4184
4380 24.043192 0.688767 4185,4184
4381 21.183020 0.644553 4184,4186
4382 23.582874 0.897840 4184,4187
4383 24.303872 0.627851 4188,4184
4384 23.561420 0.646542 4189,4184
4385 21.268701 0.644022 4184,4190
4388 15.451100 0.373525 4185
4389 24.157702 0.070413 4185,4186
4390 21.406299 0.687448 4185,4187
4391 21.435786 0.646060 4188,4185
4392 23.396538 0.690077 4189,4185
4393 21.126200 0.956775 4185,4190
4396 15.369111 12.172240 4186
4397 21.024490 1.093274 4187,4186
4398 23.925929 0.644774 4188,4186
4399 21.224667 0.648829 4189,4186
4400 23.658029 0.743769 4190,4186
4403 15.705679 0.593319 4187
4404 23.885269 0.686759 4188,4187
4405 24.145843 0.645217 4189,4187
4406 21.540819 0.645049 4190,4187
4409 15.611973 0.326910 4188
4410 23.843863 0.649343 4189,4188
4411 21.531646 0.645090 4188,4190
4414 15.581666 0.325766 4189
4415 21.406025 3.758120 4189,4190
4418 14.298269 0.335534 4190
4421 7.953030 -1 4193
4422 18.126204 1.885594 4194,4421
4423 18.070695 1.970550 4421,4195
4424 17.760556 0.346659 4196,4421
4425 18.042433 0.613043 4197,4421
4426 16.598201 1.967004 4421,4198
4427 17.638082 1.825159 4421,4199
4428 17.737652 1.773233 4200,4421
4429 16.561242 1.757795 4421,4201
4430 16.486021 1.707682 4202,4421
4431 17.669504 1.936890 4203,4421
4432 17.814438 1.754294 4421,4204
4433 17.781927 1.786875 4421,4205
4434 17.688056 1.939821 4421,4206
4435 17.929838 1.783573 4421,4207
4436 17.738379 1.773338 4208,4421
4437 17.659461 1.722235 4421,4209
4438 17.633961 13.294201 4421,4210
4439 16.575246 1.760022 4421,4211
4442 14.115558 0.162402 4422,4214
4443 21.432116 0.914154 4422,4423,4215
4444 23.848170 0.341617 4422,4216,4424
4445 24.008166 0.695831 4422,4217,4425
4446 21.455256 0.686442 4422,4426,4218
4447 23.793568 0.643233 4422,4219,4427
4448 23.905755 1.072854 4422,4428,4220
4449 24.166463 0.685945 4422,4429,4221
4450 21.540924 0.651442 4422,4430,4222
4451 23.610163 0.645241 4422,4431,4223
4452 23.812291 0.650364 4422,4224,4432
4453 23.680824 0.641742 4422,4225,4433
4454 23.707016 0.682713 4422,4434,4226
4455 23.794002 0.690381 4422,4435,4227
4456 23.756450 0.625410 4422,4436,4228
4457 23.820332 0.055616 4422,4437,4229
4458 23.351564 0.689260 4422,4438,4230
4459 21.105049 0.642688 4422,4439,4231
4462 13.960023 0.267522 4423,4234
4463 21.148367 0.690367 4423,4235,4424
4464 23.818272 0.680177 4423,4236,4425
4465 21.545487 0.689061 4237,4423,4426
4466 23.849929 0.961134 4423,4427,4238
4467 23.852849 0.689297 4423,4428,4239
4468 21.477571 1.021479 4423,4429,4240
4469 21.530824 10.139231 4423,4430,4241
4470 23.641240 0.037332 4423,4242,4431
4471 23.736290 1.644422 4423,4243,4432
4472 23.859439 0.685560 4423,4244,4433
4473 23.725885 0.644235 4423,4245,4434
4474 23.630181 2.861942 4435,4423,4246
4475 24.064285 0.703249 4423,4436,4247
4476 23.794648 0.689348 4423,4437,4248
4477 24.005579 0.646414 4423,4438,4249
4478 23.786365 0.644001 4423,4439,4250
4481 13.628159 0.365608 4253,4424
4482 23.941606 0.725838 4254,4424,4425
4483 21.443483 0.687058 4255,4426,4424
4484 23.566686 0.692968 4427,4424,4256
4485 23.732117 0.688581 4428,4257,4424
4486 23.610231 2.478628 4258,4429,4424
4487 21.467733 1.005455 4259,4430,4424
4488 23.754762 0.644611 4260,4431,4424
4489 23.902753 1.163283 4261,4424,4432
4490 23.907550 0.585081 4262,4433,4424
4491 23.784215 0.648148 4434,4263,4424
4492 23.668001 0.642602 4435,4264,4424
4493 24.042281 0.686636 4436,4265,4424
4494 23.481134 0.642957 4437,4266,4424
4495 24.071179 0.645406 4438,4424,4267
4496 23.653845 0.647459 4268,4439,4424
4499 13.824292 0.738316 4271,4425
4500 21.082830 0.235038 4272,4426,4425
4501 23.531069 0.959902 4273,4427,4425
4502 23.674687 0.648946 4428,4274,4425
4503 21.480873 12.089369 4429,4275,4425
4504 21.450314 0.641147 4430,4276,4425
4505 23.663513 0.645166 4277,4431,4425
4506 23.885355 0.972795 4278,4432,4425
4507 23.864702 0.642690 4279,4433,4425
4508 23.843966 0.643870 4434,4280,4425
4509 23.699880 0.643965 4435,4281,4425
4510 24.147890 0.642148 4282,4436,4425
4511 24.145877 0.900571 4283,4437,4425
4512 24.131978 0.684588 4438,4284,4425
4513 24.132991 0.687688 4285,4439,4425
4516 12.716916 0.587991 4288,4426
4517 23.600884 0.624204 4289,4426,4427
4518 23.708980 0.120620 4428,4426,4290
4519 23.800271 0.688287 4291,4429,4426
4520 21.548074 0.682892 4426,4430,4292
4521 23.713206 12.489368 4431,4426,4293
4522 23.852668 0.643285 4294,4426,4432
4523 23.847500 0.624319 4295,4426,4433
4524 23.598747 0.995899 4434,4296,4426
4525 23.671839 0.535124 4435,4297,4426
4526 23.960903 0.645000 4436,4426,4298
4527 23.829825 0.648198 4299,4437,4426
4528 23.976536 0.643775 4300,4426,4438
4529 24.426904 0.689409 4439,4301,4426
4532 13.713087 0.373018 4427,4304
4533 23.790619 0.691094 4428,4427,4305
4534 21.433974 1.084990 4429,4427,4306
4535 21.539807 0.688236 4307,4427,4430
4536 23.691973 0.687328 4308,4431,4427
4537 21.381308 0.686890 4309,4427,4432
4538 24.164066 3.486401 4310,4427,4433
4539 23.722019 12.332230 4434,4427,4311
4540 23.685255 0.642942 4435,4312,4427
4541 23.581715 0.687469 4436,4427,4313
4542 21.643694 0.688700 4437,4314,4427
4543 23.609891 11.990760 4315,4427,4438
4544 23.917062 0.058101 4439,4427,4316
4547 14.054567 0.574921 4319,4428
4548 21.498735 0.693933 4320,4428,4429
4549 23.180152 0.690297 4321,4428,4430
4550 23.821270 0.692148 4428,4322,4431
4551 24.285388 0.943225 4428,4323,4432
4552 23.929070 0.643166 4428,4324,4433
4553 23.880980 0.644348 4434,4428,4325
4554 23.915094 0.644314 4435,4428,4326
4555 24.058395 0.645958 4428,4436,4327
4556 23.604040 0.643531 4328,4428,4437
4557 23.969151 0.649028 4329,4428,4438
4558 24.119166 0.822818 4428,4439,4330
4561 12.622950 0.163266 4429,4333
4562 24.053302 0.623399 4334,4429,4430
4563 23.928119 0.641010 4335,4429,4431
4564 24.399924 0.623018 4336,4429,4432
4565 23.905769 0.621534 4337,4429,4433
4566 23.898003 0.645574 4434,4429,4338
4567 23.910580 0.641316 4435,4429,4339
4568 23.938527 0.643597 4436,4429,4340
4569 21.137080 0.537298 4437,4429,4341
4570 23.545963 0.647419 4429,4438,4342
4571 21.476240 0.689297 4343,4429,4439
4574 12.770497 4.985941 4346,4430
4575 23.825721 0.692785 4347,4431,4430
4576 24.010817 0.688482 4348,4430,4432
4577 23.885360 0.056791 4349,4430,4433
4578 23.831192 0.688565 4434,4350,4430
4579 23.852205 0.691209 4435,4430,4351
4580 23.676965 0.647650 4436,4430,4352
4581 23.562137 0.643507 4437,4430,4353
4582 23.932650 0.685732 4354,4430,4438
4583 21.388861 0.645223 4355,4439,4430
4586 13.875800 0.336229 4358,4431
4587 24.112000 0.645314 4431,4359,4432
4588 24.084994 0.649213 4431,4360,4433
4589 24.060797 12.517504 4434,4361,4431
4590 24.081340 12.606186 4435,4431,4362
4591 23.948856 0.624576 4436,4431,4363
4592 23.913359 0.643248 4364,4437,4431
4593 23.708089 0.665263 4365,4431,4438
4594 24.033779 0.624468 4439,4366,4431
4597 14.281828 1.102834 4369,4432
4598 24.208508 12.505748 4370,4433,4432
4599 23.981260 0.640236 4434,4371,4432
4600 24.213695 0.644289 4435,4372,4432
4601 23.894468 0.646590 4373,4436,4432
4602 23.899568 12.639246 4437,4374,4432
4603 23.946652 0.645559 4375,4438,4432
4604 23.700421 0.645685 4376,4439,4432
4607 14.306538 0.368330 4379,4433
4608 24.410057 0.644659 4434,4380,4433
4609 24.344655 0.642834 4435,4381,4433
4610 23.883161 0.641867 4382,4436,4433
4611 23.845522 0.646057 4383,4437,4433
4612 24.082941 0.647757 4438,4433,4384
4613 24.100253 0.646323 4439,4385,4433
4616 14.266959 0.372857 4434,4388
4617 24.176215 0.648322 4435,4434,4389
4618 21.563206 0.644677 4390,4434,4436
4619 23.840049 0.646176 4434,4437,4391
4620 23.937123 0.647880 4434,4392,4438
4621 21.451919 0.645184 4434,4393,4439
4624 14.577975 0.338775 4435,4396
4625 24.537018 0.860679 4435,4436,4397
4626 21.060761 10.841781 4435,4398,4437
4627 24.168212 0.646003 4435,4399,4438
4628 24.051459 0.645003 4435,4400,4439
4631 14.184634 0.330120 4436,4403
4632 23.800772 0.640737 4404,4437,4436
4633 23.776108 1.806445 4405,4436,4438
4634 21.183666 0.040459 4406,4436,4439
4637 14.243555 0.078252 4437,4409
4638 23.726591 0.689308 4437,4438,4410
4639 23.994473 0.648081 4437,4439,4411
4642 14.335415 0.325117 4414,4438
4643 23.740638 0.482013 4415,4439,4438
4646 12.609447 0.594811 4439,4418
4649 7.919972 -1 4442
4650 16.654263 2.056238 4443,4649
4651 18.004304 2.060832 4649,4444
4652 18.037944 1.796585 4649,4445
4653 16.521833 1.707675 4649,4446
4654 17.499548 1.962036 4649,4447
4655 17.572954 0.947000 4448,4649
4656 17.839627 1.762273 4449,4649
4657 16.532011 13.427772 4649,4450
4658 17.780532 1.911411 4451,4649
4659 17.892787 1.723678 4452,4649
4660 17.842467 1.890528 4453,4649
4661 17.927661 13.254672 4649,4454
4662 17.928917 1.777852 4649,4455
4663 17.689363 1.768632 4649,4456
4664 17.717791 1.735305 4649,4457
4665 17.590807 1.775216 4649,4458
4666 16.467842 1.875553 4459,4649
4669 12.859236 0.179925 4462,4650
4670 21.911555 0.685715 4651,4650,4463
4671 24.248562 0.957825 4464,4650,4652
4672 21.485266 0.644921 4465,4650,4653
4673 23.462034 0.648242 4466,4654,4650
4674 23.484145 0.653358 4655,4467,4650
4675 24.078009 0.577846 4656,4650,4468
4676 21.385327 0.648155 4657,4650,4469
4677 23.656047 0.913350 4470,4650,4658
4678 23.787642 0.688857 4471,4659,4650
4679 23.787594 0.644106 4472,4660,4650
4680 23.791062 0.918276 4473,4650,4661
4681 23.622517 0.644255 4650,4662,4474
4682 23.638777 0.644084 4475,4650,4663
4683 24.238801 0.686621 4664,4650,4476
4684 24.046678 0.687533 4665,4650,4477
4685 21.060959 0.887011 4478,4666,4650
4688 13.814623 1.469715 4651,4481
4689 21.981122 0.686958 4651,4482,4652
4690 21.418098 0.643791 4651,4653,4483
4691 23.418256 0.544124 4484,4654,4651
4692 23.562532 0.949100 4655,4485,4651
4693 23.806606 0.695213 4486,4656,4651
4694 21.418611 0.069724 4657,4487,4651
4695 23.651074 0.640268 4488,4651,4658
4696 23.946771 0.690392 4659,4651,4489
4697 23.946768 0.643427 4660,4651,4490
4698 23.760494 0.649453 4651,4661,4491
4699 23.679873 0.629970 4651,4492,4662
4700 24.060342 0.647347 4493,4651,4663
4701 23.815980 0.507288 4664,4494,4651
4702 24.122015 0.639204 4665,4495,4651
4703 20.886763 0.124882 4496,4666,4651
4706 13.990633 0.054579 4499,4652
4707 21.245172 0.640631 4500,4653,4652
4708 23.552077 0.632327 4654,4501,4652
4709 23.885252 0.697318 4655,4502,4652
4710 21.447858 0.641931 4656,4503,4652
4711 22.371871 0.889629 4504,4657,4652
4712 23.962251 0.647900 4505,4658,4652
4713 24.250179 0.647474 4506,4659,4652
4714 24.133467 0.687358 4507,4660,4652
4715 24.121315 0.690048 4508,4661,4652
4716 23.900286 0.687842 4509,4662,4652
4717 24.080512 0.689210 4510,4663,4652
4718 23.899494 0.687413 4664,4511,4652
4719 24.055333 0.646726 4512,4665,4652
4720 20.958369 0.646688 4513,4666,4652
4723 12.476534 0.695348 4516,4653
4724 23.461033 0.642305 4654,4517,4653
4725 23.725309 0.624481 4655,4518,4653
4726 23.940529 0.643199 4656,4519,4653
4727 23.873867 0.643786 4657,4653,4520
4728 23.688067 0.646928 4521,4658,4653
4729 24.089419 0.644691 4659,4522,4653
4730 23.922105 0.645878 4523,4660,4653
4731 23.972445 0.688120 4524,4661,4653
4732 23.924690 0.682278 4525,4662,4653
4733 24.040923 0.692491 4526,4653,4663
4734 23.682586 0.578987 4664,4527,4653
4735 23.861772 0.643952 4665,4653,4528
4736 24.221477 0.051124 4666,4529,4653
4739 13.524352 0.153092 4654,4532
4740 23.618491 0.035572 4655,4654,4533
4741 21.423630 0.640887 4534,4654,4656
4742 23.773152 0.946549 4654,4657,4535
4743 23.769120 0.621381 4654,4536,4658
4744 21.150312 12.466527 4654,4537,4659
4745 23.942083 0.637164 4654,4660,4538
4746 23.969732 0.646813 4654,4661,4539
4747 23.938143 0.687811 4654,4662,4540
4748 23.840875 0.687728 4541,4654,4663
4749 21.333391 0.648505 4664,4654,4542
4750 23.530332 0.645638 4654,4543,4665
4751 23.541683 0.646759 4654,4666,4544
4754 13.727037 0.320915 4655,4547
4755 21.598390 0.384108 4655,4548,4656
4756 24.056433 0.646348 4655,4549,4657
4757 23.765152 0.643582 4655,4658,4550
4758 21.189143 0.643803 4655,4659,4551
4759 23.910019 0.644909 4655,4552,4660
4760 23.967080 0.647176 4655,4661,4553
4761 23.940802 0.648569 4655,4554,4662
4762 24.053509 0.687268 4655,4555,4663
4763 23.789695 0.904306 4655,4664,4556
4764 24.029399 0.645212 4655,4665,4557
4765 23.880607 0.645904 4655,4666,4558
4768 13.681325 0.325895 4561,4656
4769 23.920472 0.642858 4562,4657,4656
4770 21.648081 0.645081 4563,4656,4658
4771 21.430280 0.686215 4656,4659,4564
4772 24.122977 0.646878 4656,4660,4565
4773 23.728572 0.691436 4656,4661,4566
4774 24.110572 0.644355 4656,4567,4662
4775 23.840534 0.647410 4568,4656,4663
4776 21.035438 0.644434 4664,4569,4656
4777 24.238568 0.647370 4570,4665,4656
4778 21.447235 0.647644 4571,4666,4656
4781 12.512363 0.639971 4657,4574
4782 21.410416 0.655117 4657,4658,4575
4783 24.198080 0.644683 4657,4659,4576
4784 24.515843 0.644675 4657,4660,4577
4785 24.365608 0.640521 4578,4657,4661
4786 21.504045 0.644322 4579,4657,4662
4787 23.637157 0.643177 4657,4580,4663
4788 23.607358 0.644924 4664,4657,4581
4789 23.984933 0.646137 4665,4657,4582
4790 21.319847 0.645751 4657,4666,4583
4793 13.774211 0.372572 4586,4658
4794 21.489295 0.646111 4587,4659,4658
4795 24.287175 0.644191 4660,4658,4588
4796 23.905164 12.641184 4589,4658,4661
4797 23.931220 0.648972 4590,4658,4662
4798 23.820269 0.644290 4591,4658,4663
4799 21.423208 0.645441 4664,4592,4658
4800 24.017955 0.647051 4665,4658,4593
4801 23.965344 0.644259 4666,4658,4594
4804 14.243472 0.365282 4659,4597
4805 25.265944 0.644161 4660,4598,4659
4806 23.855517 0.646920 4599,4659,4661
4807 23.552455 0.644158 4659,4600,4662
4808 23.842211 0.647617 4601,4659,4663
4809 23.886215 0.645531 4664,4602,4659
4810 24.005920 0.986005 4665,4659,4603
4811 23.923266 0.643357 4666,4659,4604
4814 14.251766 0.328031 4607,4660
4815 21.154831 0.646753 4660,4661,4608
4816 24.359025 0.647743 4660,4662,4609
4817 23.900270 0.648771 4610,4660,4663
4818 23.901136 1.128741 4664,4611,4660
4819 24.307300 0.640486 4665,4612,4660
4820 24.146395 0.644235 4666,4660,4613
4823 14.354425 0.656422 4661,4616
4824 24.079520 0.647686 4617,4661,4662
4825 21.357865 0.646266 4618,4661,4663
4826 23.698216 0.645611 4664,4619,4661
4827 23.802299 0.684269 4620,4665,4661
4828 21.320377 0.645302 4621,4666,4661
4831 14.214899 0.328364 4624,4662
4832 24.264601 0.643853 4625,4662,4663
4833 21.007136 0.643464 4664,4626,4662
4834 24.026804 0.690639 4665,4662,4627
4835 24.040431 0.645035 4628,4666,4662
4838 13.521302 0.614776 4631,4663
4839 23.767874 0.846173 4664,4632,4663
4840 23.908608 0.646115 4633,4665,4663
4841 21.139073 0.646501 4666,4634,4663
4844 13.942832 0.629626 4664,4637
4845 23.566568 0.688150 4664,4665,4638
4846 23.876830 0.647619 4664,4666,4639
4849 13.888108 0.370656 4642,4665
4850 23.989123 0.645599 4665,4666,4643
4853 12.106552 0.674029 4666,4646
4856 7.522745 -1 4669
4857 16.617025 1.967545 4856,4670
4858 18.198613 1.808127 4856,4671
4859 16.517094 1.764843 4856,4672
4860 17.508398 1.632922 4856,4673
4861 17.609980 1.843948 4856,4674
4862 17.888305 14.165404 4856,4675
4863 16.457754 1.628818 4856,4676
4864 17.674765 1.769019 4677,4856
4865 17.830791 1.720225 4856,4678
4866 17.819990 1.752645 4856,4679
4867 17.817621 1.770977 4856,4680
4868 17.805894 1.786501 4856,4681
4869 17.673458 1.765872 4856,4682
4870 17.805656 8.201787 4856,4683
4871 17.752617 13.070691 4856,4684
4872 16.363339 1.698404 4856,4685
4875 12.839055 0.269291 4857,4688
4876 21.489319 0.687491 4857,4689,4858
4877 21.159987 0.632772 4857,4690,4859
4878 23.311145 0.538359 4857,4691,4860
4879 23.631082 0.685992 4857,4861,4692
4880 23.827808 0.036140 4857,4862,4693
4881 23.905668 5.486960 4857,4863,4694
4882 23.742266 0.643972 4857,4695,4864
4883 21.187987 0.033599 4857,4696,4865
4884 24.017554 0.645040 4857,4866,4697
4885 24.020161 0.926433 4857,4698,4867
4886 24.017767 0.641415 4857,4699,4868
4887 23.797928 0.646622 4857,4869,4700
4888 23.840548 0.937881 4857,4870,4701
4889 24.197278 0.644787 4857,4871,4702
4890 21.108731 0.684998 4857,4703,4872
4893 13.740934 0.321487 4706,4858
4894 24.233565 0.649655 4707,4859,4858
4895 23.487656 0.643966 4860,4708,4858
4896 23.825837 0.645241 4861,4709,4858
4897 24.093528 0.568334 4862,4710,4858
4898 23.951199 8.536162 4863,4711,4858
4899 23.806730 0.643241 4712,4864,4858
4900 24.081174 0.648202 4713,4865,4858
4901 23.863211 0.647539 4714,4866,4858
4902 23.875959 12.067462 4715,4867,4858
4903 23.859610 0.642757 4868,4716,4858
4904 24.213014 0.645099 4717,4869,4858
4905 23.965289 0.646982 4718,4870,4858
4906 24.042395 0.645548 4871,4719,4858
4907 21.137104 0.847641 4872,4720,4858
4910 12.451083 0.478447 4723,4859
4911 23.492244 0.645546 4724,4860,4859
4912 23.688042 0.948079 4725,4861,4859
4913 23.701474 0.684758 4862,4726,4859
4914 23.939864 0.690286 4863,4727,4859
4915 25.667476 0.644346 4864,4859,4728
4916 23.995211 0.644208 4729,4859,4865
4917 23.929375 0.639335 4730,4866,4859
4918 23.939914 0.685988 4731,4867,4859
4919 23.929524 0.645812 4732,4868,4859
4920 23.903800 0.644825 4733,4869,4859
4921 23.806845 0.882655 4734,4870,4859
4922 23.636368 0.059919 4871,4859,4735
4923 23.869715 0.646077 4736,4859,4872
4926 13.352940 0.161981 4860,4739
4927 23.702712 0.644959 4740,4860,4861
4928 23.684284 0.629314 4862,4860,4741
4929 23.754450 0.160237 4863,4860,4742
4930 21.215671 0.689327 4743,4860,4864
4931 21.079087 0.692353 4860,4744,4865
4932 23.986490 0.640387 4860,4866,4745
4933 24.126890 0.687479 4860,4867,4746
4934 23.994525 0.962892 4860,4747,4868
4935 23.785723 0.644963 4748,4860,4869
4936 21.108443 0.643725 4860,4749,4870
4937 21.358566 0.646803 4750,4860,4871
4938 23.985385 0.060654 4751,4860,4872
4941 13.665215 0.325412 4861,4754
4942 24.106744 5.794151 4862,4861,4755
4943 23.984562 0.625441 4863,4861,4756
4944 21.263476 0.623543 4861,4864,4757
4945 21.010510 0.643244 4758,4861,4865
4946 24.152715 0.643803 4759,4861,4866
4947 24.084461 0.646784 4760,4861,4867
4948 23.856108 0.646232 4761,4868,4861
4949 23.883038 0.644359 4869,4861,4762
4950 23.836808 0.644728 4763,4861,4870
4951 23.978812 0.644534 4861,4871,4764
4952 23.886240 0.625856 4861,4765,4872
4955 13.781183 0.308396 4862,4768
4956 23.959374 0.644254 4862,4863,4769
4957 21.526866 0.583365 4862,4770,4864
4958 21.438999 0.647221 4862,4771,4865
4959 24.396191 0.688025 4862,4772,4866
4960 23.701022 0.644977 4862,4867,4773
4961 24.108838 0.946227 4862,4868,4774
4962 23.748375 0.064469 4862,4775,4869
4963 21.156690 0.620762 4862,4776,4870
4964 24.046935 0.648340 4862,4777,4871
4965 21.441351 0.646740 4862,4778,4872
4968 12.716722 0.327290 4863,4781
4969 22.295754 0.645867 4863,4782,4864
4970 24.175306 0.638552 4863,4783,4865
4971 24.255721 0.698588 4863,4784,4866
4972 23.698536 12.286552 4863,4785,4867
4973 21.637859 0.647136 4863,4868,4786
4974 23.683696 0.644160 4787,4863,4869
4975 23.477158 0.620398 4863,4870,4788
4976 23.998585 0.644078 4863,4871,4789
4977 21.386331 0.648022 4863,4790,4872
4980 13.714917 0.324316 4864,4793
4981 21.474720 0.643796 4794,4864,4865
4982 23.981758 0.712156 4795,4866,4864
4983 23.859118 0.955998 4796,4867,4864
4984 23.855066 0.647914 4868,4797,4864
4985 23.718369 0.769931 4869,4798,4864
4986 21.463633 0.643678 4870,4864,4799
4987 23.996050 0.642848 4800,4871,4864
4988 24.139043 0.645056 4801,4864,4872
4991 14.249177 12.240876 4804,4865
4992 20.984225 0.645968 4866,4805,4865
4993 23.820202 0.645489 4867,4806,4865
4994 23.841060 0.646901 4868,4807,4865
4995 23.894454 12.330597 4808,4869,4865
4996 21.336976 0.644339 4809,4870,4865
4997 23.976001 0.640722 4810,4871,4865
4998 24.065323 0.644491 4811,4872,4865
5001 14.273258 0.319040 4866,4814
5002 21.119295 0.645486 4866,4867,4815
5003 24.937624 0.644932 4868,4866,4816
5004 23.832269 0.644714 4817,4869,4866
5005 23.885313 12.234984 4818,4866,4870
5006 24.280002 4.552615 4871,4819,4866
5007 24.341544 0.050270 4866,4820,4872
5010 14.302965 0.586958 4867,4823
5011 24.606554 0.647093 4868,4824,4867
5012 21.244985 0.643855 4825,4869,4867
5013 23.571914 0.646227 4826,4867,4870
5014 24.109507 0.643178 4827,4871,4867
5015 21.248273 0.646156 4867,4828,4872
5018 14.195120 0.322470 4831,4868
5019 24.143184 0.690740 4832,4868,4869
5020 20.994278 0.644694 4868,4833,4870
5021 24.174121 0.645604 4868,4871,4834
5022 24.063389 0.689073 4868,4835,4872
5025 13.440839 0.330523 4838,4869
5026 23.818863 0.643563 4839,4869,4870
5027 23.850299 0.691510 4840,4869,4871
5028 21.218353 0.645698 4869,4841,4872
5031 13.893735 0.640325 4844,4870
5032 23.603594 0.646961 4845,4871,4870
5033 23.884849 0.645227 4846,4870,4872
5036 13.863484 0.371785 4871,4849
5037 24.204237 0.645414 4850,4871,4872
5040 12.414037 0.365914 4853,4872
5043 7.479252 -1 4875
5044 16.597267 2.199818 4876,5043
5045 16.445654 1.016259 4877,5043
5046 17.563206 1.755135 5043,4878
5047 17.672840 1.382141 4879,5043
5048 17.700987 1.766425 4880,5043
5049 17.838348 1.780035 4881,5043
5050 17.681537 1.760221 4882,5043
5051 16.388260 1.721390 4883,5043
5052 17.864985 13.058130 4884,5043
5053 17.864751 1.764581 5043,4885
5054 17.865016 1.773240 5043,4886
5055 17.663480 1.724243 5043,4887
5056 17.721611 1.779345 4888,5043
5057 17.943768 1.778580 4889,5043
5058 16.288926 1.770562 4890,5043
5061 12.836220 0.364215 4893,5044
5062 21.387995 0.625797 5045,5044,4894
5063 23.534318 0.685696 5046,5044,4895
5064 23.569297 0.644555 5047,5044,4896
5065 23.942996 0.642235 5044,4897,5048
5066 24.038423 0.646261 5044,4898,5049
5067 21.217528 0.644400 4899,5044,5050
5068 23.835594 0.035069 4900,5044,5051
5069 23.981431 0.645767 4901,5044,5052
5070 21.516058 0.645502 4902,5044,5053
5071 23.981189 0.643217 5054,4903,5044
5072 24.056401 0.647632 5055,5044,4904
5073 21.249348 0.644752 5056,5044,4905
5074 24.012212 0.644258 5044,5057,4906
5075 20.934402 0.645150 5044,5058,4907
5078 12.461545 0.328441 5045,4910
5079 23.366511 0.886923 5046,5045,4911
5080 23.874703 0.646161 5047,5045,4912
5081 23.734610 0.646864 5045,4913,5048
5082 21.244342 0.642534 5045,4914,5049
5083 21.232984 12.239832 5045,4915,5050
5084 25.635599 0.768616 4916,5045,5051
5085 24.088130 0.644996 4917,5045,5052
5086 23.775587 0.625882 5045,4918,5053
5087 23.871055 0.647520 5054,5045,4919
5088 23.731724 0.644872 5055,5045,4920
5089 24.120372 0.624233 5045,5056,4921
5090 23.749923 0.648701 4922,5045,5057
5091 24.208549 0.644301 4923,5045,5058
5094 13.314423 0.324104 5046,4926
5095 23.816984 0.856253 5047,5046,4927
5096 24.540303 0.646686 5046,4928,5048
5097 23.654132 0.644992 5046,4929,5049
5098 21.189082 0.646957 4930,5046,5050
5099 21.259933 0.644500 5046,5051,4931
5100 24.147233 0.625140 5046,4932,5052
5101 24.067654 0.646916 5046,4933,5053
5102 24.160446 0.645441 5054,5046,4934
5103 23.852010 0.035079 5046,4935,5055
5104 23.724974 0.687711 5046,5056,4936
5105 21.222303 0.645825 5046,5057,4937
5106 24.035556 0.644918 4938,5046,5058
5109 13.609647 0.616262 5047,4941
5110 23.846093 12.379868 5047,4942,5048
5111 23.941499 0.687587 5047,4943,5049
5112 22.087486 0.967277 5047,4944,5050
5113 21.249848 5.211149 5047,4945,5051
5114 23.997490 0.645808 5047,4946,5052
5115 24.049263 0.647335 5047,4947,5053
5116 23.766974 0.687011 5047,5054,4948
5117 24.107055 0.910829 5047,5055,4949
5118 24.206165 0.688855 5047,5056,4950
5119 23.741962 0.034677 5047,5057,4951
5120 23.862695 0.642875 5047,4952,5058
5123 13.560669 0.521246 4955,5048
5124 23.610366 0.644427 4956,5049,5048
5125 24.082710 0.646005 5050,4957,5048
5126 21.515751 0.646713 4958,5051,5048
5127 23.991020 0.886082 4959,5052,5048
5128 23.772188 0.648484 5053,4960,5048
5129 24.133466 5.546758 5054,4961,5048
5130 23.674922 0.646815 5055,4962,5048
5131 21.111132 12.631817 5056,4963,5048
5132 24.022238 0.645323 5057,4964,5048
5133 21.663186 0.047998 4965,5058,5048
5136 13.691695 0.331586 5049,4968
5137 23.842658 0.641939 5050,4969,5049
5138 21.317400 0.646531 4970,5051,5049
5139 23.900212 0.640731 5052,5049,4971
5140 23.736478 0.642514 4972,5049,5053
5141 21.252713 0.649653 5054,5049,4973
5142 23.699804 0.954500 4974,5055,5049
5143 23.471693 0.635897 4975,5056,5049
5144 23.910813 0.643512 4976,5057,5049
5145 21.225700 0.678890 4977,5058,5049
5148 13.823193 4.123618 4980,5050
5149 21.544828 0.643830 4981,5050,5051
5150 24.011847 0.643053 4982,5050,5052
5151 23.820320 0.642692 4983,5050,5053
5152 23.970128 0.641940 5054,5050,4984
5153 23.715406 0.649546 5055,5050,4985
5154 21.387306 0.644491 5056,5050,4986
5155 23.679180 0.646789 5057,5050,4987
5156 24.065524 0.913397 5058,5050,4988
5159 12.528599 0.342971 5051,4991
5160 21.374901 0.644308 4992,5051,5052
5161 23.907288 0.689132 4993,5051,5053
5162 23.771229 0.646427 5054,4994,5051
5163 23.875444 0.643898 5055,4995,5051
5164 21.365606 0.645993 4996,5056,5051
5165 23.688512 0.646493 4997,5057,5051
5166 23.970739 0.645802 5058,5051,4998
5169 14.389505 0.760475 5001,5052
5170 21.104956 0.645643 5002,5052,5053
5171 25.516047 0.644066 5054,5003,5052
5172 23.932108 0.864419 5055,5052,5004
5173 23.911024 0.688338 5056,5005,5052
5174 23.914454 0.643512 5057,5006,5052
5175 24.373280 0.591359 5007,5058,5052
5178 14.384531 0.323328 5010,5053
5179 24.095719 0.033744 5054,5011,5053
5180 21.279373 0.642504 5055,5012,5053
5181 23.610231 0.643958 5056,5013,5053
5182 23.674920 0.685766 5057,5014,5053
5183 21.251505 0.642891 5058,5015,5053
5186 14.386320 0.643443 5054,5018
5187 24.089966 0.690323 5054,5055,5019
5188 21.285824 0.643462 5054,5020,5056
5189 24.097092 0.647602 5054,5021,5057
5190 24.119411 0.644863 5054,5022,5058
5193 13.597891 0.587588 5055,5025
5194 23.878345 0.646261 5055,5056,5026
5195 23.908523 0.645375 5055,5057,5027
5196 21.192530 0.670320 5055,5058,5028
5199 13.825618 11.808656 5056,5031
5200 23.534238 0.644030 5056,5057,5032
5201 23.758604 0.645631 5056,5058,5033
5204 14.121021 0.366217 5036,5057
5205 24.154384 0.034240 5037,5057,5058
5208 12.122287 0.320221 5058,5040
5211 7.405959 -1 5061
5212 16.433719 1.679143 5062,5211
5213 17.521143 1.743695 5063,5211
5214 17.782139 1.784078 5064,5211
5215 17.659998 1.736875 5065,5211
5216 17.857493 1.962728 5066,5211
5217 16.470580 1.753289 5067,5211
5218 17.976082 1.730022 5068,5211
5219 17.907968 1.741120 5069,5211
5220 16.542949 1.733623 5070,5211
5221 17.908218 1.784980 5071,5211
5222 17.943849 8.045444 5072,5211
5223 16.348616 1.721409 5073,5211
5224 17.923444 13.634093 5074,5211
5225 16.290866 1.731746 5075,5211
5228 12.562427 0.136222 5078,5212
5229 23.488547 0.058551 5079,5212,5213
5230 23.874449 0.641642 5214,5080,5212
5231 21.243640 0.644202 5081,5215,5212
5232 24.087831 0.644102 5216,5082,5212
5233 21.801647 0.912048 5083,5217,5212
5234 24.080110 0.954769 5212,5218,5084
5235 23.936715 0.642992 5212,5085,5219
5236 23.629841 0.642363 5220,5212,5086
5237 23.999154 0.646769 5087,5221,5212
5238 23.880164 0.644499 5222,5088,5212
5239 24.012475 0.645391 5223,5089,5212
5240 24.069804 0.647002 5090,5212,5224
5241 24.282716 0.689947 5091,5212,5225
5244 13.335457 0.315750 5094,5213
5245 23.707211 0.648999 5214,5213,5095
5246 23.679914 0.643035 5215,5213,5096
5247 25.420398 0.645526 5216,5213,5097
5248 23.989106 0.647471 5098,5217,5213
5249 21.168629 0.628585 5099,5213,5218
5250 21.467660 0.037088 5100,5213,5219
5251 24.017709 0.647209 5101,5220,5213
5252 24.097310 0.895699 5102,5221,5213
5253 23.953803 0.644288 5222,5213,5103
5254 23.944435 0.638833 5223,5213,5104
5255 21.191566 13.734296 5105,5213,5224
5256 23.974645 0.641001 5106,5213,5225
5259 13.583871 0.320699 5214,5109
5260 24.090044 0.641995 5214,5215,5110
5261 23.596182 0.647044 5216,5214,5111
5262 23.764704 0.648615 5217,5214,5112
5263 24.403398 0.641631 5214,5113,5218
5264 23.930590 0.643264 5114,5214,5219
5265 24.108661 0.688211 5115,5214,5220
5266 23.716631 0.643591 5214,5116,5221
5267 24.033475 0.642626 5222,5214,5117
5268 23.928639 0.663870 5223,5214,5118
5269 24.080069 0.644968 5214,5119,5224
5270 23.892235 0.644369 5214,5120,5225
5273 13.407750 0.339138 5215,5123
5274 23.484082 0.612010 5216,5124,5215
5275 24.207466 0.644150 5217,5215,5125
5276 21.553411 0.644569 5126,5215,5218
5277 24.203595 0.645113 5215,5127,5219
5278 23.739891 0.646859 5128,5215,5220
5279 24.109912 0.641695 5221,5215,5129
5280 23.545106 0.650881 5222,5215,5130
5281 21.237524 0.643255 5223,5215,5131
5282 24.308118 0.645149 5215,5132,5224
5283 22.870148 0.687710 5215,5133,5225
5286 13.810673 0.329058 5216,5136
5287 23.770427 0.644545 5216,5217,5137
5288 21.153760 0.646031 5216,5218,5138
5289 23.874929 0.687983 5216,5139,5219
5290 23.766657 0.692880 5216,5220,5140
5291 22.289225 0.967604 5216,5221,5141
5292 23.879992 0.644443 5216,5222,5142
5293 23.661512 0.642736 5216,5223,5143
5294 23.942401 0.646119 5216,5144,5224
5295 21.267012 0.692239 5216,5145,5225
5298 12.647076 0.340670 5217,5148
5299 21.029167 0.582016 5217,5218,5149
5300 23.969060 0.732857 5150,5217,5219
5301 23.791941 0.645310 5151,5217,5220
5302 23.909740 0.645016 5217,5221,5152
5303 23.837169 0.645619 5217,5153,5222
5304 23.560996 0.644435 5223,5217,5154
5305 23.594520 0.645557 5217,5155,5224
5306 24.759034 0.644456 5217,5225,5156
5309 14.058514 0.306455 5159,5218
5310 23.386368 0.642762 5160,5218,5219
5311 23.785145 0.644635 5161,5220,5218
5312 24.036801 0.643347 5221,5162,5218
5313 23.820467 0.035414 5222,5163,5218
5314 23.856444 0.646681 5223,5164,5218
5315 24.024293 0.645960 5165,5218,5224
5316 23.920350 0.687067 5166,5225,5218
5319 14.328003 0.334731 5169,5219
5320 21.115758 0.646962 5170,5220,5219
5321 23.925890 12.359499 5221,5171,5219
5322 23.884973 0.648009 5222,5172,5219
5323 23.526725 0.056202 5223,5173,5219
5324 23.940523 0.619928 5174,5224,5219
5325 24.300736 0.472742 5175,5225,5219
5328 12.301698 0.387934 5178,5220
5329 24.294305 0.639009 5221,5220,5179
5330 23.271634 0.645368 5222,5180,5220
5331 20.789672 0.646156 5223,5220,5181
5332 23.680912 0.645425 5182,5220,5224
5333 21.362422 0.646576 5183,5220,5225
5336 14.298244 0.317213 5221,5186
5337 24.163823 0.688957 5222,5221,5187
5338 21.293820 0.060364 5223,5221,5188
5339 24.182963 0.649672 5221,5189,5224
5340 24.138785 0.649856 5221,5190,5225
5343 13.840261 0.336447 5222,5193
5344 23.756024 0.646801 5223,5222,5194
5345 23.903909 0.631723 5195,5222,5224
5346 21.252381 0.690949 5222,5196,5225
5349 12.502967 0.328164 5223,5199
5350 23.629046 0.890588 5223,5200,5224
5351 23.730098 0.646141 5223,5201,5225
5354 14.009164 0.575312 5204,5224
5355 24.227634 0.690120 5205,5225,5224
5358 12.224453 0.063746 5208,5225
5361 7.546520 -1 5228
5362 17.600718 1.682151 5229,5361
5363 17.795750 1.720678 5230,5361
5364 16.418912 0.053248 5231,5361
5365 17.859149 1.698307 5232,5361
5366 16.874951 1.759771 5233,5361
5367 18.048161 1.718867 5361,5234
5368 17.985369 1.760332 5361,5235
5369 17.726436 1.733377 5361,5236
5370 17.854874 1.771285 5361,5237
5371 17.656012 12.888349 5238,5361
5372 17.777720 1.724406 5239,5361
5373 17.960899 1.840407 5361,5240
5374 18.065696 13.209600 5361,5241
5377 13.318502 0.322420 5362,5244
5378 23.832051 0.072058 5362,5363,5245
5379 23.573251 0.648168 5362,5246,5364
5380 23.353746 0.688212 5362,5247,5365
5381 23.903109 0.641034 5362,5366,5248
5382 23.882419 0.644938 5362,5249,5367
5383 23.878256 0.637396 5362,5368,5250
5384 24.060203 0.644121 5362,5369,5251
5385 24.159704 0.642470 5362,5252,5370
5386 23.988136 0.643921 5362,5253,5371
5387 23.936428 0.645208 5362,5254,5372
5388 21.273015 0.857908 5362,5373,5255
5389 23.992282 0.643685 5362,5374,5256
5392 13.699965 0.318707 5363,5259
5393 24.094145 0.651071 5363,5364,5260
5394 23.534184 0.686074 5363,5261,5365
5395 23.713956 0.642418 5363,5366,5262
5396 23.963944 10.896951 5363,5263,5367
5397 23.840022 0.646713 5363,5368,5264
5398 23.930565 0.641048 5363,5265,5369
5399 23.832982 0.644311 5363,5370,5266
5400 24.446053 0.645044 5267,5363,5371
5401 24.145880 0.642115 5363,5268,5372
5402 23.780271 0.968616 5363,5269,5373
5403 23.883709 0.170065 5363,5270,5374
5406 12.263334 0.038401 5364,5273
5407 23.706571 0.625213 5274,5364,5365
5408 24.094625 0.541852 5275,5366,5364
5409 23.914844 0.539741 5276,5367,5364
5410 24.015511 0.687594 5368,5277,5364
5411 23.818458 0.647232 5369,5278,5364
5412 23.908819 0.900991 5370,5364,5279
5413 23.969909 0.690162 5280,5371,5364
5414 24.008152 0.643669 5281,5364,5372
5415 24.082076 0.690270 5282,5373,5364
5416 23.955699 0.645525 5374,5283,5364
5419 13.799858 0.332156 5286,5365
5420 23.706516 0.645464 5366,5287,5365
5421 21.089129 0.643213 5288,5367,5365
5422 23.833930 0.636121 5289,5368,5365
5423 23.599054 0.688991 5369,5290,5365
5424 22.756404 0.688918 5291,5370,5365
5425 23.696646 0.687819 5292,5371,5365
5426 23.599186 0.647380 5372,5293,5365
5427 23.988667 0.645003 5294,5373,5365
5428 21.058867 0.642057 5374,5295,5365
5431 14.106333 0.528753 5366,5298
5432 21.132847 0.646593 5366,5367,5299
5433 23.947057 0.133559 5300,5368,5366
5434 24.465567 0.687000 5301,5369,5366
5435 23.991590 0.646270 5302,5366,5370
5436 23.774335 0.627046 5371,5303,5366
5437 23.727354 0.643688 5304,5366,5372
5438 23.618136 0.643376 5366,5305,5373
5439 24.032326 0.644202 5374,5366,5306
5442 14.101720 0.321716 5309,5367
5443 23.556312 0.644495 5368,5310,5367
5444 23.502809 0.641628 5311,5369,5367
5445 23.824699 1.571995 5312,5367,5370
5446 23.873561 0.644975 5313,5371,5367
5447 23.810503 0.644586 5314,5367,5372
5448 23.708822 0.686298 5367,5373,5315
5449 23.822785 0.641906 5374,5367,5316
5452 14.261085 0.318430 5368,5319
5453 25.111575 0.645115 5368,5369,5320
5454 24.047666 0.688564 5368,5370,5321
5455 23.804126 0.645067 5322,5368,5371
5456 23.828248 0.692334 5368,5323,5372
5457 23.872797 0.074141 5368,5324,5373
5458 23.975624 0.648583 5374,5368,5325
5461 13.423951 0.629443 5369,5328
5462 24.165230 0.986267 5369,5370,5329
5463 23.695043 0.644196 5330,5369,5371
5464 23.412311 0.645877 5331,5369,5372
5465 23.905617 0.644819 5332,5369,5373
5466 21.307526 0.644253 5374,5333,5369
5469 13.691360 0.338265 5370,5336
5470 24.199969 0.057677 5371,5370,5337
5471 21.145510 0.643445 5338,5370,5372
5472 24.152913 0.646883 5339,5370,5373
5473 23.933301 0.687897 5374,5340,5370
5476 13.503362 0.601987 5371,5343
5477 23.928000 0.645265 5344,5371,5372
5478 23.746606 0.645849 5345,5371,5373
5479 21.192868 0.687717 5374,5346,5371
5482 13.844507 0.075331 5349,5372
5483 23.531936 0.643604 5350,5373,5372
5484 23.744191 12.356670 5374,5351,5372
5487 14.130068 0.547157 5354,5373
5488 24.279533 0.739281 5374,5355,5373
5491 14.129548 0.581613 5374,5358
5494 10.419280 -1 5377
5495 17.807160 1.993280 5494,5378
5496 17.635431 1.725810 5494,5379
5497 17.506515 13.620362 5494,5380
5498 17.871787 1.821073 5494,5381
5499 17.987936 1.723346 5494,5382
5500 17.643530 1.741559 5494,5383
5501 17.959437 1.732023 5494,5384
5502 17.948761 1.764316 5494,5385
5503 17.713067 1.650082 5494,5386
5504 17.845820 1.845545 5494,5387
5505 16.278707 1.929208 5494,5388
5506 17.920202 12.749489 5494,5389
5509 13.688857 0.598092 5495,5392
5510 23.588538 0.647033 5393,5495,5496
5511 23.623421 0.646452 5495,5497,5394
5512 23.642118 0.646661 5495,5498,5395
5513 23.941222 0.642990 5495,5499,5396
5514 24.043791 0.645381 5495,5397,5500
5515 24.896981 0.643761 5495,5398,5501
5516 23.959189 0.603499 5495,5399,5502
5517 24.327934 0.644755 5495,5503,5400
5518 24.116323 0.644128 5495,5504,5401
5519 24.113876 0.934287 5495,5505,5402
5520 23.861141 0.645753 5506,5495,5403
5523 14.074217 0.326328 5406,5496
5524 23.554632 12.141781 5407,5496,5497
5525 23.989274 0.503389 5496,5498,5408
5526 25.004525 0.890585 5496,5499,5409
5527 24.069417 0.853462 5496,5410,5500
5528 21.244261 0.644886 5496,5411,5501
5529 23.901532 0.626156 5496,5502,5412
5530 23.898398 0.908755 5496,5503,5413
5531 23.899115 0.647358 5414,5496,5504
5532 24.108241 0.646306 5415,5496,5505
5533 23.921210 0.645279 5506,5496,5416
5536 14.331519 0.298183 5497,5419
5537 23.589277 0.645791 5497,5498,5420
5538 24.382388 12.537284 5497,5421,5499
5539 23.829125 0.642319 5497,5500,5422
5540 24.041187 0.645286 5497,5423,5501
5541 23.971428 0.642922 5424,5497,5502
5542 23.851527 0.641560 5425,5497,5503
5543 23.970928 0.643717 5504,5497,5426
5544 21.117593 0.643571 5505,5427,5497
5545 24.042604 0.644506 5506,5497,5428
5548 13.736882 13.252568 5431,5498
5549 21.117311 0.647797 5432,5498,5499
5550 24.241107 0.643652 5433,5498,5500
5551 24.034243 0.632749 5498,5434,5501
5552 24.031986 12.348226 5502,5498,5435
5553 23.926757 0.644351 5436,5498,5503
5554 23.784381 0.646184 5504,5498,5437
5555 23.773203 0.643678 5438,5505,5498
5556 24.140029 12.145810 5506,5439,5498
5559 14.058109 0.324395 5442,5499
5560 23.798498 12.522659 5443,5499,5500
5561 23.915767 0.646539 5444,5499,5501
5562 23.884073 0.631171 5502,5499,5445
5563 23.960181 0.648038 5446,5499,5503
5564 23.767579 0.644106 5504,5447,5499
5565 23.995624 0.644751 5505,5499,5448
5566 24.242209 0.685254 5506,5449,5499
5569 13.617822 0.320512 5452,5500
5570 23.830213 12.495055 5453,5500,5501
5571 24.016938 0.646199 5454,5502,5500
5572 23.280603 10.846883 5503,5500,5455
5573 23.585119 0.689578 5504,5456,5500
5574 23.730787 0.642560 5505,5500,5457
5575 23.891809 0.645344 5506,5458,5500
5578 14.051859 0.322200 5461,5501
5579 24.004766 0.891063 5462,5502,5501
5580 23.608234 0.644113 5463,5503,5501
5581 24.233540 0.643508 5504,5464,5501
5582 20.787233 0.641923 5505,5465,5501
5583 21.131793 0.688653 5506,5466,5501
5586 13.963278 0.327024 5469,5502
5587 24.212354 0.643561 5502,5503,5470
5588 24.257392 0.645670 5504,5502,5471
5589 23.921847 0.628088 5472,5505,5502
5590 24.009531 12.327462 5506,5502,5473
5593 13.539268 1.162949 5476,5503
5594 24.032624 0.692549 5477,5504,5503
5595 23.789626 0.644505 5505,5503,5478
5596 21.114571 1.337630 5506,5503,5479
5599 13.817623 0.328617 5504,5482
5600 23.419256 0.648142 5504,5505,5483
5601 23.635977 0.959652 5506,5504,5484
5604 12.150624 0.641755 5487,5505
5605 23.781241 0.643834 5506,5505,5488
5608 13.620847 0.363388 5506,5491
5611 7.906835 -1 5509
5612 17.701533 1.731526 5510,5611
5613 17.774207 1.848383 5511,5611
5614 17.843749 1.877183 5512,5611
5615 17.817097 1.748300 5513,5611
5616 17.934044 1.762130 5611,5514
5617 17.836116 1.860096 5611,5515
5618 17.881402 1.740301 5611,5516
5619 17.822001 1.756992 5611,5517
5620 17.997819 1.745878 5518,5611
5621 17.947813 1.758780 5519,5611
5622 17.743076 1.736802 5520,5611
5625 13.612506 0.324404 5612,5523
5626 24.161722 0.542696 5612,5613,5524
5627 23.762657 0.965310 5612,5525,5614
5628 23.993716 0.643511 5612,5526,5615
5629 23.628779 0.646424 5612,5616,5527
5630 24.155167 0.645715 5612,5528,5617
5631 24.131293 0.643945 5612,5529,5618
5632 23.944227 6.072445 5612,5619,5530
5633 24.076806 0.643403 5612,5531,5620
5634 24.199561 0.910084 5612,5532,5621
5635 23.831939 0.628739 5612,5533,5622
5638 13.561477 0.595850 5613,5536
5639 24.096204 0.644030 5613,5537,5614
5640 24.141459 0.686198 5613,5538,5615
5641 23.603940 0.643921 5613,5539,5616
5642 24.245275 0.644265 5613,5540,5617
5643 23.909761 0.642802 5613,5618,5541
5644 24.089727 0.645495 5542,5613,5619
5645 23.975511 0.689645 5613,5543,5620
5646 24.024720 0.646085 5613,5544,5621
5647 23.807640 0.644856 5613,5622,5545
5650 13.662370 0.322850 5548,5614
5651 23.776634 0.690981 5549,5614,5615
5652 23.937917 0.963637 5616,5550,5614
5653 24.033235 0.625813 5551,5617,5614
5654 24.175645 0.689602 5618,5614,5552
5655 23.579746 0.646177 5619,5553,5614
5656 23.742640 0.645020 5554,5614,5620
5657 23.737642 0.646996 5555,5621,5614
5658 24.281162 0.644176 5556,5622,5614
5661 14.152725 0.548558 5559,5615
5662 23.889434 0.642624 5560,5616,5615
5663 24.056448 0.648461 5561,5617,5615
5664 23.822966 0.624335 5618,5562,5615
5665 23.729288 0.686392 5619,5563,5615
5666 23.722326 0.646006 5564,5620,5615
5667 23.857257 0.642436 5565,5621,5615
5668 23.839497 0.687868 5566,5622,5615
5671 14.057552 0.561570 5616,5569
5672 23.579548 0.646027 5616,5617,5570
5673 23.378449 0.685936 5618,5616,5571
5674 23.690834 0.642513 5619,5616,5572
5675 24.873564 0.645864 5573,5616,5620
5676 23.773366 0.686969 5574,5616,5621
5677 23.926793 7.605280 5575,5616,5622
5680 14.408410 0.594332 5617,5578
5681 23.952123 0.644677 5618,5617,5579
5682 23.669206 0.686341 5619,5617,5580
5683 24.259781 0.639540 5581,5617,5620
5684 23.860540 12.456612 5582,5617,5621
5685 23.898221 0.644504 5617,5583,5622
5688 13.813960 0.323030 5586,5618
5689 24.069140 0.685871 5587,5618,5619
5690 25.929365 0.908817 5618,5588,5620
5691 23.885053 0.502750 5618,5621,5589
5692 23.940645 0.644374 5590,5618,5622
5695 13.935081 0.324460 5593,5619
5696 24.283362 0.645742 5619,5594,5620
5697 23.659345 0.645342 5619,5595,5621
5698 23.476658 0.643660 5619,5622,5596
5701 14.040486 0.327286 5599,5620
5702 26.939721 0.642360 5600,5621,5620
5703 24.099386 0.644505 5601,5622,5620
5706 13.983761 0.318245 5604,5621
5707 23.760372 0.642371 5605,5622,5621
5710 13.722269 0.682582 5622,5608
5713 8.487228 -1 5625
5714 17.742761 1.696537 5626,5713
5715 17.815356 1.721518 5627,5713
5716 17.839364 1.724460 5713,5628
5717 17.907072 1.719376 5713,5629
5718 18.005686 12.339164 5630,5713
5719 17.776243 1.735685 5713,5631
5720 17.919745 1.755143 5713,5632
5721 18.955113 9.276292 5713,5633
5722 18.020729 1.733281 5634,5713
5723 17.714902 12.066792 5635,5713
5726 13.696849 0.678222 5714,5638
5727 23.759573 0.646961 5715,5714,5639
5728 23.978641 0.051895 5716,5714,5640
5729 23.757291 0.647163 5717,5641,5714
5730 23.698746 0.648873 5714,5642,5718
5731 24.008148 0.684443 5643,5714,5719
5732 23.888839 0.643228 5720,5714,5644
5733 23.889124 0.644911 5714,5645,5721
5734 23.707583 0.648331 5722,5714,5646
5735 23.905055 0.645083 5723,5714,5647
5738 14.217035 6.318486 5715,5650
5739 23.796001 0.644510 5716,5715,5651
5740 23.940227 0.641247 5717,5715,5652
5741 23.892159 0.628180 5715,5653,5718
5742 23.707118 0.646734 5715,5654,5719
5743 23.657703 0.959533 5715,5655,5720
5744 24.187717 0.642787 5656,5715,5721
5745 23.759056 0.644664 5722,5657,5715
5746 23.468957 0.689892 5723,5715,5658
5749 13.942224 0.647895 5716,5661
5750 23.662354 0.978465 5717,5716,5662
5751 23.837990 0.643392 5663,5716,5718
5752 23.693017 0.076148 5716,5719,5664
5753 23.739569 0.645597 5716,5720,5665
5754 24.149519 0.647127 5716,5721,5666
5755 23.815982 0.644812 5722,5716,5667
5756 23.773620 0.627671 5716,5668,5723
5759 13.944824 0.532615 5717,5671
5760 23.670067 0.644171 5717,5672,5718
5761 23.409069 0.644669 5717,5673,5719
5762 24.011409 0.638325 5717,5720,5674
5763 23.837796 0.625406 5717,5721,5675
5764 23.942689 0.643802 5717,5722,5676
5765 23.972020 0.643977 5717,5723,5677
5768 13.904259 0.664093 5680,5718
5769 23.356365 0.643625 5681,5719,5718
5770 24.032705 0.645585 5720,5682,5718
5771 23.485259 0.646502 5721,5683,5718
5772 23.672808 0.690579 5722,5684,5718
5773 23.627800 0.644681 5685,5723,5718
5776 13.809867 8.372991 5688,5719
5777 23.982235 0.688281 5720,5689,5719
5778 23.849685 12.117610 5690,5721,5719
5779 23.908702 0.603002 5722,5691,5719
5780 23.734254 0.690871 5692,5723,5719
5783 13.861020 0.582666 5720,5695
5784 23.618002 0.691599 5720,5721,5696
5785 23.616681 0.690639 5722,5720,5697
5786 23.336632 0.684872 5723,5720,5698
5789 13.818889 0.367010 5721,5701
5790 23.566703 12.195176 5722,5721,5702
5791 23.793549 0.755376 5723,5721,5703
5794 14.152282 0.325841 5722,5706
5795 23.709719 0.691240 5722,5723,5707
5798 13.765352 0.876816 5723,5710
5801 7.962080 -1 5726
5802 17.739927 1.733545 5801,5727
5803 17.840407 1.743053 5801,5728
5804 17.846103 1.723650 5801,5729
5805 17.666063 1.771946 5801,5730
5806 17.675699 1.735229 5801,5731
5807 17.676924 1.724175 5801,5732
5808 17.950603 1.771211 5801,5733
5809 17.636981 1.748474 5734,5801
5810 17.876266 1.874543 5735,5801
5813 13.621718 0.325628 5802,5738
5814 24.289160 0.643637 5803,5802,5739
5815 23.935449 0.645297 5740,5802,5804
5816 23.881199 0.641568 5802,5805,5741
5817 23.924143 0.643762 5802,5742,5806
5818 24.295286 0.686145 5802,5743,5807
5819 23.539569 0.643850 5802,5808,5744
5820 24.185995 0.628722 5802,5809,5745
5821 24.152856 0.648347 5810,5802,5746
5824 13.661797 0.323382 5803,5749
5825 24.096542 0.632541 5803,5750,5804
5826 23.637918 0.689714 5803,5751,5805
5827 23.588068 0.646018 5803,5752,5806
5828 23.813450 0.104336 5803,5753,5807
5829 23.596739 0.898543 5803,5808,5754
5830 24.495228 12.442454 5803,5809,5755
5831 23.513368 0.690641 5803,5810,5756
5834 13.956702 0.329171 5759,5804
5835 24.413672 0.905920 5760,5805,5804
5836 24.623478 0.502237 5761,5806,5804
5837 24.043315 0.687275 5762,5807,5804
5838 23.605960 0.686356 5808,5763,5804
5839 24.317124 8.916955 5809,5764,5804
5840 25.306862 0.644548 5810,5765,5804
5843 13.964078 0.335944 5768,5805
5844 23.565136 0.690209 5806,5805,5769
5845 24.034669 0.687940 5770,5807,5805
5846 23.662058 0.643158 5771,5808,5805
5847 24.011020 0.646484 5809,5772,5805
5848 23.592147 0.885067 5810,5773,5805
5851 13.851174 0.327834 5806,5776
5852 23.643539 0.644366 5807,5806,5777
5853 23.572515 0.646912 5778,5808,5806
5854 23.943421 0.687682 5779,5809,5806
5855 23.862434 0.646092 5810,5780,5806
5858 14.513638 0.327719 5807,5783
5859 23.393694 0.644375 5784,5808,5807
5860 24.120525 0.686625 5785,5809,5807
5861 23.953239 3.996070 5810,5786,5807
5864 13.623133 0.543144 5808,5789
5865 23.567437 0.978594 5809,5808,5790
5866 23.727987 0.644281 5810,5808,5791
5869 13.758041 0.364965 5809,5794
5870 24.801263 0.563899 5810,5809,5795
5873 13.726202 0.331048 5810,5798
5876 7.970163 -1 5813
5877 17.860081 1.830002 5814,5876
5878 17.838679 1.716500 5876,5815
5879 17.963097 13.065237 5876,5816
5880 17.679838 1.778521 5876,5817
5881 18.013963 9.183567 5818,5876
5882 17.283916 1.734145 5819,5876
5883 17.692866 1.776071 5820,5876
5884 18.074370 1.723388 5821,5876
5887 13.711773 0.067555 5877,5824
5888 23.585614 0.645571 5878,5825,5877
5889 23.447635 0.688079 5879,5877,5826
5890 23.528736 0.686569 5880,5877,5827
5891 23.454637 8.725303 5828,5881,5877
5892 24.209411 0.645452 5829,5882,5877
5893 23.725111 0.686341 5883,5877,5830
5894 23.370787 0.647844 5831,5877,5884
5897 13.539467 0.326784 5878,5834
5898 23.611721 0.633285 5878,5879,5835
5899 23.406520 1.003075 5836,5878,5880
5900 24.075465 0.644592 5837,5878,5881
5901 24.407899 0.897277 5882,5878,5838
5902 23.249545 0.684038 5883,5878,5839
5903 23.743100 0.646323 5878,5840,5884
5906 14.503026 0.564361 5879,5843
5907 23.925227 0.952266 5879,5880,5844
5908 23.968716 0.643208 5881,5879,5845
5909 24.200286 0.645517 5882,5879,5846
5910 23.438914 0.646145 5883,5847,5879
5911 24.565447 1.565944 5879,5848,5884
5914 13.763078 11.923719 5880,5851
5915 24.007461 0.644295 5881,5880,5852
5916 24.357636 0.589133 5882,5880,5853
5917 23.574630 0.645554 5883,5854,5880
5918 24.171510 0.932082 5855,5880,5884
5921 13.971607 0.647267 5881,5858
5922 24.322019 0.644918 5882,5881,5859
5923 23.654397 0.690398 5883,5881,5860
5924 23.815963 0.686736 5881,5861,5884
5927 13.841595 0.327444 5882,5864
5928 23.873864 0.847424 5883,5882,5865
5929 23.866320 0.690398 5882,5866,5884
5932 13.709335 0.619471 5883,5869
5933 23.453450 0.686404 5883,5870,5884
5936 14.030924 0.371750 5873,5884
5939 7.902239 -1 5887
5940 17.493820 1.891090 5888,5939
5941 17.318116 1.713799 5889,5939
5942 17.260076 1.738560 5890,5939
5943 17.344380 2.139982 5891,5939
5944 17.298994 1.762866 5892,5939
5945 17.425185 1.724176 5893,5939
5946 17.352692 1.786925 5894,5939
5949 13.268978 0.318046 5940,5897
5950 24.081074 0.632071 5898,5940,5941
5951 23.645588 0.649157 5899,5942,5940
5952 23.768589 0.954353 5900,5943,5940
5953 23.628329 0.686766 5944,5901,5940
5954 23.764467 0.646913 5902,5945,5940
5955 24.046331 0.687095 5946,5903,5940
5958 14.341320 0.328823 5906,5941
5959 23.572719 1.147373 5942,5907,5941
5960 24.153604 0.643920 5908,5943,5941
5961 23.736168 0.690234 5944,5909,5941
5962 23.719034 1.575173 5945,5910,5941
5963 23.201430 0.889080 5946,5911,5941
5966 13.964454 0.055240 5914,5942
5967 23.217162 1.144409 5915,5942,5943
5968 23.997916 12.414144 5944,5916,5942
5969 23.234066 0.687480 5917,5945,5942
5970 23.420403 0.993300 5946,5942,5918
5973 13.380025 0.576000 5943,5921
5974 23.731730 0.696450 5944,5943,5922
5975 23.934785 0.646297 5945,5943,5923
5976 23.734222 0.641934 5946,5924,5943
5979 13.501088 0.309760 5944,5927
5980 23.768152 1.446941 5944,5945,5928
5981 23.744253 0.686350 5946,5944,5929
5984 13.436228 0.361436 5945,5932
5985 23.855019 0.683273 5946,5945,5933
5988 13.930846 0.336551 5946,5936
5991 7.916238 -1 5949
5992 17.687053 1.643810 5950,5991
5993 17.572623 1.736448 5951,5991
5994 17.660762 2.059834 5952,5991
5995 17.234122 2.027482 5953,5991
5996 17.451075 1.658046 5991,5954
5997 17.489511 1.725992 5955,5991
6000 13.733750 0.221781 5958,5992
6001 23.560330 0.691881 5959,5993,5992
6002 23.947649 0.857175 5960,5994,5992
6003 23.696860 0.689021 5995,5961,5992
6004 23.409358 0.963746 5962,5996,5992
6005 23.381476 0.643142 5997,5963,5992
6008 13.514990 0.726968 5966,5993
6009 23.310032 0.999081 5994,5993,5967
6010 23.593652 9.639796 5995,5968,5993
6011 23.261258 0.688356 5969,5996,5993
6012 23.271582 0.687594 5997,5970,5993
6015 13.361453 0.782559 5973,5994
6016 23.610379 1.150031 5995,5994,5974
6017 23.331217 0.690256 5994,5996,5975
6018 23.642635 0.687191 5994,5997,5976
6021 13.345119 2.238771 5995,5979
6022 23.596686 0.687663 5995,5980,5996
6023 23.397380 0.729353 5995,5997,5981
6026 13.463924 0.366552 5996,5984
6027 23.435161 0.934359 5997,5996,5985
6030 13.621919 0.085515 5997,5988
6033 7.989214 -1 6000
6034 17.201232 2.091469 6033,6001
6035 17.281716 1.753083 6033,6002
6036 17.259808 1.714973 6033,6003
6037 17.245524 12.212332 6033,6004
6038 17.474027 0.883620 6033,6005
6041 13.256632 0.057638 6008,6034
6042 23.172000 0.934299 6009,6035,6034
6043 23.435460 0.051165 6010,6036,6034
6044 23.158933 0.939273 6011,6037,6034
6045 23.152710 0.040026 6012,6038,6034
6048 13.765938 0.684406 6015,6035
6049 23.027047 0.686214 6036,6035,6016
6050 23.342273 0.974142 6037,6017,6035
6051 23.325375 1.000059 6018,6038,6035
6054 12.887042 0.367981 6021,6036
6055 23.381391 0.686144 6022,6037,6036
6056 23.286437 0.689863 6038,6036,6023
6059 13.891971 0.363819 6037,6026
6060 23.551497 0.686530 6038,6037,6027
6063 13.691879 0.330092 6038,6030
6066 8.166455 -1 6041
6067 17.255592 2.043155 6042,6066
6068 17.347249 2.063628 6043,6066
6069 17.269927 2.037744 6066,6044
6070 17.315127 3.347435 6066,6045
6073 13.411524 0.708229 6048,6067
6074 23.036653 0.975677 6049,6067,6068
6075 23.312728 0.688585 6067,6069,6050
6076 23.275170 0.975372 6067,6051,6070
6079 13.343285 0.628399 6054,6068
6080 23.183650 0.685064 6055,6068,6069
6081 23.277324 0.644896 6056,6068,6070
6084 13.728472 0.706502 6059,6069
6085 23.283685 0.980144 6060,6069,6070
6088 13.475368 0.468076 6063,6070
6091 7.832240 -1 6073
6092 17.154603 2.058132 6091,6074
6093 17.241891 0.027582 6091,6075
6094 17.034631 1.773291 6091,6076
6097 12.826134 0.701689 6092,6079
6098 22.654843 0.997088 6093,6092,6080
6099 22.591979 1.004489 6092,6094,6081
6102 13.234567 0.654496 6093,6084
6103 23.248668 0.642625 6093,6085,6094
6106 13.098216 0.731481 6094,6088
6109 7.701404 -1 6097
6110 17.106179 1.762781 6098,6109
6111 17.348503 2.010097 6099,6109
6114 12.848369 0.663072 6110,6102
6115 22.952128 0.977738 6103,6110,6111
6118 13.012102 0.929053 6106,6111
6121 7.741857 -1 6114
6122 17.096219 2.046476 6115,6121
6125 12.603581 0.620352 6118,6122
6128 7.762919 -1 6125
