4171 2.710557 -1 
4172 6.382300 1.395241 4171
4173 6.326584 1.507233 4171
4174 6.275443 1.327422 4171
4175 6.313998 1.416963 4171
4176 6.336529 1.356388 4171
4177 6.312886 1.421094 4171
4178 6.274567 1.020540 4171
4179 6.311437 1.034977 4171
4180 5.926656 0.860143 4171
4181 6.306916 0.984761 4171
4182 6.243166 1.680305 4171
4183 6.263650 1.027330 4171
4184 6.189618 2.176043 4171
4185 6.312180 1.053355 4171
4186 5.914402 13.890447 4171
4187 5.899474 1.036841 4171
4188 6.209226 1.033597 4171
4189 6.261401 0.985186 4171
4190 9.682425 1.031254 4171
4193 4.836899 0.538026 4172
4194 7.531252 0.240596 4172,4173
4195 7.527124 0.140034 4174,4172
4196 7.513134 0.603045 4175,4172
4197 7.339902 0.413745 4176,4172
4198 6.765326 0.331083 4177,4172
4199 6.535620 0.555761 4178,4172
4200 7.525268 0.206295 4179,4172
4201 7.286575 0.424150 4180,4172
4202 7.194349 0.209703 4181,4172
4203 7.264636 0.246659 4182,4172
4204 7.389927 0.256155 4183,4172
4205 7.337494 0.254531 4184,4172
4206 7.360855 0.248652 4185,4172
4207 7.393330 0.298413 4172,4186
4208 7.219845 0.202705 4187,4172
4209 6.534611 0.248298 4188,4172
4210 7.255202 0.471863 4189,4172
4211 9.628112 0.206184 4190,4172
4214 4.753135 0.543609 4173
4215 7.584641 0.240731 4174,4173
4216 7.631744 0.503716 4175,4173
4217 7.639413 0.250145 4176,4173
4218 6.609079 0.252989 4177,4173
4219 7.769037 0.199786 4178,4173
4220 7.706045 0.122790 4179,4173
4221 7.889844 0.255127 4180,4173
4222 7.707422 0.201645 4181,4173
4223 7.816376 0.246842 4182,4173
4224 7.737769 0.209108 4183,4173
4225 7.541155 1.257041 4184,4173
4226 7.729215 0.246413 4185,4173
4227 6.673118 0.204420 4186,4173
4228 7.294373 0.647673 4187,4173
4229 7.325093 0.201897 4188,4173
4230 7.281008 0.203522 4189,4173
4231 7.802201 0.248413 4190,4173
4234 4.634308 0.207167 4174
4235 7.807680 0.231052 4174,4175
4236 7.706755 0.252933 4174,4176
4237 7.647118 1.659492 4174,4177
4238 7.913356 0.094420 4174,4178
4239 7.710125 0.248155 4174,4179
4240 7.582573 0.242119 4174,4180
4241 7.603046 1.000040 4174,4181
4242 7.522095 0.182262 4174,4182
4243 7.790772 0.249642 4174,4183
4244 7.423821 0.248718 4174,4184
4245 7.678985 0.246460 4174,4185
4246 7.548239 0.202051 4174,4186
4247 7.417959 0.201947 4174,4187
4248 7.554198 0.206598 4174,4188
4249 7.782623 0.203449 4174,4189
4250 7.409624 0.209034 4174,4190
4253 4.881136 0.424169 4175
4254 7.603664 0.250253 4175,4176
4255 6.538790 0.247650 4175,4177
4256 6.708960 0.249266 4175,4178
4257 7.610249 0.100688 4175,4179
4258 7.601613 0.244334 4175,4180
4259 7.702839 0.412194 4181,4175
4260 6.568319 0.244660 4175,4182
4261 7.571788 0.600864 4175,4183
4262 6.616983 0.212555 4175,4184
4263 7.563123 0.207116 4175,4185
4264 7.374976 0.203009 4175,4186
4265 7.601682 0.187484 4175,4187
4266 6.622194 0.201313 4175,4188
4267 7.381853 0.205930 4189,4175
4268 7.438461 0.202523 4175,4190
4271 4.806815 0.064711 4176
4272 7.610263 0.246280 4176,4177
4273 7.532936 0.248310 4176,4178
4274 7.401366 0.202924 4176,4179
4275 6.949699 0.100857 4180,4176
4276 6.769179 4.591779 4181,4176
4277 6.559217 1.573747 4176,4182
4278 7.308851 0.247810 4176,4183
4279 6.659875 0.207354 4176,4184
4280 6.586090 0.250770 4176,4185
4281 7.340052 1.119228 4176,4186
4282 7.328264 0.187103 4176,4187
4283 6.543274 0.204952 4188,4176
4284 6.569979 0.229581 4189,4176
4285 7.539602 0.204931 4176,4190
4288 4.725931 0.334164 4177
4289 6.570332 0.249734 4177,4178
4290 6.537851 0.238651 4177,4179
4291 7.691603 2.063458 4180,4177
4292 6.787518 0.246320 4181,4177
4293 6.660252 0.118235 4182,4177
4294 6.667360 0.253203 4183,4177
4295 6.742400 1.653566 4177,4184
4296 7.571746 0.205103 4177,4185
4297 6.619077 0.200886 4177,4186
4298 6.605468 1.186241 4177,4187
4299 6.740243 0.189347 4188,4177
4300 7.528503 0.200316 4189,4177
4301 7.542318 12.992642 4177,4190
4304 4.831311 0.395483 4178
4305 7.604279 0.247600 4178,4179
4306 7.510274 0.240442 4180,4178
4307 7.619741 0.202754 4181,4178
4308 7.626693 0.247698 4182,4178
4309 7.642313 0.248163 4183,4178
4310 7.685433 0.195971 4178,4184
4311 7.660314 0.205144 4185,4178
4312 7.411901 0.178005 4178,4186
4313 7.618152 0.203480 4178,4187
4314 7.362371 0.200491 4188,4178
4315 7.802081 0.211246 4189,4178
4316 6.751422 0.200764 4178,4190
4319 4.788537 0.114279 4179
4320 6.590412 0.201376 4180,4179
4321 6.555407 0.200785 4181,4179
4322 6.558443 0.245556 4182,4179
4323 7.313483 0.200552 4183,4179
4324 7.612407 0.246294 4179,4184
4325 6.510882 0.203874 4185,4179
4326 6.593483 0.204932 4179,4186
4327 6.545531 0.499601 4179,4187
4328 7.315594 0.200062 4188,4179
4329 7.589916 0.255916 4189,4179
4330 7.325905 0.202298 4179,4190
4333 4.063902 0.349176 4180
4334 7.795521 0.201136 4181,4180
4335 7.436732 0.186091 4180,4182
4336 7.618549 0.246199 4180,4183
4337 7.439686 0.246481 4180,4184
4338 7.726209 0.205104 4180,4185
4339 6.790281 0.225510 4180,4186
4340 6.669975 0.199620 4180,4187
4341 7.430065 0.200529 4180,4188
4342 7.767444 0.250146 4189,4180
4343 7.288971 0.202980 4180,4190
4346 4.832640 0.537700 4181
4347 7.700847 0.203528 4181,4182
4348 7.531484 0.194782 4181,4183
4349 7.426246 0.207417 4181,4184
4350 7.590473 0.303737 4181,4185
4351 7.290867 0.246096 4181,4186
4352 7.242505 0.205301 4181,4187
4353 7.224265 0.201996 4181,4188
4354 7.418842 0.282747 4181,4189
4355 7.376167 0.196731 4181,4190
4358 4.683660 0.142678 4182
4359 7.659638 0.203881 4183,4182
4360 7.235731 0.200334 4182,4184
4361 7.465909 0.203576 4182,4185
4362 7.248156 0.202164 4182,4186
4363 7.312323 0.182412 4182,4187
4364 7.384867 0.186713 4188,4182
4365 7.579896 0.201458 4189,4182
4366 6.551423 0.247227 4182,4190
4369 4.745760 0.444155 4183
4370 7.749079 0.246511 4183,4184
4371 7.379959 0.201786 4183,4185
4372 7.400572 0.287856 4183,4186
4373 7.428320 0.210313 4183,4187
4374 7.421249 0.202440 4188,4183
4375 6.380912 0.281970 4189,4183
4376 7.341825 0.202703 4183,4190
4379 4.603464 0.119344 4184
4380 7.330566 0.229689 4185,4184
4381 7.349284 0.244963 4184,4186
4382 7.370164 0.247685 4184,4187
4383 7.340124 0.248478 4188,4184
4384 7.549622 0.203895 4189,4184
4385 7.375671 0.247981 4184,4190
4388 4.817682 0.444573 4185
4389 6.411373 0.201150 4185,4186
4390 7.243868 0.573022 4185,4187
4391 7.117666 0.202279 4188,4185
4392 6.500421 0.280799 4189,4185
4393 7.438872 0.141279 4185,4190
4396 4.120437 0.084071 4186
4397 6.697232 0.247666 4187,4186
4398 7.235318 0.204689 4188,4186
4399 7.644465 0.204822 4189,4186
4400 7.357845 0.248892 4190,4186
4403 4.019474 0.130483 4187
4404 7.287850 0.202535 4188,4187
4405 7.547679 0.205740 4189,4187
4406 7.439489 0.200591 4190,4187
4409 4.648223 0.089577 4188
4410 6.467700 0.190862 4189,4188
4411 7.248725 0.282166 4188,4190
4414 4.779560 0.324983 4189
4415 7.264291 0.246087 4189,4190
4418 7.013628 0.091923 4190
4421 2.818927 -1 4193
4422 6.269152 1.115267 4194,4421
4423 6.234644 0.991240 4421,4195
4424 6.195526 0.812941 4196,4421
4425 6.159933 6.942784 4197,4421
4426 5.629319 1.066853 4421,4198
4427 5.725276 1.044864 4421,4199
4428 6.085298 1.182513 4200,4421
4429 5.992210 1.035098 4421,4201
4430 6.002707 0.984665 4202,4421
4431 6.010282 1.034338 4203,4421
4432 6.057509 11.769931 4421,4204
4433 5.977651 5.048868 4421,4205
4434 6.002323 1.026264 4421,4206
4435 6.091443 1.030151 4421,4207
4436 5.997562 0.970200 4208,4421
4437 5.623877 1.005670 4421,4209
4438 6.018090 12.090879 4421,4210
4439 6.234619 1.024320 4421,4211
4442 4.166422 0.036186 4422,4214
4443 7.457570 0.079532 4422,4423,4215
4444 7.354188 0.254297 4422,4216,4424
4445 7.262889 0.250003 4422,4217,4425
4446 6.661833 0.246936 4422,4426,4218
4447 7.667052 0.208207 4422,4219,4427
4448 7.286235 0.252290 4422,4428,4220
4449 7.278548 0.197407 4422,4429,4221
4450 7.264792 0.534422 4422,4430,4222
4451 7.211799 0.248944 4422,4431,4223
4452 7.264814 0.600514 4422,4224,4432
4453 7.352843 0.214959 4422,4225,4433
4454 7.201644 0.202933 4422,4434,4226
4455 7.207836 0.246287 4422,4435,4227
4456 7.333008 0.204532 4422,4436,4228
4457 6.570837 8.167838 4422,4437,4229
4458 7.327896 0.201483 4422,4438,4230
4459 7.418843 0.419506 4422,4439,4231
4462 4.263336 0.044037 4423,4234
4463 7.353249 0.447655 4423,4235,4424
4464 7.183120 0.251027 4423,4236,4425
4465 6.817108 0.247083 4237,4423,4426
4466 6.684142 0.204574 4423,4427,4238
4467 7.490896 0.058628 4423,4428,4239
4468 7.421210 0.438403 4423,4429,4240
4469 7.306004 0.248255 4423,4430,4241
4470 7.264768 0.246697 4423,4242,4431
4471 7.269421 0.201227 4423,4243,4432
4472 7.333164 0.212366 4423,4244,4433
4473 7.391313 12.265070 4423,4245,4434
4474 7.197896 0.500749 4435,4423,4246
4475 7.268035 0.204114 4423,4436,4247
4476 6.802699 0.204217 4423,4437,4248
4477 7.287983 0.205013 4423,4438,4249
4478 7.439368 0.203313 4423,4439,4250
4481 4.314335 0.326011 4253,4424
4482 7.220922 0.249506 4254,4424,4425
4483 6.611257 0.210045 4255,4426,4424
4484 6.552015 0.282260 4427,4424,4256
4485 7.375316 0.210042 4428,4257,4424
4486 7.397844 0.155222 4258,4429,4424
4487 7.357349 0.256163 4259,4430,4424
4488 7.259839 0.201341 4260,4431,4424
4489 7.336297 0.200885 4261,4424,4432
4490 7.301874 0.201258 4262,4433,4424
4491 7.381777 0.193811 4434,4263,4424
4492 7.226108 0.205094 4435,4264,4424
4493 7.393874 0.197349 4436,4265,4424
4494 6.587808 0.204484 4437,4266,4424
4495 7.303506 0.201153 4438,4424,4267
4496 6.411278 0.206859 4268,4439,4424
4499 4.213835 0.392019 4271,4425
4500 6.590671 0.243054 4272,4426,4425
4501 6.435344 0.207910 4273,4427,4425
4502 7.496532 0.246417 4428,4274,4425
4503 7.456267 0.199564 4429,4275,4425
4504 7.312322 0.399440 4430,4276,4425
4505 7.313966 0.247757 4277,4431,4425
4506 7.482032 0.247161 4278,4432,4425
4507 7.427641 0.201226 4279,4433,4425
4508 7.532771 0.202603 4434,4280,4425
4509 7.500111 0.146799 4435,4281,4425
4510 7.490116 0.201470 4282,4436,4425
4511 6.726640 0.201984 4283,4437,4425
4512 7.372589 0.192594 4438,4284,4425
4513 7.258709 0.205169 4285,4439,4425
4516 3.797286 0.127331 4288,4426
4517 6.621823 0.245481 4289,4426,4427
4518 7.435876 0.247554 4428,4426,4290
4519 7.485990 0.245313 4291,4429,4426
4520 7.256125 0.248411 4426,4430,4292
4521 7.419201 0.244498 4431,4426,4293
4522 7.335648 0.246149 4294,4426,4432
4523 7.340273 0.248047 4295,4426,4433
4524 7.446769 0.196541 4434,4296,4426
4525 7.457269 0.204830 4435,4297,4426
4526 7.547040 0.190670 4436,4426,4298
4527 6.732881 0.200941 4299,4437,4426
4528 7.316670 0.248527 4300,4426,4438
4529 6.763852 0.201490 4439,4301,4426
4532 3.761569 0.370658 4427,4304
4533 7.585690 0.202705 4428,4427,4305
4534 7.463311 0.201774 4429,4427,4306
4535 7.352929 11.989293 4307,4427,4430
4536 7.475839 0.202932 4308,4431,4427
4537 7.455052 0.201240 4309,4427,4432
4538 7.325159 0.200117 4310,4427,4433
4539 7.536424 0.205843 4434,4427,4311
4540 7.303201 0.202687 4435,4312,4427
4541 7.460693 0.209518 4436,4427,4313
4542 6.728740 0.200829 4437,4314,4427
4543 7.275456 0.200999 4315,4427,4438
4544 6.602388 14.465236 4439,4427,4316
4547 4.286906 0.574094 4319,4428
4548 7.450800 0.202563 4320,4428,4429
4549 7.430855 0.246971 4321,4428,4430
4550 7.321020 0.202146 4428,4322,4431
4551 7.553543 0.203952 4428,4323,4432
4552 7.281679 0.201725 4428,4324,4433
4553 7.535011 0.189591 4434,4428,4325
4554 7.523963 0.918538 4435,4428,4326
4555 7.377318 0.205335 4428,4436,4327
4556 6.814648 0.202797 4328,4428,4437
4557 7.341691 0.201672 4329,4428,4438
4558 7.445003 0.202627 4428,4439,4330
4561 4.228339 1.506555 4429,4333
4562 7.427474 0.204241 4334,4429,4430
4563 7.341217 0.200455 4335,4429,4431
4564 7.458340 0.198158 4336,4429,4432
4565 7.541894 0.198442 4337,4429,4433
4566 7.412039 0.203010 4434,4429,4338
4567 7.406869 0.202620 4435,4429,4339
4568 7.412626 0.248871 4436,4429,4340
4569 6.874211 0.203974 4437,4429,4341
4570 7.568557 0.198338 4429,4438,4342
4571 7.798113 0.204221 4343,4429,4439
4574 4.282923 0.537238 4346,4430
4575 7.569723 0.202024 4347,4431,4430
4576 7.489998 0.247983 4348,4430,4432
4577 7.578778 0.246109 4349,4430,4433
4578 7.451196 0.201547 4434,4350,4430
4579 7.451740 0.203216 4435,4430,4351
4580 7.423925 0.201946 4436,4430,4352
4581 7.608848 5.069615 4437,4430,4353
4582 7.458099 0.204002 4354,4430,4438
4583 7.478256 0.204661 4355,4439,4430
4586 4.223245 0.082744 4358,4431
4587 7.454443 0.202206 4431,4359,4432
4588 7.586620 0.393542 4431,4360,4433
4589 7.430786 0.203500 4434,4361,4431
4590 7.420498 0.201477 4435,4431,4362
4591 7.385627 0.204694 4436,4431,4363
4592 7.439867 0.202555 4364,4437,4431
4593 7.545735 0.201962 4365,4431,4438
4594 7.497318 0.200037 4439,4366,4431
4597 4.356571 0.129254 4369,4432
4598 7.424544 0.204002 4370,4433,4432
4599 7.429093 0.205767 4434,4371,4432
4600 7.451241 0.246603 4435,4372,4432
4601 7.373472 0.202962 4373,4436,4432
4602 7.294431 0.041092 4437,4374,4432
4603 7.468099 0.186570 4375,4438,4432
4604 7.586946 0.204596 4376,4439,4432
4607 4.337303 0.134423 4379,4433
4608 7.417803 0.201245 4434,4380,4433
4609 7.431857 0.200727 4435,4381,4433
4610 7.408299 0.245564 4382,4436,4433
4611 7.433107 0.185785 4383,4437,4433
4612 7.640283 0.462124 4438,4433,4384
4613 7.522647 0.197608 4439,4385,4433
4616 4.320991 0.056440 4434,4388
4617 7.563162 0.203165 4435,4434,4389
4618 7.393816 0.203158 4390,4434,4436
4619 7.501047 0.199781 4434,4437,4391
4620 7.512933 0.332968 4434,4392,4438
4621 7.575976 0.052120 4434,4393,4439
4624 4.354925 0.127205 4435,4396
4625 7.485959 0.204646 4435,4436,4397
4626 7.430432 0.201717 4435,4398,4437
4627 7.564482 0.204931 4435,4399,4438
4628 7.523307 0.798296 4435,4400,4439
4631 4.272059 0.080603 4436,4403
4632 7.521819 0.208548 4404,4437,4436
4633 7.705152 0.247311 4405,4436,4438
4634 7.426656 0.202541 4406,4436,4439
4637 3.882318 0.279024 4437,4409
4638 7.578296 0.095721 4437,4438,4410
4639 6.744846 0.148901 4437,4439,4411
4642 4.359587 0.467898 4414,4438
4643 7.578891 0.245847 4415,4439,4438
4646 4.260590 0.086607 4439,4418
4649 2.822308 -1 4442
4650 6.136266 1.177938 4443,4649
4651 6.575745 0.939165 4649,4444
4652 6.187316 0.259835 4649,4445
4653 5.718744 0.794805 4649,4446
4654 6.169180 0.996489 4649,4447
4655 6.018809 0.253285 4448,4649
4656 6.039208 0.936674 4449,4649
4657 6.053639 12.610654 4649,4450
4658 6.001034 0.945461 4451,4649
4659 6.021447 0.955706 4452,4649
4660 6.051949 0.138371 4453,4649
4661 6.052832 1.000530 4649,4454
4662 6.014802 1.170711 4649,4455
4663 6.063914 1.026204 4649,4456
4664 5.676460 0.903722 4649,4457
4665 6.102730 0.973834 4649,4458
4666 6.193574 1.028079 4459,4649
4669 4.334431 0.127983 4462,4650
4670 7.351179 0.240856 4651,4650,4463
4671 7.211175 0.244015 4464,4650,4652
4672 6.627965 0.204780 4465,4650,4653
4673 7.412879 0.205495 4466,4654,4650
4674 7.460726 0.461669 4655,4467,4650
4675 7.396823 0.284683 4656,4650,4468
4676 7.407243 0.249542 4657,4650,4469
4677 7.239321 0.205072 4470,4650,4658
4678 7.443765 0.211927 4471,4659,4650
4679 7.288618 0.204745 4472,4660,4650
4680 7.396550 0.200867 4473,4650,4661
4681 7.279929 0.203365 4650,4662,4474
4682 7.575510 0.202467 4475,4650,4663
4683 6.689465 0.202451 4664,4650,4476
4684 7.344734 0.204046 4665,4650,4477
4685 7.525734 0.246949 4478,4666,4650
4688 4.267452 0.211543 4651,4481
4689 7.370817 0.297040 4651,4482,4652
4690 6.583285 0.229692 4651,4653,4483
4691 6.642265 0.202674 4484,4654,4651
4692 7.335349 0.508551 4655,4485,4651
4693 7.546052 0.205847 4486,4656,4651
4694 7.405888 0.185322 4657,4487,4651
4695 7.404288 0.203581 4488,4651,4658
4696 7.255911 0.190413 4659,4651,4489
4697 7.331533 0.203121 4660,4651,4490
4698 7.393118 0.203359 4651,4661,4491
4699 7.387087 0.203824 4651,4492,4662
4700 7.543381 0.199712 4493,4651,4663
4701 6.686269 0.202025 4664,4494,4651
4702 7.378214 0.202725 4665,4495,4651
4703 7.556077 0.243581 4496,4666,4651
4706 4.170120 0.341314 4499,4652
4707 6.530316 0.247587 4500,4653,4652
4708 6.588818 0.224004 4654,4501,4652
4709 7.545199 0.251654 4655,4502,4652
4710 7.520585 0.254749 4656,4503,4652
4711 7.565460 0.247066 4504,4657,4652
4712 7.433245 0.243363 4505,4658,4652
4713 7.410056 0.188521 4506,4659,4652
4714 7.317829 0.298496 4507,4660,4652
4715 7.398272 0.203126 4508,4661,4652
4716 7.408953 0.185551 4509,4662,4652
4717 7.401197 0.201789 4510,4663,4652
4718 6.727286 0.499284 4664,4511,4652
4719 7.405125 0.203844 4512,4665,4652
4720 7.311566 0.387387 4513,4666,4652
4723 3.740508 0.362587 4516,4653
4724 6.613237 0.204285 4654,4517,4653
4725 7.457482 0.186359 4655,4518,4653
4726 7.411383 0.246338 4656,4519,4653
4727 7.445514 0.115019 4657,4653,4520
4728 7.422497 0.290714 4521,4658,4653
4729 7.356455 0.245198 4659,4522,4653
4730 7.394738 0.204162 4523,4660,4653
4731 7.583353 0.247250 4524,4661,4653
4732 7.586145 0.203862 4525,4662,4653
4733 7.682421 0.463146 4526,4653,4663
4734 6.769553 0.202417 4664,4527,4653
4735 7.436960 0.204587 4665,4653,4528
4736 6.568610 0.198696 4666,4529,4653
4739 4.148597 0.342651 4654,4532
4740 7.558505 0.146282 4655,4654,4533
4741 7.479211 0.203101 4534,4654,4656
4742 7.521422 0.202488 4654,4657,4535
4743 7.410336 0.246434 4654,4536,4658
4744 7.378803 0.244644 4654,4537,4659
4745 7.467865 0.202463 4654,4660,4538
4746 7.331318 0.206071 4654,4661,4539
4747 7.159674 0.202464 4654,4662,4540
4748 7.337239 0.200500 4541,4654,4663
4749 6.770317 0.208435 4664,4654,4542
4750 7.379246 0.203540 4654,4543,4665
4751 6.405598 0.202576 4654,4666,4544
4754 4.209280 0.350462 4655,4547
4755 7.603762 0.246478 4655,4548,4656
4756 7.532591 0.203233 4655,4549,4657
4757 7.285549 0.202647 4655,4658,4550
4758 7.390772 0.203931 4655,4659,4551
4759 7.575556 0.204108 4655,4552,4660
4760 7.311002 0.203741 4655,4661,4553
4761 7.250198 0.214181 4655,4554,4662
4762 7.505665 0.245480 4655,4555,4663
4763 6.833337 0.204940 4655,4664,4556
4764 7.494485 0.205039 4655,4665,4557
4765 7.462081 12.620823 4655,4666,4558
4768 4.217392 0.298639 4561,4656
4769 7.605691 0.202017 4562,4657,4656
4770 7.239651 0.202246 4563,4656,4658
4771 7.289675 0.200786 4656,4659,4564
4772 7.634941 0.204317 4656,4660,4565
4773 7.273520 0.210465 4656,4661,4566
4774 7.328329 0.247752 4656,4567,4662
4775 7.404858 24.181138 4568,4656,4663
4776 6.771259 0.201103 4664,4569,4656
4777 7.533069 0.204669 4570,4665,4656
4778 6.727417 0.203572 4571,4666,4656
4781 4.412182 0.349879 4657,4574
4782 7.385903 0.204956 4657,4658,4575
4783 7.320604 0.723596 4657,4659,4576
4784 7.649862 0.187178 4657,4660,4577
4785 7.578968 0.185680 4578,4657,4661
4786 7.573979 0.200960 4579,4657,4662
4787 7.689594 0.203076 4657,4580,4663
4788 7.451787 0.521819 4664,4657,4581
4789 7.604040 0.197835 4665,4657,4582
4790 7.676698 0.201761 4657,4666,4583
4793 4.240958 0.128922 4586,4658
4794 7.376130 0.204763 4587,4659,4658
4795 7.627235 0.203506 4660,4658,4588
4796 7.363419 0.201684 4589,4658,4661
4797 7.366751 0.203824 4590,4658,4662
4798 7.512183 0.205636 4591,4658,4663
4799 7.381856 12.008910 4664,4592,4658
4800 7.664248 0.288912 4665,4658,4593
4801 7.466208 0.203066 4666,4658,4594
4804 4.290599 0.405032 4659,4597
4805 7.366549 0.201113 4660,4598,4659
4806 7.284370 0.230375 4599,4659,4661
4807 7.272019 0.202429 4659,4600,4662
4808 7.432844 0.198102 4601,4659,4663
4809 7.238496 0.201686 4664,4602,4659
4810 7.724597 0.209227 4665,4659,4603
4811 7.384555 0.204009 4666,4659,4604
4814 4.401850 0.133980 4607,4660
4815 7.401623 0.203351 4660,4661,4608
4816 7.403425 0.201468 4660,4662,4609
4817 7.578394 0.203530 4610,4660,4663
4818 7.449727 0.248394 4664,4611,4660
4819 7.555522 0.246327 4665,4612,4660
4820 7.580875 0.203894 4666,4660,4613
4823 4.125339 0.073008 4661,4616
4824 7.485359 0.204246 4617,4661,4662
4825 7.831228 0.203917 4618,4661,4663
4826 7.469941 0.204439 4664,4619,4661
4827 7.526007 0.199468 4620,4665,4661
4828 7.508298 0.201595 4621,4666,4661
4831 4.205003 0.083809 4624,4662
4832 7.439855 0.203131 4625,4662,4663
4833 7.455698 0.461780 4664,4626,4662
4834 8.012164 0.205746 4665,4662,4627
4835 7.856982 0.249962 4628,4666,4662
4838 4.316099 0.083970 4631,4663
4839 7.646016 0.192342 4664,4632,4663
4840 7.733007 0.203609 4633,4665,4663
4841 7.843809 0.203334 4666,4634,4663
4844 3.926443 0.127079 4664,4637
4845 7.491513 0.203691 4664,4665,4638
4846 6.792136 0.186657 4664,4666,4639
4849 4.273005 0.139805 4642,4665
4850 7.580504 0.203043 4665,4666,4643
4853 4.251197 9.848365 4666,4646
4856 2.898137 -1 4669
4857 6.034383 1.208477 4856,4670
4858 6.127530 1.013891 4856,4671
4859 5.722832 0.912762 4856,4672
4860 6.171933 1.021034 4856,4673
4861 6.111293 1.101461 4856,4674
4862 6.063860 0.961123 4856,4675
4863 6.047991 0.986542 4856,4676
4864 6.001103 1.070315 4677,4856
4865 6.121175 1.164931 4856,4678
4866 6.033467 0.980493 4856,4679
4867 6.093674 1.031284 4856,4680
4868 6.047703 0.995368 4856,4681
4869 6.117254 8.787403 4856,4682
4870 5.685811 0.999081 4856,4683
4871 6.083926 0.973699 4856,4684
4872 6.151098 0.964732 4856,4685
4875 4.274478 0.334141 4857,4688
4876 7.341683 0.202406 4857,4689,4858
4877 6.667396 0.200863 4857,4690,4859
4878 7.521271 0.209151 4857,4691,4860
4879 7.549145 0.202612 4857,4861,4692
4880 7.494590 4.042999 4857,4862,4693
4881 7.504524 0.199819 4857,4863,4694
4882 7.538719 0.203966 4857,4695,4864
4883 7.330617 0.201002 4857,4696,4865
4884 7.435558 0.205188 4857,4866,4697
4885 7.427120 0.101250 4857,4698,4867
4886 7.303535 0.204161 4857,4699,4868
4887 7.551103 0.201061 4857,4869,4700
4888 6.837666 0.204921 4857,4870,4701
4889 7.580301 0.203745 4857,4871,4702
4890 7.592735 0.246007 4857,4703,4872
4893 4.213939 0.047947 4706,4858
4894 6.526412 0.205931 4707,4859,4858
4895 6.578302 0.247472 4860,4708,4858
4896 7.658914 0.202117 4861,4709,4858
4897 7.538055 0.187795 4862,4710,4858
4898 7.487566 0.251529 4863,4711,4858
4899 7.499112 0.221914 4712,4864,4858
4900 7.512780 0.201549 4713,4865,4858
4901 7.509199 0.299731 4714,4866,4858
4902 7.449530 0.204389 4715,4867,4858
4903 7.458342 0.202792 4868,4716,4858
4904 7.512262 0.201226 4717,4869,4858
4905 6.589065 0.451681 4718,4870,4858
4906 7.425000 0.202321 4871,4719,4858
4907 7.282712 0.203318 4872,4720,4858
4910 3.865975 0.075505 4723,4859
4911 6.566750 0.199738 4724,4860,4859
4912 7.572247 0.201659 4725,4861,4859
4913 7.487840 0.187111 4862,4726,4859
4914 7.538081 0.201794 4863,4727,4859
4915 7.500369 0.204421 4864,4859,4728
4916 7.294779 0.205135 4729,4859,4865
4917 7.472944 0.105409 4730,4866,4859
4918 7.445217 0.203360 4731,4867,4859
4919 7.458551 0.201315 4732,4868,4859
4920 7.496853 0.245316 4733,4869,4859
4921 6.716954 0.204315 4734,4870,4859
4922 7.466550 0.203442 4871,4859,4735
4923 6.634834 0.204130 4736,4859,4872
4926 4.233004 0.288699 4860,4739
4927 7.594644 0.186100 4740,4860,4861
4928 7.563522 0.246188 4862,4860,4741
4929 7.551718 0.477082 4863,4860,4742
4930 7.493212 0.202268 4743,4860,4864
4931 7.320069 0.185629 4860,4744,4865
4932 7.405633 0.204944 4860,4866,4745
4933 7.382090 0.142117 4860,4867,4746
4934 7.300068 0.212726 4860,4747,4868
4935 7.321339 0.202562 4748,4860,4869
4936 6.692026 0.204404 4860,4749,4870
4937 7.602529 0.200785 4750,4860,4871
4938 6.535770 0.203206 4751,4860,4872
4941 4.239297 0.045617 4861,4754
4942 7.518368 0.390411 4862,4861,4755
4943 7.445173 0.206092 4863,4861,4756
4944 7.412764 0.203265 4861,4864,4757
4945 7.399604 0.201027 4758,4861,4865
4946 7.496046 0.202093 4759,4861,4866
4947 7.291016 0.245780 4760,4861,4867
4948 7.207677 0.202717 4761,4868,4861
4949 7.437141 0.202237 4869,4861,4762
4950 6.739145 0.200958 4763,4861,4870
4951 7.440026 0.204503 4861,4871,4764
4952 7.540432 0.204423 4861,4765,4872
4955 4.387041 0.399911 4862,4768
4956 7.647460 0.203226 4862,4863,4769
4957 7.386060 0.201416 4862,4770,4864
4958 7.276330 0.202317 4862,4771,4865
4959 7.926961 0.205131 4862,4772,4866
4960 7.308825 0.278688 4862,4867,4773
4961 7.254439 0.202311 4862,4868,4774
4962 7.395212 0.505892 4862,4775,4869
4963 6.733041 0.202182 4862,4776,4870
4964 7.570094 0.203132 4862,4777,4871
4965 6.573162 0.203923 4862,4778,4872
4968 4.309215 0.085425 4863,4781
4969 7.408823 0.203851 4863,4782,4864
4970 7.328573 0.060892 4863,4783,4865
4971 7.484586 0.201263 4863,4784,4866
4972 7.388226 0.201705 4863,4785,4867
4973 7.378818 0.247855 4863,4868,4786
4974 7.592165 0.202357 4787,4863,4869
4975 7.353517 0.265106 4863,4870,4788
4976 7.837492 0.202792 4863,4871,4789
4977 7.465769 0.204451 4863,4790,4872
4980 4.309119 0.072949 4864,4793
4981 7.729187 0.203319 4794,4864,4865
4982 7.930598 0.204000 4795,4866,4864
4983 7.261510 0.202324 4796,4867,4864
4984 7.322374 0.200041 4868,4797,4864
4985 7.644887 0.208311 4869,4798,4864
4986 7.263080 0.288769 4870,4864,4799
4987 7.634563 0.526838 4800,4871,4864
4988 7.369122 0.202088 4801,4864,4872
4991 4.147893 0.388763 4804,4865
4992 7.313102 0.205945 4866,4805,4865
4993 7.348082 19.119717 4867,4806,4865
4994 7.354841 0.203482 4868,4807,4865
4995 7.449795 0.202407 4808,4869,4865
4996 7.334173 0.202366 4809,4870,4865
4997 7.531092 0.075734 4810,4871,4865
4998 7.420498 0.208025 4811,4872,4865
5001 4.359134 0.280154 4866,4814
5002 7.582348 0.202723 4866,4867,4815
5003 7.417555 0.203237 4868,4866,4816
5004 7.658469 0.201528 4817,4869,4866
5005 7.418919 0.202177 4818,4866,4870
5006 7.463010 0.187288 4871,4819,4866
5007 7.530956 0.201365 4866,4820,4872
5010 4.225670 0.190356 4867,4823
5011 7.444310 0.201975 4868,4824,4867
5012 7.581515 0.205021 4825,4869,4867
5013 7.407679 0.203298 4826,4867,4870
5014 7.488635 0.289481 4827,4871,4867
5015 7.779018 0.204705 4867,4828,4872
5018 4.191797 0.084480 4831,4868
5019 7.517306 0.205253 4832,4868,4869
5020 7.535739 0.248439 4868,4833,4870
5021 8.041886 0.201832 4868,4871,4834
5022 7.692900 0.047813 4868,4835,4872
5025 4.258611 0.134604 4838,4869
5026 7.626263 0.200869 4839,4869,4870
5027 7.371560 0.192953 4840,4869,4871
5028 7.598062 0.202370 4869,4841,4872
5031 3.847856 0.043210 4844,4870
5032 7.394843 0.202234 4845,4871,4870
5033 6.714487 0.203327 4846,4870,4872
5036 4.422970 0.095467 4871,4849
5037 7.437488 0.202153 4850,4871,4872
5040 4.308534 0.348332 4853,4872
5043 2.839126 -1 4875
5044 6.113976 0.937378 4876,5043
5045 5.743125 0.902278 4877,5043
5046 6.169873 0.985922 5043,4878
5047 6.196877 0.837458 4879,5043
5048 6.049086 1.109547 4880,5043
5049 6.022383 0.920852 4881,5043
5050 6.168762 0.981772 4882,5043
5051 6.074458 0.984129 4883,5043
5052 6.085670 0.393638 4884,5043
5053 6.133387 1.060597 5043,4885
5054 6.042727 0.998205 5043,4886
5055 6.106744 0.988075 5043,4887
5056 5.749399 1.006127 4888,5043
5057 6.062437 1.000141 4889,5043
5058 6.103759 0.945174 4890,5043
5061 4.225390 0.128246 4893,5044
5062 6.533124 0.206374 5045,5044,4894
5063 7.505238 0.200850 5046,5044,4895
5064 7.630595 0.205094 5047,5044,4896
5065 7.421840 0.201806 5044,4897,5048
5066 7.538206 0.036921 5044,4898,5049
5067 7.422974 0.201371 4899,5044,5050
5068 7.454580 0.200786 4900,5044,5051
5069 7.460827 0.147823 4901,5044,5052
5070 7.410271 0.200291 4902,5044,5053
5071 7.413160 0.206784 5054,4903,5044
5072 7.489517 0.205060 5055,5044,4904
5073 6.794545 0.244977 5056,5044,4905
5074 7.489304 0.204788 5044,5057,4906
5075 7.311293 0.245873 5044,5058,4907
5078 3.851497 5.125224 5045,4910
5079 6.517873 0.246425 5046,5045,4911
5080 7.679774 0.439326 5047,5045,4912
5081 7.362605 0.201205 5045,4913,5048
5082 7.497134 0.204837 5045,4914,5049
5083 7.350467 0.253454 5045,4915,5050
5084 6.918835 0.201994 4916,5045,5051
5085 7.545888 0.192216 4917,5045,5052
5086 7.451821 0.458550 5045,4918,5053
5087 7.433690 0.205602 5054,5045,4919
5088 7.519947 0.202941 5055,5045,4920
5089 6.728898 0.471959 5045,5056,4921
5090 7.526089 0.202265 4922,5045,5057
5091 6.466143 0.202834 4923,5045,5058
5094 4.194953 0.085008 5046,4926
5095 7.472628 0.204757 5047,5046,4927
5096 7.461181 0.204218 5046,4928,5048
5097 7.467259 0.245620 5046,4929,5049
5098 7.477243 0.278630 4930,5046,5050
5099 7.297012 0.200997 5046,5051,4931
5100 7.952524 0.202671 5046,4932,5052
5101 7.460155 0.046505 5046,4933,5053
5102 7.151204 0.202357 5054,5046,4934
5103 7.482344 0.204467 5046,4935,5055
5104 6.763049 0.056877 5046,5056,4936
5105 7.582430 0.203505 5046,5057,4937
5106 6.606530 0.244354 4938,5046,5058
5109 4.162772 0.134794 5047,4941
5110 7.493375 0.185873 5047,4942,5048
5111 7.559997 0.203451 5047,4943,5049
5112 7.351581 0.202138 5047,4944,5050
5113 7.406132 0.202969 5047,4945,5051
5114 7.462968 0.203780 5047,4946,5052
5115 7.508428 0.201160 5047,4947,5053
5116 7.393710 0.203102 5047,5054,4948
5117 7.605463 0.247165 5047,5055,4949
5118 6.628982 0.202328 5047,5056,4950
5119 7.388234 0.256004 5047,5057,4951
5120 7.358853 0.206003 5047,4952,5058
5123 4.572126 0.332880 4955,5048
5124 7.899996 0.203055 4956,5049,5048
5125 7.624487 0.203201 5050,4957,5048
5126 9.115155 0.202575 4958,5051,5048
5127 7.479825 0.205080 4959,5052,5048
5128 7.570261 0.201863 5053,4960,5048
5129 6.898991 0.202946 5054,4961,5048
5130 6.657072 0.162865 5055,4962,5048
5131 6.796161 0.314550 5056,4963,5048
5132 7.529396 0.206450 5057,4964,5048
5133 6.541164 0.198089 4965,5058,5048
5136 4.532858 0.083623 5049,4968
5137 7.356940 0.202187 5050,4969,5049
5138 7.479374 0.410407 4970,5051,5049
5139 7.446044 12.043558 5052,5049,4971
5140 7.436345 0.248355 4972,5049,5053
5141 7.319342 0.203878 5054,5049,4973
5142 7.552281 0.387287 4974,5055,5049
5143 7.397822 0.204599 4975,5056,5049
5144 7.527376 0.471633 4976,5057,5049
5145 7.535353 0.200838 4977,5058,5049
5148 4.143620 0.111510 4980,5050
5149 7.445084 11.991221 4981,5050,5051
5150 7.689601 0.203679 4982,5050,5052
5151 7.348389 0.203664 4983,5050,5053
5152 7.353136 0.204196 5054,5050,4984
5153 7.673585 0.202306 5055,5050,4985
5154 7.353709 0.036150 5056,5050,4986
5155 7.677875 0.204221 5057,5050,4987
5156 7.520945 0.247882 5058,5050,4988
5159 4.238797 0.454748 5051,4991
5160 7.544560 0.200345 4992,5051,5052
5161 7.232742 0.247150 4993,5051,5053
5162 7.233492 0.203303 5054,4994,5051
5163 7.401922 0.203085 5055,4995,5051
5164 7.345833 0.201196 4996,5056,5051
5165 7.542701 0.471202 4997,5057,5051
5166 7.315813 0.599430 5058,5051,4998
5169 4.473722 14.024755 5001,5052
5170 7.392366 0.203066 5002,5052,5053
5171 7.382887 0.200721 5054,5003,5052
5172 7.625005 0.204444 5055,5052,5004
5173 7.376395 0.246434 5056,5005,5052
5174 7.427472 0.203539 5057,5006,5052
5175 6.651172 0.288110 5007,5058,5052
5178 4.318184 0.127295 5010,5053
5179 7.406093 0.248667 5054,5011,5053
5180 7.869693 0.201452 5055,5012,5053
5181 7.312754 0.203406 5056,5013,5053
5182 7.337568 0.203902 5057,5014,5053
5183 7.956801 0.202800 5058,5015,5053
5186 4.215215 0.087635 5054,5018
5187 7.560009 0.248541 5054,5055,5019
5188 7.724829 0.247647 5054,5020,5056
5189 7.737969 0.204927 5054,5021,5057
5190 7.464730 0.324202 5054,5022,5058
5193 4.314972 0.099241 5055,5025
5194 7.670431 0.197350 5055,5056,5026
5195 7.266477 0.429702 5055,5057,5027
5196 7.589241 0.202530 5055,5058,5028
5199 3.822575 0.130007 5056,5031
5200 7.294164 0.099073 5056,5057,5032
5201 6.630433 0.202953 5056,5058,5033
5204 4.314206 0.036199 5036,5057
5205 7.486722 0.107292 5037,5057,5058
5208 4.285229 0.129754 5058,5040
5211 2.772732 -1 5061
5212 5.699307 0.916963 5062,5211
5213 6.121090 0.990410 5063,5211
5214 6.221830 1.021494 5064,5211
5215 6.148069 0.037019 5065,5211
5216 6.138663 0.974857 5066,5211
5217 6.149412 0.907766 5067,5211
5218 6.184503 0.993198 5068,5211
5219 6.139421 1.001010 5069,5211
5220 6.150657 1.039207 5070,5211
5221 6.148417 0.985522 5071,5211
5222 6.140430 1.006539 5072,5211
5223 5.770035 0.977162 5073,5211
5224 6.134824 0.984102 5074,5211
5225 6.132400 0.972481 5075,5211
5228 3.817040 0.083491 5078,5212
5229 6.554016 0.206979 5079,5212,5213
5230 7.545077 0.190667 5214,5080,5212
5231 7.454807 0.184790 5081,5215,5212
5232 7.502962 0.201154 5216,5082,5212
5233 7.394285 0.198588 5083,5217,5212
5234 6.761344 0.204762 5212,5218,5084
5235 7.469321 0.202602 5212,5085,5219
5236 7.468572 0.247584 5220,5212,5086
5237 7.514829 0.202349 5087,5221,5212
5238 7.583469 0.203135 5222,5088,5212
5239 6.685000 0.203471 5223,5089,5212
5240 7.781722 0.203287 5090,5212,5224
5241 6.605300 0.186553 5091,5212,5225
5244 4.212852 0.084411 5094,5213
5245 7.483795 0.202541 5214,5213,5095
5246 7.594843 0.202553 5215,5213,5096
5247 7.600422 0.205603 5216,5213,5097
5248 7.276664 0.190966 5098,5217,5213
5249 7.312668 0.206242 5099,5213,5218
5250 7.664451 0.203721 5100,5213,5219
5251 7.517376 0.206546 5101,5220,5213
5252 7.380556 0.411668 5102,5221,5213
5253 7.486994 0.204604 5222,5213,5103
5254 6.677369 0.185065 5223,5213,5104
5255 8.080404 0.248269 5105,5213,5224
5256 7.336039 0.200652 5106,5213,5225
5259 4.355159 0.084459 5214,5109
5260 6.769031 0.204734 5214,5215,5110
5261 7.423105 0.204673 5216,5214,5111
5262 7.481115 0.200775 5217,5214,5112
5263 7.509375 0.398719 5214,5113,5218
5264 7.451991 0.253308 5114,5214,5219
5265 7.629479 0.202224 5115,5214,5220
5266 7.426446 0.246561 5214,5116,5221
5267 7.463019 0.204705 5222,5214,5117
5268 7.598488 0.207952 5223,5214,5118
5269 7.487442 0.203051 5214,5119,5224
5270 7.358978 0.203425 5214,5120,5225
5273 4.248428 0.417705 5215,5123
5274 7.307881 0.203176 5216,5124,5215
5275 7.545253 0.203885 5217,5215,5125
5276 6.606239 0.204457 5126,5215,5218
5277 7.488920 0.208226 5215,5127,5219
5278 7.571840 0.204153 5128,5215,5220
5279 6.785586 0.245523 5221,5215,5129
5280 6.676956 0.185486 5222,5215,5130
5281 7.425055 3.420020 5223,5215,5131
5282 7.668557 0.201511 5215,5132,5224
5283 6.560436 0.245837 5215,5133,5225
5286 4.435027 0.083620 5216,5136
5287 6.774697 0.204790 5216,5217,5137
5288 7.406013 0.203875 5216,5218,5138
5289 7.433235 0.247769 5216,5139,5219
5290 7.499444 0.201895 5216,5220,5140
5291 7.601473 0.204756 5216,5221,5141
5292 7.377280 0.203408 5216,5222,5142
5293 7.341904 0.199974 5216,5223,5143
5294 7.354401 0.389704 5216,5144,5224
5295 7.339202 12.106401 5216,5145,5225
5298 4.180878 0.097747 5217,5148
5299 7.372267 0.205201 5217,5218,5149
5300 7.516243 0.250162 5150,5217,5219
5301 7.392848 0.398403 5151,5217,5220
5302 7.580393 0.247451 5217,5221,5152
5303 7.521142 0.203605 5217,5153,5222
5304 7.449360 0.204310 5223,5217,5154
5305 7.753043 0.207220 5217,5155,5224
5306 7.421363 0.185789 5217,5225,5156
5309 4.150428 0.370471 5159,5218
5310 7.489691 0.207260 5160,5218,5219
5311 7.345932 0.473426 5161,5220,5218
5312 7.345547 0.207299 5221,5162,5218
5313 7.405980 0.203067 5222,5163,5218
5314 7.290952 0.204621 5223,5164,5218
5315 7.510991 0.248535 5165,5218,5224
5316 7.356109 0.202077 5166,5225,5218
5319 4.330132 0.084579 5169,5219
5320 6.703641 0.204248 5170,5220,5219
5321 7.817624 0.204208 5221,5171,5219
5322 7.637670 2.750609 5222,5172,5219
5323 7.366475 0.207678 5223,5173,5219
5324 7.496407 0.202671 5174,5224,5219
5325 7.435094 0.454696 5175,5225,5219
5328 4.282735 0.087617 5178,5220
5329 7.188534 0.203020 5221,5220,5179
5330 7.606093 0.247114 5222,5180,5220
5331 7.329607 0.205158 5223,5220,5181
5332 7.362741 0.195417 5182,5220,5224
5333 7.714347 0.347729 5183,5220,5225
5336 4.285041 0.399918 5221,5186
5337 7.404456 0.202998 5222,5221,5187
5338 7.460677 0.417109 5223,5221,5188
5339 7.660802 0.203916 5221,5189,5224
5340 7.489992 12.183262 5221,5190,5225
5343 4.204366 0.083586 5222,5193
5344 7.637663 0.248009 5223,5222,5194
5345 7.295846 0.200284 5195,5222,5224
5346 7.447380 0.147735 5222,5196,5225
5349 3.907715 0.090963 5223,5199
5350 7.374585 0.204417 5223,5200,5224
5351 6.612240 0.205644 5223,5201,5225
5354 4.343722 0.084547 5204,5224
5355 7.534844 0.245019 5205,5225,5224
5358 4.212681 0.424299 5208,5225
5361 2.722498 -1 5228
5362 5.751948 0.909214 5229,5361
5363 6.179108 0.988451 5230,5361
5364 6.140404 1.005506 5231,5361
5365 7.469680 0.893907 5232,5361
5366 6.208090 0.980868 5233,5361
5367 5.733856 0.799063 5361,5234
5368 6.157726 0.991350 5361,5235
5369 6.178561 1.003312 5361,5236
5370 6.199846 0.972068 5361,5237
5371 6.173715 0.908446 5238,5361
5372 5.767792 1.004854 5239,5361
5373 6.159787 0.914479 5361,5240
5374 5.721329 1.015476 5361,5241
5377 3.801087 0.082002 5362,5244
5378 7.417530 0.202555 5362,5363,5245
5379 7.456259 0.205309 5362,5246,5364
5380 7.368159 0.204705 5362,5247,5365
5381 7.354664 0.392986 5362,5366,5248
5382 6.651406 0.198375 5362,5249,5367
5383 7.469305 0.205576 5362,5368,5250
5384 7.419244 0.203023 5362,5369,5251
5385 7.257770 0.204080 5362,5252,5370
5386 7.431000 0.200998 5362,5253,5371
5387 6.703796 0.203609 5362,5254,5372
5388 7.530092 0.200223 5362,5373,5255
5389 6.523645 0.245512 5362,5374,5256
5392 4.245921 0.102802 5363,5259
5393 7.434003 0.507652 5363,5364,5260
5394 7.458197 0.204002 5363,5261,5365
5395 7.468395 0.494161 5363,5366,5262
5396 7.529286 0.245155 5363,5263,5367
5397 7.456341 0.247211 5363,5368,5264
5398 7.438267 0.205813 5363,5265,5369
5399 7.396119 0.283576 5363,5370,5266
5400 7.317887 0.203477 5267,5363,5371
5401 7.599439 0.127664 5363,5268,5372
5402 7.426964 0.205337 5363,5269,5373
5403 7.364774 0.502918 5363,5270,5374
5406 4.364217 0.083321 5364,5273
5407 7.405154 0.038083 5274,5364,5365
5408 6.761224 0.272520 5275,5366,5364
5409 6.626206 0.206605 5276,5367,5364
5410 7.471366 0.205128 5368,5277,5364
5411 7.435725 0.449253 5369,5278,5364
5412 6.651967 11.654435 5370,5364,5279
5413 6.699821 0.217402 5280,5371,5364
5414 7.466592 0.202901 5281,5364,5372
5415 7.435260 0.200753 5282,5373,5364
5416 6.516148 0.246061 5374,5283,5364
5419 5.502666 0.092847 5286,5365
5420 6.666400 0.102320 5366,5287,5365
5421 7.479103 0.207413 5288,5367,5365
5422 7.244061 0.204709 5289,5368,5365
5423 7.303443 0.526700 5369,5290,5365
5424 7.324547 0.203350 5291,5370,5365
5425 6.454020 0.200287 5292,5371,5365
5426 7.232549 0.200908 5372,5293,5365
5427 7.311176 0.197613 5294,5373,5365
5428 7.266422 0.185298 5374,5295,5365
5431 4.182079 0.438315 5366,5298
5432 6.625543 0.207045 5366,5367,5299
5433 7.426160 0.250384 5300,5368,5366
5434 7.495957 0.288849 5301,5369,5366
5435 7.734054 0.366436 5302,5366,5370
5436 7.654683 0.232071 5371,5303,5366
5437 7.547130 0.246116 5304,5366,5372
5438 7.339967 0.204884 5366,5305,5373
5439 6.685874 0.249079 5374,5366,5306
5442 3.925997 0.128889 5309,5367
5443 7.403476 0.203690 5368,5310,5367
5444 7.075120 0.200901 5311,5369,5367
5445 6.829543 0.203052 5312,5367,5370
5446 6.850820 0.247646 5313,5371,5367
5447 6.864409 0.203554 5314,5367,5372
5448 7.382712 0.101144 5367,5373,5315
5449 6.686273 0.205225 5374,5367,5316
5452 4.326884 0.092327 5368,5319
5453 6.840444 12.060568 5368,5369,5320
5454 7.515814 0.203677 5368,5370,5321
5455 7.375311 0.199071 5322,5368,5371
5456 7.320118 0.200042 5368,5323,5372
5457 6.646916 0.200851 5368,5324,5373
5458 6.816012 0.204861 5374,5368,5325
5461 4.133834 0.332941 5369,5328
5462 7.357019 0.203085 5369,5370,5329
5463 7.518312 0.203574 5330,5369,5371
5464 7.454606 0.246814 5331,5369,5372
5465 7.370600 0.204558 5332,5369,5373
5466 7.699415 0.584465 5374,5333,5369
5469 4.250836 0.092882 5370,5336
5470 7.337518 0.201856 5371,5370,5337
5471 7.350074 0.579643 5338,5370,5372
5472 7.638631 0.246532 5339,5370,5373
5473 7.486238 0.203326 5374,5340,5370
5476 4.295331 0.101176 5371,5343
5477 7.659160 0.246940 5344,5371,5372
5478 7.372802 0.200123 5345,5371,5373
5479 7.525412 0.199920 5374,5346,5371
5482 3.948596 0.083451 5349,5372
5483 7.411012 0.036456 5350,5373,5372
5484 6.885239 0.197640 5374,5351,5372
5487 4.639589 0.126722 5354,5373
5488 7.469738 0.207578 5374,5355,5373
5491 3.847118 0.085197 5374,5358
5494 2.676173 -1 5377
5495 6.153724 0.919586 5494,5378
5496 6.888618 0.974198 5494,5379
5497 6.155577 2.409890 5494,5380
5498 6.155109 1.031419 5494,5381
5499 5.775097 1.002567 5494,5382
5500 6.157509 0.984413 5494,5383
5501 6.164288 0.961858 5494,5384
5502 6.178738 1.226336 5494,5385
5503 6.125185 0.956824 5494,5386
5504 5.768164 0.916473 5494,5387
5505 6.242796 0.965435 5494,5388
5506 5.747297 1.000442 5494,5389
5509 4.361132 0.084296 5495,5392
5510 7.621953 0.247291 5393,5495,5496
5511 7.552845 0.205118 5495,5497,5394
5512 7.601568 0.206964 5495,5498,5395
5513 7.350645 0.201250 5495,5499,5396
5514 7.322078 0.199795 5495,5397,5500
5515 7.353799 0.203151 5495,5398,5501
5516 7.398777 0.147767 5495,5399,5502
5517 7.326039 0.203077 5495,5503,5400
5518 7.646829 0.207736 5495,5504,5401
5519 7.425984 0.202862 5495,5505,5402
5520 7.283102 0.194585 5506,5495,5403
5523 4.329607 0.086106 5406,5496
5524 7.508391 0.251035 5407,5496,5497
5525 6.608357 0.203588 5496,5498,5408
5526 6.576477 0.202451 5496,5499,5409
5527 7.437159 0.201885 5496,5410,5500
5528 7.261090 0.206714 5496,5411,5501
5529 6.702033 0.206003 5496,5502,5412
5530 6.569418 0.204339 5496,5503,5413
5531 7.432522 0.206674 5414,5496,5504
5532 7.429128 0.205621 5415,5496,5505
5533 6.458444 0.207035 5506,5496,5416
5536 4.204085 0.332993 5497,5419
5537 6.635266 0.201521 5497,5498,5420
5538 6.716442 0.187244 5497,5421,5499
5539 7.426009 0.202727 5497,5500,5422
5540 7.357696 0.205216 5497,5423,5501
5541 7.208490 0.205848 5424,5497,5502
5542 6.586520 0.204205 5425,5497,5503
5543 6.462717 0.246409 5504,5497,5426
5544 6.732289 0.203464 5505,5427,5497
5545 6.990454 0.204307 5506,5497,5428
5548 4.149711 0.371964 5431,5498
5549 6.735545 0.223127 5432,5498,5499
5550 7.338798 0.248466 5433,5498,5500
5551 7.556176 0.203383 5498,5434,5501
5552 7.558714 0.209377 5502,5498,5435
5553 7.572211 0.202763 5436,5498,5503
5554 7.381711 0.204426 5504,5498,5437
5555 7.314432 0.201946 5438,5505,5498
5556 6.636891 0.201744 5506,5439,5498
5559 3.863853 0.347285 5442,5499
5560 7.322770 0.205134 5443,5499,5500
5561 6.536812 0.203842 5444,5499,5501
5562 6.625308 0.201421 5502,5499,5445
5563 6.884980 0.245402 5446,5499,5503
5564 7.075504 0.219423 5504,5447,5499
5565 7.341765 0.202916 5505,5499,5448
5566 6.667479 0.203267 5506,5449,5499
5569 4.266061 0.084358 5452,5500
5570 6.648674 0.051986 5453,5500,5501
5571 7.339606 0.648121 5454,5502,5500
5572 7.162420 0.204359 5503,5500,5455
5573 7.609504 0.244900 5504,5456,5500
5574 6.592035 0.204858 5505,5500,5457
5575 6.496641 0.203943 5506,5458,5500
5578 4.217543 0.137839 5461,5501
5579 7.448358 0.204909 5462,5502,5501
5580 7.660205 0.247987 5463,5503,5501
5581 7.449841 0.202448 5504,5464,5501
5582 7.336774 0.205411 5505,5465,5501
5583 7.713873 0.283369 5506,5466,5501
5586 4.173486 0.092759 5469,5502
5587 7.324832 0.198935 5502,5503,5470
5588 7.318603 0.204405 5504,5502,5471
5589 7.596932 0.199145 5472,5505,5502
5590 7.537068 0.281439 5506,5502,5473
5593 4.296879 0.409319 5476,5503
5594 7.707179 0.206334 5477,5504,5503
5595 7.345272 0.188570 5505,5503,5478
5596 7.454441 0.202265 5506,5503,5479
5599 3.943381 0.083797 5504,5482
5600 7.411880 0.198778 5504,5505,5483
5601 6.637318 0.200688 5506,5504,5484
5604 4.311494 0.084479 5487,5505
5605 7.441864 0.247161 5506,5505,5488
5608 3.840897 0.132090 5506,5491
5611 2.827184 -1 5509
5612 6.208240 0.917563 5510,5611
5613 6.133789 1.011917 5511,5611
5614 6.142681 0.969867 5512,5611
5615 6.135352 0.980843 5513,5611
5616 6.149164 1.009864 5611,5514
5617 6.146890 0.975888 5611,5515
5618 6.190013 1.012791 5611,5516
5619 6.125751 0.908225 5611,5517
5620 7.471789 3.310559 5518,5611
5621 6.178446 0.957532 5519,5611
5622 6.022027 0.065577 5520,5611
5625 4.221875 0.159449 5612,5523
5626 7.285689 0.204203 5612,5613,5524
5627 7.333202 0.204568 5612,5525,5614
5628 7.504588 0.202518 5612,5526,5615
5629 7.458376 0.244223 5612,5616,5527
5630 7.326128 0.203302 5612,5528,5617
5631 6.631161 0.277351 5612,5529,5618
5632 6.575737 0.197032 5612,5619,5530
5633 7.418451 0.205135 5612,5531,5620
5634 7.419364 12.478035 5612,5532,5621
5635 6.511513 0.456580 5612,5533,5622
5638 4.265177 0.482473 5613,5536
5639 7.237593 0.206077 5613,5537,5614
5640 7.402818 0.245183 5613,5538,5615
5641 7.414901 0.206339 5613,5539,5616
5642 7.129817 0.206761 5613,5540,5617
5643 7.329071 0.250517 5613,5618,5541
5644 7.174845 0.203106 5542,5613,5619
5645 6.461280 0.249729 5613,5543,5620
5646 7.278740 0.185325 5613,5544,5621
5647 7.311999 0.190013 5613,5622,5545
5650 4.168184 0.073586 5548,5614
5651 7.374933 0.203418 5549,5614,5615
5652 7.575169 0.247882 5616,5550,5614
5653 7.861521 0.203770 5551,5617,5614
5654 7.356599 0.205078 5618,5614,5552
5655 7.631064 0.202772 5619,5553,5614
5656 7.506323 0.204881 5554,5614,5620
5657 7.364472 0.423676 5555,5621,5614
5658 7.609990 0.201771 5556,5622,5614
5661 4.211985 0.100747 5559,5615
5662 7.271246 0.567655 5560,5616,5615
5663 7.439153 0.293493 5561,5617,5615
5664 7.209750 5.452149 5618,5562,5615
5665 7.407261 0.201259 5619,5563,5615
5666 7.541849 0.246477 5564,5620,5615
5667 7.434443 0.200741 5565,5621,5615
5668 6.759463 0.203213 5566,5622,5615
5671 4.326565 0.419812 5616,5569
5672 7.495791 0.253223 5616,5617,5570
5673 7.456125 0.204513 5618,5616,5571
5674 7.395138 0.213816 5619,5616,5572
5675 7.405633 0.187065 5573,5616,5620
5676 7.187155 0.247132 5574,5616,5621
5677 6.509750 0.249036 5575,5616,5622
5680 4.228116 0.461447 5617,5578
5681 7.393846 0.202509 5618,5617,5579
5682 7.527015 0.248290 5619,5617,5580
5683 7.535026 0.473829 5581,5617,5620
5684 7.184413 0.251230 5582,5617,5621
5685 7.554511 0.282321 5617,5583,5622
5688 4.147474 0.518778 5586,5618
5689 7.287676 0.401881 5587,5618,5619
5690 7.329509 12.454501 5618,5588,5620
5691 7.245865 0.204144 5618,5621,5589
5692 7.495599 0.578460 5590,5618,5622
5695 4.180820 0.300918 5593,5619
5696 7.374564 0.201965 5619,5594,5620
5697 7.404289 0.197438 5619,5595,5621
5698 7.335978 0.246407 5619,5622,5596
5701 4.325254 0.070897 5599,5620
5702 7.494020 0.484803 5600,5621,5620
5703 7.378675 0.257811 5601,5622,5620
5706 4.154044 0.085868 5604,5621
5707 7.474900 0.199505 5605,5622,5621
5710 4.332994 0.337785 5622,5608
5713 2.880397 -1 5625
5714 5.762926 0.913125 5626,5713
5715 6.137636 0.910907 5627,5713
5716 6.126933 0.986234 5713,5628
5717 6.158436 0.907963 5713,5629
5718 6.160364 1.004803 5630,5713
5719 5.652712 0.782709 5713,5631
5720 5.697205 1.007743 5713,5632
5721 6.079002 0.915395 5713,5633
5722 6.105493 1.206917 5634,5713
5723 5.739929 0.920159 5635,5713
5726 3.754661 0.090521 5714,5638
5727 7.161382 0.230314 5715,5714,5639
5728 7.088485 0.202750 5716,5714,5640
5729 7.143122 0.247063 5717,5641,5714
5730 7.194772 0.202814 5714,5642,5718
5731 7.269444 0.203485 5643,5714,5719
5732 7.203949 0.221980 5720,5714,5644
5733 6.747795 0.205819 5714,5645,5721
5734 7.158103 0.247355 5722,5714,5646
5735 7.169933 0.201634 5723,5714,5647
5738 4.123814 0.101185 5715,5650
5739 7.267639 0.205538 5716,5715,5651
5740 7.559696 0.247948 5717,5715,5652
5741 7.408123 0.205569 5715,5653,5718
5742 7.350363 0.201813 5715,5654,5719
5743 7.398519 0.204260 5715,5655,5720
5744 7.535843 0.246760 5656,5715,5721
5745 7.401919 0.248213 5722,5657,5715
5746 6.747572 0.426805 5723,5715,5658
5749 4.196733 0.092282 5716,5661
5750 7.455440 0.246565 5717,5716,5662
5751 6.621283 0.205366 5663,5716,5718
5752 6.603052 0.203381 5716,5719,5664
5753 7.288968 0.246637 5716,5720,5665
5754 7.472782 0.203729 5716,5721,5666
5755 7.333111 0.202092 5722,5716,5667
5756 7.484483 0.201214 5716,5668,5723
5759 4.331308 0.093146 5717,5671
5760 7.496935 0.207194 5717,5672,5718
5761 7.550113 0.248416 5717,5673,5719
5762 7.530892 0.202572 5717,5720,5674
5763 7.183969 0.208331 5717,5721,5675
5764 7.470290 0.247389 5717,5722,5676
5765 7.179234 0.202792 5717,5723,5677
5768 4.232289 0.086311 5680,5718
5769 7.437281 0.061754 5681,5719,5718
5770 7.396011 0.247527 5720,5682,5718
5771 7.538727 0.198400 5721,5683,5718
5772 7.413567 0.245451 5722,5684,5718
5773 6.543280 0.282082 5685,5723,5718
5776 3.958390 0.425010 5688,5719
5777 7.429094 0.149584 5720,5689,5719
5778 7.488242 0.198269 5690,5721,5719
5779 6.620973 0.200938 5722,5691,5719
5780 7.408816 0.203978 5692,5723,5719
5783 3.859366 0.124081 5720,5695
5784 7.578148 0.204419 5720,5721,5696
5785 7.333254 0.246076 5722,5720,5697
5786 6.542415 0.250558 5723,5720,5698
5789 4.256328 0.100892 5721,5701
5790 7.409752 0.352164 5722,5721,5702
5791 7.369444 0.512020 5723,5721,5703
5794 4.302422 0.128858 5722,5706
5795 7.405988 13.047861 5722,5723,5707
5798 4.291859 0.088685 5723,5710
5801 2.777727 -1 5726
5802 6.030538 11.795149 5801,5727
5803 6.005598 0.980316 5801,5728
5804 6.042870 1.015403 5801,5729
5805 5.986157 0.979587 5801,5730
5806 5.993477 0.982984 5801,5731
5807 6.058840 1.022608 5801,5732
5808 6.157963 0.999965 5801,5733
5809 6.013792 0.993967 5734,5801
5810 6.133302 0.925553 5735,5801
5813 4.157188 0.045622 5802,5738
5814 7.461375 0.247156 5803,5802,5739
5815 7.208415 0.529046 5740,5802,5804
5816 7.302728 0.247975 5802,5805,5741
5817 7.244226 0.201875 5802,5742,5806
5818 7.413639 0.490592 5802,5743,5807
5819 6.996356 0.201288 5802,5808,5744
5820 7.209057 0.204241 5802,5809,5745
5821 7.580952 0.204430 5810,5802,5746
5824 4.189247 0.083233 5803,5749
5825 7.216668 0.190775 5803,5750,5804
5826 7.452854 0.203295 5803,5751,5805
5827 7.295655 0.245608 5803,5752,5806
5828 6.768172 0.203649 5803,5753,5807
5829 7.869410 0.247512 5803,5808,5754
5830 7.201432 0.204519 5803,5809,5755
5831 7.588518 0.204638 5803,5810,5756
5834 4.226284 0.310789 5759,5804
5835 7.209344 0.203405 5760,5805,5804
5836 7.363271 0.185117 5761,5806,5804
5837 7.304775 9.098894 5762,5807,5804
5838 7.625320 0.200665 5808,5763,5804
5839 6.573905 0.202002 5809,5764,5804
5840 7.434056 0.593492 5810,5765,5804
5843 4.331015 0.361030 5768,5805
5844 7.176721 0.200949 5806,5805,5769
5845 7.035200 0.575601 5770,5807,5805
5846 7.735035 0.249185 5771,5808,5805
5847 6.438164 0.250726 5809,5772,5805
5848 7.557307 0.282151 5810,5773,5805
5851 4.224578 0.302950 5806,5776
5852 7.084526 0.203692 5807,5806,5777
5853 6.976859 0.245255 5778,5808,5806
5854 7.122653 0.220378 5779,5809,5806
5855 7.448541 0.248326 5810,5780,5806
5858 4.331328 0.084440 5807,5783
5859 7.905815 0.249254 5784,5808,5807
5860 7.468882 0.199166 5785,5809,5807
5861 7.411104 0.247610 5810,5786,5807
5864 4.022655 0.084093 5808,5789
5865 7.685299 0.196121 5809,5808,5790
5866 7.286155 0.204291 5810,5808,5791
5869 4.237473 0.129648 5809,5794
5870 7.486297 0.246877 5810,5809,5795
5873 4.241311 0.087587 5810,5798
5876 2.868743 -1 5813
5877 6.076089 0.957159 5814,5876
5878 6.104658 0.975792 5876,5815
5879 6.056098 0.986065 5876,5816
5880 6.087817 0.988598 5876,5817
5881 5.649150 0.901090 5818,5876
5882 5.823292 1.023485 5819,5876
5883 6.098868 0.980853 5820,5876
5884 6.149018 0.991769 5821,5876
5887 4.220438 0.083434 5877,5824
5888 7.284127 0.617291 5878,5825,5877
5889 7.592520 0.203943 5879,5877,5826
5890 7.322476 0.206317 5880,5877,5827
5891 7.162344 0.088192 5828,5881,5877
5892 7.276005 0.247759 5829,5882,5877
5893 7.294865 0.242082 5883,5877,5830
5894 7.482093 0.250670 5831,5877,5884
5897 4.071357 0.263990 5878,5834
5898 7.195279 0.273026 5878,5879,5835
5899 7.460603 0.039823 5836,5878,5880
5900 7.176595 0.247496 5837,5878,5881
5901 6.854738 0.246841 5882,5878,5838
5902 7.152139 0.244191 5883,5878,5839
5903 7.462858 0.299727 5878,5840,5884
5906 4.453381 0.622482 5879,5843
5907 7.200095 0.207273 5879,5880,5844
5908 7.424332 0.203707 5881,5879,5845
5909 6.590344 0.202763 5882,5879,5846
5910 6.719922 0.393199 5883,5847,5879
5911 7.411144 0.283079 5879,5848,5884
5914 4.263402 0.332800 5880,5851
5915 7.180310 0.524477 5881,5880,5852
5916 7.485668 0.751567 5882,5880,5853
5917 6.559261 0.246007 5883,5854,5880
5918 6.669633 0.249985 5855,5880,5884
5921 4.136566 0.437480 5881,5858
5922 7.373289 0.244840 5882,5881,5859
5923 7.283618 0.244974 5883,5881,5860
5924 6.671579 0.383656 5881,5861,5884
5927 4.194938 0.126740 5882,5864
5928 7.374058 0.244938 5883,5882,5865
5929 7.437723 0.248260 5882,5866,5884
5932 3.763212 0.085484 5883,5869
5933 6.575302 0.245256 5883,5870,5884
5936 4.110951 0.134709 5873,5884
5939 2.857378 -1 5887
5940 6.129195 1.445921 5888,5939
5941 6.115096 1.079802 5889,5939
5942 6.118472 1.064680 5890,5939
5943 6.060482 1.318719 5891,5939
5944 6.071464 1.345706 5892,5939
5945 6.123373 1.020322 5893,5939
5946 6.089231 0.880384 5894,5939
5949 4.286064 0.167486 5940,5897
5950 7.406689 0.245106 5898,5940,5941
5951 7.257611 0.345238 5899,5942,5940
5952 7.277028 0.060001 5900,5943,5940
5953 7.336331 0.244682 5944,5901,5940
5954 6.661805 0.244785 5902,5945,5940
5955 7.180886 0.239040 5946,5903,5940
5958 4.219365 0.221794 5906,5941
5959 7.349808 0.212156 5942,5907,5941
5960 7.365833 0.249352 5908,5943,5941
5961 7.439790 0.247463 5944,5909,5941
5962 7.361997 0.207013 5945,5910,5941
5963 7.369794 0.202473 5946,5911,5941
5966 3.867749 0.089549 5914,5942
5967 7.358891 0.186333 5915,5942,5943
5968 7.312031 0.174747 5944,5916,5942
5969 7.364185 0.251411 5917,5945,5942
5970 7.324593 0.204326 5946,5942,5918
5973 4.239105 0.551354 5943,5921
5974 7.324521 0.245462 5944,5943,5922
5975 7.187533 0.245595 5945,5943,5923
5976 7.359099 0.245514 5946,5924,5943
5979 4.232194 0.126468 5944,5927
5980 7.366541 1.340738 5944,5945,5928
5981 7.273373 0.284613 5946,5944,5929
5984 4.232776 0.271962 5945,5932
5985 7.365905 0.203342 5946,5945,5933
5988 4.106853 0.092081 5946,5936
5991 2.820895 -1 5949
5992 6.088306 0.932543 5950,5991
5993 6.130660 0.903461 5951,5991
5994 6.155609 1.054243 5952,5991
5995 5.744519 0.955184 5953,5991
5996 6.139025 1.098665 5991,5954
5997 6.079795 0.923571 5955,5991
6000 3.762521 0.517707 5958,5992
6001 6.416815 0.509464 5959,5993,5992
6002 7.132320 0.037625 5960,5994,5992
6003 6.520711 0.367700 5995,5961,5992
6004 6.352317 0.247712 5962,5996,5992
6005 7.249860 0.248785 5997,5963,5992
6008 4.163468 0.484547 5966,5993
6009 7.181361 0.242992 5994,5993,5967
6010 7.221162 0.203538 5995,5968,5993
6011 7.115978 0.239495 5969,5996,5993
6012 7.182795 0.244545 5997,5970,5993
6015 4.196032 0.088544 5973,5994
6016 6.513533 0.258741 5995,5994,5974
6017 7.254114 0.432110 5994,5996,5975
6018 7.246069 0.243243 5994,5997,5976
6021 4.111273 0.138084 5995,5979
6022 7.197712 0.395908 5995,5980,5996
6023 6.265762 0.245213 5995,5997,5981
6026 4.159971 0.076293 5996,5984
6027 6.495989 0.014123 5997,5996,5985
6030 4.178266 0.488503 5997,5988
6033 2.801996 -1 6000
6034 6.128740 1.349594 6033,6001
6035 5.995367 1.347706 6033,6002
6036 5.995928 1.322049 6033,6003
6037 6.062453 1.321803 6033,6004
6038 6.019933 0.851062 6033,6005
6041 4.118044 0.468736 6008,6034
6042 7.075084 0.503937 6009,6035,6034
6043 7.112410 0.488606 6010,6036,6034
6044 7.190378 0.246758 6011,6037,6034
6045 6.362312 0.509252 6012,6038,6034
6048 4.032778 0.403792 6015,6035
6049 7.145586 0.323197 6036,6035,6016
6050 7.037159 0.292220 6037,6017,6035
6051 7.161578 0.204326 6018,6038,6035
6054 4.045196 0.125277 6021,6036
6055 7.128615 0.335298 6022,6037,6036
6056 6.316120 0.243598 6038,6036,6023
6059 4.032682 9.948755 6037,6026
6060 7.127397 0.408200 6038,6037,6027
6063 4.159145 0.043381 6038,6030
6066 2.793493 -1 6041
6067 5.979837 1.027357 6042,6066
6068 5.960353 1.009883 6043,6066
6069 5.957213 0.942581 6066,6044
6070 6.033938 1.063771 6066,6045
6073 4.113185 0.128431 6048,6067
6074 7.011521 0.243209 6049,6067,6068
6075 7.080086 0.375823 6067,6069,6050
6076 6.920006 0.501161 6067,6051,6070
6079 3.970866 0.125762 6054,6068
6080 6.994323 0.245876 6055,6068,6069
6081 6.338136 0.244652 6056,6068,6070
6084 3.647445 0.412224 6059,6069
6085 7.003081 0.203146 6060,6069,6070
6088 4.004872 0.359185 6063,6070
6091 2.777139 -1 6073
6092 5.575434 1.350736 6091,6074
6093 5.980698 1.039544 6091,6075
6094 6.024083 1.022767 6091,6076
6097 3.601038 0.167257 6092,6079
6098 6.931756 0.245055 6093,6092,6080
6099 7.058227 0.609013 6092,6094,6081
6102 3.989387 0.202316 6093,6084
6103 6.955045 0.279317 6093,6085,6094
6106 4.119869 0.436426 6094,6088
6109 2.739486 -1 6097
6110 6.029192 1.269452 6098,6109
6111 5.938662 0.952008 6099,6109
6114 3.965453 0.167380 6110,6102
6115 6.227287 0.284631 6103,6110,6111
6118 4.017827 0.165138 6106,6111
6121 2.756398 -1 6114
6122 5.942903 1.043334 6115,6121
6125 3.889492 0.163757 6118,6122
6128 2.735363 -1 6125
