3309,3209
3359,3309 3209 3214
3379,3309 3209 3216
3317,3309 3209 3289
3329,3309 3209 3211
3310,3309 3209 3219
3313,3309 3209 3249
3369,3309 3209 3215
3318,3309 3209 3299
3319,3309 3209 3210
3339,3309 3209 3212
3312,3309 3209 3239
3399,3309 3209 3218
3315,3309 3209 3269
3389,3309 3209 3217
3349,3309 3209 3213
3316,3309 3209 3279
3311,3309 3209 3229
3314,3309 3209 3259
3367,3317 3289 3359 3214 3294
3363,3313 3249 3359 3214 3254
3360,3310 3219 3359 3214 3224
3380,3310 3219 3379 3216 3226
3330,3310 3219 3329 3211 3221
3320,3310 3219 3319 3210 3220
3333,3313 3249 3329 3211 3251
3337,3317 3289 3329 3211 3291
3338,3318 3299 3329 3211 3301
3340,3310 3219 3339 3212 3222
3322,3312 3239 3319 3210 3240
3387,3317 3289 3379 3216 3296
3370,3310 3219 3369 3215 3225
3400,3310 3219 3399 3218 3228
3325,3315 3269 3319 3210 3270
3350,3310 3219 3349 3213 3223
3390,3310 3219 3389 3217 3227
3321,3311 3229 3319 3210 3230
3326,3316 3279 3319 3210 3280
3324,3314 3259 3319 3210 3260
3409,3320 3220
3378,3318 3299 3369 3215 3305
3373,3313 3249 3369 3215 3255
3377,3317 3289 3369 3215 3295
3368,3318 3299 3359 3214 3304
3383,3313 3249 3379 3216 3256
3336,3316 3279 3329 3211 3281
3335,3315 3269 3329 3211 3271
3332,3312 3239 3329 3211 3241
3392,3312 3239 3389 3217 3247
3343,3313 3249 3339 3212 3252
3331,3311 3229 3329 3211 3231
3402,3312 3239 3399 3218 3248
3345,3315 3269 3339 3212 3272
3365,3315 3269 3359 3214 3274
3393,3313 3249 3389 3217 3257
3410,3409 3220 3321 3230
3341,3311 3229 3339 3212 3232
3352,3312 3239 3349 3213 3243
3334,3314 3259 3329 3211 3261
3346,3316 3279 3339 3212 3282
3388,3318 3299 3379 3216 3306
3375,3315 3269 3369 3215 3275
3385,3315 3269 3379 3216 3276
3405,3315 3269 3399 3218 3278
3351,3311 3229 3349 3213 3233
3356,3316 3279 3349 3213 3283
3361,3311 3229 3359 3214 3234
3342,3312 3239 3339 3212 3242
3418,3409 3220 3330 3221
3395,3315 3269 3389 3217 3277
3347,3317 3289 3339 3212 3292
3371,3311 3229 3369 3215 3235
3381,3311 3229 3379 3216 3236
3403,3313 3249 3399 3218 3258
3391,3311 3229 3389 3217 3237
3401,3311 3229 3399 3218 3238
3397,3317 3289 3389 3217 3297
3353,3313 3249 3349 3213 3253
3344,3314 3259 3339 3212 3262
3366,3316 3279 3359 3214 3284
3398,3318 3299 3389 3217 3307
3372,3312 3239 3369 3215 3245
3376,3316 3279 3369 3215 3285
3362,3312 3239 3359 3214 3244
3382,3312 3239 3379 3216 3246
3406,3316 3279 3399 3218 3288
3386,3316 3279 3379 3216 3286
3396,3316 3279 3389 3217 3287
3411,3409 3220 3322 3240
3427,3409 3220 3340 3222
3436,3409 3220 3350 3223
3323,3313 3249 3319 3210 3250
3445,3409 3220 3360 3224
3413,3409 3220 3324 3260
3407,3317 3289 3399 3218 3298
3348,3318 3299 3339 3212 3302
3408,3318 3299 3399 3218 3308
3419,3410 3230 3418 3221 3331 3231
3355,3315 3269 3349 3213 3273
3354,3314 3259 3349 3213 3263
3415,3409 3220 3326 3280
3414,3409 3220 3325 3270
3454,3409 3220 3370 3225
3463,3409 3220 3380 3226
3481,3409 3220 3400 3228
3472,3409 3220 3390 3227
3412,3409 3220 3323 3250
3327,3317 3289 3319 3210 3290
3490,3419 3231
3328,3318 3299 3319 3210 3300
3420,3411 3240 3418 3221 3332 3241
3437,3410 3230 3436 3223 3351 3233
3428,3410 3230 3427 3222 3341 3232
3446,3410 3230 3445 3224 3361 3234
3422,3413 3260 3418 3221 3334 3261
3431,3413 3260 3427 3222 3344 3262
3364,3314 3259 3359 3214 3264
3438,3411 3240 3436 3223 3352 3243
3357,3317 3289 3349 3213 3293
3374,3314 3259 3369 3215 3265
3424,3415 3280 3418 3221 3336 3281
3423,3414 3270 3418 3221 3335 3271
3416,3409 3220 3327 3290
3417,3409 3220 3328 3300
3455,3410 3230 3454 3225 3371 3235
3482,3410 3230 3481 3228 3401 3238
3464,3410 3230 3463 3226 3381 3236
3473,3410 3230 3472 3227 3391 3237
3491,3490 3231 3420 3241
3506,3490 3231 3437 3233
3498,3490 3231 3428 3232
3421,3412 3250 3418 3221 3333 3251
3514,3490 3231 3446 3234
3493,3490 3231 3422 3261
3433,3415 3280 3427 3222 3346 3282
3495,3490 3231 3424 3281
3494,3490 3231 3423 3271
3522,3490 3231 3455 3235
3546,3490 3231 3482 3238
3538,3490 3231 3473 3237
3530,3490 3231 3464 3236
3474,3411 3240 3472 3227 3392 3247
3449,3413 3260 3445 3224 3364 3264
3442,3415 3280 3436 3223 3356 3283
3425,3416 3290 3418 3221 3337 3291
3426,3417 3300 3418 3221 3338 3301
3440,3413 3260 3436 3223 3354 3263
3358,3318 3299 3349 3213 3303
3492,3490 3231 3421 3251
3434,3416 3290 3427 3222 3347 3292
3429,3411 3240 3427 3222 3342 3242
3507,3491 3241 3506 3233 3438 3243
3447,3411 3240 3445 3224 3362 3244
3501,3493 3261 3498 3232 3431 3262
3451,3415 3280 3445 3224 3366 3284
3496,3490 3231 3425 3291
3503,3495 3281 3498 3232 3433 3282
3432,3414 3270 3427 3222 3345 3272
3497,3490 3231 3426 3301
3456,3411 3240 3454 3225 3372 3245
3477,3414 3270 3472 3227 3395 3277
3483,3411 3240 3481 3228 3402 3248
3465,3411 3240 3463 3226 3382 3246
3539,3491 3241 3538 3237 3474 3247
3517,3493 3261 3514 3234 3449 3264
3511,3495 3281 3506 3233 3442 3283
3444,3417 3300 3436 3223 3358 3303
3430,3412 3250 3427 3222 3343 3252
3384,3314 3259 3379 3216 3266
3452,3416 3290 3445 3224 3367 3294
3443,3416 3290 3436 3223 3357 3293
3499,3491 3241 3498 3232 3429 3242
3515,3491 3241 3514 3234 3447 3244
3478,3415 3280 3472 3227 3396 3287
3504,3496 3291 3498 3232 3434 3292
3459,3414 3270 3454 3225 3375 3275
3435,3417 3300 3427 3222 3348 3302
3441,3414 3270 3436 3223 3355 3273
3523,3491 3241 3522 3235 3456 3245
3519,3495 3281 3514 3234 3451 3284
3547,3491 3241 3546 3238 3483 3248
3542,3494 3271 3538 3237 3477 3277
3531,3491 3241 3530 3236 3465 3246
3554,3499 3242
3453,3417 3300 3445 3224 3368 3304
3439,3412 3250 3436 3223 3353 3253
3460,3415 3280 3454 3225 3376 3285
3513,3497 3301 3506 3233 3444 3303
3448,3412 3250 3445 3224 3363 3254
3394,3314 3259 3389 3217 3267
3512,3496 3291 3506 3233 3443 3293
3520,3496 3291 3514 3234 3452 3294
3526,3494 3271 3522 3235 3459 3275
3505,3497 3301 3498 3232 3435 3302
3461,3416 3290 3454 3225 3377 3295
3500,3492 3251 3498 3232 3430 3252
3502,3494 3271 3498 3232 3432 3272
3450,3414 3270 3445 3224 3365 3274
3486,3414 3270 3481 3228 3405 3278
3543,3495 3281 3538 3237 3478 3287
3462,3417 3300 3454 3225 3378 3305
3561,3554 3242 3507 3243
3510,3494 3271 3506 3233 3441 3273
3468,3414 3270 3463 3226 3385 3276
3521,3497 3301 3514 3234 3453 3304
3508,3492 3251 3506 3233 3439 3253
3527,3495 3281 3522 3235 3460 3285
3560,3554 3242 3505 3302
3557,3554 3242 3502 3272
3555,3554 3242 3500 3252
3471,3417 3300 3463 3226 3388 3306
3457,3412 3250 3454 3225 3373 3255
3458,3413 3260 3454 3225 3374 3265
3556,3554 3242 3501 3262
3528,3496 3291 3522 3235 3461 3295
3487,3415 3280 3481 3228 3406 3288
3518,3494 3271 3514 3234 3450 3274
3550,3494 3271 3546 3238 3486 3278
3470,3416 3290 3463 3226 3387 3296
3479,3416 3290 3472 3227 3397 3297
3529,3497 3301 3522 3235 3462 3305
3480,3417 3300 3472 3227 3398 3307
3488,3416 3290 3481 3228 3407 3298
3469,3415 3280 3463 3226 3386 3286
3489,3417 3300 3481 3228 3408 3308
3568,3554 3242 3515 3244
3567,3560 3302 3561 3243 3513 3303
3575,3554 3242 3523 3245
3564,3557 3272 3561 3243 3510 3273
3558,3554 3242 3503 3282
3582,3554 3242 3531 3246
3466,3412 3250 3463 3226 3383 3256
3534,3494 3271 3530 3236 3468 3276
3559,3554 3242 3504 3292
3562,3555 3252 3561 3243 3508 3253
3537,3497 3301 3530 3236 3471 3306
3516,3492 3251 3514 3234 3448 3254
3509,3493 3261 3506 3233 3440 3263
3551,3495 3281 3546 3238 3487 3288
3544,3496 3291 3538 3237 3479 3297
3536,3496 3291 3530 3236 3470 3296
3545,3497 3301 3538 3237 3480 3307
3596,3554 3242 3547 3248
3603,3562 3253
3589,3554 3242 3539 3247
3552,3496 3291 3546 3238 3488 3298
3578,3557 3272 3575 3245 3526 3275
3581,3560 3302 3575 3245 3529 3305
3572,3558 3282 3568 3244 3519 3284
3565,3558 3282 3561 3243 3511 3283
3535,3495 3281 3530 3236 3469 3286
3553,3497 3301 3546 3238 3489 3308
3566,3559 3292 3561 3243 3512 3293
3585,3557 3272 3582 3246 3534 3276
3532,3492 3251 3530 3236 3466 3256
3579,3558 3282 3575 3245 3527 3285
3588,3560 3302 3582 3246 3537 3306
3475,3412 3250 3472 3227 3393 3257
3404,3314 3259 3399 3218 3268
3605,3603 3253 3564 3273
3587,3559 3292 3582 3246 3536 3296
3573,3559 3292 3568 3244 3520 3294
3599,3557 3272 3596 3248 3550 3278
3608,3603 3253 3567 3303
3606,3603 3253 3565 3283
3580,3559 3292 3575 3245 3528 3295
3607,3603 3253 3566 3293
3570,3556 3262 3568 3244 3517 3264
3601,3559 3292 3596 3248 3552 3298
3600,3558 3282 3596 3248 3551 3288
3571,3557 3272 3568 3244 3518 3274
3586,3558 3282 3582 3246 3535 3286
3602,3560 3302 3596 3248 3553 3308
3592,3557 3272 3589 3247 3542 3277
3574,3560 3302 3568 3244 3521 3304
3583,3555 3252 3582 3246 3532 3256
3593,3558 3282 3589 3247 3543 3287
3524,3492 3251 3522 3235 3457 3255
3467,3413 3260 3463 3226 3384 3266
3594,3559 3292 3589 3247 3544 3297
3569,3555 3252 3568 3244 3516 3254
3540,3492 3251 3538 3237 3475 3257
3484,3412 3250 3481 3228 3403 3258
3595,3560 3302 3589 3247 3545 3307
3476,3413 3260 3472 3227 3394 3267
3563,3556 3262 3561 3243 3509 3263
3525,3493 3261 3522 3235 3458 3265
3485,3413 3260 3481 3228 3404 3268
3621,3603 3253 3583 3256
3609,3603 3253 3569 3254
3604,3603 3253 3563 3263
3576,3555 3252 3575 3245 3524 3255
3533,3493 3261 3530 3236 3467 3266
3548,3492 3251 3546 3238 3484 3258
3590,3555 3252 3589 3247 3540 3257
3541,3493 3261 3538 3237 3476 3267
3549,3493 3261 3546 3238 3485 3268
3624,3606 3283 3621 3256 3586 3286
3577,3556 3262 3575 3245 3525 3265
3626,3608 3303 3621 3256 3588 3306
3623,3605 3273 3621 3256 3585 3276
3625,3607 3293 3621 3256 3587 3296
3615,3603 3253 3576 3255
3611,3605 3273 3609 3254 3571 3274
3613,3607 3293 3609 3254 3573 3294
3627,3603 3253 3590 3257
3614,3608 3303 3609 3254 3574 3304
3612,3606 3283 3609 3254 3572 3284
3610,3604 3263 3609 3254 3570 3264
3584,3556 3262 3582 3246 3533 3266
3597,3555 3252 3596 3248 3548 3258
3591,3556 3262 3589 3247 3541 3267
3598,3556 3262 3596 3248 3549 3268
3639,3610 3264
3618,3606 3283 3615 3255 3579 3285
3619,3607 3293 3615 3255 3580 3295
3617,3605 3273 3615 3255 3578 3275
3616,3604 3263 3615 3255 3577 3265
3620,3608 3303 3615 3255 3581 3305
3630,3606 3283 3627 3257 3593 3287
3632,3608 3303 3627 3257 3595 3307
3633,3603 3253 3597 3258
3629,3605 3273 3627 3257 3592 3277
3631,3607 3293 3627 3257 3594 3297
3622,3604 3263 3621 3256 3584 3266
3628,3604 3263 3627 3257 3591 3267
3640,3639 3264 3611 3274
3643,3639 3264 3614 3304
3641,3639 3264 3612 3284
3642,3639 3264 3613 3294
3644,3639 3264 3616 3265
3636,3606 3283 3633 3258 3600 3288
3634,3604 3263 3633 3258 3598 3268
3649,3639 3264 3622 3266
3654,3639 3264 3628 3267
3637,3607 3293 3633 3258 3601 3298
3635,3605 3273 3633 3258 3599 3278
3638,3608 3303 3633 3258 3602 3308
3646,3641 3284 3644 3265 3618 3285
3647,3642 3294 3644 3265 3619 3295
3645,3640 3274 3644 3265 3617 3275
3659,3639 3264 3634 3268
3648,3643 3304 3644 3265 3620 3305
3650,3640 3274 3649 3266 3623 3276
3653,3643 3304 3649 3266 3626 3306
3655,3640 3274 3654 3267 3629 3277
3652,3642 3294 3649 3266 3625 3296
3651,3641 3284 3649 3266 3624 3286
3657,3642 3294 3654 3267 3631 3297
3658,3643 3304 3654 3267 3632 3307
3664,3645 3275
3656,3641 3284 3654 3267 3630 3287
3662,3642 3294 3659 3268 3637 3298
3663,3643 3304 3659 3268 3638 3308
3661,3641 3284 3659 3268 3636 3288
3665,3664 3275 3646 3285
3660,3640 3274 3659 3268 3635 3278
3668,3664 3275 3650 3276
3672,3664 3275 3655 3277
3667,3664 3275 3648 3305
3666,3664 3275 3647 3295
3676,3664 3275 3660 3278
3669,3665 3285 3668 3276 3651 3286
3671,3667 3305 3668 3276 3653 3306
3673,3665 3285 3672 3277 3656 3287
3674,3666 3295 3672 3277 3657 3297
3675,3667 3305 3672 3277 3658 3307
3670,3666 3295 3668 3276 3652 3296
3680,3669 3286
3677,3665 3285 3676 3278 3661 3288
3679,3667 3305 3676 3278 3663 3308
3678,3666 3295 3676 3278 3662 3298
3681,3680 3286 3670 3296
3683,3680 3286 3673 3287
3682,3680 3286 3671 3306
3686,3680 3286 3677 3288
3685,3682 3306 3683 3287 3675 3307
3684,3681 3296 3683 3287 3674 3297
3687,3681 3296 3686 3288 3678 3298
3688,3682 3306 3686 3288 3679 3308
3689,3684 3297
3691,3689 3297 3687 3298
3690,3689 3297 3685 3307
3692,3690 3307 3691 3298 3688 3308
3693,3692 3308
3695,3309
3694,3695
3697,3310
3696,3697
3699,3311
3698,3699
3701,3312
3700,3701
3703,3313
3702,3703
3705,3314
3704,3705
3707,3315
3706,3707
3709,3316
3708,3709
3711,3317
3710,3711
3713,3318
3712,3713
3715,3319
3714,3715
3717,3409
3716,3717
3719,3410
3718,3719
3721,3411
3720,3721
3723,3412
3722,3723
3725,3413
3724,3725
3727,3414
3726,3727
3729,3415
3728,3729
3731,3416
3730,3731
3733,3417
3732,3733
3735,3329
3734,3735
3737,3418
3736,3737
3739,3490
3738,3739
3741,3491
3740,3741
3743,3492
3742,3743
3745,3493
3744,3745
3747,3494
3746,3747
3749,3495
3748,3749
3751,3496
3750,3751
3753,3497
3752,3753
3755,3339
3754,3755
3757,3427
3756,3757
3759,3498
3758,3759
3761,3554
3760,3761
3763,3555
3762,3763
3765,3556
3764,3765
3767,3557
3766,3767
3769,3558
3768,3769
3771,3559
3770,3771
3773,3560
3772,3773
3775,3349
3774,3775
3777,3436
3776,3777
3779,3506
3778,3779
3781,3561
3780,3781
3783,3603
3782,3783
3785,3604
3784,3785
3787,3605
3786,3787
3789,3606
3788,3789
3791,3607
3790,3791
3793,3608
3792,3793
3795,3359
3794,3795
3797,3445
3796,3797
3799,3514
3798,3799
3801,3568
3800,3801
3803,3609
3802,3803
3805,3639
3804,3805
3807,3640
3806,3807
3809,3641
3808,3809
3811,3642
3810,3811
3813,3643
3812,3813
3815,3369
3814,3815
3817,3454
3816,3817
3819,3522
3818,3819
3821,3575
3820,3821
3823,3615
3822,3823
3825,3644
3824,3825
3827,3664
3826,3827
3829,3665
3828,3829
3831,3666
3830,3831
3833,3667
3832,3833
3835,3379
3834,3835
3837,3463
3836,3837
3839,3530
3838,3839
3841,3582
3840,3841
3843,3621
3842,3843
3845,3649
3844,3845
3847,3668
3846,3847
3849,3680
3848,3849
3851,3681
3850,3851
3853,3682
3852,3853
3855,3389
3854,3855
3857,3472
3856,3857
3859,3538
3858,3859
3861,3589
3860,3861
3863,3627
3862,3863
3865,3654
3864,3865
3867,3672
3866,3867
3869,3683
3868,3869
3871,3689
3870,3871
3873,3690
3872,3873
3875,3399
3874,3875
3877,3481
3876,3877
3879,3546
3878,3879
3881,3596
3880,3881
3883,3633
3882,3883
3885,3659
3884,3885
3887,3676
3886,3887
3889,3686
3888,3889
3891,3691
3890,3891
3893,3693
3892,3893
