5313,5310 4910 4970
5314,5310 4910 4990
5315,5310 4910 5010
5328,5310 5270
5329,5310 5290
5312,5310 4910 4950
5317,5310 4910 5050
5352,5312 5350 4912 4952
5368,5328 5350 5272
5332,5312 4950 5330 4911 4951
5333,5313 5330 4911 4971
5319,5310 4910 5090
5320,5310 4910 5110
5321,5310 4910 5130
5322,5310 4910 5150
5323,5310 4910 5170
5335,5315 5330 4911 5011
5357,5317 5050 5350 4912 5052
5339,5319 5090 5330 4911 5091
5334,5314 5330 4911 4991
5354,5314 5350 4912 4992
5369,5329 5350 5292
5372,5312 5370 4913 4953
5374,5314 5370 4913 4993
5375,5315 5370 4913 5013
5377,5317 5370 4913 5053
5379,5319 5370 4913 5093
5380,5320 5370 4913 5113
5381,5321 5370 4913 5133
5382,5322 5370 4913 5153
5383,5323 5170 5370 4913 5173
5388,5328 5370 4913 5273
5370,5310 4913
5310,4910
5355,5315 5350 4912 5012
5373,5313 5370 4913 4973
5337,5317 5050 5330 4911 5051
5324,5310 4910 5190
5326,5310 4910 5230
5311,5310 4910 4930
5341,5321 5130 5330 4911 5131
5331,5311 4930 5330 4911 4931
5371,5311 4930 5370 4913 4933
5431,5311 5430 4916 4936
5384,5324 5190 5370 4913 5193
5366,5326 5230 5350 5232
5446,5326 5430 5236
5433,5313 5430 4916 4976
5327,5310 5250
5413,5313 5410 4915 4975
5435,5315 5430 4916 5016
5360,5320 5110 5350 4912 5112
5347,5327 5250 5330 4911 5251
5367,5327 5250 5350 5252
5447,5327 5250 5430 5256
5361,5321 5130 5350 4912 5132
5414,5314 5410 4915 4995
5437,5317 5430 4916 5056
5348,5328 5330 4911 5271
5330,5310 4911
5344,5324 5190 5330 4911 5191
5448,5328 5430 5276
5350,5310 4912
5336,5316 5030 5330 4911 5031
5441,5321 5430 4916 5136
5353,5313 5350 4912 4972
5443,5323 5430 4916 5176
5459,5319 5450 4917 5097
5422,5322 5410 4915 5155
5467,5327 5450 5257
5338,5318 5070 5330 4911 5071
5378,5318 5070 5370 4913 5073
5318,5310 4910 5070
5438,5318 5070 5430 4916 5076
5458,5318 5070 5450 4917 5077
5358,5318 5070 5350 4912 5072
5342,5322 5150 5330 4911 5151
5430,5310 4916
5386,5326 5230 5370 4913 5233
5393,5313 5390 4914 4974
5455,5315 5450 4917 5017
5460,5320 5450 4917 5117
5391,5311 4930 5390 4914 4934
5351,5311 4930 5350 4912 4932
5418,5318 5070 5410 4915 5075
5454,5314 5450 4917 4997
5392,5312 5390 4914 4954
5420,5320 5410 4915 5115
5452,5312 5450 4917 4957
5364,5324 5190 5350 4912 5192
5417,5317 5410 4915 5055
5466,5326 5450 5237
5394,5314 5390 4914 4994
5363,5323 5170 5350 4912 5172
5356,5316 5030 5350 4912 5032
5440,5320 5430 4916 5116
5421,5321 5410 4915 5135
5453,5313 5450 4917 4977
5464,5324 5450 5197
5461,5321 5450 4917 5137
5424,5324 5190 5410 4915 5195
5432,5312 5430 4916 4956
5451,5311 5450 4917 4937
5444,5324 5430 4916 5196
5423,5323 5410 4915 5175
5468,5328 5450 5277
5419,5319 5410 4915 5095
5442,5322 5430 4916 5156
5343,5323 5170 5330 4911 5171
5415,5315 5410 4915 5015
5362,5322 5150 5350 4912 5152
5439,5319 5430 4916 5096
5463,5323 5450 5177
5349,5329 5330 4911 5291
5450,5310 4917
5410,5310 4915
5395,5315 5390 4914 5014
5412,5312 5410 4915 4955
5376,5316 5030 5370 4913 5033
5397,5317 5390 4914 5054
5411,5311 5410 4915 4935
5462,5322 5450 4917 5157
5426,5326 5410 4915 5235
5469,5329 5450 5297
5434,5314 5430 4916 4996
5449,5329 5430 5296
5416,5316 5030 5410 4915 5035
5346,5326 5230 5330 4911 5231
5398,5318 5070 5390 4914 5074
5427,5327 5250 5410 4915 5255
5387,5327 5250 5370 4913 5253
5316,5310 4910 5030
5428,5328 5410 4915 5275
5457,5317 5450 4917 5057
5429,5329 5410 4915 5295
5396,5316 5030 5390 4914 5034
5472,5312 5470 4918 4958
5436,5316 5030 5430 4916 5036
5474,5314 5470 4918 4998
5475,5315 5470 4918 5018
5471,5311 5470 4918 4938
5487,5327 5470 5258
5400,5320 5390 4914 5114
5390,5310 4914
5476,5316 5470 4918 5038
5470,5310 4918
5478,5318 5470 4918 5078
5401,5321 5390 4914 5134
5479,5319 5470 4918 5098
5403,5323 5390 4914 5174
5404,5324 5190 5390 4914 5194
5483,5323 5470 4918 5178
5489,5329 5470 5298
5482,5322 5470 4918 5158
5484,5324 5470 4918 5198
5486,5326 5470 5238
5340,5320 5110 5330 4911 5111
5456,5316 5030 5450 4917 5037
5408,5328 5390 4914 5274
5359,5319 5090 5350 4912 5092
5399,5319 5390 4914 5094
5345,5325 5210 5330 4911 5211
5385,5325 5210 5370 4913 5213
5425,5325 5210 5410 4915 5215
5365,5325 5210 5350 4912 5212
5325,5310 4910 5210
5465,5325 5210 5450 5217
5405,5325 5210 5390 4914 5214
5445,5325 5210 5430 4916 5216
5389,5329 5370 4913 5293
5485,5325 5210 5470 5218
5473,5313 5470 4918 4978
5491,5311 5490 4919 4939
5531,5311 5530 4921 4941
5545,5325 5530 5221
5546,5326 5530 5241
5533,5313 5530 4921 4981
5535,5315 5530 4921 5021
5536,5316 5530 4921 5041
5548,5328 5530 5281
5537,5317 5530 4921 5061
5534,5314 5530 4921 5001
5549,5329 5530 5301
5538,5318 5530 4921 5081
5540,5320 5530 4921 5121
5541,5321 5530 4921 5141
5530,5310 4921
5542,5322 5530 4921 5161
5539,5319 5530 4921 5101
5543,5323 5530 4921 5181
5544,5324 5530 4921 5201
5532,5312 5530 4921 4961
5551,5311 5550 4922 4942
5571,5311 5570 4923 4943
5584,5324 5570 5203
5553,5313 5550 4922 4982
5572,5312 5570 4923 4963
5552,5312 5550 4922 4962
5573,5313 5570 4923 4983
5574,5314 5570 4923 5003
5555,5315 5550 4922 5022
5556,5316 5550 4922 5042
5575,5315 5570 4923 5023
5586,5326 5570 5243
5557,5317 5550 4922 5062
5577,5317 5570 4923 5063
5576,5316 5570 4923 5043
5558,5318 5550 4922 5082
5559,5319 5550 4922 5102
5585,5325 5570 5223
5578,5318 5570 4923 5083
5587,5327 5570 5263
5570,5310 4923
5560,5320 5550 4922 5122
5580,5320 5570 4923 5123
5581,5321 5570 4923 5143
5562,5322 5550 4922 5162
5563,5323 5550 4922 5182
5582,5322 5570 4923 5163
5564,5324 5550 4922 5202
5583,5323 5570 4923 5183
5550,5310 4922
5589,5329 5570 5303
5565,5325 5550 4922 5222
5568,5328 5550 4922 5282
5566,5326 5550 4922 5242
5554,5314 5550 4922 5002
5579,5319 5570 4923 5103
5567,5327 5550 4922 5262
5569,5329 5550 4922 5302
5561,5321 5550 4922 5142
5588,5328 5570 5283
5481,5321 5470 4918 5138
5477,5317 5470 4918 5058
5547,5327 5530 5261
5496,5316 5490 4919 5039
5402,5322 5390 4914 5154
5493,5313 5490 4919 4979
5488,5328 5470 5278
5495,5315 5490 4919 5019
5498,5318 5490 4919 5079
5499,5319 5490 4919 5099
5407,5327 5250 5390 4914 5254
5500,5320 5490 4919 5119
5501,5321 5490 4919 5139
5502,5322 5490 4919 5159
5503,5323 5490 4919 5179
5504,5324 5490 4919 5199
5505,5325 5210 5490 4919 5219
5506,5326 5490 4919 5239
5507,5327 5490 4919 5259
5490,5310 4919
5509,5329 5490 4919 5299
5480,5320 5470 4918 5118
5406,5326 5230 5390 4914 5234
5508,5328 5490 4919 5279
5409,5329 5390 4914 5294
5494,5314 5490 4919 4999
5511,5311 5510 4920 4940
5492,5312 5490 4919 4959
5497,5317 5490 4919 5059
5591,5311 5590 4924 4944
5611,5311 5610 4925 4945
5631,5311 5630 4926 4946
5671,5311 5670 4928 4948
5686,5326 5670 5248
5687,5327 5670 5268
5688,5328 5670 5288
5512,5312 5510 4920 4960
5592,5312 5590 4924 4964
5612,5312 5610 4925 4965
5632,5312 5630 4926 4966
5672,5312 5670 4928 4968
5653,5313 5650 4927 4987
5689,5329 5670 5308
5513,5313 5510 4920 4980
5593,5313 5590 4924 4984
5613,5313 5610 4925 4985
5633,5313 5630 4926 4986
5673,5313 5670 4928 4988
5713,5710 5331 5334
5718,5710 5331 5339
5719,5710 5331 5340
5715,5710 5331 5336
5720,5710 5331 5341
5711,5710 5331 5332
5514,5314 5510 4920 5000
5594,5314 5590 4924 5004
5614,5314 5610 4925 5005
5515,5315 5510 4920 5020
5634,5314 5630 4926 5006
5654,5314 5650 4927 5007
5674,5314 5670 4928 5008
5721,5710 5331 5342
5595,5315 5590 4924 5024
5615,5315 5610 4925 5025
5655,5315 5650 4927 5027
5675,5315 5670 4928 5028
5516,5316 5510 4920 5040
5596,5316 5590 4924 5044
5635,5315 5630 4926 5026
5722,5710 5331 5343
5616,5316 5610 4925 5045
5656,5316 5650 4927 5047
5676,5316 5670 4928 5048
5517,5317 5510 4920 5060
5597,5317 5590 4924 5064
5617,5317 5610 4925 5065
5636,5316 5630 4926 5046
5657,5317 5650 4927 5067
5677,5317 5670 4928 5068
5723,5710 5331 5344
5518,5318 5510 4920 5080
5598,5318 5590 4924 5084
5618,5318 5610 4925 5085
5637,5317 5630 4926 5066
5658,5318 5650 4927 5087
5678,5318 5670 4928 5088
5599,5319 5590 4924 5104
5724,5710 5331 5345
5519,5319 5510 4920 5100
5619,5319 5610 4925 5105
5638,5318 5630 4926 5086
5659,5319 5650 4927 5107
5679,5319 5670 4928 5108
5725,5710 5331 5346
5639,5319 5630 4926 5106
5520,5320 5510 4920 5120
5600,5320 5590 4924 5124
5620,5320 5610 4925 5125
5660,5320 5650 4927 5127
5680,5320 5670 4928 5128
5727,5710 5331 5348
5522,5322 5510 4920 5160
5602,5322 5590 4924 5164
5641,5321 5630 4926 5146
5622,5322 5610 4925 5165
5662,5322 5650 4927 5167
5682,5322 5670 4928 5168
5726,5710 5331 5347
5521,5321 5510 4920 5140
5601,5321 5590 4924 5144
5640,5320 5630 4926 5126
5621,5321 5610 4925 5145
5661,5321 5650 4927 5147
5681,5321 5670 4928 5148
5670,5310 4928
5642,5322 5630 4926 5166
5728,5710 5331 5349
5523,5323 5510 4920 5180
5603,5323 5590 4924 5184
5624,5324 5610 4925 5205
5623,5323 5610 4925 5185
5643,5323 5630 4926 5186
5663,5323 5650 4927 5187
5664,5324 5650 4927 5207
5683,5323 5670 4928 5188
5684,5324 5670 4928 5208
5524,5324 5510 4920 5200
5604,5324 5590 4924 5204
5668,5328 5650 4927 5287
5650,5310 4927
5644,5324 5630 4926 5206
5610,5310 4925
5628,5328 5610 4925 5285
5646,5326 5630 4926 5246
5625,5325 5610 4925 5225
5510,5310 4920
5590,5310 4924
5630,5310 4926
5665,5325 5650 4927 5227
5528,5328 5510 4920 5280
5685,5325 5670 4928 5228
5692,5312 5690 4929 4969
5529,5329 5510 4920 5300
5608,5328 5590 4924 5284
5609,5329 5590 4924 5304
5648,5328 5630 4926 5286
5717,5710 5331 5338
5649,5329 5630 4926 5306
5629,5329 5610 4925 5305
5716,5710 5331 5337
5714,5710 5331 5335
5669,5329 5650 4927 5307
5651,5311 5650 4927 4947
5527,5327 5510 4920 5260
5652,5312 5650 4927 4967
5606,5326 5590 4924 5244
5627,5327 5610 4925 5265
5667,5327 5650 4927 5267
5525,5325 5510 4920 5220
5526,5326 5510 4920 5240
5605,5325 5590 4924 5224
5645,5325 5630 4926 5226
5626,5326 5610 4925 5245
5666,5326 5650 4927 5247
5694,5314 5690 4929 5009
5695,5315 5690 4929 5029
5732,5713 5334 5729 5351 5354
5751,5713 5334 5748 5371 5374
5696,5316 5690 4929 5049
5730,5711 5332 5729 5351 5352
5749,5711 5332 5748 5371 5372
5698,5318 5690 4929 5089
5770,5713 5334 5767 5391 5394
5768,5711 5332 5767 5391 5392
5772,5715 5336 5767 5391 5396
5774,5717 5338 5767 5391 5398
5775,5718 5339 5767 5391 5399
5776,5719 5340 5767 5391 5400
5733,5714 5335 5729 5351 5355
5752,5714 5335 5748 5371 5375
5844,5711 5332 5843 5471 5472
6073,6071 5352 5732 5354
5735,5716 5337 5729 5351 5357
5754,5716 5337 5748 5371 5377
5790,5714 5335 5786 5411 5415
6074,6071 5352 5733 5355
5846,5713 5334 5843 5471 5474
5849,5716 5337 5843 5471 5477
5736,5717 5338 5729 5351 5358
5755,5717 5338 5748 5371 5378
5791,5715 5336 5786 5411 5416
6071,5730 5352
6089,6071 5352 5749 5372
5710,5331
5761,5723 5344 5748 5371 5384
5760,5722 5343 5748 5371 5383
6107,6071 5352 5768 5392
5767,5710 5331 5391
5734,5715 5336 5729 5351 5356
6076,6071 5352 5735 5357
6091,6073 5354 6089 5372 5751 5374
5785,5728 5349 5767 5391 5409
5789,5713 5334 5786 5411 5414
5748,5710 5331 5371
5690,5310 4929
6077,6071 5352 5736 5358
5738,5719 5340 5729 5351 5360
6179,6071 5352 5844 5472
5753,5715 5336 5748 5371 5376
6075,6071 5352 5734 5356
5903,5713 5334 5900 5531 5534
5796,5720 5341 5786 5411 5421
5757,5719 5340 5748 5371 5380
5750,5712 5333 5748 5371 5373
5793,5717 5338 5786 5411 5418
5884,5713 5334 5881 5511 5514 5000
5729,5710 5331 5351
5901,5711 5332 5900 5531 5532
5741,5722 5343 5729 5351 5363
5691,5311 5690 4929 4949
5795,5719 5340 5786 5411 5420
5693,5313 5690 4929 4989
5808,5713 5334 5805 5431 5434
5886,5715 5336 5881 5511 5516 5040
5607,5327 5590 4924 5264
5739,5720 5341 5729 5351 5361
5922,5713 5334 5919 5551 5554
6080,6071 5352 5739 5361
5647,5327 5630 4926 5266
5843,5710 5331 5471
5758,5720 5341 5748 5371 5381
5786,5710 5331 5411
5697,5317 5690 4929 5069
5807,5712 5333 5805 5431 5433
5794,5718 5339 5786 5411 5419
5787,5711 5332 5786 5411 5412
5737,5718 5339 5729 5351 5359
5756,5718 5339 5748 5371 5379
5812,5717 5338 5805 5431 5438
5792,5716 5337 5786 5411 5417
5829,5715 5336 5824 5451 5456
5773,5716 5337 5767 5391 5397
5867,5715 5336 5862 5491 5496
6112,6076 5357 6107 5392 5773 5397
5831,5717 5338 5824 5451 5458
6098,6080 5361 6089 5372 5758 5381
5769,5712 5333 5767 5391 5393
5827,5713 5334 5824 5451 5454
5882,5711 5332 5881 5511 5512
5848,5715 5336 5843 5471 5476
5780,5723 5344 5767 5391 5404
6183,6075 5356 6179 5472 5848 5476
5701,5321 5690 4929 5149
5815,5720 5341 5805 5431 5441
5979,5713 5334 5976 5611 5614 5005
6001,5716 5337 5995 5631 5637 5066
5916,5726 5347 5900 5531 5547
5898,5727 5348 5881 5511 5528 5280
5934,5725 5346 5919 5551 5566
5881,5710 5331 5511
6215,6071 5352 5882 5512
5900,5710 5331 5531
5919,5710 5331 5551
5778,5721 5342 5767 5391 5402
6109,6073 5354 6107 5392 5770 5394
5883,5712 5333 5881 5511 5513 4980
5930,5721 5342 5919 5551 5562
5788,5712 5333 5786 5411 5413
5983,5717 5338 5976 5611 5618 5085
6131,6077 5358 6125 5412 5793 5418
5809,5714 5335 5805 5431 5435
5845,5712 5333 5843 5471 5473
5811,5716 5337 5805 5431 5437
6129,6075 5356 6125 5412 5791 5416
5902,5712 5333 5900 5531 5533
5819,5724 5345 5805 5431 5445
6219,6075 5356 6215 5512 5886 5040
5964,5717 5338 5957 5591 5598 5084
5817,5722 5343 5805 5431 5443
5828,5714 5335 5824 5451 5455
5871,5719 5340 5862 5491 5500
5835,5721 5342 5824 5451 5462
5981,5715 5336 5976 5611 5616 5045
5866,5714 5335 5862 5491 5495
6003,5718 5339 5995 5631 5639 5106
5967,5720 5341 5957 5591 5601 5144
5936,5727 5348 5919 5551 5568
5918,5728 5349 5900 5531 5549
5830,5716 5337 5824 5451 5457
5961,5714 5335 5957 5591 5595 5024
5803,5727 5348 5786 5411 5428
5906,5716 5337 5900 5531 5537
5863,5711 5332 5862 5491 5492
6125,6071 5352 5787 5412
5847,5714 5335 5843 5471 5475
5740,5721 5342 5729 5351 5362
6181,6073 5354 6179 5472 5846 5474
6092,6074 5355 6089 5372 5752 5375
6094,6076 5357 6089 5372 5754 5377
5826,5712 5333 5824 5451 5453
5940,5712 5333 5938 5571 5573
5742,5723 5344 5729 5351 5364
5825,5711 5332 5824 5451 5452
5920,5711 5332 5919 5551 5552
6182,6074 5355 6179 5472 5847 5475
5904,5714 5335 5900 5531 5535
5779,5722 5343 5767 5391 5403
5923,5714 5335 5919 5551 5555
5905,5715 5336 5900 5531 5536
6093,6075 5356 6089 5372 5753 5376
6197,6071 5352 5863 5492
6081,6071 5352 5740 5362
5887,5716 5337 5881 5511 5517 5060
5888,5717 5338 5881 5511 5518 5080
5712,5710 5331 5333
5959,5712 5333 5957 5591 5593 4984
5924,5715 5336 5919 5551 5556
6078,6071 5352 5737 5359
5805,5710 5331 5431
5759,5721 5342 5748 5371 5382
6236,6074 5355 6233 5532 5904 5535
6233,6071 5352 5901 5532
5873,5721 5342 5862 5491 5502
5731,5712 5333 5729 5351 5353
5763,5725 5346 5748 5371 5386
6134,6080 5361 6125 5412 5796 5421
6220,6076 5357 6215 5512 5887 5060
5957,5710 5331 5591
6237,6075 5356 6233 5532 5905 5536
6221,6077 5358 6215 5512 5888 5080
5824,5710 5331 5451
5797,5721 5342 5786 5411 5422
5813,5718 5339 5805 5431 5439
5945,5717 5338 5938 5571 5578
6035,5712 5333 6033 5671 5673 4988
5806,5711 5332 5805 5431 5432
6095,6077 5358 6089 5372 5755 5378
5941,5713 5334 5938 5571 5574
6038,5715 5336 6033 5671 5676 5048
5942,5714 5335 5938 5571 5575
6079,6071 5352 5738 5360
5995,5710 5331 5631
5862,5710 5331 5491
6201,6075 5356 6197 5492 5867 5496
5877,5725 5346 5862 5491 5506
6082,6071 5352 5741 5363
5850,5717 5338 5843 5471 5478
6117,6081 5362 6107 5392 5778 5402
5986,5720 5341 5976 5611 5621 5145
5832,5718 5339 5824 5451 5459
5944,5716 5337 5938 5571 5577
5700,5320 5690 4929 5129
6037,5714 5335 6033 5671 5675 5028
5950,5722 5343 5938 5571 5583
5947,5719 5340 5938 5571 5580
6111,6075 5356 6107 5392 5772 5396
5949,5721 5342 5938 5571 5582
5771,5714 5335 5767 5391 5395
5987,5721 5342 5976 5611 5622 5165
6034,5711 5332 6033 5671 5672
5699,5319 5690 4929 5109
6043,5720 5341 6033 5671 5681 5148
5781,5724 5345 5767 5391 5405
5852,5719 5340 5843 5471 5480
6008,5723 5344 5995 5631 5644 5206
5907,5717 5338 5900 5531 5538
6019,5715 5336 6014 4947 5656 5047
5958,5711 5332 5957 5591 5592
5777,5720 5341 5767 5391 5401
5976,5710 5331 5611
5973,5726 5347 5957 5591 5607 5264
5762,5724 5345 5748 5371 5385
6113,6077 5358 6107 5392 5774 5398
6110,6074 5355 6107 5392 5771 5395
6040,5717 5338 6033 5671 5678 5088
5868,5716 5337 5862 5491 5497
6164,6074 5355 6161 5452 5828 5455
5838,5724 5345 5824 5451 5465
5998,5713 5334 5995 5631 5634 5006
5744,5725 5346 5729 5351 5366
5952,5724 5345 5938 5571 5585
5702,5322 5690 4929 5169
6020,5716 5337 6014 4947 5657 5067
6187,6079 5360 6179 5472 5852 5480
6127,6073 5354 6125 5412 5789 5414
6148,6076 5357 6143 5432 5811 5437
6116,6080 5361 6107 5392 5777 5401
6018,5714 5335 6014 4947 5655 5027
5783,5726 5347 5767 5391 5407
5799,5723 5344 5786 5411 5424
6022,5718 5339 6014 4947 5659 5107
5975,5728 5349 5957 5591 5609 5304
6202,6076 5357 6197 5492 5868 5497
6146,6074 5355 6143 5432 5809 5435
5953,5725 5346 5938 5571 5586
6145,6073 5354 6143 5432 5808 5434
6184,6076 5357 6179 5472 5849 5477
6021,5717 5338 6014 4947 5658 5087
6114,6078 5359 6107 5392 5775 5399
5963,5716 5337 5957 5591 5597 5064
5954,5726 5347 5938 5571 5587
5938,5710 5331 5571
6042,5719 5340 6033 5671 5680 5128
6009,5724 5345 5995 5631 5645 5226
5912,5722 5343 5900 5531 5543
5820,5725 5346 5805 5431 5446
5885,5714 5335 5881 5511 5515 5020
5864,5712 5333 5862 5491 5493
6143,6071 5352 5806 5432
6045,5722 5343 6033 5671 5683 5188
6044,5721 5342 6033 5671 5682 5168
5798,5722 5343 5786 5411 5423
6150,6078 5359 6143 5432 5813 5439
5988,5722 5343 5976 5611 5623 5185
6033,5710 5331 5671
6244,6082 5363 6233 5532 5912 5543
5745,5726 5347 5729 5351 5367
5956,5728 5349 5938 5571 5589
5705,5325 5690 4929 5229
6055,5713 5334 6052 4949 5694 5009
6218,6074 5355 6215 5512 5885 5020
5951,5723 5344 5938 5571 5584
5704,5324 5690 4929 5209
6130,6076 5357 6125 5412 5792 5417
5999,5714 5335 5995 5631 5635 5026
6023,5719 5340 6014 4947 5660 5127
6362,6074 5355 6359 5672 6037 5028
5908,5718 5339 5900 5531 5539
6054,5712 5333 6052 4949 5693 4989
6154,6082 5363 6143 5432 5817 5443
5889,5718 5339 5881 5511 5519 5100
5925,5716 5337 5919 5551 5557
6100,6082 5363 6089 5372 5760 5383
5994,5728 5349 5976 5611 5629 5305
6056,5714 5335 6052 4949 5695 5029
5993,5727 5348 5976 5611 5628 5285
6025,5721 5342 6014 4947 5662 5167
6222,6078 5359 6215 5512 5889 5100
5814,5719 5340 5805 5431 5440
6053,5711 5332 6052 4949 5692 4969
6058,5716 5337 6052 4949 5697 5069
6050,5727 5348 6033 5671 5688
5743,5724 5345 5729 5351 5365
6057,5715 5336 6052 4949 5696 5049
6365,6077 5358 6359 5672 6040 5088
5992,5726 5347 5976 5611 5627 5265
6026,5722 5343 6014 4947 5663 5187
6128,6074 5355 6125 5412 5790 5415
6363,6075 5356 6359 5672 6038 5048
5896,5725 5346 5881 5511 5526 5240
6051,5728 5349 6033 5671 5689
5939,5711 5332 5938 5571 5572
6024,5720 5341 6014 4947 5661 5147
6185,6077 5358 6179 5472 5850 5478
5764,5726 5347 5748 5371 5387
5746,5727 5348 5729 5351 5368
6368,6080 5361 6359 5672 6043 5148
6136,6082 5363 6125 5412 5798 5423
6046,5723 5344 6033 5671 5684 5208
5855,5722 5343 5843 5471 5483
6097,6079 5360 6089 5372 5757 5380
6047,5724 5345 6033 5671 5685 5228
5955,5727 5348 5938 5571 5588
6049,5726 5347 6033 5671 5687
6115,6079 5360 6107 5392 5776 5400
5869,5717 5338 5862 5491 5498
6096,6078 5359 6089 5372 5756 5379
5921,5712 5333 5919 5551 5553
6151,6079 5360 6143 5432 5814 5440
5932,5723 5344 5919 5551 5564
5706,5326 5690 4929 5249
5800,5724 5345 5786 5411 5425
6359,6071 5352 6034 5672
5854,5721 5342 5843 5471 5482
6203,6077 5358 6197 5492 5869 5498
5874,5722 5343 5862 5491 5503
6290,6074 5355 6287 5592 5961 5024
6048,5725 5346 6033 5671 5686
5851,5718 5339 5843 5471 5479
5890,5719 5340 5881 5511 5520 5120
5833,5719 5340 5824 5451 5460
5818,5723 5344 5805 5431 5444
5914,5724 5345 5900 5531 5545
6138,6084 5365 6125 5412 5800 5425
5707,5327 5690 4929 5269
6061,5719 5340 6052 4949 5700 5129
6239,6077 5358 6233 5532 5907 5538
5891,5720 5341 5881 5511 5521 5140
5984,5718 5339 5976 5611 5619 5105
5926,5717 5338 5919 5551 5558
5782,5725 5346 5767 5391 5406
6208,6082 5363 6197 5492 5874 5503
6084,6071 5352 5743 5365
5872,5720 5341 5862 5491 5501
6014,5710 5331 5651 4947
6052,5710 5331 5691 4949
6149,6077 5358 6143 5432 5812 5438
5810,5715 5336 5805 5431 5436
5910,5720 5341 5900 5531 5541
5927,5718 5339 5919 5551 5559
6369,6081 5362 6359 5672 6044 5168
6006,5721 5342 5995 5631 5642 5166
6165,6075 5356 6161 5452 5829 5456
5703,5323 5690 4929 5189
5765,5727 5348 5748 5371 5388
6030,5726 5347 6014 4947 5667 5267
6271,6073 5354 6269 5572 5941 5574
5836,5722 5343 5824 5451 5463
6186,6078 5359 6179 5472 5851 5479
5962,5715 5336 5957 5591 5596 5044
6059,5717 5338 6052 4949 5698 5089
6120,6084 5365 6107 5392 5781 5405
6189,6081 5362 6179 5472 5854 5482
6141,6087 5368 6125 5412 5803 5428
5853,5720 5341 5843 5471 5481
6242,6080 5361 6233 5532 5910 5541
5859,5726 5347 5843 5471 5487
5766,5728 5349 5748 5371 5389
5909,5719 5340 5900 5531 5540
5970,5723 5344 5957 5591 5604 5204
5865,5713 5334 5862 5491 5494
6060,5718 5339 6052 4949 5699 5109
5856,5723 5344 5843 5471 5484
6188,6080 5361 6179 5472 5853 5481
6105,6087 5368 6089 5372 5765 5388
5982,5716 5337 5976 5611 5617 5065
6199,6073 5354 6197 5492 5865 5494
6291,6075 5356 6287 5592 5962 5044
5804,5728 5349 5786 5411 5429
6027,5723 5344 6014 4947 5664 5207
6367,6079 5360 6359 5672 6042 5128
6241,6079 5360 6233 5532 5909 5540
5784,5727 5348 5767 5391 5408
5747,5728 5349 5729 5351 5369
6064,5722 5343 6052 4949 5703 5189
5960,5713 5334 5957 5591 5594 5004
6004,5719 5340 5995 5631 5640 5126
5931,5722 5343 5919 5551 5563
5857,5724 5345 5843 5471 5485
5708,5328 5690 4929 5289
6123,6087 5368 6107 5392 5784 5408
6289,6073 5354 6287 5592 5960 5004
6192,6084 5365 6179 5472 5857 5485
5801,5725 5346 5786 5411 5426
5968,5721 5342 5957 5591 5602 5164
5913,5723 5344 5900 5531 5544
6106,6088 5369 6089 5372 5766 5389
5996,5711 5332 5995 5631 5632
6069,5727 5348 6052 4949 5708 5289
5709,5329 5690 4929 5309
6088,6071 5352 5747 5369
5928,5719 5340 5919 5551 5560
5937,5728 5349 5919 5551 5569
6087,6071 5352 5746 5368
5802,5726 5347 5786 5411 5427
5895,5724 5345 5881 5511 5525 5220
6124,6088 5369 6107 5392 5785 5409
6161,6071 5352 5825 5452
6167,6077 5358 6161 5452 5831 5458
5892,5721 5342 5881 5511 5522 5160
5929,5720 5341 5919 5551 5561
6323,6071 5352 5996 5632
6326,6074 5355 6323 5632 5999 5026
6228,6084 5365 6215 5512 5895 5220
6174,6084 5365 6161 5452 5838 5465
6331,6079 5360 6323 5632 6004 5126
6217,6073 5354 6215 5512 5884 5000
5858,5725 5346 5843 5471 5486
6333,6081 5362 6323 5632 6006 5166
6169,6079 5360 6161 5452 5833 5460
6240,6078 5359 6233 5532 5908 5539
5893,5722 5343 5881 5511 5523 5180
6172,6082 5363 6161 5452 5836 5463
6225,6081 5362 6215 5512 5892 5160
6257,6077 5358 6251 5552 5926 5558
5870,5718 5339 5862 5491 5499
6258,6078 5359 6251 5552 5927 5559
6251,6071 5352 5920 5552
5911,5721 5342 5900 5531 5542
6204,6078 5359 6197 5492 5870 5499
6226,6082 5363 6215 5512 5893 5180
6268,6088 5369 6251 5552 5937 5569
5860,5727 5348 5843 5471 5488
6261,6081 5362 6251 5552 5930 5562
6262,6082 5363 6251 5552 5931 5563
6256,6076 5357 6251 5552 5925 5557
6195,6087 5368 6179 5472 5860 5488
5894,5723 5344 5881 5511 5524 5200
6067,5725 5346 6052 4949 5706 5249
6147,6075 5356 6143 5432 5810 5436
6168,6078 5359 6161 5452 5832 5459
5977,5711 5332 5976 5611 5612
5861,5728 5349 5843 5471 5489
6011,5726 5347 5995 5631 5647 5266
6068,5726 5347 6052 4949 5707 5269
6032,5728 5349 6014 4947 5669 5307
5834,5720 5341 5824 5451 5461
6000,5715 5336 5995 5631 5636 5046
6196,6088 5369 6179 5472 5861 5489
6155,6083 5364 6143 5432 5818 5444
6083,6071 5352 5742 5364
6259,6079 5360 6251 5552 5928 5560
6245,6083 5364 6233 5532 5913 5544
6227,6083 5364 6215 5512 5894 5200
5965,5718 5339 5957 5591 5599 5104
5816,5721 5342 5805 5431 5442
6170,6080 5361 6161 5452 5834 5461
6101,6083 5364 6089 5372 5761 5384
5915,5725 5346 5900 5531 5546
5980,5714 5335 5976 5611 5615 5025
6108,6072 5353 6107 5392 5769 5393
6144,6072 5353 6143 5432 5807 5433
6126,6072 5353 6125 5412 5788 5413
6162,6072 5353 6161 5452 5826 5453
6191,6083 5364 6179 5472 5856 5484
6153,6081 5362 6143 5432 5816 5442
5897,5726 5347 5881 5511 5527 5260
6002,5717 5338 5995 5631 5638 5086
5933,5724 5345 5919 5551 5565
6327,6075 5356 6323 5632 6000 5046
5966,5719 5340 5957 5591 5600 5124
6180,6072 5353 6179 5472 5845 5473
6329,6077 5358 6323 5632 6002 5086
6383,6077 5358 6377 4969 6059 5089
6252,6072 5353 6251 5552 5921 5553
6388,6082 5363 6377 4969 6064 5189
6264,6084 5365 6251 5552 5933 5565
6216,6072 5353 6215 5512 5883 4980
5917,5727 5348 5900 5531 5548
6377,6071 5352 6053 4969
6200,6074 5355 6197 5492 5866 5495
6142,6088 5369 6125 5412 5804 5429
6133,6079 5360 6125 5412 5795 5420
6118,6082 5363 6107 5392 5779 5403
6198,6072 5353 6197 5492 5864 5493
5935,5726 5347 5919 5551 5567
6235,6073 5354 6233 5532 5903 5534
5978,5712 5333 5976 5611 5613 4985
6270,6072 5353 6269 5572 5940 5573
6171,6081 5362 6161 5452 5835 5462
6288,6072 5353 6287 5592 5959 4984
6384,6078 5359 6377 4969 6060 5109
6152,6080 5361 6143 5432 5815 5441
6385,6079 5360 6377 4969 6061 5129
6137,6083 5364 6125 5412 5799 5424
6135,6081 5362 6125 5412 5797 5422
6379,6073 5354 6377 4969 6055 5009
6205,6079 5360 6197 5492 5871 5500
6330,6078 5359 6323 5632 6003 5106
6267,6087 5368 6251 5552 5936 5568
6250,6088 5369 6233 5532 5918 5549
6017,5713 5334 6014 4947 5654 5007
6254,6074 5355 6251 5552 5923 5555
6070,5728 5349 6052 4949 5709 5309
5899,5728 5349 5881 5511 5529 5300
6249,6087 5368 6233 5532 5917 5548
6293,6077 5358 6287 5592 5964 5084
6376,6088 5369 6359 5672 6051 5689
6016,5712 5333 6014 4947 5653
6232,6088 5369 6215 5512 5899 5300
6255,6075 5356 6251 5552 5924 5556
6394,6088 5369 6377 4969 6070 5309
6041,5718 5339 6033 5671 5679 5108
5880,5728 5349 5862 5491 5509
6393,6087 5368 6377 4969 6069 5289
6366,6078 5359 6359 5672 6041 5108
6214,6088 5369 6197 5492 5880 5509
6279,6081 5362 6269 5572 5949 5582
5948,5720 5341 5938 5571 5581
6278,6080 5361 6269 5572 5948 5581
5991,5725 5346 5976 5611 5626 5245
6013,5728 5349 5995 5631 5649 5306
6340,6088 5369 6323 5632 6013 5306
5842,5728 5349 5824 5451 5469
6178,6088 5369 6161 5452 5842 5469
5879,5727 5348 5862 5491 5508
6213,6087 5368 6197 5492 5879 5508
5990,5724 5345 5976 5611 5625 5225
6012,5727 5348 5995 5631 5648 5286
6339,6087 5368 6323 5632 6012 5286
5943,5715 5336 5938 5571 5576
5837,5723 5344 5824 5451 5464
6063,5721 5342 6052 4949 5702 5169
6072,6071 5352 5731 5353
6036,5713 5334 6033 5671 5674 5008
6090,6072 5353 6089 5372 5750 5373
6371,6083 5364 6359 5672 6046 5208
6328,6076 5357 6323 5632 6001 5066
6119,6083 5364 6107 5392 5780 5404
6335,6083 5364 6323 5632 6008 5206
6234,6072 5353 6233 5532 5902 5533
6381,6075 5356 6377 4969 6057 5049
6336,6084 5365 6323 5632 6009 5226
6062,5720 5341 6052 4949 5701 5149
6066,5724 5345 6052 4949 5705 5229
6163,6073 5354 6161 5452 5827 5454
6273,6075 5356 6269 5572 5943 5576
6166,6076 5357 6161 5452 5830 5457
6274,6076 5357 6269 5572 5944 5577
6224,6080 5361 6215 5512 5891 5140
6263,6083 5364 6251 5552 5932 5564
6275,6077 5358 6269 5572 5945 5578
6156,6084 5365 6143 5432 5819 5445
6246,6084 5365 6233 5532 5914 5545
6028,5724 5345 6014 4947 5665 5227
6132,6078 5359 6125 5412 5794 5419
6029,5725 5346 6014 4947 5666 5247
6103,6085 5366 6089 5372 5763 5386
6065,5723 5344 6052 4949 5704 5209
6372,6084 5365 6359 5672 6047 5228
6231,6087 5368 6215 5512 5898 5280
6389,6083 5364 6377 4969 6065 5209
6375,6087 5368 6359 5672 6050 5688
6099,6081 5362 6089 5372 5759 5382
6104,6086 5367 6089 5372 5764 5387
6360,6072 5353 6359 5672 6035 4988
6173,6083 5364 6161 5452 5837 5464
6294,6078 5359 6287 5592 5965 5104
6280,6082 5363 6269 5572 5950 5583
6387,6081 5362 6377 4969 6063 5169
6390,6084 5365 6377 4969 6066 5229
5821,5726 5347 5805 5431 5447
5839,5725 5346 5824 5451 5466
6386,6080 5361 6377 4969 6062 5149
6015,5711 5332 6014 4947 5652 4967
6005,5720 5341 5995 5631 5641 5146
6269,6071 5352 5939 5572
6122,6086 5367 6107 5392 5783 5407
5875,5723 5344 5862 5491 5504
6378,6072 5353 6377 4969 6054 4989
6190,6082 5363 6179 5472 5855 5483
5985,5719 5340 5976 5611 5620 5125
6295,6079 5360 6287 5592 5966 5124
6281,6083 5364 6269 5572 5951 5584
6286,6088 5369 6269 5572 5956 5589
5971,5724 5345 5957 5591 5605 5224
6238,6076 5357 6233 5532 5906 5537
5969,5722 5343 5957 5591 5603 5184
6230,6086 5367 6215 5512 5897 5260
6007,5722 5343 5995 5631 5643 5186
6300,6084 5365 6287 5592 5971 5224
6396,6395 5373 6091 5374
6102,6084 5365 6089 5372 5762 5385
6334,6082 5363 6323 5632 6007 5186
6272,6074 5355 6269 5572 5942 5575
6325,6073 5354 6323 5632 5998 5006
6223,6079 5360 6215 5512 5890 5120
6380,6074 5355 6377 4969 6056 5029
6370,6082 5363 6359 5672 6045 5188
5946,5718 5339 5938 5571 5579
6209,6083 5364 6197 5492 5875 5504
6342,6072 5353 6341 4967 6016 5653
6276,6078 5359 6269 5572 5946 5579
6343,6073 5354 6341 4967 6017 5007
6344,6074 5355 6341 4967 6018 5027
6345,6075 5356 6341 4967 6019 5047
6207,6081 5362 6197 5492 5873 5502
6299,6083 5364 6287 5592 5970 5204
6346,6076 5357 6341 4967 6020 5067
6347,6077 5358 6341 4967 6021 5087
6348,6078 5359 6341 4967 6022 5107
6349,6079 5360 6341 4967 6023 5127
6350,6080 5361 6341 4967 6024 5147
6351,6081 5362 6341 4967 6025 5167
6352,6082 5363 6341 4967 6026 5187
5823,5728 5349 5805 5431 5449
6353,6083 5364 6341 4967 6027 5207
6341,6071 5352 6015 4967
6354,6084 5365 6341 4967 6028 5227
6160,6088 5369 6143 5432 5823 5449
6358,6088 5369 6341 4967 6032 5307
6139,6085 5366 6125 5412 5801 5426
6039,5716 5337 6033 5671 5677 5068
6364,6076 5357 6359 5672 6039 5068
6158,6086 5367 6143 5432 5821 5447
5841,5727 5348 5824 5451 5468
6177,6087 5368 6161 5452 5841 5468
6194,6086 5367 6179 5472 5859 5487
5878,5726 5347 5862 5491 5507
6212,6086 5367 6197 5492 5878 5507
6297,6081 5362 6287 5592 5968 5164
5989,5723 5344 5976 5611 5624 5205
6332,6080 5361 6323 5632 6005 5146
5974,5727 5348 5957 5591 5608 5284
6303,6087 5368 6287 5592 5974 5284
6285,6087 5368 6269 5572 5955 5588
6010,5725 5346 5995 5631 5646 5246
6287,6071 5352 5958 5592
6253,6073 5354 6251 5552 5922 5554
6229,6085 5366 6215 5512 5896 5240
6157,6085 5366 6143 5432 5820 5446
6247,6085 5366 6233 5532 5915 5546
6260,6080 5361 6251 5552 5929 5561
6175,6085 5366 6161 5452 5839 5466
6211,6085 5366 6197 5492 5877 5506
6283,6085 5366 6269 5572 5953 5586
6400,6395 5373 6095 5378
6397,6395 5373 6092 5375
6403,6395 5373 6098 5381
6404,6395 5373 6099 5382
6405,6395 5373 6100 5383
6406,6395 5373 6101 5384
6248,6086 5367 6233 5532 5916 5547
6408,6395 5373 6103 5386
6382,6076 5357 6377 4969 6058 5069
6409,6395 5373 6104 5387
6410,6395 5373 6105 5388
6304,6088 5369 6287 5592 5975 5304
6193,6085 5366 6179 5472 5858 5486
6399,6395 5373 6094 5377
6398,6395 5373 6093 5376
6401,6395 5373 6096 5379
6266,6086 5367 6251 5552 5935 5567
6306,6072 5353 6305 5612 5978 4985
6265,6085 5366 6251 5552 5934 5566
6411,6395 5373 6106 5389
6298,6082 5363 6287 5592 5969 5184
6337,6085 5366 6323 5632 6010 5246
6407,6395 5373 6102 5385
6481,6396 5374 6480 5473 6181 5474
6085,6071 5352 5744 5366
6402,6395 5373 6097 5380
6447,6396 5374 6446 5433 6145 5434
6431,6397 5375 6429 5413 6128 5415
6482,6397 5375 6480 5473 6182 5475
6307,6073 5354 6305 5612 5979 5005
6284,6086 5367 6269 5572 5954 5587
6355,6085 5366 6341 4967 6029 5247
6498,6396 5374 6497 5493 6199 5494
6499,6397 5375 6497 5493 6200 5495
5997,5712 5333 5995 5631 5633 4986
6086,6071 5352 5745 5367
6450,6399 5377 6446 5433 6148 5437
6243,6081 5362 6233 5532 5911 5542
6432,6398 5376 6429 5413 6129 5416
6483,6398 5376 6480 5473 6183 5476
6308,6074 5355 6305 5612 5980 5025
6313,6079 5360 6305 5612 5985 5125
6338,6086 5367 6323 5632 6011 5266
6448,6397 5375 6446 5433 6146 5435
6302,6086 5367 6287 5592 5973 5264
6373,6085 5366 6359 5672 6048 5686
6413,6396 5374 6412 5393 6109 5394
6414,6397 5375 6412 5393 6110 5395
6435,6401 5379 6429 5413 6132 5419
6455,6404 5382 6446 5433 6153 5442
6451,6400 5378 6446 5433 6149 5438
6493,6408 5386 6480 5473 6193 5486
6501,6399 5377 6497 5493 6202 5497
6486,6401 5379 6480 5473 6186 5479
6490,6405 5383 6480 5473 6190 5483
6311,6077 5358 6305 5612 5983 5085
6566,6396 5374 6565 5573 6271 5574
6312,6078 5359 6305 5612 5984 5105
6392,6086 5367 6377 4969 6068 5269
6583,6396 5374 6582 4984 6289 5004
6567,6397 5375 6565 5573 6272 5575
6584,6397 5375 6582 4984 6290 5024
6492,6407 5385 6480 5473 6192 5485
6600,6396 5374 6599 4985 6307 5005
6601,6397 5375 6599 4985 6308 5025
6604,6400 5378 6599 4985 6311 5085
6599,6395 5373 6306 4985
6605,6401 5379 6599 4985 6312 5105
6606,6402 5380 6599 4985 6313 5125
6439,6405 5383 6429 5413 6136 5423
5876,5724 5345 5862 5491 5505
6429,6395 5373 6126 5413
6480,6395 5373 6180 5473
6395,6090 5373
5840,5726 5347 5824 5451 5467
6446,6395 5373 6144 5433
6517,6398 5376 6514 4980 6219 5040
6449,6398 5376 6446 5433 6147 5436
6458,6407 5385 6446 5433 6156 5445
6430,6396 5374 6429 5413 6127 5414
5822,5727 5348 5805 5431 5448
6685,6684 5394 6414 5395
6419,6402 5380 6412 5393 6115 5400
6433,6399 5377 6429 5413 6130 5417
6316,6082 5363 6305 5612 5988 5185
6441,6407 5385 6429 5413 6138 5425
6518,6399 5377 6514 4980 6220 5060
6519,6400 5378 6514 4980 6221 5080
6550,6397 5375 6548 5553 6254 5555
6570,6400 5378 6565 5573 6275 5578
6684,6413 5394
6515,6396 5374 6514 4980 6217 5000
6507,6405 5383 6497 5493 6208 5503
6484,6399 5377 6480 5473 6184 5477
6418,6401 5379 6412 5393 6114 5399
6588,6401 5379 6582 4984 6294 5104
6318,6084 5365 6305 5612 5990 5225
6716,6684 5394 6447 5434
5972,5725 5346 5957 5591 5606 5244
6466,6398 5376 6463 5453 6165 5456
6497,6395 5373 6198 5493
6670,6398 5376 6667 4989 6381 5049
6305,6071 5352 5977 5612
6549,6396 5374 6548 5553 6253 5554
6717,6685 5395 6716 5434 6448 5435
6669,6397 5375 6667 4989 6380 5029
6467,6399 5377 6463 5453 6166 5457
6309,6075 5356 6305 5612 5981 5045
6569,6399 5377 6565 5573 6274 5577
6611,6407 5385 6599 4985 6318 5225
6506,6404 5382 6497 5493 6207 5502
6424,6407 5385 6412 5393 6120 5405
6522,6403 5381 6514 4980 6224 5140
6356,6086 5367 6341 4967 6030 5267
6554,6401 5379 6548 5553 6258 5559
6533,6397 5375 6531 5533 6236 5535
6575,6405 5383 6565 5573 6280 5583
6412,6395 5373 6108 5393
6416,6399 5377 6412 5393 6112 5397
6671,6399 5377 6667 4989 6382 5069
6860,6684 5394 6600 5005
6426,6409 5387 6412 5393 6122 5407
6206,6080 5361 6197 5492 5872 5501
6512,6410 5388 6497 5493 6213 5508
6582,6395 5373 6288 4984
6587,6400 5378 6582 4984 6293 5084
6593,6406 5384 6582 4984 6299 5204
6176,6086 5367 6161 5452 5840 5467
6391,6085 5366 6377 4969 6067 5249
6861,6685 5395 6860 5005 6601 5025
6460,6409 5387 6446 5433 6158 5447
6687,6684 5394 6416 5397
6437,6403 5381 6429 5413 6134 5421
6301,6085 5366 6287 5592 5972 5244
6637,6399 5377 6633 5653 6346 5067
6315,6081 5362 6305 5612 5987 5165
6697,6684 5394 6426 5407
6689,6684 5394 6418 5399
6469,6401 5379 6463 5453 6168 5459
6457,6406 5384 6446 5433 6155 5444
6675,6403 5381 6667 4989 6386 5149
6292,6076 5357 6287 5592 5963 5064
6579,6409 5387 6565 5573 6284 5587
6595,6408 5386 6582 4984 6301 5244
6729,6697 5407 6716 5434 6460 5447
6602,6398 5376 6599 4985 6309 5045
6865,6689 5399 6860 5005 6605 5105
6534,6398 5376 6531 5533 6237 5536
6608,6404 5382 6599 4985 6315 5165
6719,6687 5397 6716 5434 6450 5437
6321,6087 5368 6305 5612 5993 5285
6596,6409 5387 6582 4984 6302 5264
6453,6402 5380 6446 5433 6151 5440
6780,6684 5394 6515 5000
6586,6399 5377 6582 4984 6292 5064
6614,6410 5388 6599 4985 6321 5285
6524,6405 5383 6514 4980 6226 5180
6783,6687 5397 6780 5000 6518 5060
6277,6079 5360 6269 5572 5947 5580
6505,6403 5381 6497 5493 6206 5501
6572,6402 5380 6565 5573 6277 5580
6503,6401 5379 6497 5493 6204 5499
6423,6406 5384 6412 5393 6119 5404
6556,6403 5381 6548 5553 6260 5561
6031,5727 5348 6014 4947 5668 5287
6488,6403 5381 6480 5473 6188 5481
6694,6684 5394 6423 5404
6357,6087 5368 6341 4967 6031 5287
6415,6398 5376 6412 5393 6111 5396
6565,6395 5373 6270 5573
6695,6684 5394 6424 5405
6470,6402 5380 6463 5453 6169 5460
6726,6694 5404 6716 5434 6457 5444
6472,6404 5382 6463 5453 6171 5462
6536,6400 5378 6531 5533 6239 5538
6514,6395 5373 6216 4980
6456,6405 5383 6446 5433 6154 5443
6559,6406 5384 6548 5553 6263 5564
6635,6397 5375 6633 5653 6344 5027
6452,6401 5379 6446 5433 6150 5439
6636,6398 5376 6633 5653 6345 5047
6537,6401 5379 6531 5533 6240 5539
6639,6401 5379 6633 5653 6348 5107
6528,6409 5387 6514 4980 6230 5260
6538,6402 5380 6531 5533 6241 5540
6679,6407 5385 6667 4989 6390 5229
6525,6406 5384 6514 4980 6227 5200
6434,6400 5378 6429 5413 6131 5418
6548,6395 5373 6252 5553
6581,6411 5389 6565 5573 6286 5589
6440,6406 5384 6429 5413 6137 5424
6436,6402 5380 6429 5413 6133 5420
6475,6407 5385 6463 5453 6174 5465
6721,6689 5399 6716 5434 6452 5439
6667,6395 5373 6378 4989
6540,6404 5382 6531 5533 6243 5542
6526,6407 5385 6514 4980 6228 5220
6473,6405 5383 6463 5453 6172 5463
6476,6408 5386 6463 5453 6175 5466
6463,6395 5373 6162 5453
6560,6407 5385 6548 5553 6264 5565
6474,6406 5384 6463 5453 6173 5464
6541,6405 5383 6531 5533 6244 5543
6640,6402 5380 6633 5653 6349 5127
6539,6403 5381 6531 5533 6242 5541
6500,6398 5376 6497 5493 6201 5496
6562,6409 5387 6548 5553 6266 5567
6543,6407 5385 6531 5533 6246 5545
6529,6410 5388 6514 4980 6231 5280
6491,6406 5384 6480 5473 6191 5484
6790,6694 5404 6780 5000 6525 5200
6445,6411 5389 6429 5413 6142 5429
6479,6411 5389 6463 5453 6178 5469
6502,6400 5378 6497 5493 6203 5498
6791,6695 5405 6780 5000 6526 5220
6561,6408 5386 6548 5553 6265 5566
6680,6408 5386 6667 4989 6391 5249
6642,6404 5382 6633 5653 6351 5167
6673,6401 5379 6667 4989 6384 5109
6677,6405 5383 6667 4989 6388 5189
6598,6411 5389 6582 4984 6304 5304
6678,6406 5384 6667 4989 6389 5209
6793,6697 5407 6780 5000 6528 5260
6643,6405 5383 6633 5653 6352 5187
6871,6695 5405 6860 5005 6611 5225
6597,6410 5388 6582 4984 6303 5284
6645,6407 5385 6633 5653 6354 5227
6683,6411 5389 6667 4989 6394 5309
6646,6408 5386 6633 5653 6355 5247
6485,6400 5378 6480 5473 6185 5478
6542,6406 5384 6531 5533 6245 5544
6477,6409 5387 6463 5453 6176 5467
6701,6685 5395 6700 5414 6431 5415
6487,6402 5380 6480 5473 6187 5480
6641,6403 5381 6633 5653 6350 5147
6530,6411 5389 6514 4980 6232 5300
6700,6684 5394 6430 5414
6420,6403 5381 6412 5393 6116 5401
6703,6687 5397 6700 5414 6433 5417
6710,6694 5404 6700 5414 6440 5424
6705,6689 5399 6700 5414 6435 5419
6681,6409 5387 6667 4989 6392 5269
6711,6695 5405 6700 5414 6441 5425
6421,6404 5382 6412 5393 6117 5402
6478,6410 5388 6463 5453 6177 5468
6571,6401 5379 6565 5573 6276 5579
6564,6411 5389 6548 5553 6268 5569
6324,6072 5353 6323 5632 5997 4986
6668,6396 5374 6667 4989 6379 5009
6589,6402 5380 6582 4984 6295 5124
6765,6685 5395 6764 5494 6499 5495
6462,6411 5389 6446 5433 6160 5449
6691,6684 5394 6420 5401
6496,6411 5389 6480 5473 6196 5489
6764,6684 5394 6498 5494
6942,6940 5415 6703 5417
6317,6083 5364 6305 5612 5989 5205
6644,6406 5384 6633 5653 6353 5207
6692,6684 5394 6421 5402
6513,6411 5389 6497 5493 6214 5509
6944,6940 5415 6705 5419
6767,6687 5397 6764 5494 6501 5497
6310,6076 5357 6305 5612 5982 5065
6940,6701 5415
6594,6407 5385 6582 4984 6300 5224
6724,6692 5402 6716 5434 6455 5442
6949,6940 5415 6710 5424
6772,6692 5402 6764 5494 6506 5502
6787,6691 5401 6780 5000 6522 5140
6610,6406 5384 6599 4985 6317 5205
6868,6692 5402 6860 5005 6608 5165
6950,6940 5415 6711 5425
6464,6396 5374 6463 5453 6163 5454
6603,6399 5377 6599 4985 6310 5065
6771,6691 5401 6764 5494 6505 5501
6682,6410 5388 6667 4989 6393 5289
6769,6689 5399 6764 5494 6503 5499
6957,6942 5417 6955 5435 6719 5437
6374,6086 5367 6359 5672 6049 5687
6322,6088 5369 6305 5612 5994 5305
6619,6398 5376 6616 4986 6327 5046
6955,6940 5415 6717 5435
6618,6397 5375 6616 4986 6326 5026
7000,6940 5415 6765 5495
6863,6687 5397 6860 5005 6603 5065
7090,6940 5415 6861 5025
6870,6694 5404 6860 5005 6610 5205
6959,6944 5419 6955 5435 6721 5439
6621,6400 5378 6616 4986 6329 5086
6520,6401 5379 6514 4980 6222 5100
7002,6942 5417 7000 5495 6767 5497
6964,6949 5424 6955 5435 6726 5444
6620,6399 5377 6616 4986 6328 5066
6615,6411 5389 6599 4985 6322 5305
7094,6944 5419 7090 5025 6865 5105
7004,6944 5419 7000 5495 6769 5499
6624,6403 5381 6616 4986 6332 5146
6622,6401 5379 6616 4986 6330 5106
6625,6404 5382 6616 4986 6333 5166
7092,6942 5417 7090 5025 6863 5065
6626,6405 5383 6616 4986 6334 5186
7099,6949 5424 7090 5025 6870 5205
6627,6406 5384 6616 4986 6335 5206
7100,6950 5425 7090 5025 6871 5225
6785,6689 5399 6780 5000 6520 5100
6552,6399 5377 6548 5553 6256 5557
6628,6407 5385 6616 4986 6336 5226
6623,6402 5380 6616 4986 6331 5126
6630,6409 5387 6616 4986 6338 5266
6616,6395 5373 6324 4986
6631,6410 5388 6616 4986 6339 5286
6707,6691 5401 6700 5414 6437 5421
6553,6400 5378 6548 5553 6257 5558
6629,6408 5386 6616 4986 6337 5246
6159,6087 5368 6143 5432 5822 5448
6632,6411 5389 6616 4986 6340 5306
6461,6410 5388 6446 5433 6159 5448
6946,6940 5415 6707 5421
6320,6086 5367 6305 5612 5992 5265
7006,6946 5421 7000 5495 6771 5501
6573,6403 5381 6565 5573 6278 5581
6613,6409 5387 6599 4985 6320 5265
6873,6697 5407 6860 5005 6613 5265
6510,6408 5386 6497 5493 6211 5506
6591,6404 5382 6582 4984 6297 5164
6609,6405 5383 6599 4985 6316 5185
6516,6397 5375 6514 4980 6218 5020
6465,6397 5375 6463 5453 6164 5455
6748,6684 5394 6481 5474
6121,6085 5366 6107 5392 5782 5406
6755,6691 5401 6748 5474 6488 5481
6758,6694 5404 6748 5474 6491 5484
6749,6685 5395 6748 5474 6482 5475
6551,6398 5376 6548 5553 6255 5556
6654,6399 5377 6650 4988 6364 5068
6578,6408 5386 6565 5573 6283 5586
6361,6073 5354 6359 5672 6036 5008
6656,6401 5379 6650 4988 6366 5108
6781,6685 5395 6780 5000 6516 5020
6657,6402 5380 6650 4988 6367 5128
6751,6687 5397 6748 5474 6484 5477
6753,6689 5399 6748 5474 6486 5479
6428,6411 5389 6412 5393 6124 5409
6759,6695 5405 6748 5474 6492 5485
6427,6410 5388 6412 5393 6123 5408
6563,6410 5388 6548 5553 6267 5568
6617,6396 5374 6616 4986 6325 5006
6508,6406 5384 6497 5493 6209 5504
6425,6408 5386 6412 5393 6121 5406
6633,6395 5373 6342 5653
6557,6404 5382 6548 5553 6261 5562
6662,6407 5385 6650 4988 6372 5228
6650,6395 5373 6360 4988
6672,6400 5378 6667 4989 6383 5089
6653,6398 5376 6650 4988 6363 5048
6733,6685 5395 6732 5454 6465 5455
6531,6395 5373 6234 5533
6690,6684 5394 6419 5400
6735,6687 5397 6732 5454 6467 5457
6442,6408 5386 6429 5413 6139 5426
6674,6402 5380 6667 4989 6385 5129
6815,6687 5397 6812 5554 6552 5557
6568,6398 5376 6565 5573 6273 5576
6702,6686 5396 6700 5414 6432 5416
6774,6694 5404 6764 5494 6508 5504
7017,6942 5417 7015 5020 6783 5060
6545,6409 5387 6531 5533 6248 5547
6813,6685 5395 6812 5554 6550 5555
6927,6687 5397 6924 5009 6671 5069
6664,6409 5387 6650 4988 6374 5687
7021,6946 5421 7015 5020 6787 5140
6417,6400 5378 6412 5393 6113 5398
6585,6398 5376 6582 4984 6291 5044
6648,6410 5388 6633 5653 6357 5287
7009,6949 5424 7000 5495 6774 5504
7024,6949 5424 7015 5020 6790 5200
6665,6410 5388 6650 4988 6375 5688
6658,6403 5381 6650 4988 6368 5148
6778,6698 5408 6764 5494 6512 5508
6831,6687 5397 6828 5574 6569 5577
6833,6689 5399 6828 5574 6571 5579
6544,6408 5386 6531 5533 6247 5546
6834,6690 5400 6828 5574 6572 5580
6828,6684 5394 6566 5574
6459,6408 5386 6446 5433 6157 5446
6438,6404 5382 6429 5413 6135 5422
6647,6409 5387 6633 5653 6356 5267
6812,6684 5394 6549 5554
6422,6405 5383 6412 5393 6118 5403
6651,6396 5374 6650 4988 6361 5008
6444,6410 5388 6429 5413 6141 5428
6454,6403 5381 6446 5433 6152 5441
6494,6409 5387 6480 5473 6194 5487
6768,6688 5398 6764 5494 6502 5498
7015,6940 5415 6781 5020
6704,6688 5398 6700 5414 6434 5418
6140,6086 5367 6125 5412 5802 5427
6504,6402 5380 6497 5493 6205 5500
6495,6410 5388 6480 5473 6195 5488
6924,6684 5394 6668 5009
6468,6400 5378 6463 5453 6167 5458
6943,6940 5415 6704 5418
6732,6684 5394 6464 5454
6718,6686 5396 6716 5434 6449 5436
6659,6404 5382 6650 4988 6369 5168
6816,6688 5398 6812 5554 6553 5558
6652,6397 5375 6650 4988 6362 5028
6720,6688 5398 6716 5434 6451 5438
6661,6406 5384 6650 4988 6371 5208
6987,6942 5417 6985 5475 6751 5477
6738,6690 5400 6732 5454 6470 5460
6663,6408 5386 6650 4988 6373 5686
6852,6692 5402 6844 5004 6591 5164
6736,6688 5398 6732 5454 6468 5458
6649,6411 5389 6633 5653 6358 5307
6666,6411 5389 6650 4988 6376 5689
6532,6396 5374 6531 5533 6235 5534
6754,6690 5400 6748 5474 6487 5480
6845,6685 5395 6844 5004 6584 5024
6706,6690 5400 6700 5414 6436 5420
6714,6698 5408 6700 5414 6444 5428
6698,6684 5394 6427 5408
7019,6944 5419 7015 5020 6785 5100
6443,6409 5387 6429 5413 6140 5427
6655,6400 5378 6650 4988 6365 5088
6740,6692 5402 6732 5454 6472 5462
6832,6688 5398 6828 5574 6570 5578
6848,6688 5398 6844 5004 6587 5084
6925,6685 5395 6924 5009 6669 5029
6819,6691 5401 6812 5554 6556 5561
6723,6691 5401 6716 5434 6454 5441
6929,6689 5399 6924 5009 6673 5109
6817,6689 5399 6812 5554 6554 5559
6794,6698 5408 6780 5000 6529 5280
6713,6697 5407 6700 5414 6443 5427
6660,6405 5383 6650 4988 6370 5188
6938,6698 5408 6924 5009 6682 5289
6634,6396 5374 6633 5653 6343 5007
6864,6688 5398 6860 5005 6604 5085
6945,6940 5415 6706 5420
7075,6940 5415 6845 5024
6761,6697 5407 6748 5474 6494 5487
6953,6940 5415 6714 5428
6958,6943 5418 6955 5435 6720 5438
7025,6950 5425 7015 5020 6791 5220
7003,6943 5418 7000 5495 6768 5498
6546,6410 5388 6531 5533 6249 5548
7013,6953 5428 7000 5495 6778 5508
6990,6945 5420 6985 5475 6754 5480
6746,6698 5408 6732 5454 6478 5468
6825,6697 5407 6812 5554 6562 5567
7078,6943 5418 7075 5024 6848 5084
6841,6697 5407 6828 5574 6579 5587
7028,6953 5428 7015 5020 6794 5280
7093,6943 5418 7090 5025 6864 5085
6972,6942 5417 6970 5455 6735 5457
6523,6404 5382 6514 4980 6225 5160
6973,6943 5418 6970 5455 6736 5458
6857,6697 5407 6844 5004 6596 5264
6961,6946 5421 6955 5435 6723 5441
6788,6692 5402 6780 5000 6523 5160
6975,6945 5420 6970 5455 6738 5460
6555,6402 5380 6548 5553 6259 5560
6818,6690 5400 6812 5554 6555 5560
6576,6406 5384 6565 5573 6281 5584
6838,6694 5404 6828 5574 6576 5584
6941,6940 5415 6702 5416
6688,6684 5394 6417 5398
6752,6688 5398 6748 5474 6485 5478
6849,6689 5399 6844 5004 6588 5104
6489,6404 5382 6480 5473 6189 5482
6319,6085 5366 6305 5612 5991 5245
6844,6684 5394 6583 5004
6970,6940 5415 6733 5455
6296,6080 5361 6287 5592 5967 5144
6930,6690 5400 6924 5009 6674 5129
6985,6940 5415 6749 5475
6823,6695 5405 6812 5554 6560 5565
6989,6944 5419 6985 5475 6753 5479
6708,6692 5402 6700 5414 6438 5422
6210,6084 5365 6197 5492 5876 5505
6521,6402 5380 6514 4980 6223 5120
6762,6698 5408 6748 5474 6495 5488
6737,6689 5399 6732 5454 6469 5459
6722,6690 5400 6716 5434 6453 5440
6282,6084 5365 6269 5572 5952 5585
6820,6692 5402 6812 5554 6557 5562
7150,6940 5415 6925 5029
6784,6688 5398 6780 5000 6519 5080
6314,6080 5361 6305 5612 5986 5145
6574,6404 5382 6565 5573 6279 5582
7045,6940 5415 6813 5555
6960,6945 5420 6955 5435 6722 5440
6974,6944 5419 6970 5455 6737 5459
6730,6698 5408 6716 5434 6461 5448
6830,6686 5396 6828 5574 6568 5576
6696,6684 5394 6425 5406
6728,6696 5406 6716 5434 6459 5446
6928,6688 5398 6924 5009 6672 5089
7055,6950 5425 7045 5555 6823 5565
6693,6684 5394 6422 5403
6607,6403 5381 6599 4985 6314 5145
6829,6685 5395 6828 5574 6567 5575
6715,6699 5409 6700 5414 6445 5429
6511,6409 5387 6497 5493 6212 5507
6786,6690 5400 6780 5000 6521 5120
6509,6407 5385 6497 5493 6210 5505
6968,6953 5428 6955 5435 6730 5448
6797,6685 5395 6796 5534 6533 5535
6836,6692 5402 6828 5574 6574 5582
6798,6686 5396 6796 5534 6534 5536
6912,6688 5398 6908 5008 6655 5088
6686,6684 5394 6415 5396
6847,6687 5397 6844 5004 6586 5064
7018,6943 5418 7015 5020 6784 5080
6936,6696 5406 6924 5009 6680 5249
6867,6691 5401 6860 5005 6607 5145
6909,6685 5395 6908 5008 6652 5028
6592,6405 5383 6582 4984 6298 5184
6882,6690 5400 6876 5006 6623 5126
6846,6686 5396 6844 5004 6585 5044
6741,6693 5403 6732 5454 6473 5463
6862,6686 5396 6860 5005 6602 5045
6775,6695 5405 6764 5494 6509 5505
6856,6696 5406 6844 5004 6595 5244
6699,6684 5394 6428 5409
7049,6944 5419 7045 5555 6817 5559
6952,6940 5415 6713 5427
7030,6940 5415 6797 5535
6840,6696 5406 6828 5574 6578 5586
6850,6690 5400 6844 5004 6589 5124
6777,6697 5407 6764 5494 6511 5507
6824,6696 5406 6812 5554 6561 5566
6876,6684 5394 6617 5006
7076,6941 5416 7075 5024 6846 5044
6745,6697 5407 6732 5454 6477 5467
6880,6688 5398 6876 5006 6621 5086
6939,6699 5409 6924 5009 6683 5309
6801,6689 5399 6796 5534 6537 5539
7012,6952 5427 7000 5495 6777 5507
6725,6693 5403 6716 5434 6456 5443
6977,6947 5422 6970 5455 6740 5462
6760,6696 5406 6748 5474 6493 5486
6937,6697 5407 6924 5009 6681 5269
6894,6686 5396 6892 5007 6636 5047
7034,6944 5419 7030 5535 6801 5539
6747,6699 5409 6732 5454 6479 5469
7052,6947 5422 7045 5555 6820 5562
6998,6953 5428 6985 5475 6762 5488
6869,6693 5403 6860 5005 6609 5185
7155,6945 5420 7150 5029 6930 5129
6835,6691 5401 6828 5574 6573 5581
6926,6686 5396 6924 5009 6670 5049
6734,6686 5396 6732 5454 6466 5456
6895,6687 5397 6892 5007 6637 5067
6471,6403 5381 6463 5453 6170 5461
6750,6686 5396 6748 5474 6483 5476
6886,6694 5404 6876 5006 6627 5206
6535,6399 5377 6531 5533 6238 5537
6971,6941 5416 6970 5455 6734 5456
7151,6941 5416 7150 5029 6926 5049
6893,6685 5395 6892 5007 6635 5027
6988,6943 5418 6985 5475 6752 5478
6947,6940 5415 6708 5422
6743,6695 5405 6732 5454 6475 5465
6983,6953 5428 6970 5455 6746 5468
6766,6686 5396 6764 5494 6500 5496
6727,6695 5405 6716 5434 6458 5445
6991,6946 5421 6985 5475 6755 5481
6799,6687 5397 6796 5534 6535 5537
6709,6693 5403 6700 5414 6439 5423
6919,6695 5405 6908 5008 6662 5228
7051,6946 5421 7045 5555 6819 5561
7091,6941 5416 7090 5025 6862 5045
6887,6695 5405 6876 5006 6628 5226
6558,6405 5383 6548 5553 6262 5563
6986,6941 5416 6985 5475 6750 5476
6921,6697 5407 6908 5008 6664 5687
6890,6698 5408 6876 5006 6631 5286
7079,6944 5419 7075 5024 6849 5104
6884,6692 5402 6876 5006 6625 5166
7032,6942 5417 7030 5535 6799 5537
6858,6698 5408 6844 5004 6597 5284
6997,6952 5427 6985 5475 6761 5487
7061,6941 5416 7060 5575 6830 5576
6908,6684 5394 6651 5008
7050,6945 5420 7045 5555 6818 5560
7153,6943 5418 7150 5029 6928 5089
7057,6952 5427 7045 5555 6825 5567
7010,6950 5425 7000 5495 6775 5505
6770,6690 5400 6764 5494 6504 5500
7162,6952 5427 7150 5029 6937 5269
6739,6691 5401 6732 5454 6471 5461
7031,6941 5416 7030 5535 6798 5536
6885,6693 5403 6876 5006 6626 5186
7022,6947 5422 7015 5020 6788 5160
7062,6942 5417 7060 5575 6831 5577
6881,6689 5399 6876 5006 6622 5106
7080,6945 5420 7075 5024 6850 5124
6859,6699 5409 6844 5004 6598 5304
7001,6941 5416 7000 5495 6766 5496
6742,6694 5404 6732 5454 6474 5464
6821,6693 5403 6812 5554 6558 5563
6897,6689 5399 6892 5007 6639 5107
6827,6699 5409 6812 5554 6564 5569
6982,6952 5427 6970 5455 6745 5467
6808,6696 5406 6796 5534 6544 5546
6963,6948 5423 6955 5435 6725 5443
6776,6696 5406 6764 5494 6510 5506
6965,6950 5425 6955 5435 6727 5445
6853,6693 5403 6844 5004 6592 5184
6826,6698 5408 6812 5554 6563 5568
7053,6948 5423 7045 5555 6821 5563
7102,6952 5427 7090 5025 6873 5265
6899,6691 5401 6892 5007 6641 5147
7063,6943 5418 7060 5575 6832 5578
7064,6944 5419 7060 5575 6833 5579
6804,6692 5402 6796 5534 6540 5542
7058,6953 5428 7045 5555 6826 5568
6934,6694 5404 6924 5009 6678 5209
6978,6948 5423 6970 5455 6741 5463
6980,6950 5425 6970 5455 6743 5465
7082,6947 5422 7075 5024 6852 5164
7037,6947 5422 7030 5535 6804 5542
6806,6694 5404 6796 5534 6542 5544
7097,6947 5422 7090 5025 6868 5165
6922,6698 5408 6908 5008 6665 5688
7083,6948 5423 7075 5024 6853 5184
6962,6947 5422 6955 5435 6724 5442
6803,6691 5401 6796 5534 6539 5541
6756,6692 5402 6748 5474 6489 5482
6948,6940 5415 6709 5423
6866,6690 5400 6860 5005 6606 5125
6577,6407 5385 6565 5573 6282 5585
6855,6695 5405 6844 5004 6594 5224
6638,6400 5378 6633 5653 6347 5087
6782,6686 5396 6780 5000 6517 5040
6822,6694 5404 6812 5554 6559 5564
6805,6693 5403 6796 5534 6541 5543
7047,6942 5417 7045 5555 6815 5557
7138,6943 5418 7135 5028 6912 5088
6976,6946 5421 6970 5455 6739 5461
7005,6945 5420 7000 5495 6770 5500
6547,6411 5389 6531 5533 6250 5549
6917,6693 5403 6908 5008 6660 5188
6763,6699 5409 6748 5474 6496 5489
6911,6687 5397 6908 5008 6654 5068
7065,6945 5420 7060 5575 6834 5580
6901,6693 5403 6892 5007 6643 5187
6527,6408 5386 6514 4980 6229 5240
6935,6695 5405 6924 5009 6679 5229
6854,6694 5404 6844 5004 6593 5204
6757,6693 5403 6748 5474 6490 5483
7135,6940 5415 6909 5028
6877,6685 5395 6876 5006 6618 5026
6933,6693 5403 6924 5009 6677 5189
7145,6950 5425 7135 5028 6919 5228
7060,6940 5415 6829 5575
7122,6942 5417 7120 5027 6895 5067
6712,6696 5406 6700 5414 6442 5426
7016,6941 5416 7015 5020 6782 5040
6875,6699 5409 6860 5005 6615 5305
6773,6693 5403 6764 5494 6507 5503
7124,6944 5419 7120 5027 6897 5107
7036,6946 5421 7030 5535 6803 5541
6992,6947 5422 6985 5475 6756 5482
7163,6953 5428 7150 5029 6938 5289
6810,6698 5408 6796 5534 6546 5548
6807,6695 5405 6796 5534 6543 5545
6888,6696 5406 6876 5006 6629 5246
6789,6693 5403 6780 5000 6524 5180
6896,6688 5398 6892 5007 6638 5087
6903,6695 5405 6892 5007 6645 5227
6590,6403 5381 6582 4984 6296 5144
6580,6410 5388 6565 5573 6285 5588
6892,6684 5394 6634 5007
7043,6953 5428 7030 5535 6810 5548
7121,6941 5416 7120 5027 6894 5047
6979,6949 5424 6970 5455 6742 5464
6796,6684 5394 6532 5534
6920,6696 5406 6908 5008 6663 5686
7066,6946 5421 7060 5575 6835 5581
6879,6687 5397 6876 5006 6620 5066
6994,6949 5424 6985 5475 6758 5484
7158,6948 5423 7150 5029 6933 5189
6905,6697 5407 6892 5007 6647 5267
7137,6942 5417 7135 5028 6911 5068
7077,6942 5417 7075 5024 6847 5064
6839,6695 5405 6828 5574 6577 5585
7008,6948 5423 7000 5495 6773 5503
6906,6698 5408 6892 5007 6648 5287
7040,6950 5425 7030 5535 6807 5545
6995,6950 5425 6985 5475 6759 5485
6966,6951 5426 6955 5435 6728 5446
7072,6952 5427 7060 5575 6841 5587
7023,6948 5423 7015 5020 6789 5180
7128,6948 5423 7120 5027 6901 5187
6612,6408 5386 6599 4985 6319 5245
7130,6950 5425 7120 5027 6903 5227
6676,6404 5382 6667 4989 6387 5169
6809,6697 5407 6796 5534 6545 5547
6910,6686 5396 6908 5008 6653 5048
7152,6942 5417 7150 5029 6927 5069
7107,6942 5417 7105 5026 6879 5066
6851,6691 5401 6844 5004 6590 5144
7143,6948 5423 7135 5028 6917 5188
7011,6951 5426 7000 5495 6776 5506
7085,6950 5425 7075 5024 6855 5224
6900,6692 5402 6892 5007 6642 5167
7041,6951 5426 7030 5535 6808 5546
6872,6696 5406 6860 5005 6612 5245
7054,6949 5424 7045 5555 6822 5564
7042,6952 5427 7030 5535 6809 5547
7123,6943 5418 7120 5027 6896 5087
7081,6946 5421 7075 5024 6851 5144
6931,6691 5401 6924 5009 6675 5149
6932,6692 5402 6924 5009 6676 5169
7098,6948 5423 7090 5025 6869 5185
7056,6951 5426 7045 5555 6824 5566
7136,6941 5416 7135 5028 6910 5048
7127,6947 5422 7120 5027 6900 5167
7070,6950 5425 7060 5575 6839 5585
7086,6951 5426 7075 5024 6856 5244
6914,6690 5400 6908 5008 6657 5128
7101,6951 5426 7090 5025 6872 5245
6951,6940 5415 6712 5426
6874,6698 5408 6860 5005 6614 5285
7157,6947 5422 7150 5029 6932 5169
6842,6698 5408 6828 5574 6580 5588
7156,6946 5421 7150 5029 6931 5149
7071,6951 5426 7060 5575 6840 5586
7140,6945 5420 7135 5028 6914 5128
7146,6951 5426 7135 5028 6920 5686
7159,6949 5424 7150 5029 6934 5209
7073,6953 5428 7060 5575 6842 5588
7103,6953 5428 7090 5025 6874 5285
7161,6951 5426 7150 5029 6936 5249
6996,6951 5426 6985 5475 6760 5486
7027,6952 5427 7015 5020 6793 5260
6811,6699 5409 6796 5534 6547 5549
6907,6699 5409 6892 5007 6649 5307
6843,6699 5409 6828 5574 6581 5589
6904,6696 5406 6892 5007 6646 5247
7131,6951 5426 7120 5027 6904 5247
6814,6686 5396 6812 5554 6551 5556
6779,6699 5409 6764 5494 6513 5509
7038,6948 5423 7030 5535 6805 5543
7039,6949 5424 7030 5535 6806 5544
6918,6694 5404 6908 5008 6661 5208
6993,6948 5423 6985 5475 6757 5483
7048,6943 5418 7045 5555 6816 5558
6883,6691 5401 6876 5006 6624 5146
7067,6947 5422 7060 5575 6836 5582
7007,6947 5422 7000 5495 6772 5502
7069,6949 5424 7060 5575 6838 5584
6744,6696 5406 6732 5454 6476 5466
6802,6690 5400 6796 5534 6538 5540
6800,6688 5398 6796 5534 6536 5538
6898,6690 5400 6892 5007 6640 5127
6956,6941 5416 6955 5435 6718 5436
7147,6952 5427 7135 5028 6921 5687
6913,6689 5399 6908 5008 6656 5108
6891,6699 5409 6876 5006 6632 5306
7096,6946 5421 7090 5025 6867 5145
7088,6953 5428 7075 5024 6858 5284
6981,6951 5426 6970 5455 6744 5466
6731,6699 5409 6716 5434 6462 5449
7120,6940 5415 6893 5027
7133,6953 5428 7120 5027 6906 5287
6902,6694 5404 6892 5007 6644 5207
6916,6692 5402 6908 5008 6659 5168
7129,6949 5424 7120 5027 6902 5207
6984,6954 5429 6970 5455 6747 5469
6923,6699 5409 6908 5008 6666 5689
7095,6945 5420 7090 5025 6866 5125
6915,6691 5401 6908 5008 6658 5148
7148,6953 5428 7135 5028 6922 5688
6889,6697 5407 6876 5006 6630 5266
7141,6946 5421 7135 5028 6915 5148
7046,6941 5416 7045 5555 6814 5556
7087,6952 5427 7075 5024 6857 5264
6837,6693 5403 6828 5574 6575 5583
6969,6954 5429 6955 5435 6731 5449
7144,6949 5424 7135 5028 6918 5208
6999,6954 5429 6985 5475 6763 5489
7142,6947 5422 7135 5028 6916 5168
7110,6945 5420 7105 5026 6882 5126
7113,6948 5423 7105 5026 6885 5186
7112,6947 5422 7105 5026 6884 5166
7105,6940 5415 6877 5026
7116,6951 5426 7105 5026 6888 5246
7115,6950 5425 7105 5026 6887 5226
7167,7165 5436 6958 5438
7117,6952 5427 7105 5026 6889 5266
7139,6944 5419 7135 5028 6913 5108
7154,6944 5419 7150 5029 6929 5109
7089,6954 5429 7075 5024 6859 5304
7111,6946 5421 7105 5026 6883 5146
7169,7165 5436 6960 5440
7044,6954 5429 7030 5535 6811 5549
7104,6954 5429 7090 5025 6875 5305
7118,6953 5428 7105 5026 6890 5286
7170,7165 5436 6961 5441
7059,6954 5429 7045 5555 6827 5569
7119,6954 5429 7105 5026 6891 5306
7168,7165 5436 6959 5439
7171,7165 5436 6962 5442
7134,6954 5429 7120 5027 6907 5307
6954,6940 5415 6715 5429
7172,7165 5436 6963 5443
7149,6954 5429 7135 5028 6923 5689
6792,6696 5406 6780 5000 6527 5240
7164,6954 5429 7150 5029 6939 5309
7174,7165 5436 6965 5445
7026,6951 5426 7015 5020 6792 5240
7177,7165 5436 6968 5448
7178,7165 5436 6969 5449
6878,6686 5396 6876 5006 6619 5046
7084,6949 5424 7075 5024 6854 5204
7074,6954 5429 7060 5575 6843 5589
7106,6941 5416 7105 5026 6878 5046
7195,7167 5438 7193 5476 6988 5478
7182,7168 5439 7179 5456 6974 5459
7020,6945 5420 7015 5020 6786 5120
7126,6946 5421 7120 5027 6899 5147
7197,7169 5440 7193 5476 6990 5480
7184,7170 5441 7179 5456 6976 5461
7224,7168 5439 7221 5040 7019 5100
7238,7168 5439 7235 5536 7034 5539
7160,6950 5425 7150 5029 6935 5229
7165,6956 5436
6967,6952 5427 6955 5435 6729 5447
7199,7171 5442 7193 5476 6992 5482
7226,7170 5441 7221 5040 7021 5140
7213,7171 5442 7207 5496 7007 5502
7179,7165 5436 6971 5456
7188,7174 5445 7179 5456 6980 5465
7253,7169 5440 7249 5556 7050 5560
7227,7171 5442 7221 5040 7022 5160
7207,7165 5436 7001 5496
6795,6699 5409 6780 5000 6530 5300
7033,6943 5418 7030 5535 6800 5538
7235,7165 5436 7031 5536
7221,7165 5436 7016 5040
7193,7165 5436 6986 5476
7280,7168 5439 7277 5044 7079 5104
7230,7174 5445 7221 5040 7025 5220
7216,7174 5445 7207 5496 7010 5505
7237,7167 5438 7235 5536 7033 5538
7256,7172 5443 7249 5556 7053 5563
7204,7176 5447 7193 5476 6997 5487
7183,7169 5440 7179 5456 6975 5460
7283,7171 5442 7277 5044 7082 5164
7219,7177 5448 7207 5496 7013 5508
7223,7167 5438 7221 5040 7018 5080
7210,7168 5439 7207 5496 7004 5499
7029,6954 5429 7015 5020 6795 5300
7293,7167 5438 7291 5045 7093 5085
7294,7168 5439 7291 5045 7094 5105
7190,7176 5447 7179 5456 6982 5467
7206,7178 5449 7193 5476 6999 5489
7233,7177 5448 7221 5040 7028 5280
7337,7169 5440 7333 5048 7140 5128
7068,6948 5423 7060 5575 6837 5583
7191,7177 5448 7179 5456 6983 5468
7234,7178 5449 7221 5040 7029 5300
7248,7178 5449 7235 5536 7044 5549
7189,7175 5446 7179 5456 6981 5466
7014,6954 5429 7000 5495 6779 5509
7114,6949 5424 7105 5026 6886 5206
7203,7175 5446 7193 5476 6996 5486
7217,7175 5446 7207 5496 7011 5506
7220,7178 5449 7207 5496 7014 5509
7231,7175 5446 7221 5040 7026 5240
7175,7165 5436 6966 5446
7245,7175 5446 7235 5536 7041 5546
7259,7175 5446 7249 5556 7056 5566
7035,6945 5420 7030 5535 6802 5540
7249,7165 5436 7046 5556
7176,7165 5436 6967 5447
7109,6944 5419 7105 5026 6881 5106
7181,7167 5438 7179 5456 6973 5458
7108,6943 5418 7105 5026 6880 5086
7265,7167 5438 7263 5576 7063 5578
7125,6945 5420 7120 5027 6898 5127
7239,7169 5440 7235 5536 7035 5540
7132,6952 5427 7120 5027 6905 5267
7295,7169 5440 7291 5045 7095 5125
7218,7176 5447 7207 5496 7012 5507
7338,7170 5441 7333 5048 7141 5148
7286,7174 5445 7277 5044 7085 5224
7261,7177 5448 7249 5556 7058 5568
7288,7176 5447 7277 5044 7087 5264
7260,7176 5447 7249 5556 7057 5567
7277,7165 5436 7076 5044
7258,7174 5445 7249 5556 7055 5565
7255,7171 5442 7249 5556 7052 5562
7214,7172 5443 7207 5496 7008 5503
7297,7171 5442 7291 5045 7097 5165
7284,7172 5443 7277 5044 7083 5184
7282,7170 5441 7277 5044 7081 5144
7254,7170 5441 7249 5556 7051 5561
7205,7177 5448 7193 5476 6998 5488
7202,7174 5445 7193 5476 6995 5485
7336,7168 5439 7333 5048 7139 5108
7281,7169 5440 7277 5044 7080 5124
7244,7174 5445 7235 5536 7040 5545
7266,7168 5439 7263 5576 7064 5579
7296,7170 5441 7291 5045 7096 5145
7232,7176 5447 7221 5040 7027 5260
7339,7171 5442 7333 5048 7142 5168
7287,7175 5446 7277 5044 7086 5244
7262,7178 5449 7249 5556 7059 5569
7180,7166 5437 7179 5456 6972 5457
7187,7173 5444 7179 5456 6979 5464
7333,7165 5436 7136 5048
7194,7166 5437 7193 5476 6987 5477
7291,7165 5436 7091 5045
7267,7169 5440 7263 5576 7065 5580
7246,7176 5447 7235 5536 7042 5547
7307,7167 5438 7305 5046 7108 5086
7349,7167 5438 7347 5049 7153 5089
7272,7174 5445 7263 5576 7070 5585
7301,7175 5446 7291 5045 7101 5245
7340,7172 5443 7333 5048 7143 5188
7236,7166 5437 7235 5536 7032 5537
7354,7172 5443 7347 5049 7158 5189
7289,7177 5448 7277 5044 7088 5284
7343,7175 5446 7333 5048 7146 5686
7243,7173 5444 7235 5536 7039 5544
7201,7173 5444 7193 5476 6994 5484
7228,7172 5443 7221 5040 7023 5180
7304,7178 5449 7291 5045 7104 5305
7322,7168 5439 7319 5047 7124 5107
7211,7169 5440 7207 5496 7005 5500
7346,7178 5449 7333 5048 7149 5689
7311,7171 5442 7305 5046 7112 5166
7353,7171 5442 7347 5049 7157 5169
7314,7174 5445 7305 5046 7115 5226
7303,7177 5448 7291 5045 7103 5285
7345,7177 5448 7333 5048 7148 5688
7335,7167 5438 7333 5048 7138 5088
7268,7170 5441 7263 5576 7066 5581
7192,7178 5449 7179 5456 6984 5469
7247,7177 5448 7235 5536 7043 5548
7263,7165 5436 7061 5576
7347,7165 5436 7151 5049
7305,7165 5436 7106 5046
7275,7177 5448 7263 5576 7073 5588
7185,7171 5442 7179 5456 6977 5462
7173,7165 5436 6964 5444
7209,7167 5438 7207 5496 7003 5498
7200,7172 5443 7193 5476 6993 5483
7357,7175 5446 7347 5049 7161 5249
7292,7166 5437 7291 5045 7092 5065
7363,7361 5457 7182 5459
7306,7166 5437 7305 5046 7107 5066
7299,7173 5444 7291 5045 7099 5205
7278,7166 5437 7277 5044 7077 5064
7313,7173 5444 7305 5046 7114 5206
7326,7172 5443 7319 5047 7128 5187
7285,7173 5444 7277 5044 7084 5204
7317,7177 5448 7305 5046 7118 5286
7198,7170 5441 7193 5476 6991 5481
7196,7168 5439 7193 5476 6989 5479
7327,7173 5444 7319 5047 7129 5207
7308,7168 5439 7305 5046 7109 5106
7318,7178 5449 7305 5046 7119 5306
7325,7171 5442 7319 5047 7127 5167
7251,7167 5438 7249 5556 7048 5558
7355,7173 5444 7347 5049 7159 5209
7359,7177 5448 7347 5049 7163 5289
7276,7178 5449 7263 5576 7074 5589
7225,7169 5440 7221 5040 7020 5120
7360,7178 5449 7347 5049 7164 5309
7341,7173 5444 7333 5048 7144 5208
7212,7170 5441 7207 5496 7006 5501
7242,7172 5443 7235 5536 7038 5543
7316,7176 5447 7305 5046 7117 5266
7252,7168 5439 7249 5556 7049 5559
7358,7176 5447 7347 5049 7162 5269
7240,7170 5441 7235 5536 7036 5541
7298,7172 5443 7291 5045 7098 5185
7350,7168 5439 7347 5049 7154 5109
7342,7174 5445 7333 5048 7145 5228
7290,7178 5449 7277 5044 7089 5304
7208,7166 5437 7207 5496 7002 5497
7215,7173 5444 7207 5496 7009 5504
7269,7171 5442 7263 5576 7067 5582
7309,7169 5440 7305 5046 7110 5126
7351,7169 5440 7347 5049 7155 5129
7300,7174 5445 7291 5045 7100 5225
7362,7361 5457 7181 5458
7264,7166 5437 7263 5576 7062 5577
7271,7173 5444 7263 5576 7069 5584
7324,7170 5441 7319 5047 7126 5147
7274,7176 5447 7263 5576 7072 5587
7315,7175 5446 7305 5046 7116 5246
7356,7174 5445 7347 5049 7160 5229
7368,7361 5457 7187 5464
7329,7175 5446 7319 5047 7131 5247
7166,7165 5436 6957 5437
7364,7361 5457 7183 5460
7369,7361 5457 7188 5465
7250,7166 5437 7249 5556 7047 5557
7348,7166 5437 7347 5049 7152 5069
7330,7176 5447 7319 5047 7132 5267
7366,7361 5457 7185 5462
7365,7361 5457 7184 5461
7320,7166 5437 7319 5047 7122 5067
7334,7166 5437 7333 5048 7137 5068
7257,7173 5444 7249 5556 7054 5564
7328,7174 5445 7319 5047 7130 5227
7323,7169 5440 7319 5047 7125 5127
7273,7175 5446 7263 5576 7071 5586
7312,7172 5443 7305 5046 7113 5186
7370,7361 5457 7189 5466
7331,7177 5448 7319 5047 7133 5287
7319,7165 5436 7121 5047
7371,7361 5457 7190 5467
7372,7361 5457 7191 5468
7332,7178 5449 7319 5047 7134 5307
7186,7172 5443 7179 5456 6978 5463
7367,7361 5457 7186 5463
7279,7167 5438 7277 5044 7078 5084
7241,7171 5442 7235 5536 7037 5542
7373,7361 5457 7192 5469
7388,7362 5458 7387 5497 7209 5498
7390,7364 5460 7387 5497 7211 5500
7378,7365 5461 7374 5477 7198 5481
7417,7365 5461 7413 5537 7240 5541
7382,7369 5465 7374 5477 7202 5485
7374,7361 5457 7194 5477
7416,7364 5460 7413 5537 7239 5540
7381,7368 5464 7374 5477 7201 5484
7420,7368 5464 7413 5537 7243 5544
7386,7373 5469 7374 5477 7206 5489
7385,7372 5468 7374 5477 7205 5488
7380,7367 5463 7374 5477 7200 5483
7419,7367 5463 7413 5537 7242 5543
7376,7363 5459 7374 5477 7196 5479
7389,7363 5459 7387 5497 7210 5499
7391,7365 5461 7387 5497 7212 5501
7422,7370 5466 7413 5537 7245 5546
7413,7361 5457 7236 5537
7361,7180 5457
7375,7362 5458 7374 5477 7195 5478
7428,7363 5459 7426 5557 7252 5559
7377,7364 5460 7374 5477 7197 5480
7414,7362 5458 7413 5537 7237 5538
7379,7366 5462 7374 5477 7199 5482
7222,7166 5437 7221 5040 7017 5060
7415,7363 5459 7413 5537 7238 5539
7452,7361 5457 7278 5064
7418,7366 5462 7413 5537 7241 5542
7383,7370 5466 7374 5477 7203 5486
7427,7362 5458 7426 5557 7251 5558
7467,7363 5459 7465 5065 7294 5105
7468,7364 5460 7465 5065 7295 5125
7229,7173 5444 7221 5040 7024 5200
7469,7365 5461 7465 5065 7296 5145
7401,7362 5458 7400 5060 7223 5080
7402,7363 5459 7400 5060 7224 5100
7404,7365 5461 7400 5060 7226 5140
7440,7362 5458 7439 5577 7265 5578
7460,7369 5465 7452 5064 7286 5224
7464,7373 5469 7452 5064 7290 5304
7405,7366 5462 7400 5060 7227 5160
7430,7365 5461 7426 5557 7254 5561
7321,7167 5438 7319 5047 7123 5087
7470,7366 5462 7465 5065 7297 5165
7461,7370 5466 7452 5064 7287 5244
7403,7364 5460 7400 5060 7225 5120
7394,7368 5464 7387 5497 7215 5504
7443,7365 5461 7439 5577 7268 5581
7455,7364 5460 7452 5064 7281 5124
7425,7373 5469 7413 5537 7248 5549
7444,7366 5462 7439 5577 7269 5582
7446,7368 5464 7439 5577 7271 5584
7270,7172 5443 7263 5576 7068 5583
7445,7367 5463 7439 5577 7270 5583
7310,7170 5441 7305 5046 7111 5146
7352,7170 5441 7347 5049 7156 5149
7302,7176 5447 7291 5045 7102 5265
7344,7176 5447 7333 5048 7147 5687
7387,7361 5457 7208 5497
7439,7361 5457 7264 5577
7458,7367 5463 7452 5064 7284 5184
7459,7368 5464 7452 5064 7285 5204
7447,7369 5465 7439 5577 7272 5585
7406,7367 5463 7400 5060 7228 5180
7462,7371 5467 7452 5064 7288 5264
7426,7361 5457 7250 5557
7465,7361 5457 7292 5065
7384,7371 5467 7374 5477 7204 5487
7448,7370 5466 7439 5577 7273 5586
7429,7364 5460 7426 5557 7253 5560
7392,7366 5462 7387 5497 7213 5502
7393,7367 5463 7387 5497 7214 5503
7397,7371 5467 7387 5497 7218 5507
7442,7364 5460 7439 5577 7267 5580
7454,7363 5459 7452 5064 7280 5104
7421,7369 5465 7413 5537 7244 5545
7424,7372 5468 7413 5537 7247 5548
7494,7364 5460 7491 5067 7323 5127
7441,7363 5459 7439 5577 7266 5579
7471,7367 5463 7465 5065 7298 5185
7453,7362 5458 7452 5064 7279 5084
7433,7368 5464 7426 5557 7257 5564
7466,7362 5458 7465 5065 7293 5085
7423,7371 5467 7413 5537 7246 5547
7449,7371 5467 7439 5577 7274 5587
7436,7371 5467 7426 5557 7260 5567
7474,7370 5466 7465 5065 7301 5245
7473,7369 5465 7465 5065 7300 5225
7434,7369 5465 7426 5557 7258 5565
7493,7363 5459 7491 5067 7322 5107
7407,7368 5464 7400 5060 7229 5200
7398,7372 5468 7387 5497 7219 5508
7399,7373 5469 7387 5497 7220 5509
7435,7370 5466 7426 5557 7259 5566
7472,7368 5464 7465 5065 7299 5205
7450,7372 5468 7439 5577 7275 5588
7438,7373 5469 7426 5557 7262 5569
7451,7373 5469 7439 5577 7276 5589
7476,7372 5468 7465 5065 7303 5285
7534,7530 5478 7379 5482
7496,7366 5462 7491 5067 7325 5167
7507,7364 5460 7504 5068 7337 5128
7481,7364 5460 7478 5066 7309 5126
7408,7369 5465 7400 5060 7230 5220
7532,7530 5478 7377 5480
7535,7530 5478 7380 5483
7480,7363 5459 7478 5066 7308 5106
7536,7530 5478 7381 5484
7409,7370 5466 7400 5060 7231 5240
7482,7365 5461 7478 5066 7310 5146
7508,7365 5461 7504 5068 7338 5148
7506,7363 5459 7504 5068 7336 5108
7497,7367 5463 7491 5067 7326 5187
7495,7365 5461 7491 5067 7324 5147
7510,7367 5463 7504 5068 7340 5188
7400,7361 5457 7222 5060
7410,7371 5467 7400 5060 7232 5260
7483,7366 5462 7478 5066 7311 5166
7463,7372 5468 7452 5064 7289 5284
7412,7373 5469 7400 5060 7234 5300
7509,7366 5462 7504 5068 7339 5168
7537,7530 5478 7382 5485
7411,7372 5468 7400 5060 7233 5280
7484,7367 5463 7478 5066 7312 5186
7498,7368 5464 7491 5067 7327 5207
7511,7368 5464 7504 5068 7341 5208
7499,7369 5465 7491 5067 7328 5227
7485,7368 5464 7478 5066 7313 5206
7512,7369 5465 7504 5068 7342 5228
7538,7530 5478 7383 5486
7539,7530 5478 7384 5487
7486,7369 5465 7478 5066 7314 5226
7500,7370 5466 7491 5067 7329 5247
7513,7370 5466 7504 5068 7343 5686
7541,7530 5478 7386 5489
7540,7530 5478 7385 5488
7487,7370 5466 7478 5066 7315 5246
7514,7371 5467 7504 5068 7344 5687
7491,7361 5457 7320 5067
7504,7361 5457 7334 5068
7431,7366 5462 7426 5557 7255 5562
7395,7369 5465 7387 5497 7216 5505
7456,7365 5461 7452 5064 7282 5144
7478,7361 5457 7306 5066
7531,7530 5478 7376 5479
7492,7362 5458 7491 5067 7321 5087
7568,7532 5480 7566 5538 7416 5540
7505,7362 5458 7504 5068 7335 5088
7437,7372 5468 7426 5557 7261 5568
7475,7371 5467 7465 5065 7302 5265
7543,7531 5479 7542 5498 7389 5499
7556,7532 5480 7554 5080 7403 5120
7530,7375 5478
7546,7534 5482 7542 5498 7392 5502
7490,7373 5469 7478 5066 7318 5306
7574,7538 5486 7566 5538 7422 5546
7518,7362 5458 7517 5069 7349 5089
7520,7364 5460 7517 5069 7351 5129
7542,7530 5478 7388 5498
7566,7530 5478 7414 5538
7533,7530 5478 7378 5481
7674,7543 5499
7501,7371 5467 7491 5067 7330 5267
7479,7362 5458 7478 5066 7307 5086
7561,7537 5485 7554 5080 7408 5220
7569,7533 5481 7566 5538 7417 5541
7560,7536 5484 7554 5080 7407 5200
7477,7373 5469 7465 5065 7304 5305
7653,7533 5481 7650 5088 7508 5148
7523,7367 5463 7517 5069 7354 5189
7544,7532 5480 7542 5498 7390 5500
7552,7540 5488 7542 5498 7398 5508
7652,7532 5480 7650 5088 7507 5128
7548,7536 5484 7542 5498 7394 5504
7554,7530 5478 7401 5080
7605,7533 5481 7602 5084 7456 5144
7576,7540 5488 7566 5538 7424 5548
7564,7540 5488 7554 5080 7411 5280
7488,7371 5467 7478 5066 7316 5266
7593,7533 5481 7590 5578 7443 5581
7522,7366 5462 7517 5069 7353 5169
7675,7674 5499 7544 5500
7565,7541 5489 7554 5080 7412 5300
7657,7537 5485 7650 5088 7512 5228
7526,7370 5466 7517 5069 7357 5249
7683,7674 5499 7552 5508
7555,7531 5479 7554 5080 7402 5100
7650,7530 5478 7505 5088
7549,7537 5485 7542 5498 7395 5505
7517,7361 5457 7348 5069
7572,7536 5484 7566 5538 7420 5544
7679,7674 5499 7548 5504
7567,7531 5479 7566 5538 7415 5539
7558,7534 5482 7554 5080 7405 5160
7570,7534 5482 7566 5538 7418 5542
7519,7363 5459 7517 5069 7350 5109
7502,7372 5468 7491 5067 7331 5287
7553,7541 5489 7542 5498 7399 5509
7432,7367 5463 7426 5557 7256 5563
7594,7534 5482 7590 5578 7444 5582
7577,7541 5489 7566 5538 7425 5549
7515,7372 5468 7504 5068 7345 5688
7489,7372 5468 7478 5066 7317 5286
7503,7373 5469 7491 5067 7332 5307
7516,7373 5469 7504 5068 7346 5689
7684,7674 5499 7553 5509
7618,7534 5482 7614 5085 7470 5165
7661,7541 5489 7650 5088 7516 5689
7396,7370 5466 7387 5497 7217 5506
7550,7538 5486 7542 5498 7396 5506
7527,7371 5467 7517 5069 7358 5269
7457,7366 5462 7452 5064 7283 5164
7681,7674 5499 7550 5506
7658,7538 5486 7650 5088 7513 5686
7654,7534 5482 7650 5088 7509 5168
7663,7531 5479 7662 5089 7519 5109
7602,7530 5478 7453 5084
7660,7540 5488 7650 5088 7515 5688
7662,7530 5478 7518 5089
7578,7530 5478 7427 5558
7614,7530 5478 7466 5085
7638,7530 5478 7492 5087
7606,7534 5482 7602 5084 7457 5164
7589,7541 5489 7578 5558 7438 5569
7545,7533 5481 7542 5498 7391 5501
7557,7533 5481 7554 5080 7404 5140
7651,7531 5479 7650 5088 7506 5108
7646,7538 5486 7638 5087 7500 5247
7677,7674 5499 7546 5502
7648,7540 5488 7638 5087 7502 5287
7649,7541 5489 7638 5087 7503 5307
7624,7540 5488 7614 5085 7476 5285
7583,7535 5483 7578 5558 7432 5563
7598,7538 5486 7590 5578 7448 5586
7592,7532 5480 7590 5578 7442 5580
7582,7534 5482 7578 5558 7431 5562
7573,7537 5485 7566 5538 7421 5545
7588,7540 5488 7578 5558 7437 5568
7622,7538 5486 7614 5085 7474 5245
7579,7531 5479 7578 5558 7428 5559
7559,7535 5483 7554 5080 7406 5180
7645,7537 5485 7638 5087 7499 5227
7575,7539 5487 7566 5538 7423 5547
7613,7541 5489 7602 5084 7464 5304
7671,7539 5487 7662 5089 7527 5269
7547,7535 5483 7542 5498 7393 5503
7647,7539 5487 7638 5087 7501 5267
7580,7532 5480 7578 5558 7429 5560
7617,7533 5481 7614 5085 7469 5145
7640,7532 5480 7638 5087 7494 5127
7603,7531 5479 7602 5084 7454 5104
7571,7535 5483 7566 5538 7419 5543
7639,7531 5479 7638 5087 7493 5107
7521,7365 5461 7517 5069 7352 5149
7607,7535 5483 7602 5084 7458 5184
7665,7533 5481 7662 5089 7521 5149
7608,7536 5484 7602 5084 7459 5204
7707,7674 5499 7579 5559
7551,7539 5487 7542 5498 7397 5507
7717,7684 5509 7707 5559 7589 5569
7780,7681 5506 7773 5108 7658 5686
7615,7531 5479 7614 5085 7467 5105
7762,7674 5499 7639 5107
7769,7681 5506 7762 5107 7646 5247
7776,7677 5502 7773 5108 7654 5168
7710,7677 5502 7707 5559 7582 5562
7708,7675 5500 7707 5559 7580 5560
7772,7684 5509 7762 5107 7649 5307
7774,7675 5500 7773 5108 7652 5128
7682,7674 5499 7551 5507
7716,7683 5508 7707 5559 7588 5568
7729,7674 5499 7603 5104
7770,7682 5507 7762 5107 7647 5267
7773,7674 5499 7651 5108
7562,7538 5486 7554 5080 7409 5240
7739,7684 5509 7729 5104 7613 5304
7763,7675 5500 7762 5107 7640 5127
7771,7683 5508 7762 5107 7648 5287
7734,7679 5504 7729 5104 7608 5204
7783,7684 5509 7773 5108 7661 5689
7782,7683 5508 7773 5108 7660 5688
7655,7535 5483 7650 5088 7510 5188
7524,7368 5464 7517 5069 7355 5209
7668,7536 5484 7662 5089 7524 5209
7590,7530 5478 7440 5578
7625,7541 5489 7614 5085 7477 5305
7581,7533 5481 7578 5558 7430 5561
7623,7539 5487 7614 5085 7475 5265
7732,7677 5502 7729 5104 7606 5164
7685,7674 5499 7555 5100
7600,7540 5488 7590 5578 7450 5588
7596,7536 5484 7590 5578 7446 5584
7688,7677 5502 7685 5100 7558 5160
7784,7674 5499 7663 5109
7678,7674 5499 7547 5503
7686,7675 5500 7685 5100 7556 5120
7585,7537 5485 7578 5558 7434 5565
7692,7681 5506 7685 5100 7562 5240
7689,7678 5503 7685 5100 7559 5180
7733,7678 5503 7729 5104 7607 5184
7690,7679 5504 7685 5100 7560 5200
7695,7684 5509 7685 5100 7565 5300
7616,7532 5480 7614 5085 7468 5125
7599,7539 5487 7590 5578 7449 5587
7711,7678 5503 7707 5559 7583 5563
7789,7679 5504 7784 5109 7668 5209
7697,7675 5500 7696 5539 7568 5540
7642,7534 5482 7638 5087 7496 5167
7628,7532 5480 7626 5086 7481 5126
7620,7536 5484 7614 5085 7472 5205
7701,7679 5504 7696 5539 7572 5544
7703,7681 5506 7696 5539 7574 5546
7792,7682 5507 7784 5109 7671 5269
7601,7541 5489 7590 5578 7451 5589
7630,7534 5482 7626 5086 7483 5166
7777,7678 5503 7773 5108 7655 5188
7597,7537 5485 7590 5578 7447 5585
7696,7674 5499 7567 5539
7629,7533 5481 7626 5086 7482 5146
7765,7677 5502 7762 5107 7642 5167
7627,7531 5479 7626 5086 7480 5106
7610,7538 5486 7602 5084 7461 5244
7631,7535 5483 7626 5086 7484 5186
7705,7683 5508 7696 5539 7576 5548
7704,7682 5507 7696 5539 7575 5547
7699,7677 5502 7696 5539 7570 5542
7706,7684 5509 7696 5539 7577 5549
7666,7534 5482 7662 5089 7522 5169
7563,7539 5487 7554 5080 7410 5260
7691,7680 5505 7685 5100 7561 5220
7702,7680 5505 7696 5539 7573 5545
7713,7680 5505 7707 5559 7585 5565
7633,7537 5485 7626 5086 7486 5226
7680,7674 5499 7549 5505
7632,7536 5484 7626 5086 7485 5206
7634,7538 5486 7626 5086 7487 5246
7529,7373 5469 7517 5069 7360 5309
7700,7678 5503 7696 5539 7571 5543
7787,7677 5502 7784 5109 7666 5169
7693,7682 5507 7685 5100 7563 5260
7736,7681 5506 7729 5104 7610 5244
7626,7530 5478 7479 5086
7768,7680 5505 7762 5107 7645 5227
7779,7680 5505 7773 5108 7657 5228
7586,7538 5486 7578 5558 7435 5566
7587,7539 5487 7578 5558 7436 5567
7752,7675 5500 7751 5106 7628 5126
7694,7683 5508 7685 5100 7564 5280
7635,7539 5487 7626 5086 7488 5266
7754,7677 5502 7751 5106 7630 5166
7673,7541 5489 7662 5089 7529 5309
7636,7540 5488 7626 5086 7489 5286
7797,7795 5120 7688 5160
7637,7541 5489 7626 5086 7490 5306
7525,7369 5465 7517 5069 7356 5229
7714,7681 5506 7707 5559 7586 5566
7584,7536 5484 7578 5558 7433 5564
7799,7795 5120 7690 5200
7800,7795 5120 7691 5220
7794,7684 5509 7784 5109 7673 5309
7621,7537 5485 7614 5085 7473 5225
7712,7679 5504 7707 5559 7584 5564
7715,7682 5507 7707 5559 7587 5567
7591,7531 5479 7590 5578 7441 5579
7757,7680 5505 7751 5106 7633 5226
7643,7535 5483 7638 5087 7497 5187
7758,7681 5506 7751 5106 7634 5246
7755,7678 5503 7751 5106 7631 5186
7801,7795 5120 7692 5240
7751,7674 5499 7627 5106
7803,7795 5120 7694 5280
7766,7678 5503 7762 5107 7643 5187
7595,7535 5483 7590 5578 7445 5583
7760,7683 5508 7751 5106 7636 5286
7761,7684 5509 7751 5106 7637 5306
7656,7536 5484 7650 5088 7511 5208
7802,7795 5120 7693 5260
7795,7686 5120
7778,7679 5504 7773 5108 7656 5208
7804,7795 5120 7695 5300
7644,7536 5484 7638 5087 7498 5207
7604,7532 5480 7602 5084 7455 5124
7611,7539 5487 7602 5084 7462 5264
7721,7677 5502 7718 5579 7594 5582
7641,7533 5481 7638 5087 7495 5147
7810,7800 5220 7805 5540 7702 5545
7798,7795 5120 7689 5180
7730,7675 5500 7729 5104 7604 5124
7805,7795 5120 7697 5540
7722,7678 5503 7718 5579 7595 5583
7724,7680 5505 7718 5579 7597 5585
7817,7797 5160 7815 5560 7710 5562
7767,7679 5504 7762 5107 7644 5207
7820,7800 5220 7815 5560 7713 5565
7737,7682 5507 7729 5104 7611 5264
7759,7682 5507 7751 5106 7635 5266
7813,7803 5280 7805 5540 7705 5548
7612,7540 5488 7602 5084 7463 5284
7619,7535 5483 7614 5085 7471 5185
7667,7535 5483 7662 5089 7523 5189
7815,7795 5120 7708 5560
7718,7674 5499 7591 5579
7727,7683 5508 7718 5579 7600 5588
7823,7803 5280 7815 5560 7716 5568
7738,7683 5508 7729 5104 7612 5284
7728,7684 5509 7718 5579 7601 5589
7788,7678 5503 7784 5109 7667 5189
7726,7682 5507 7718 5579 7599 5587
7824,7804 5300 7815 5560 7717 5569
7819,7799 5200 7815 5560 7712 5564
7609,7537 5485 7602 5084 7460 5224
7875,7795 5120 7774 5128
7835,7795 5120 7730 5124
7740,7674 5499 7615 5105
7855,7795 5120 7752 5126
7879,7799 5200 7875 5128 7778 5208
7837,7797 5160 7835 5124 7732 5164
7822,7802 5260 7815 5560 7715 5567
7808,7798 5180 7805 5540 7700 5543
7818,7798 5180 7815 5560 7711 5563
7838,7798 5180 7835 5124 7733 5184
7744,7678 5503 7740 5105 7619 5185
7749,7683 5508 7740 5105 7624 5285
7725,7681 5506 7718 5579 7598 5586
7670,7538 5486 7662 5089 7526 5249
7664,7532 5480 7662 5089 7520 5129
7719,7675 5500 7718 5579 7592 5580
7811,7801 5240 7805 5540 7703 5546
7880,7800 5220 7875 5128 7779 5228
7807,7797 5160 7805 5540 7699 5542
7748,7682 5507 7740 5105 7623 5265
7746,7680 5505 7740 5105 7621 5225
7821,7801 5240 7815 5560 7714 5566
7723,7679 5504 7718 5579 7596 5584
7743,7677 5502 7740 5105 7618 5165
7741,7675 5500 7740 5105 7616 5125
7877,7797 5160 7875 5128 7776 5168
7750,7684 5509 7740 5105 7625 5305
7745,7679 5504 7740 5105 7620 5205
7842,7802 5260 7835 5124 7737 5264
7860,7800 5220 7855 5126 7757 5226
7756,7679 5504 7751 5106 7632 5206
7528,7372 5468 7517 5069 7359 5289
7747,7681 5506 7740 5105 7622 5245
7735,7680 5505 7729 5104 7609 5224
7858,7798 5180 7855 5126 7755 5186
7839,7799 5200 7835 5124 7734 5204
7867,7797 5160 7865 5127 7765 5167
7720,7676 5501 7718 5579 7593 5581
7841,7801 5240 7835 5124 7736 5244
7809,7799 5200 7805 5540 7701 5544
7731,7676 5501 7729 5104 7605 5144
7742,7676 5501 7740 5105 7617 5145
7791,7681 5506 7784 5109 7670 5249
7709,7676 5501 7707 5559 7581 5561
7812,7802 5260 7805 5540 7704 5547
7881,7801 5240 7875 5128 7780 5686
7840,7800 5220 7835 5124 7735 5224
7884,7804 5300 7875 5128 7783 5689
7843,7803 5280 7835 5124 7738 5284
7844,7804 5300 7835 5124 7739 5304
7669,7537 5485 7662 5089 7525 5229
7676,7674 5499 7545 5501
7698,7676 5501 7696 5539 7569 5541
7753,7676 5501 7751 5106 7629 5146
7814,7804 5300 7805 5540 7706 5549
7859,7799 5200 7855 5126 7756 5206
7659,7539 5487 7650 5088 7514 5687
7786,7676 5501 7784 5109 7665 5149
7850,7800 5220 7845 5125 7746 5225
7849,7799 5200 7845 5125 7745 5205
7672,7540 5488 7662 5089 7528 5289
7790,7680 5505 7784 5109 7669 5229
7781,7682 5507 7773 5108 7659 5687
7845,7795 5120 7741 5125
7852,7802 5260 7845 5125 7748 5265
7851,7801 5240 7845 5125 7747 5245
7829,7799 5200 7825 5580 7723 5584
7853,7803 5280 7845 5125 7749 5285
7687,7676 5501 7685 5100 7557 5140
7827,7797 5160 7825 5580 7721 5582
7828,7798 5180 7825 5580 7722 5583
7854,7804 5300 7845 5125 7750 5305
7831,7801 5240 7825 5580 7725 5586
7830,7800 5220 7825 5580 7724 5585
7793,7683 5508 7784 5109 7672 5289
7882,7802 5260 7875 5128 7781 5687
7832,7802 5260 7825 5580 7726 5587
7775,7676 5501 7773 5108 7653 5148
7764,7676 5501 7762 5107 7641 5147
7806,7796 5140 7805 5540 7698 5541
7869,7799 5200 7865 5127 7767 5207
7816,7796 5140 7815 5560 7709 5561
7871,7801 5240 7865 5127 7769 5247
7826,7796 5140 7825 5580 7720 5581
7848,7798 5180 7845 5125 7744 5185
7836,7796 5140 7835 5124 7731 5144
7870,7800 5220 7865 5127 7768 5227
7872,7802 5260 7865 5127 7770 5267
7865,7795 5120 7763 5127
7846,7796 5140 7845 5125 7742 5145
7873,7803 5280 7865 5127 7771 5287
7847,7797 5160 7845 5125 7743 5165
7856,7796 5140 7855 5126 7753 5146
7796,7795 5120 7687 5140
7874,7804 5300 7865 5127 7772 5307
7866,7796 5140 7865 5127 7764 5147
7876,7796 5140 7875 5128 7775 5148
7878,7798 5180 7875 5128 7777 5188
7825,7795 5120 7719 5580
7833,7803 5280 7825 5580 7727 5588
7896,7895 5541 7807 5542
7834,7804 5300 7825 5580 7728 5589
7900,7895 5541 7811 5546
7898,7895 5541 7809 5544
7901,7895 5541 7812 5547
7785,7675 5500 7784 5109 7664 5129
7902,7895 5541 7813 5548
7903,7895 5541 7814 5549
7895,7806 5541
7904,7895 5541 7816 5561
7922,7895 5541 7836 5144
7885,7795 5120 7785 5129
7913,7895 5541 7826 5581
7899,7895 5541 7810 5545
7931,7895 5541 7846 5145
7905,7896 5542 7904 5561 7817 5562
7923,7896 5542 7922 5144 7837 5164
7940,7895 5541 7856 5146
7916,7898 5544 7913 5581 7829 5584
7932,7896 5542 7931 5145 7847 5165
7934,7898 5544 7931 5145 7849 5205
7909,7900 5546 7904 5561 7821 5566
7925,7898 5544 7922 5144 7839 5204
7928,7901 5547 7922 5144 7842 5264
7910,7901 5547 7904 5561 7822 5567
7930,7903 5549 7922 5144 7844 5304
7911,7902 5548 7904 5561 7823 5568
7908,7899 5545 7904 5561 7820 5565
7958,7895 5541 7876 5148
7887,7797 5160 7885 5129 7787 5169
7937,7901 5547 7931 5145 7852 5265
7919,7901 5547 7913 5581 7832 5587
7918,7900 5546 7913 5581 7831 5586
7927,7900 5546 7922 5144 7841 5244
7926,7899 5545 7922 5144 7840 5224
7952,7898 5544 7949 5147 7869 5207
7935,7899 5545 7931 5145 7850 5225
7950,7896 5542 7949 5147 7867 5167
7943,7898 5544 7940 5146 7859 5206
7961,7898 5544 7958 5148 7879 5208
7936,7900 5546 7931 5145 7851 5245
7953,7899 5545 7949 5147 7870 5227
7954,7900 5546 7949 5147 7871 5247
7962,7899 5545 7958 5148 7880 5228
7892,7802 5260 7885 5129 7792 5269
7944,7899 5545 7940 5146 7860 5226
7949,7895 5541 7866 5147
7963,7900 5546 7958 5148 7881 5686
7889,7799 5200 7885 5129 7789 5209
7888,7798 5180 7885 5129 7788 5189
7956,7902 5548 7949 5147 7873 5287
7938,7902 5548 7931 5145 7853 5285
7920,7902 5548 7913 5581 7833 5588
7955,7901 5547 7949 5147 7872 5267
7959,7896 5542 7958 5148 7877 5168
7979,7976 5562 7908 5565
7921,7903 5549 7913 5581 7834 5589
7964,7901 5547 7958 5148 7882 5687
7914,7896 5542 7913 5581 7827 5582
7912,7903 5549 7904 5561 7824 5569
7894,7804 5300 7885 5129 7794 5309
7939,7903 5549 7931 5145 7854 5305
7980,7976 5562 7909 5566
7957,7903 5549 7949 5147 7874 5307
7982,7976 5562 7911 5568
7907,7898 5544 7904 5561 7819 5564
7976,7905 5562
7929,7902 5548 7922 5144 7843 5284
7886,7796 5140 7885 5129 7786 5149
7890,7800 5220 7885 5129 7790 5229
7992,7976 5562 7923 5164
7995,7979 5565 7992 5164 7926 5224
8003,7979 5565 8000 5165 7935 5225
7996,7980 5566 7992 5164 7927 5244
8000,7976 5562 7932 5165
8019,7979 5565 8016 5167 7953 5227
7891,7801 5240 7885 5129 7791 5249
8024,7976 5562 7959 5168
8016,7976 5562 7950 5167
7984,7976 5562 7914 5582
8004,7980 5566 8000 5165 7936 5245
7989,7981 5567 7984 5582 7919 5587
7988,7980 5566 7984 5582 7918 5586
7981,7976 5562 7910 5567
7998,7982 5568 7992 5164 7929 5284
8006,7982 5568 8000 5165 7938 5285
7994,7978 5564 7992 5164 7925 5204
8020,7980 5566 8016 5167 7954 5247
8027,7979 5565 8024 5168 7962 5228
8002,7978 5564 8000 5165 7934 5205
7990,7982 5568 7984 5582 7920 5588
7978,7976 5562 7907 5564
8005,7981 5567 8000 5165 7937 5265
8018,7978 5564 8016 5167 7952 5207
8022,7982 5568 8016 5167 7956 5287
8028,7980 5566 8024 5168 7963 5686
8026,7978 5564 8024 5168 7961 5208
8021,7981 5567 8016 5167 7955 5267
8029,7981 5567 8024 5168 7964 5687
7997,7981 5567 7992 5164 7928 5264
7983,7976 5562 7912 5569
8007,7983 5569 8000 5165 7939 5305
7968,7896 5542 7967 5149 7887 5169
7991,7983 5569 7984 5582 7921 5589
7999,7983 5569 7992 5164 7930 5304
7972,7900 5546 7967 5149 7891 5249
7967,7895 5541 7886 5149
7973,7901 5547 7967 5149 7892 5269
7971,7899 5545 7967 5149 7890 5229
8023,7983 5569 8016 5167 7957 5307
7986,7978 5564 7984 5582 7916 5584
7970,7898 5544 7967 5149 7889 5209
7975,7903 5549 7967 5149 7894 5309
8034,7978 5564 8032 5169 7970 5209
8035,7979 5565 8032 5169 7971 5229
8036,7980 5566 8032 5169 7972 5249
8032,7976 5562 7968 5169
8037,7981 5567 8032 5169 7973 5269
8039,7983 5569 8032 5169 7975 5309
7966,7903 5549 7958 5148 7884 5689
7883,7803 5280 7875 5128 7782 5688
7857,7797 5160 7855 5126 7754 5166
7917,7899 5545 7913 5581 7830 5585
7897,7895 5541 7808 5543
7864,7804 5300 7855 5126 7761 5306
7863,7803 5280 7855 5126 7760 5286
7861,7801 5240 7855 5126 7758 5246
7893,7803 5280 7885 5129 7793 5289
7868,7798 5180 7865 5127 7766 5187
7960,7897 5543 7958 5148 7878 5188
7862,7802 5260 7855 5126 7759 5266
7933,7897 5543 7931 5145 7848 5185
7946,7901 5547 7940 5146 7862 5266
7942,7897 5543 7940 5146 7858 5186
7969,7897 5543 7967 5149 7888 5189
7924,7897 5543 7922 5144 7838 5184
7915,7897 5543 7913 5581 7828 5583
7945,7900 5546 7940 5146 7861 5246
7948,7903 5549 7940 5146 7864 5306
7974,7902 5548 7967 5149 7893 5289
7941,7896 5542 7940 5146 7857 5166
7987,7979 5565 7984 5582 7917 5585
8038,7982 5568 8032 5169 7974 5289
7965,7902 5548 7958 5148 7883 5688
8031,7983 5569 8024 5168 7966 5689
8030,7982 5568 8024 5168 7965 5688
8011,7979 5565 8008 5166 7944 5226
8008,7976 5562 7941 5166
8013,7981 5567 8008 5166 7946 5266
8010,7978 5564 8008 5166 7943 5206
8015,7983 5569 8008 5166 7948 5306
8012,7980 5566 8008 5166 7945 5246
7906,7897 5543 7904 5561 7818 5563
7951,7897 5543 7949 5147 7868 5187
7947,7902 5548 7940 5146 7863 5286
8014,7982 5568 8008 5166 7947 5286
7993,7977 5563 7992 5164 7924 5184
8009,7977 5563 8008 5166 7942 5186
7977,7976 5562 7906 5563
8025,7977 5563 8024 5168 7960 5188
8033,7977 5563 8032 5169 7969 5189
8017,7977 5563 8016 5167 7951 5187
7985,7977 5563 7984 5582 7915 5583
8001,7977 5563 8000 5165 7933 5185
8042,8040 5583 7987 5585
8043,8040 5583 7988 5586
8054,8040 5583 8001 5185
8056,8042 5585 8054 5185 8003 5225
8057,8043 5586 8054 5185 8004 5245
8040,7985 5583
8068,8040 5583 8017 5187
8070,8042 5585 8068 5187 8019 5227
8046,8040 5583 7991 5589
8071,8043 5586 8068 5187 8020 5247
8041,8040 5583 7986 5584
8060,8046 5589 8054 5185 8007 5305
8055,8041 5584 8054 5185 8002 5205
8069,8041 5584 8068 5187 8018 5207
8074,8046 5589 8068 5187 8023 5307
8082,8040 5583 8033 5189
8085,8043 5586 8082 5189 8036 5249
8083,8041 5584 8082 5189 8034 5209
8088,8046 5589 8082 5189 8039 5309
8045,8040 5583 7990 5588
8061,8040 5583 8009 5186
8047,8040 5583 7993 5184
8075,8040 5583 8025 5188
8084,8042 5585 8082 5189 8035 5229
8049,8042 5585 8047 5184 7995 5224
8053,8046 5589 8047 5184 7999 5304
8063,8042 5585 8061 5186 8011 5226
8081,8046 5589 8075 5188 8031 5689
8077,8042 5585 8075 5188 8027 5228
8044,8040 5583 7989 5587
8064,8043 5586 8061 5186 8012 5246
8073,8045 5588 8068 5187 8022 5287
8050,8043 5586 8047 5184 7996 5244
8052,8045 5588 8047 5184 7998 5284
8076,8041 5584 8075 5188 8026 5208
8059,8045 5588 8054 5185 8006 5285
8066,8045 5588 8061 5186 8014 5286
8048,8041 5584 8047 5184 7994 5204
8062,8041 5584 8061 5186 8010 5206
8051,8044 5587 8047 5184 7997 5264
8087,8045 5588 8082 5189 8038 5289
8072,8044 5587 8068 5187 8021 5267
8080,8045 5588 8075 5188 8030 5688
8086,8044 5587 8082 5189 8037 5269
8090,8089 5204 8049 5224
8067,8046 5589 8061 5186 8015 5306
8065,8044 5587 8061 5186 8013 5266
8091,8089 5204 8050 5244
8092,8089 5204 8051 5264
8079,8044 5587 8075 5188 8029 5687
8078,8043 5586 8075 5188 8028 5686
8058,8044 5587 8054 5185 8005 5265
8093,8089 5204 8052 5284
8094,8089 5204 8053 5304
8089,8048 5204
8101,8089 5204 8062 5206
8095,8089 5204 8055 5205
8107,8089 5204 8069 5207
8103,8091 5244 8101 5206 8064 5246
8102,8090 5224 8101 5206 8063 5226
8104,8092 5264 8101 5206 8065 5266
8106,8094 5304 8101 5206 8067 5306
8097,8091 5244 8095 5205 8057 5245
8108,8090 5224 8107 5207 8070 5227
8109,8091 5244 8107 5207 8071 5247
8099,8093 5284 8095 5205 8059 5285
8096,8090 5224 8095 5205 8056 5225
8105,8093 5284 8101 5206 8066 5286
8111,8093 5284 8107 5207 8073 5287
8100,8094 5304 8095 5205 8060 5305
8121,8091 5244 8119 5209 8085 5249
8120,8090 5224 8119 5209 8084 5229
8119,8089 5204 8083 5209
8123,8093 5284 8119 5209 8087 5289
8098,8092 5264 8095 5205 8058 5265
8124,8094 5304 8119 5209 8088 5309
8110,8092 5264 8107 5207 8072 5267
8122,8092 5264 8119 5209 8086 5269
8113,8089 5204 8076 5208
8112,8094 5304 8107 5207 8074 5307
8125,8096 5225
8115,8091 5244 8113 5208 8078 5686
8135,8125 5225 8108 5227
8126,8125 5225 8097 5245
8136,8126 5245 8135 5227 8109 5247
8145,8125 5225 8120 5229
8130,8125 5225 8102 5226
8117,8093 5284 8113 5208 8080 5688
8114,8090 5224 8113 5208 8077 5228
8118,8094 5304 8113 5208 8081 5689
8140,8125 5225 8114 5228
8116,8092 5264 8113 5208 8079 5687
8132,8127 5265 8130 5226 8104 5266
8128,8125 5225 8099 5285
8133,8128 5285 8130 5226 8105 5286
8143,8128 5285 8140 5228 8117 5688
8138,8128 5285 8135 5227 8111 5287
8148,8128 5285 8145 5229 8123 5289
8131,8126 5245 8130 5226 8103 5246
8141,8126 5245 8140 5228 8115 5686
8146,8126 5245 8145 5229 8121 5249
8129,8125 5225 8100 5305
8134,8129 5305 8130 5226 8106 5306
8144,8129 5305 8140 5228 8118 5689
8149,8129 5305 8145 5229 8124 5309
8139,8129 5305 8135 5227 8112 5307
8137,8127 5265 8135 5227 8110 5267
8142,8127 5265 8140 5228 8116 5687
8127,8125 5225 8098 5265
8147,8127 5265 8145 5229 8122 5269
8151,8150 5246 8132 5266
8152,8150 5246 8133 5286
8153,8150 5246 8134 5306
8150,8131 5246
8158,8150 5246 8141 5686
8162,8150 5246 8146 5249
8154,8150 5246 8136 5247
8156,8152 5286 8154 5247 8138 5287
8160,8152 5286 8158 5686 8143 5688
8155,8151 5266 8154 5247 8137 5267
8164,8152 5286 8162 5249 8148 5289
8161,8153 5306 8158 5686 8144 5689
8159,8151 5266 8158 5686 8142 5687
8163,8151 5266 8162 5249 8147 5269
8165,8153 5306 8162 5249 8149 5309
8157,8153 5306 8154 5247 8139 5307
8167,8166 5267 8156 5287
8168,8166 5267 8157 5307
8166,8155 5267
8169,8166 5267 8159 5687
8171,8168 5307 8169 5687 8161 5689
8172,8166 5267 8163 5269
8170,8167 5287 8169 5687 8160 5688
8173,8167 5287 8172 5269 8164 5289
8175,8170 5688
8174,8168 5307 8172 5269 8165 5309
8176,8175 5688 8171 5689
8177,8175 5688 8173 5289
8178,8176 5689 8177 5289 8174 5309
8179,8178 5309
8181,5310
8180,8181
8183,5311
8182,8183
8185,5312
8184,8185
8187,5313
8186,8187
8189,5314
8188,8189
8191,5315
8190,8191
8193,5316
8192,8193
8195,5317
8194,8195
8197,5318
8196,8197
8199,5319
8198,8199
8201,5320
8200,8201
8203,5321
8202,8203
8205,5322
8204,8205
8207,5323
8206,8207
8209,5324
8208,8209
8211,5325
8210,8211
8213,5326
8212,8213
8215,5327
8214,8215
8217,5328
8216,8217
8219,5329
8218,8219
8221,5330
8220,8221
8223,5710
8222,8223
8225,5711
8224,8225
8227,5712
8226,8227
8229,5713
8228,8229
8231,5714
8230,8231
8233,5715
8232,8233
8235,5716
8234,8235
8237,5717
8236,8237
8239,5718
8238,8239
8241,5719
8240,8241
8243,5720
8242,8243
8245,5721
8244,8245
8247,5722
8246,8247
8249,5723
8248,8249
8251,5724
8250,8251
8253,5725
8252,8253
8255,5726
8254,8255
8257,5727
8256,8257
8259,5728
8258,8259
8261,5350
8260,8261
8263,5729
8262,8263
8265,6071
8264,8265
8267,6072
8266,8267
8269,6073
8268,8269
8271,6074
8270,8271
8273,6075
8272,8273
8275,6076
8274,8275
8277,6077
8276,8277
8279,6078
8278,8279
8281,6079
8280,8281
8283,6080
8282,8283
8285,6081
8284,8285
8287,6082
8286,8287
8289,6083
8288,8289
8291,6084
8290,8291
8293,6085
8292,8293
8295,6086
8294,8295
8297,6087
8296,8297
8299,6088
8298,8299
8301,5370
8300,8301
8303,5748
8302,8303
8305,6089
8304,8305
8307,6395
8306,8307
8309,6396
8308,8309
8311,6397
8310,8311
8313,6398
8312,8313
8315,6399
8314,8315
8317,6400
8316,8317
8319,6401
8318,8319
8321,6402
8320,8321
8323,6403
8322,8323
8325,6404
8324,8325
8327,6405
8326,8327
8329,6406
8328,8329
8331,6407
8330,8331
8333,6408
8332,8333
8335,6409
8334,8335
8337,6410
8336,8337
8339,6411
8338,8339
8341,5390
8340,8341
8343,5767
8342,8343
8345,6107
8344,8345
8347,6412
8346,8347
8349,6684
8348,8349
8351,6685
8350,8351
8353,6686
8352,8353
8355,6687
8354,8355
8357,6688
8356,8357
8359,6689
8358,8359
8361,6690
8360,8361
8363,6691
8362,8363
8365,6692
8364,8365
8367,6693
8366,8367
8369,6694
8368,8369
8371,6695
8370,8371
8373,6696
8372,8373
8375,6697
8374,8375
8377,6698
8376,8377
8379,6699
8378,8379
8381,5410
8380,8381
8383,5786
8382,8383
8385,6125
8384,8385
8387,6429
8386,8387
8389,6700
8388,8389
8391,6940
8390,8391
8393,6941
8392,8393
8395,6942
8394,8395
8397,6943
8396,8397
8399,6944
8398,8399
8401,6945
8400,8401
8403,6946
8402,8403
8405,6947
8404,8405
8407,6948
8406,8407
8409,6949
8408,8409
8411,6950
8410,8411
8413,6951
8412,8413
8415,6952
8414,8415
8417,6953
8416,8417
8419,6954
8418,8419
8421,5430
8420,8421
8423,5805
8422,8423
8425,6143
8424,8425
8427,6446
8426,8427
8429,6716
8428,8429
8431,6955
8430,8431
8433,7165
8432,8433
8435,7166
8434,8435
8437,7167
8436,8437
8439,7168
8438,8439
8441,7169
8440,8441
8443,7170
8442,8443
8445,7171
8444,8445
8447,7172
8446,8447
8449,7173
8448,8449
8451,7174
8450,8451
8453,7175
8452,8453
8455,7176
8454,8455
8457,7177
8456,8457
8459,7178
8458,8459
8461,5450
8460,8461
8463,5824
8462,8463
8465,6161
8464,8465
8467,6463
8466,8467
8469,6732
8468,8469
8471,6970
8470,8471
8473,7179
8472,8473
8475,7361
8474,8475
8477,7362
8476,8477
8479,7363
8478,8479
8481,7364
8480,8481
8483,7365
8482,8483
8485,7366
8484,8485
8487,7367
8486,8487
8489,7368
8488,8489
8491,7369
8490,8491
8493,7370
8492,8493
8495,7371
8494,8495
8497,7372
8496,8497
8499,7373
8498,8499
8501,5470
8500,8501
8503,5843
8502,8503
8505,6179
8504,8505
8507,6480
8506,8507
8509,6748
8508,8509
8511,6985
8510,8511
8513,7193
8512,8513
8515,7374
8514,8515
8517,7530
8516,8517
8519,7531
8518,8519
8521,7532
8520,8521
8523,7533
8522,8523
8525,7534
8524,8525
8527,7535
8526,8527
8529,7536
8528,8529
8531,7537
8530,8531
8533,7538
8532,8533
8535,7539
8534,8535
8537,7540
8536,8537
8539,7541
8538,8539
8541,5490
8540,8541
8543,5862
8542,8543
8545,6197
8544,8545
8547,6497
8546,8547
8549,6764
8548,8549
8551,7000
8550,8551
8553,7207
8552,8553
8555,7387
8554,8555
8557,7542
8556,8557
8559,7674
8558,8559
8561,7675
8560,8561
8563,7676
8562,8563
8565,7677
8564,8565
8567,7678
8566,8567
8569,7679
8568,8569
8571,7680
8570,8571
8573,7681
8572,8573
8575,7682
8574,8575
8577,7683
8576,8577
8579,7684
8578,8579
8581,5510
8580,8581
8583,5881
8582,8583
8585,6215
8584,8585
8587,6514
8586,8587
8589,6780
8588,8589
8591,7015
8590,8591
8593,7221
8592,8593
8595,7400
8594,8595
8597,7554
8596,8597
8599,7685
8598,8599
8601,7795
8600,8601
8603,7796
8602,8603
8605,7797
8604,8605
8607,7798
8606,8607
8609,7799
8608,8609
8611,7800
8610,8611
8613,7801
8612,8613
8615,7802
8614,8615
8617,7803
8616,8617
8619,7804
8618,8619
8621,5530
8620,8621
8623,5900
8622,8623
8625,6233
8624,8625
8627,6531
8626,8627
8629,6796
8628,8629
8631,7030
8630,8631
8633,7235
8632,8633
8635,7413
8634,8635
8637,7566
8636,8637
8639,7696
8638,8639
8641,7805
8640,8641
8643,7895
8642,8643
8645,7896
8644,8645
8647,7897
8646,8647
8649,7898
8648,8649
8651,7899
8650,8651
8653,7900
8652,8653
8655,7901
8654,8655
8657,7902
8656,8657
8659,7903
8658,8659
8661,5550
8660,8661
8663,5919
8662,8663
8665,6251
8664,8665
8667,6548
8666,8667
8669,6812
8668,8669
8671,7045
8670,8671
8673,7249
8672,8673
8675,7426
8674,8675
8677,7578
8676,8677
8679,7707
8678,8679
8681,7815
8680,8681
8683,7904
8682,8683
8685,7976
8684,8685
8687,7977
8686,8687
8689,7978
8688,8689
8691,7979
8690,8691
8693,7980
8692,8693
8695,7981
8694,8695
8697,7982
8696,8697
8699,7983
8698,8699
8701,5570
8700,8701
8703,5938
8702,8703
8705,6269
8704,8705
8707,6565
8706,8707
8709,6828
8708,8709
8711,7060
8710,8711
8713,7263
8712,8713
8715,7439
8714,8715
8717,7590
8716,8717
8719,7718
8718,8719
8721,7825
8720,8721
8723,7913
8722,8723
8725,7984
8724,8725
8727,8040
8726,8727
8729,8041
8728,8729
8731,8042
8730,8731
8733,8043
8732,8733
8735,8044
8734,8735
8737,8045
8736,8737
8739,8046
8738,8739
8741,5590
8740,8741
8743,5957
8742,8743
8745,6287
8744,8745
8747,6582
8746,8747
8749,6844
8748,8749
8751,7075
8750,8751
8753,7277
8752,8753
8755,7452
8754,8755
8757,7602
8756,8757
8759,7729
8758,8759
8761,7835
8760,8761
8763,7922
8762,8763
8765,7992
8764,8765
8767,8047
8766,8767
8769,8089
8768,8769
8771,8090
8770,8771
8773,8091
8772,8773
8775,8092
8774,8775
8777,8093
8776,8777
8779,8094
8778,8779
8781,5610
8780,8781
8783,5976
8782,8783
8785,6305
8784,8785
8787,6599
8786,8787
8789,6860
8788,8789
8791,7090
8790,8791
8793,7291
8792,8793
8795,7465
8794,8795
8797,7614
8796,8797
8799,7740
8798,8799
8801,7845
8800,8801
8803,7931
8802,8803
8805,8000
8804,8805
8807,8054
8806,8807
8809,8095
8808,8809
8811,8125
8810,8811
8813,8126
8812,8813
8815,8127
8814,8815
8817,8128
8816,8817
8819,8129
8818,8819
8821,5630
8820,8821
8823,5995
8822,8823
8825,6323
8824,8825
8827,6616
8826,8827
8829,6876
8828,8829
8831,7105
8830,8831
8833,7305
8832,8833
8835,7478
8834,8835
8837,7626
8836,8837
8839,7751
8838,8839
8841,7855
8840,8841
8843,7940
8842,8843
8845,8008
8844,8845
8847,8061
8846,8847
8849,8101
8848,8849
8851,8130
8850,8851
8853,8150
8852,8853
8855,8151
8854,8855
8857,8152
8856,8857
8859,8153
8858,8859
8861,5650
8860,8861
8863,6014
8862,8863
8865,6341
8864,8865
8867,6633
8866,8867
8869,6892
8868,8869
8871,7120
8870,8871
8873,7319
8872,8873
8875,7491
8874,8875
8877,7638
8876,8877
8879,7762
8878,8879
8881,7865
8880,8881
8883,7949
8882,8883
8885,8016
8884,8885
8887,8068
8886,8887
8889,8107
8888,8889
8891,8135
8890,8891
8893,8154
8892,8893
8895,8166
8894,8895
8897,8167
8896,8897
8899,8168
8898,8899
8901,5670
8900,8901
8903,6033
8902,8903
8905,6359
8904,8905
8907,6650
8906,8907
8909,6908
8908,8909
8911,7135
8910,8911
8913,7333
8912,8913
8915,7504
8914,8915
8917,7650
8916,8917
8919,7773
8918,8919
8921,7875
8920,8921
8923,7958
8922,8923
8925,8024
8924,8925
8927,8075
8926,8927
8929,8113
8928,8929
8931,8140
8930,8931
8933,8158
8932,8933
8935,8169
8934,8935
8937,8175
8936,8937
8939,8176
8938,8939
8941,5690
8940,8941
8943,6052
8942,8943
8945,6377
8944,8945
8947,6667
8946,8947
8949,6924
8948,8949
8951,7150
8950,8951
8953,7347
8952,8953
8955,7517
8954,8955
8957,7662
8956,8957
8959,7784
8958,8959
8961,7885
8960,8961
8963,7967
8962,8963
8965,8032
8964,8965
8967,8082
8966,8967
8969,8119
8968,8969
8971,8145
8970,8971
8973,8162
8972,8973
8975,8172
8974,8975
8977,8177
8976,8977
8979,8179
8978,8979
