5312,5310 4910 4950
5317,5310 5050
5313,5310 4910 4970
5314,5310 4910 4990
5310,4910
5318,5310 5070
5315,5310 4910 5010
5311,5310 4910 4930
5319,5310 5090
5316,5310 5030
5320,5310 5110
5321,5310 5130
5322,5310 5150
5323,5310 5170
5324,5310 5190
5325,5310 5210
5326,5310 5230
5327,5310 5250
5328,5310 5270
5329,5310 5290
5331,5311 5330 4911 4931
5330,5310 4911
5334,5314 5330 4991
5333,5313 5330 4911 4971
5332,5312 5330 4911 4951
5335,5315 5330 5011
5336,5316 5330 5031
5337,5317 5330 5051
5338,5318 5330 5071
5339,5319 5330 5091
5340,5320 5330 5111
5341,5321 5330 5131
5342,5322 5330 5151
5343,5323 5330 5171
5344,5324 5330 5191
5345,5325 5330 5211
5346,5326 5330 5231
5347,5327 5330 5251
5348,5328 5330 5271
5349,5329 5330 5291
5350,5310 4912
5352,5312 5350 4912 4952
5351,5311 5350 4912 4932
5354,5314 5350 4992
5353,5313 5350 4972
5356,5316 5350 5032
5357,5317 5350 5052
5358,5318 5350 5072
5359,5319 5350 5092
5355,5315 5350 5012
5360,5320 5350 5112
5362,5322 5350 5152
5364,5324 5350 5192
5361,5321 5350 5132
5367,5327 5350 5252
5451,5311 5450 4917 4937
5456,5316 5450 5037
5452,5312 5450 4917 4957
5453,5313 5450 4917 4977
5457,5317 5450 5057
5458,5318 5450 5077
5454,5314 5450 4917 4997
5450,5310 4917
5459,5319 5450 5097
5455,5315 5450 4917 5017
5460,5320 5450 5117
5461,5321 5450 5137
5462,5322 5450 5157
5463,5323 5450 5177
5464,5324 5450 5197
5465,5325 5450 5217
5466,5326 5450 5237
5467,5327 5450 5257
5468,5328 5450 5277
5469,5329 5450 5297
5471,5311 5470 4918 4938
5470,5310 4918
5474,5314 5470 4998
5473,5313 5470 4918 4978
5472,5312 5470 4918 4958
5476,5316 5470 5038
5475,5315 5470 5018
5477,5317 5470 5058
5478,5318 5470 5078
5479,5319 5470 5098
5480,5320 5470 5118
5481,5321 5470 5138
5482,5322 5470 5158
5483,5323 5470 5178
5484,5324 5470 5198
5485,5325 5470 5218
5486,5326 5470 5238
5487,5327 5470 5258
5488,5328 5470 5278
5489,5329 5470 5298
5490,5310 4919
5492,5312 5490 4919 4959
5491,5311 5490 4919 4939
5495,5315 5490 5019
5494,5314 5490 4999
5572,5312 5570 4923 4963
5570,5310 4923
5496,5316 5490 5039
5574,5314 5570 4923 5003
5571,5311 5570 4923 4943
5577,5317 5570 5063
5575,5315 5570 5023
5578,5318 5570 5083
5579,5319 5570 5103
5580,5320 5570 5123
5581,5321 5570 5143
5582,5322 5570 5163
5583,5323 5570 5183
5584,5324 5570 5203
5585,5325 5570 5223
5586,5326 5570 5243
5587,5327 5570 5263
5588,5328 5570 5283
5589,5329 5570 5303
5591,5311 5590 4924 4944
5594,5314 5590 5004
5493,5313 5490 4919 4979
5551,5311 5550 4922 4942
5553,5313 5550 4922 4982
5573,5313 5570 4923 4983
5497,5317 5490 5059
5598,5318 5590 5084
5576,5316 5570 5043
5556,5316 5550 4922 5042
5590,5310 4924
5596,5316 5590 5044
5592,5312 5590 4924 4964
5595,5315 5590 5024
5601,5321 5590 5144
5602,5322 5590 5164
5603,5323 5590 5184
5508,5328 5490 5279
5604,5324 5590 5204
5600,5320 5590 5124
5557,5317 5550 4922 5062
5558,5318 5550 4922 5082
5511,5311 5510 4920 4940
5607,5327 5590 5264
5606,5326 5590 5244
5608,5328 5590 5284
5609,5329 5590 5304
5554,5314 5550 4922 5002
5559,5319 5550 4922 5102
5561,5321 5550 4922 5142
5563,5323 5550 4922 5182
5616,5316 5610 5045
5613,5313 5610 4985
5617,5317 5610 5065
5618,5318 5610 5085
5619,5319 5610 5105
5605,5325 5590 5224
5620,5320 5610 5125
5621,5321 5610 5145
5622,5322 5610 5165
5565,5325 5550 4922 5222
5623,5323 5610 5185
5624,5324 5610 5205
5625,5325 5610 5225
5566,5326 5550 4922 5242
5567,5327 5550 4922 5262
5626,5326 5610 5245
5627,5327 5610 5265
5628,5328 5610 5285
5629,5329 5610 5305
5550,5310 4922
5569,5329 5550 4922 5302
5630,5310 4926
5597,5317 5590 5064
5552,5312 5550 4922 4962
5564,5324 5550 4922 5202
5632,5312 5630 4926 4966
5555,5315 5550 4922 5022
5369,5329 5350 5292
5593,5313 5590 4924 4984
5368,5328 5350 5272
5363,5323 5350 5172
5610,5310 4925
5365,5325 5350 5212
5499,5319 5490 5099
5366,5326 5350 5232
5502,5322 5490 5159
5504,5324 5490 5199
5631,5311 5630 4926 4946
5599,5319 5590 5104
5507,5327 5490 5259
5614,5314 5610 5005
5503,5323 5490 5179
5500,5320 5490 5119
5498,5318 5490 5079
5501,5321 5490 5139
5512,5312 5510 4920 4960
5637,5317 5630 5066
5560,5320 5550 4922 5122
5611,5311 5610 4925 4945
5634,5314 5630 5006
5639,5319 5630 5106
5636,5316 5630 5046
5568,5328 5550 4922 5282
5640,5320 5630 5126
5431,5311 5430 4916 4936
5633,5313 5630 4926 4986
5509,5329 5490 5299
5391,5311 5390 4914 4934
5635,5315 5630 5026
5411,5311 5410 4915 4935
5531,5311 5530 4921 4941
5514,5314 5510 4920 5000
5392,5312 5390 4914 4954
5638,5318 5630 5086
5412,5312 5410 4915 4955
5433,5313 5430 4916 4976
5515,5315 5510 4920 5020
5371,5311 5370 4913 4933
5432,5312 5430 4916 4956
5372,5312 5370 4913 4953
5393,5313 5390 4914 4974
5413,5313 5410 4915 4975
5395,5315 5390 4914 5014
5434,5314 5430 4916 4996
5532,5312 5530 4921 4961
5375,5315 5370 4913 5013
5516,5316 5510 4920 5040
5415,5315 5410 4915 5015
5641,5321 5630 5146
5437,5317 5430 4916 5056
5535,5315 5530 4921 5021
5519,5319 5510 4920 5100
5374,5314 5370 4913 4993
5373,5313 5370 4913 4973
5436,5316 5430 4916 5036
5394,5314 5390 4914 4994
5534,5314 5530 4921 5001
5414,5314 5410 4915 4995
5518,5318 5510 4920 5080
5435,5315 5430 4916 5016
5533,5313 5530 4921 4981
5643,5323 5630 5186
5517,5317 5510 4920 5060
5642,5322 5630 5166
5376,5316 5370 4913 5033
5396,5316 5390 4914 5034
5417,5317 5410 4915 5055
5397,5317 5390 4914 5054
5377,5317 5370 4913 5053
5398,5318 5390 4914 5074
5416,5316 5410 4915 5035
5439,5319 5430 4916 5096
5438,5318 5430 4916 5076
5442,5322 5430 4916 5156
5537,5317 5530 4921 5061
5536,5316 5530 4921 5041
5400,5320 5390 4914 5114
5521,5321 5510 4920 5140
5520,5320 5510 4920 5120
5401,5321 5390 4914 5134
5524,5324 5510 4920 5200
5644,5324 5630 5206
5380,5320 5370 4913 5113
5420,5320 5410 4915 5115
5381,5321 5370 4913 5133
5541,5321 5530 4921 5141
5443,5323 5430 4916 5176
5421,5321 5410 4915 5135
5382,5322 5370 4913 5153
5444,5324 5430 4916 5196
5540,5320 5530 4921 5121
5527,5327 5510 4920 5260
5526,5326 5510 4920 5240
5525,5325 5510 4920 5220
5528,5328 5510 4920 5280
5383,5323 5370 4913 5173
5647,5327 5630 5266
5646,5326 5630 5246
5384,5324 5370 4913 5193
5422,5322 5410 4915 5155
5423,5323 5410 4915 5175
5445,5325 5430 4916 5216
5446,5326 5430 4916 5236
5542,5322 5530 4921 5161
5543,5323 5530 4921 5181
5648,5328 5630 5286
5510,5310 4920
5615,5315 5610 5025
5378,5318 5370 4913 5073
5379,5319 5370 4913 5093
5562,5322 5550 4922 5162
5418,5318 5410 4915 5075
5399,5319 5390 4914 5094
5440,5320 5430 4916 5116
5419,5319 5410 4915 5095
5538,5318 5530 4921 5081
5441,5321 5430 4916 5136
5522,5322 5510 4920 5160
5539,5319 5530 4921 5101
5523,5323 5510 4920 5180
5645,5325 5630 5226
5402,5322 5390 4914 5154
5448,5328 5430 4916 5276
5403,5323 5390 4914 5174
5385,5325 5370 4913 5213
5424,5324 5410 4915 5195
5447,5327 5430 4916 5256
5544,5324 5530 4921 5201
5529,5329 5510 4920 5300
5649,5329 5630 5306
5430,5310 4916
5506,5326 5490 5239
5426,5326 5410 4915 5235
5404,5324 5390 4914 5194
5651,5311 5650 4927 4947
5387,5327 5370 4913 5253
5449,5329 5430 4916 5296
5660,5320 5650 5127
5546,5326 5530 4921 5241
5370,5310 4913
5410,5310 4915
5652,5312 5650 4927 4967
5406,5326 5390 4914 5234
5513,5313 5510 4920 4980
5505,5325 5490 5219
5388,5328 5370 4913 5273
5653,5313 5650 4927 4987
5612,5312 5610 4925 4965
5428,5328 5410 4915 5275
5389,5329 5370 4913 5293
5547,5327 5530 4921 5261
5429,5329 5410 4915 5295
5661,5321 5650 5147
5548,5328 5530 4921 5281
5405,5325 5390 4914 5214
5530,5310 4921
5427,5327 5410 4915 5255
5654,5314 5650 4927 5007
5407,5327 5390 4914 5254
5662,5322 5650 5167
5549,5329 5530 4921 5301
5390,5310 4914
5408,5328 5390 4914 5274
5655,5315 5650 4927 5027
5663,5323 5650 5187
5666,5326 5650 5247
5650,5310 4927
5658,5318 5650 4927 5087
5386,5326 5370 4913 5233
5667,5327 5650 5267
5425,5325 5410 4915 5215
5545,5325 5530 4921 5221
5671,5311 5670 4928 4948
5670,5310 4928
5674,5314 5670 5008
5672,5312 5670 4928 4968
5673,5313 5670 4928 4988
5676,5316 5670 5048
5675,5315 5670 5028
5677,5317 5670 5068
5678,5318 5670 5088
5679,5319 5670 5108
5680,5320 5670 5128
5681,5321 5670 5148
5682,5322 5670 5168
5683,5323 5670 5188
5684,5324 5670 5208
5685,5325 5670 5228
5686,5326 5670 5248
5687,5327 5670 5268
5688,5328 5670 5288
5689,5329 5670 5308
5692,5312 5690 4929 4969
5690,5310 4929
5695,5315 5690 5029
5691,5311 5690 4929 4949
5693,5313 5690 4929 4989
5694,5314 5690 5009
5696,5316 5690 5049
5698,5318 5690 5089
5699,5319 5690 5109
5700,5320 5690 5129
5701,5321 5690 5149
5702,5322 5690 5169
5703,5323 5690 5189
5704,5324 5690 5209
5705,5325 5690 5229
5706,5326 5690 5249
5707,5327 5690 5269
5708,5328 5690 5289
5709,5329 5690 5309
5712,5710 5331 5333
5710,5331
5716,5710 5337
5711,5710 5331 5332
5715,5710 5336
5714,5710 5331 5335
5713,5710 5331 5334
5697,5317 5690 5069
5659,5319 5650 4927 5107
5409,5329 5390 4914 5294
5669,5329 5650 5307
5657,5317 5650 4927 5067
5668,5328 5650 5287
5656,5316 5650 4927 5047
5665,5325 5650 5227
5718,5710 5339
5664,5324 5650 5207
5719,5710 5340
5720,5710 5341
5721,5710 5342
5722,5710 5343
5723,5710 5344
5724,5710 5345
5725,5710 5346
5726,5710 5347
5727,5710 5348
5728,5710 5349
5730,5711 5729 5351 5352
5729,5710 5351
5733,5714 5729 5355
5731,5712 5729 5351 5353
5734,5715 5729 5356
5735,5716 5729 5357
5737,5718 5729 5359
5738,5719 5729 5360
5739,5720 5729 5361
5740,5721 5729 5362
5741,5722 5729 5363
5742,5723 5729 5364
5743,5724 5729 5365
5744,5725 5729 5366
5745,5726 5729 5367
5746,5727 5729 5368
5747,5728 5729 5369
5749,5711 5748 5371 5372
5753,5715 5748 5376
5748,5710 5371
5751,5713 5748 5371 5374
5752,5714 5748 5371 5375
5750,5712 5748 5371 5373
5754,5716 5748 5377
5756,5718 5748 5379
5757,5719 5748 5380
5758,5720 5748 5381
5759,5721 5748 5382
5760,5722 5748 5383
5761,5723 5748 5384
5762,5724 5748 5385
5763,5725 5748 5386
5764,5726 5748 5387
5765,5727 5748 5388
5766,5728 5748 5389
5768,5711 5767 5391 5392
5767,5710 5391
5771,5714 5767 5395
5770,5713 5767 5391 5394
5769,5712 5767 5391 5393
5772,5715 5767 5396
5775,5718 5767 5399
5776,5719 5767 5400
5777,5720 5767 5401
5778,5721 5767 5402
5779,5722 5767 5403
5780,5723 5767 5404
5781,5724 5767 5405
5782,5725 5767 5406
5783,5726 5767 5407
5784,5727 5767 5408
5785,5728 5767 5409
5787,5711 5786 5411 5412
5786,5710 5411
5790,5714 5786 5415
5788,5712 5786 5411 5413
5792,5716 5786 5417
5794,5718 5786 5419
5795,5719 5786 5420
5796,5720 5786 5421
5797,5721 5786 5422
5798,5722 5786 5423
5799,5723 5786 5424
5800,5724 5786 5425
5801,5725 5786 5426
5802,5726 5786 5427
5803,5727 5786 5428
5804,5728 5786 5429
5805,5710 5431
5807,5712 5805 5431 5433
5806,5711 5805 5431 5432
5810,5715 5805 5436
5809,5714 5805 5435
5813,5718 5805 5439
5815,5720 5805 5441
5817,5722 5805 5443
5789,5713 5786 5411 5414
5811,5716 5805 5437
5732,5713 5729 5351 5354
5814,5719 5805 5440
5773,5716 5767 5397
5820,5725 5805 5446
5819,5724 5805 5445
5791,5715 5786 5416
5736,5717 5338 5729 5358
5755,5717 5338 5748 5378
5822,5727 5805 5448
5717,5710 5338
5793,5717 5338 5786 5418
5774,5717 5338 5767 5398
5823,5728 5805 5449
5821,5726 5805 5447
5812,5717 5338 5805 5438
5825,5711 5824 5451 5452
5826,5712 5824 5451 5453
5824,5710 5451
5828,5714 5824 5455
5827,5713 5824 5451 5454
5829,5715 5824 5456
5830,5716 5824 5457
5831,5717 5824 5458
5832,5718 5824 5459
5833,5719 5824 5460
5834,5720 5824 5461
5835,5721 5824 5462
5836,5722 5824 5463
5837,5723 5824 5464
5838,5724 5824 5465
5839,5725 5824 5466
5840,5726 5824 5467
5841,5727 5824 5468
5842,5728 5824 5469
5847,5714 5843 5475
5843,5710 5471
5844,5711 5843 5471 5472
5846,5713 5843 5471 5474
5845,5712 5843 5471 5473
5849,5716 5843 5477
5848,5715 5843 5476
5850,5717 5843 5478
5851,5718 5843 5479
5852,5719 5843 5480
5853,5720 5843 5481
5854,5721 5843 5482
5855,5722 5843 5483
5856,5723 5843 5484
5857,5724 5843 5485
5858,5725 5843 5486
5860,5727 5843 5488
5861,5728 5843 5489
5862,5710 5491
5864,5712 5862 5491 5493
5865,5713 5862 5491 5494
5863,5711 5862 5491 5492
5867,5715 5862 5496
5866,5714 5862 5495
5868,5716 5862 5497
5870,5718 5862 5499
5871,5719 5862 5500
5872,5720 5862 5501
5873,5721 5862 5502
5874,5722 5862 5503
5875,5723 5862 5504
5876,5724 5862 5505
5877,5725 5862 5506
5878,5726 5862 5507
5879,5727 5862 5508
5880,5728 5862 5509
5882,5711 5881 5511 5512
5881,5710 5511
5885,5714 5881 5515
5883,5712 5881 5511 5513
5887,5716 5881 5517
5889,5718 5881 5519
5891,5720 5881 5521
5892,5721 5881 5522
5893,5722 5881 5523
5894,5723 5881 5524
5895,5724 5881 5525
5896,5725 5881 5526
5897,5726 5881 5527
5898,5727 5881 5528
5899,5728 5881 5529
5901,5711 5900 5531 5532
5904,5714 5900 5535
5906,5716 5900 5537
5908,5718 5900 5539
5910,5720 5900 5541
5900,5710 5531
5888,5717 5881 5518
5890,5719 5881 5520
5859,5726 5843 5487
5808,5713 5805 5431 5434
5905,5715 5900 5536
5907,5717 5900 5538
5884,5713 5881 5511 5514
5818,5723 5805 5444
5869,5717 5862 5498
5909,5719 5900 5540
5902,5712 5900 5531 5533
5816,5721 5805 5442
5886,5715 5881 5516
5913,5723 5900 5544
5914,5724 5900 5545
5915,5725 5900 5546
5916,5726 5900 5547
5917,5727 5900 5548
5918,5728 5900 5549
5919,5710 5551
5921,5712 5919 5551 5553
5922,5713 5919 5551 5554
5920,5711 5919 5551 5552
5924,5715 5919 5556
5923,5714 5919 5555
5925,5716 5919 5557
5926,5717 5919 5558
5927,5718 5919 5559
5928,5719 5919 5560
5929,5720 5919 5561
5930,5721 5919 5562
5931,5722 5919 5563
5932,5723 5919 5564
5933,5724 5919 5565
5934,5725 5919 5566
5935,5726 5919 5567
5936,5727 5919 5568
5937,5728 5919 5569
5939,5711 5938 5571 5572
5938,5710 5571
5942,5714 5938 5575
5941,5713 5938 5571 5574
5940,5712 5938 5571 5573
5943,5715 5938 5576
5944,5716 5938 5577
5945,5717 5938 5578
5946,5718 5938 5579
5947,5719 5938 5580
5948,5720 5938 5581
5949,5721 5938 5582
5950,5722 5938 5583
5951,5723 5938 5584
5952,5724 5938 5585
5953,5725 5938 5586
5954,5726 5938 5587
5955,5727 5938 5588
5956,5728 5938 5589
5961,5714 5957 5595
5957,5710 5591
5958,5711 5957 5591 5592
5960,5713 5957 5591 5594
5959,5712 5957 5591 5593
5962,5715 5957 5596
5964,5717 5957 5598
5965,5718 5957 5599
5966,5719 5957 5600
5967,5720 5957 5601
5968,5721 5957 5602
5969,5722 5957 5603
5970,5723 5957 5604
5971,5724 5957 5605
5972,5725 5957 5606
5973,5726 5957 5607
5974,5727 5957 5608
5975,5728 5957 5609
5976,5710 5611
5978,5712 5976 5611 5613
5977,5711 5976 5611 5612
5981,5715 5976 5616
5980,5714 5976 5615
5983,5717 5976 5618
5984,5718 5976 5619
5985,5719 5976 5620
5986,5720 5976 5621
5987,5721 5976 5622
5988,5722 5976 5623
5989,5723 5976 5624
5990,5724 5976 5625
5991,5725 5976 5626
5992,5726 5976 5627
5993,5727 5976 5628
5994,5728 5976 5629
5995,5710 5631
5997,5712 5995 5631 5633
6002,5717 5995 5638
5911,5721 5900 5542
6004,5719 5995 5640
6006,5721 5995 5642
5903,5713 5900 5531 5534
5979,5713 5976 5611 5614
5963,5716 5957 5597
6001,5716 5995 5637
5982,5716 5976 5617
6005,5720 5995 5641
5996,5711 5995 5631 5632
5912,5722 5900 5543
6003,5718 5995 5639
5999,5714 5995 5635
6009,5724 5995 5645
6010,5725 5995 5646
6011,5726 5995 5647
6012,5727 5995 5648
6013,5728 5995 5649
6014,5710 5651
6015,5711 6014 5651 5652
6016,5712 6014 5651 5653
6017,5713 6014 5654
6018,5714 6014 5655
6019,5715 6014 5656
6020,5716 6014 5657
6021,5717 6014 5658
6022,5718 6014 5659
6023,5719 6014 5660
6024,5720 6014 5661
6025,5721 6014 5662
6026,5722 6014 5663
6027,5723 6014 5664
6028,5724 6014 5665
6029,5725 6014 5666
6030,5726 6014 5667
6031,5727 6014 5668
6032,5728 6014 5669
6033,5710 5671
6035,5712 6033 5671 5673
6036,5713 6033 5671 5674
6034,5711 6033 5671 5672
6038,5715 6033 5676
6037,5714 6033 5675
6039,5716 6033 5677
6040,5717 6033 5678
6041,5718 6033 5679
6042,5719 6033 5680
6043,5720 6033 5681
6044,5721 6033 5682
6045,5722 6033 5683
6046,5723 6033 5684
6047,5724 6033 5685
6048,5725 6033 5686
6049,5726 6033 5687
6050,5727 6033 5688
6051,5728 6033 5689
6053,5711 6052 5691 5692
6052,5710 5691
6056,5714 6052 5695
6055,5713 6052 5691 5694
6054,5712 6052 5691 5693
6057,5715 6052 5696
6059,5717 6052 5698
6060,5718 6052 5699
6061,5719 6052 5700
6062,5720 6052 5701
6063,5721 6052 5702
6064,5722 6052 5703
6065,5723 6052 5704
6066,5724 6052 5705
6067,5725 6052 5706
6069,5727 6052 5708
6070,5728 6052 5709
6071,5730
6072,6071 5730 5731
6076,6071 5735
6080,6071 5739
6082,6071 5741
6083,6071 5742
6084,6071 5743
6085,6071 5744
6086,6071 5745
6087,6071 5746
6088,6071 5747
6089,6071 5749
6090,6072 6089 5749 5750
6094,6076 6089 5754
6098,6080 6089 5758
6100,6082 6089 5760
6101,6083 6089 5761
6102,6084 6089 5762
6103,6085 6089 5763
6104,6086 6089 5764
6105,6087 6089 5765
6106,6088 6089 5766
6107,6071 5768
6116,6080 6107 5777
6119,6083 6107 5780
6121,6085 6107 5782
6007,5722 5995 5643
6118,6082 6107 5779
6058,5716 6052 5697
6123,6087 6107 5784
5998,5713 5995 5631 5634
6008,5723 5995 5644
6124,6088 6107 5785
6068,5726 6052 5707
6108,6072 6107 5768 5769
6000,5715 5995 5636
6112,6076 6107 5773
6179,6071 5844
6092,6074 5733 6089 5749 5752
6081,6071 5740
6073,6071 5730 5732
6091,6073 5732 6089 5749 5751
6074,6071 5730 5733
6109,6073 5732 6107 5768 5770
6181,6073 5732 6179 5844 5846
6180,6072 6179 5844 5845
6110,6074 5733 6107 5768 5771
6182,6074 5733 6179 5844 5847
6183,6075 6179 5848
6117,6081 5740 6107 5778
6184,6076 6179 5849
6095,6077 5736 6089 5755
6099,6081 5740 6089 5759
6077,6071 5736
6113,6077 5736 6107 5774
6187,6079 6179 5852
6188,6080 6179 5853
6185,6077 5736 6179 5850
6189,6081 6179 5854
6190,6082 6179 5855
6191,6083 6179 5856
6192,6084 6179 5857
6193,6085 6179 5858
6194,6086 6179 5859
6195,6087 6179 5860
6196,6088 6179 5861
6197,6071 5863
6199,6073 6197 5863 5865
6200,6074 6197 5863 5866
6198,6072 6197 5863 5864
6202,6076 6197 5868
6201,6075 6197 5867
6203,6077 6197 5869
6205,6079 6197 5871
6206,6080 6197 5872
6207,6081 6197 5873
6208,6082 6197 5874
6209,6083 6197 5875
6210,6084 6197 5876
6211,6085 6197 5877
6212,6086 6197 5878
6213,6087 6197 5879
6214,6088 6197 5880
6216,6072 6215 5882 5883
6215,6071 5882
6219,6075 6215 5886
6217,6073 6215 5882 5884
6221,6077 6215 5888
6220,6076 6215 5887
6223,6079 6215 5890
6224,6080 6215 5891
6225,6081 6215 5892
6226,6082 6215 5893
6227,6083 6215 5894
6228,6084 6215 5895
6229,6085 6215 5896
6230,6086 6215 5897
6231,6087 6215 5898
6232,6088 6215 5899
6233,6071 5901
6235,6073 6233 5901 5903
6236,6074 6233 5901 5904
6234,6072 6233 5901 5902
6238,6076 6233 5906
6237,6075 6233 5905
6239,6077 6233 5907
6241,6079 6233 5909
6242,6080 6233 5910
6243,6081 6233 5911
6244,6082 6233 5912
6245,6083 6233 5913
6246,6084 6233 5914
6247,6085 6233 5915
6248,6086 6233 5916
6249,6087 6233 5917
6250,6088 6233 5918
6252,6072 6251 5920 5921
6251,6071 5920
6255,6075 6251 5924
6253,6073 6251 5920 5922
6254,6074 6251 5920 5923
6256,6076 6251 5925
6257,6077 6251 5926
6259,6079 6251 5928
6260,6080 6251 5929
6261,6081 6251 5930
6262,6082 6251 5931
6263,6083 6251 5932
6264,6084 6251 5933
6265,6085 6251 5934
6266,6086 6251 5935
6267,6087 6251 5936
6268,6088 6251 5937
6269,6071 5939
6271,6073 6269 5939 5941
6277,6079 6269 5947
6279,6081 6269 5949
6281,6083 6269 5951
6270,6072 6269 5939 5940
6273,6075 6269 5943
6283,6085 6269 5953
6218,6074 6215 5882 5885
6395,6090
6272,6074 6269 5939 5942
6400,6395 6090 6095
6396,6395 6090 6091
6274,6076 6269 5944
6405,6395 6100
6403,6395 6098
6406,6395 6101
6407,6395 6102
6408,6395 6103
6409,6395 6104
6410,6395 6105
6411,6395 6106
6412,6395 6108
6413,6396 6412 6108 6109
6275,6077 6269 5945
6120,6084 6107 5781
6122,6086 6107 5783
6280,6082 6269 5950
6079,6071 5738
6075,6071 5730 5734
6093,6075 5734 6089 5753
6126,6072 6125 5787 5788
6282,6084 6269 5952
6144,6072 6143 5806 5807
6398,6395 6090 6093 5753
6127,6073 5732 6125 5787 5789
6146,6074 5733 6143 5806 5809
6097,6079 5738 6089 5757
6402,6395 6097 5757
6417,6400 6412 6113
6111,6075 5734 6107 5772
6096,6078 5737 6089 5756
6129,6075 5734 6125 5787 5791
6163,6073 5732 6161 5825 5827
6145,6073 5732 6143 5806 5808
6128,6074 5733 6125 5787 5790
6148,6076 6143 5806 5811
6401,6395 6096 5756
6147,6075 5734 6143 5806 5810
6164,6074 5733 6161 5825 5828
6415,6398 5753 6412 6108 6111 5772
6422,6405 6412 6118
6131,6077 5736 6125 5787 5793
6115,6079 5738 6107 5776
6130,6076 6125 5787 5792
6114,6078 5737 6107 5775
6150,6078 5737 6143 5806 5813
6149,6077 5736 6143 5806 5812
6420,6403 6412 6116
6132,6078 5737 6125 5787 5794
6204,6078 5737 6197 5870
6186,6078 5737 6179 5851
6166,6076 6161 5825 5830
6424,6407 6412 6120
6418,6401 5756 6412 6114 5775
6423,6406 6412 6119
6133,6079 5738 6125 5787 5795
6240,6078 5737 6233 5908
6419,6402 5757 6412 6115 5776
6152,6080 6143 5806 5815
6167,6077 5736 6161 5825 5831
6151,6079 5738 6143 5806 5814
6425,6408 6412 6121
6078,6071 5737
6134,6080 6125 5787 5796
6222,6078 5737 6215 5889
6168,6078 5737 6161 5825 5832
6276,6078 5737 6269 5946
6153,6081 5740 6143 5806 5816
6135,6081 5740 6125 5787 5797
6169,6079 5738 6161 5825 5833
6426,6409 6412 6122
6154,6082 6143 5806 5817
6136,6082 6125 5787 5798
6258,6078 5737 6251 5927
6170,6080 6161 5825 5834
6155,6083 6143 5806 5818
6397,6395 6090 6092
6137,6083 6125 5787 5799
6427,6410 6412 6123
6172,6082 6161 5825 5836
6156,6084 6143 5806 5819
6173,6083 6161 5825 5837
6414,6397 6092 6412 6108 6110
6140,6086 6125 5787 5802
6428,6411 6412 6124
6143,6071 5806
6159,6087 6143 5806 5822
6139,6085 6125 5787 5801
6174,6084 6161 5825 5838
6125,6071 5787
6158,6086 6143 5806 5821
6438,6404 6429 6135
6175,6085 6161 5825 5839
6404,6395 6099
6141,6087 6125 5787 5803
6142,6088 6125 5787 5804
6160,6088 6143 5806 5823
6439,6405 6429 6136
6326,6074 6323 5996 5999
6379,6073 6377 6053 6055
6327,6075 6323 5996 6000
6442,6408 6429 6139
6328,6076 6323 5996 6001
6380,6074 6377 6053 6056
6443,6409 6429 6140
6329,6077 6323 5996 6002
6381,6075 6377 6053 6057
6382,6076 6377 6053 6058
6330,6078 5737 6323 5996 6003
6383,6077 6377 6053 6059
6444,6410 6429 6141
6384,6078 5737 6377 6053 6060
6332,6080 6323 5996 6005
6445,6411 6429 6142
6385,6079 6377 6053 6061
6333,6081 6323 5996 6006
6334,6082 6323 5996 6007
6335,6083 6323 5996 6008
6387,6081 6377 6053 6063
6388,6082 6377 6053 6064
6336,6084 6323 5996 6009
6447,6396 6446 6144 6145
6448,6397 6446 6144 6146
6455,6404 6446 6153
6456,6405 6446 6154
6337,6085 6323 5996 6010
6389,6083 6377 6053 6065
6449,6398 6446 6144 6147
6390,6084 6377 6053 6066
6323,6071 5996
6338,6086 6323 5996 6011
6452,6401 6446 6144 6150
6391,6085 6377 6053 6067
6377,6071 6053
6340,6088 6323 5996 6013
6453,6402 6446 6144 6151
6446,6395 6144
6394,6088 6377 6053 6070
6454,6403 6446 6144 6152
6386,6080 6377 6053 6062
6460,6409 6446 6158
6461,6410 6446 6159
6462,6411 6446 6160
6482,6397 6480 6180 6182
6480,6395 6180
6483,6398 6480 6180 6183
6481,6396 6480 6180 6181
6486,6401 6480 6186
6485,6400 6480 6185
6487,6402 6480 6187
6488,6403 6480 6188
6489,6404 6480 6189
6490,6405 6480 6190
6342,6072 6341 6015 6016
6343,6073 6341 6015 6017
6491,6406 6480 6191
6344,6074 6341 6015 6018
6492,6407 6480 6192
6345,6075 6341 6015 6019
6346,6076 6341 6015 6020
6493,6408 6480 6193
6347,6077 6341 6015 6021
6348,6078 5737 6341 6015 6022
6494,6409 6480 6194
6349,6079 6341 6015 6023
6495,6410 6480 6195
6350,6080 6341 6015 6024
6351,6081 6341 6015 6025
6496,6411 6480 6196
6352,6082 6341 6015 6026
6353,6083 6341 6015 6027
6354,6084 6341 6015 6028
6498,6396 6497 6198 6199
6499,6397 6497 6198 6200
6356,6086 6341 6015 6030
6500,6398 6497 6198 6201
6341,6071 6015
6506,6404 6497 6207
6507,6405 6497 6208
6357,6087 6341 6015 6031
6497,6395 6198
6503,6401 6497 6198 6204
6505,6403 6497 6206
6355,6085 6341 6015 6029
6509,6407 6497 6210
6510,6408 6497 6211
6511,6409 6497 6212
6416,6399 6094 6412 6112
6512,6410 6497 6213
6513,6411 6497 6214
6450,6399 6094 6446 6144 6148
6484,6399 6094 6480 6184
6399,6395 6090 6094
6501,6399 6094 6497 6198 6202
6531,6395 6234
6532,6396 6531 6234 6235
6535,6399 6531 6238
6176,6086 6161 5825 5840
6161,6071 5825
6286,6088 6269 5956
6539,6403 6531 6242
6540,6404 6531 6243
6162,6072 6161 5825 5826
6541,6405 6531 6244
6542,6406 6531 6245
6465,6397 6463 5826 6164
6544,6408 6531 6247
6545,6409 6531 6248
6546,6410 6531 6249
6430,6396 6429 6126 6127
6470,6402 6463 5826 6169
6324,6072 6323 5996 5997
6473,6405 6463 5826 6172
6434,6400 6429 6126 6131
6516,6397 6514 6216 6218
6435,6401 6429 6126 6132
6463,6395 6162 5826
6475,6407 6463 5826 6174
6517,6398 6514 6216 6219
6325,6073 6323 5996 5998
6429,6395 6126
6464,6396 6463 5826 6163
6278,6080 6269 5948
6476,6408 6463 5826 6175
6440,6406 6429 6137
6421,6404 6099 6412 6117
6543,6407 6531 6246
6519,6400 6514 6216 6221
6378,6072 6377 6053 6054
6520,6401 6514 6216 6222
6165,6075 5734 6161 5825 5829
6521,6402 6514 6216 6223
6171,6081 5740 6161 5825 5835
6177,6087 6161 5825 5841
6472,6404 6463 5826 6171 5835
6466,6398 6463 5826 6165 5829
6478,6410 6463 5826 6177 5841
6522,6403 6514 6216 6224
6138,6084 6125 5787 5800
6523,6404 6514 6216 6225
6441,6407 6429 6138 5800
6524,6405 6514 6216 6226
6525,6406 6514 6216 6227
6157,6085 6143 5806 5820
6459,6408 6446 6157 5820
6527,6408 6514 6216 6229
6526,6407 6514 6216 6228
6528,6409 6514 6216 6230
6529,6410 6514 6216 6231
6514,6395 6216
6433,6399 6094 6429 6126 6130
6617,6396 6616 6324 6325
6618,6397 6616 6324 6326
6549,6396 6548 6252 6253
6616,6395 6324
6431,6397 6429 6126 6128
6621,6400 6616 6329
6620,6399 6616 6328
6619,6398 6616 6324 6327
6530,6411 6514 6216 6232
6471,6403 6463 5826 6170
6622,6401 6616 6330
6624,6403 6616 6332
6625,6404 6616 6333
6626,6405 6616 6334
6285,6087 6269 5955
6627,6406 6616 6335
6467,6399 6094 6463 5826 6166
6504,6402 6497 6198 6205
6284,6086 6269 5954
6538,6402 6531 6241
6502,6400 6497 6198 6203
6458,6407 6446 6156
6533,6397 6531 6234 6236
6550,6397 6548 6252 6254
6537,6401 6531 6240
6628,6407 6616 6336
6358,6088 6341 6015 6032
6393,6087 6377 6053 6069
6551,6398 6548 6252 6255
6288,6072 6287 5958 5959
6331,6079 6323 5996 6004
6178,6088 6161 5825 5842
6289,6073 6287 5958 5960
6360,6072 6359 6034 6035
6582,6395 6288 5959
6361,6073 6359 6034 6036
6583,6396 6582 5959 6289 5960
6553,6400 6548 6252 6257
6290,6074 6287 5958 5961
6307,6073 6305 5977 5979
6306,6072 6305 5977 5978
6584,6397 6582 5959 6290 5961
6552,6399 6548 6252 6256
6632,6411 6616 6340
6623,6402 6616 6331 6004
6291,6075 6287 5958 5962
6599,6395 6306 5978
6479,6411 6463 5826 6178 5842
6362,6074 6359 6034 6037
6585,6398 6582 5959 6291 5962
6629,6408 6616 6337
6293,6077 6287 5958 5964
6630,6409 6616 6338
6364,6076 6359 6034 6039
6308,6074 6305 5977 5980
6295,6079 6287 5958 5966
6601,6397 6599 5978 6308 5980
6634,6396 6633 6342 6343
6292,6076 6287 5958 5963
6635,6397 6633 6342 6344
6310,6076 6305 5977 5982
6363,6075 6359 6034 6038
6296,6080 6287 5958 5967
6311,6077 6305 5977 5983
6586,6399 6582 5959 6292 5963
6587,6400 6582 5959 6293 5964
6590,6403 6582 5959 6296 5967
6367,6079 6359 6034 6042
6589,6402 6582 5959 6295 5966
6366,6078 5737 6359 6034 6041
6370,6082 6359 6034 6045
6604,6400 6599 5978 6311 5983
6312,6078 5737 6305 5977 5984
6636,6398 6633 6342 6345
6371,6083 6359 6034 6046
6603,6399 6599 5978 6310 5982
6605,6401 6599 5978 6312 5984
6297,6081 6287 5958 5968
6313,6079 6305 5977 5985
6372,6084 6359 6034 6047
6368,6080 6359 6034 6043
6637,6399 6633 6342 6346
6639,6401 6633 6342 6348
6606,6402 6599 5978 6313 5985
6643,6405 6633 6352
6314,6080 6305 5977 5986
6591,6404 6582 5959 6297 5968
6298,6082 6287 5958 5969
6640,6402 6633 6342 6349
6638,6400 6633 6342 6347
6369,6081 6359 6034 6044
6299,6083 6287 5958 5970
6607,6403 6599 5978 6314 5986
6644,6406 6633 6353
6468,6400 6463 5826 6167
6315,6081 6305 5977 5987
6301,6085 6287 5958 5972
6592,6405 6582 5959 6298 5969
6645,6407 6633 6354
6287,6071 5958
6633,6395 6342
6300,6084 6287 5958 5971
6595,6408 6582 5959 6301 5972
6374,6086 6359 6034 6049
6359,6071 6034
6642,6404 6633 6342 6351
6451,6400 6446 6144 6149
6302,6086 6287 5958 5973
6646,6408 6633 6355
6647,6409 6633 6356
6376,6088 6359 6034 6051
6594,6407 6582 5959 6300 5971
6457,6406 6446 6155
6373,6085 6359 6034 6048
6309,6075 6305 5977 5981
6317,6083 6305 5977 5989
6602,6398 6599 5978 6309 5981
6600,6396 6599 5978 6307 5979
6318,6084 6305 5977 5990
6339,6087 6323 5996 6012
6611,6407 6599 5978 6318 5990
6304,6088 6287 5958 5975
6596,6409 6582 5959 6302 5973
6392,6086 6377 6053 6068
6294,6078 5737 6287 5958 5965
6598,6411 6582 5959 6304 5975
6649,6411 6633 6358
6588,6401 6582 5959 6294 5965
6651,6396 6650 6360 6361
6365,6077 6359 6034 6040
6320,6086 6305 5977 5992
6652,6397 6650 6360 6362
6305,6071 5977
6613,6409 6599 5978 6320 5992
6658,6403 6650 6368
6631,6410 6616 6339 6012
6653,6398 6650 6360 6363
6654,6399 6650 6360 6364
6659,6404 6650 6369
6321,6087 6305 5977 5993
6660,6405 6650 6370
6655,6400 6650 6360 6365 6040
6322,6088 6305 5977 5994
6656,6401 6650 6360 6366
6650,6395 6360
6614,6410 6599 5978 6321 5993
6615,6411 6599 5978 6322 5994
6661,6406 6650 6371
6610,6406 6599 5978 6317 5989
6657,6402 6650 6360 6367
6662,6407 6650 6372
6663,6408 6650 6373
6319,6085 6305 5977 5991
6612,6408 6599 5978 6319 5991
6664,6409 6650 6374
6666,6411 6650 6376
6669,6397 6667 6378 6380
6667,6395 6378
6672,6400 6667 6383
6670,6398 6667 6378 6381
6668,6396 6667 6378 6379
6671,6399 6667 6382
6673,6401 6667 6384
6432,6398 6429 6126 6129
6547,6411 6531 6250
6675,6403 6667 6386
6676,6404 6667 6387
6677,6405 6667 6388
6678,6406 6667 6389
6469,6401 6463 5826 6168
6680,6408 6667 6391
6681,6409 6667 6392
6682,6410 6667 6393
6683,6411 6667 6394
6686,6684 6413 6415
6687,6684 6413 6416
6436,6402 6429 6126 6133
6691,6684 6420
6692,6684 6421
6518,6399 6514 6216 6220
6477,6409 6463 5826 6176 5840
6693,6684 6422
6694,6684 6423
6695,6684 6424
6696,6684 6425
6697,6684 6426
6698,6684 6427
6699,6684 6428
6700,6684 6430
6703,6687 6700 6430 6433
6702,6686 6700 6430 6432
6708,6692 6700 6438
6710,6694 6700 6440
6711,6695 6700 6441
6712,6696 6700 6442
6713,6697 6700 6443
6714,6698 6700 6444
6715,6699 6700 6445
6566,6396 6565 6270 6271
6568,6398 6565 6270 6273
6732,6684 6464
6719,6687 6716 6447 6450
6735,6687 6732 6464 6467
6316,6082 6305 5977 5988
6716,6684 6447
6679,6407 6667 6390
6608,6404 6599 5978 6315 5987
6718,6686 6716 6447 6449
6593,6406 6582 5959 6299 5970
6734,6686 6732 6464 6466
6641,6403 6633 6342 6350
6739,6691 6732 6471
6303,6087 6287 5958 5974
6764,6684 6498
6766,6686 6764 6498 6500
6767,6687 6764 6498 6501
6375,6087 6359 6034 6050
6597,6410 6582 5959 6303 5974
6771,6691 6764 6505
6648,6410 6633 6357
6555,6402 6548 6252 6259
6554,6401 6548 6252 6258
6556,6403 6548 6252 6260
6773,6693 6764 6507
6557,6404 6548 6252 6261
6775,6695 6764 6509
6558,6405 6548 6252 6262
6776,6696 6764 6510
6560,6407 6548 6252 6264
6559,6406 6548 6252 6263
6777,6697 6764 6511
6561,6408 6548 6252 6265
6548,6395 6252
6575,6405 6565 6270 6280
6576,6406 6565 6270 6281
6563,6410 6548 6252 6267
6562,6409 6548 6252 6266
6515,6396 6514 6216 6217
6564,6411 6548 6252 6268
6779,6699 6764 6513
6778,6698 6764 6512
6674,6402 6667 6385
6474,6406 6463 5826 6173
6742,6694 6732 6474 6173
6796,6684 6532
6799,6687 6796 6532 6535
6803,6691 6796 6539
6804,6692 6796 6540
6805,6693 6796 6541
6806,6694 6796 6542
6807,6695 6796 6543
6808,6696 6796 6544
6809,6697 6796 6545
6810,6698 6796 6546
6684,6413
6730,6698 6716 6447 6461
6508,6406 6497 6209
6534,6398 6531 6234 6237
6572,6402 6565 6270 6277
6728,6696 6716 6447 6459
6724,6692 6716 6447 6455
6567,6397 6565 6270 6272
6723,6691 6716 6447 6454
6709,6693 6700 6439
6725,6693 6716 6447 6456
6727,6695 6716 6447 6458
6571,6401 6565 6270 6276
6811,6699 6796 6547
6747,6699 6732 6479
6570,6400 6565 6270 6275
6536,6400 6531 6239
6746,6698 6732 6478
6569,6399 6565 6270 6274
6741,6693 6732 6473
6745,6697 6732 6477
6740,6692 6732 6472
6701,6685 6414 6700 6430 6431
6717,6685 6414 6716 6447 6448
6705,6689 6418 6700 6435
6720,6688 6417 6716 6447 6451
6578,6408 6565 6270 6283
6812,6684 6549
6721,6689 6418 6716 6447 6452
6765,6685 6414 6764 6498 6499
6685,6684 6413 6414
6689,6684 6413 6418
6704,6688 6417 6700 6434
6813,6685 6812 6549 6550
6797,6685 6414 6796 6532 6533
6736,6688 6417 6732 6464 6468
6798,6686 6796 6532 6534 6237
6688,6684 6413 6417
6816,6688 6812 6553
6768,6688 6417 6764 6502
6769,6689 6418 6764 6503
6800,6688 6417 6796 6532 6536 6239
6774,6694 6764 6508 6209
6733,6685 6414 6732 6464 6465
6579,6409 6565 6270 6284 5954
6801,6689 6418 6796 6532 6537
6815,6687 6812 6549 6552
6706,6690 6419 6700 6436
6737,6689 6418 6732 6469
6819,6691 6812 6556
6817,6689 6812 6554
6738,6690 6419 6732 6470
6814,6686 6812 6549 6551
6821,6693 6812 6558
6690,6684 6419
6802,6690 6419 6796 6532 6538
6770,6690 6419 6764 6504
6818,6690 6419 6812 6555
6722,6690 6419 6716 6447 6453
6822,6694 6812 6559
6823,6695 6812 6560
6820,6692 6812 6557
6824,6696 6812 6561
6825,6697 6812 6562
6826,6698 6812 6563
6827,6699 6812 6564
6573,6403 6565 6270 6278
6828,6684 6566
6609,6405 6599 5978 6316 5988
6831,6687 6828 6566 6569
6829,6685 6828 6566 6567
6833,6689 6828 6571
6832,6688 6828 6570
6834,6690 6828 6572
6835,6691 6828 6573
6837,6693 6828 6575
6838,6694 6828 6576
6840,6696 6828 6578
6841,6697 6828 6579
6844,6684 6583
6846,6686 6844 6583 6585
6847,6687 6844 6583 6586
6845,6685 6844 6583 6584
6849,6689 6844 6588
6850,6690 6844 6589
6848,6688 6844 6587
6851,6691 6844 6590
6852,6692 6844 6591
6853,6693 6844 6592
6854,6694 6844 6593
6855,6695 6844 6594
6856,6696 6844 6595
6857,6697 6844 6596
6858,6698 6844 6597
6859,6699 6844 6598
6861,6685 6860 6600 6601
6860,6684 6600
6864,6688 6860 6604
6863,6687 6860 6600 6603
6862,6686 6860 6600 6602
6866,6690 6860 6606
6865,6689 6860 6605
6867,6691 6860 6607
6868,6692 6860 6608
6869,6693 6860 6609
6870,6694 6860 6610
6871,6695 6860 6611
6872,6696 6860 6612
6749,6685 6414 6748 6481 6482
6750,6686 6748 6481 6483
6751,6687 6748 6481 6484
6874,6698 6860 6614
6752,6688 6417 6748 6481 6485
6873,6697 6860 6613
6875,6699 6860 6615
6772,6692 6764 6506
6880,6688 6876 6621
6876,6684 6617
6877,6685 6876 6617 6618
6878,6686 6876 6617 6619
6879,6687 6876 6617 6620
6753,6689 6418 6748 6481 6486
6881,6689 6876 6622
6882,6690 6876 6623
6754,6690 6419 6748 6481 6487
6883,6691 6876 6624
6884,6692 6876 6625
6755,6691 6748 6481 6488
6756,6692 6748 6481 6489
6885,6693 6876 6626
6886,6694 6876 6627
6887,6695 6876 6628
6888,6696 6876 6629
6889,6697 6876 6630
6757,6693 6748 6481 6490
6890,6698 6876 6631
6891,6699 6876 6632
6758,6694 6748 6481 6491
6759,6695 6748 6481 6492
6894,6686 6892 6634 6636
6782,6686 6780 6217 6517
6565,6395 6270
6905,6697 6892 6647
6895,6687 6892 6634 6637
6748,6684 6481
6437,6403 6429 6126 6134
6763,6699 6748 6481 6496
6731,6699 6716 6447 6462
6707,6691 6700 6437 6134
6726,6694 6716 6447 6457
6729,6697 6716 6447 6460
6781,6685 6414 6780 6217 6516
6830,6686 6828 6566 6568
6762,6698 6748 6481 6495
6761,6697 6748 6481 6494
6744,6696 6732 6476
6743,6695 6732 6475
6580,6410 6565 6270 6285 5955
6581,6411 6565 6270 6286
6842,6698 6828 6580 6285
6843,6699 6828 6581 6286
6574,6404 6565 6270 6279
6783,6687 6780 6217 6518
6665,6410 6650 6375 6050
6760,6696 6748 6481 6493
6896,6688 6892 6634 6638
6836,6692 6828 6574 6279
6906,6698 6892 6648
6897,6689 6892 6634 6639
6907,6699 6892 6649
6784,6688 6417 6780 6217 6519
6785,6689 6418 6780 6217 6520
6909,6685 6908 6651 6652
6786,6690 6419 6780 6217 6521
6787,6691 6780 6217 6522
6899,6691 6892 6634 6641
6912,6688 6908 6655
6900,6692 6892 6634 6642
6788,6692 6780 6217 6523
6908,6684 6651
6892,6684 6634
6910,6686 6908 6651 6653
6898,6690 6892 6634 6640
6893,6685 6892 6634 6635
6913,6689 6908 6656
6790,6694 6780 6217 6525
6901,6693 6892 6634 6643
6904,6696 6892 6646
6903,6695 6892 6634 6645
6789,6693 6780 6217 6524
6915,6691 6908 6658
6911,6687 6908 6651 6654
6791,6695 6780 6217 6526
6914,6690 6908 6657
6780,6684 6515 6217
6902,6694 6892 6634 6644
6577,6407 6565 6270 6282
6839,6695 6828 6577 6282
6918,6694 6908 6661
6919,6695 6908 6662
6920,6696 6908 6663
6921,6697 6908 6664
6922,6698 6908 6665
6923,6699 6908 6666
6925,6685 6924 6668 6669
6928,6688 6924 6672
6924,6684 6668
6792,6696 6780 6217 6527
6795,6699 6780 6217 6530
6793,6697 6780 6217 6528
6926,6686 6924 6668 6670
6927,6687 6924 6668 6671
6916,6692 6908 6659
6929,6689 6924 6673
6794,6698 6780 6217 6529
6930,6690 6924 6674
6917,6693 6908 6660
6932,6692 6924 6676
6934,6694 6924 6678
6935,6695 6924 6679
6936,6696 6924 6680
6937,6697 6924 6681
6938,6698 6924 6682
6939,6699 6924 6683
6942,6940 6701 6703
6944,6940 6701 6705
6940,6701
6948,6940 6709
6941,6940 6701 6702
6946,6940 6707
6950,6940 6711
6951,6940 6712
6952,6940 6713
6953,6940 6714
6954,6940 6715
6955,6940 6717
6956,6941 6955 6717 6718
6957,6942 6955 6717 6719
6959,6944 6955 6721
6949,6940 6710
6933,6693 6924 6677
6931,6691 6924 6675
6943,6940 6701 6704
6945,6940 6701 6706
6960,6945 6706 6955 6722
6947,6940 6708
6962,6947 6708 6955 6724
6964,6949 6955 6726
6965,6950 6955 6727
6967,6952 6955 6729
6968,6953 6955 6730
6969,6954 6955 6731
6974,6944 6970 6737
6970,6940 6733
6971,6941 6970 6733 6734
6973,6943 6970 6733 6736
6972,6942 6970 6733 6735
6975,6945 6970 6738
6976,6946 6970 6739
6977,6947 6970 6740
6978,6948 6970 6741
6979,6949 6970 6742
6980,6950 6970 6743
6981,6951 6970 6744
6982,6952 6970 6745
6983,6953 6970 6746
6984,6954 6970 6747
6987,6942 6985 6749 6751
6985,6940 6749
6988,6943 6985 6749 6752
6986,6941 6985 6749 6750
6990,6945 6985 6754
6991,6946 6985 6755
6989,6944 6985 6753
6992,6947 6985 6756
6993,6948 6985 6757
6994,6949 6985 6758
6995,6950 6985 6759
6996,6951 6985 6760
6997,6952 6985 6761
6998,6953 6985 6762
6999,6954 6985 6763
7001,6941 7000 6765 6766
7000,6940 6765
7004,6944 7000 6769
7003,6943 7000 6765 6768
7002,6942 7000 6765 6767
7006,6946 7000 6771
7005,6945 7000 6770
7007,6947 7000 6772
7008,6948 7000 6773
7009,6949 7000 6774
7010,6950 7000 6775
7011,6951 7000 6776
7012,6952 7000 6777
7013,6953 7000 6778
7014,6954 7000 6779
7016,6941 7015 6781 6782
7015,6940 6781
7019,6944 7015 6785
7017,6942 7015 6781 6783
7021,6946 7015 6787
7022,6947 7015 6788
7023,6948 7015 6789
7024,6949 7015 6790
7025,6950 7015 6791
7026,6951 7015 6792
7027,6952 7015 6793
7028,6953 7015 6794
7029,6954 7015 6795
7034,6944 7030 6801
7030,6940 6797
7031,6941 7030 6797 6798
7032,6942 7030 6797 6799
7035,6945 7030 6802
7037,6947 7030 6804
7038,6948 7030 6805
7039,6949 7030 6806
7040,6950 7030 6807
7041,6951 7030 6808
7042,6952 7030 6809
7043,6953 7030 6810
7044,6954 7030 6811
7047,6942 7045 6813 6815
7050,6945 7045 6818
7045,6940 6813
7036,6946 7030 6803
6958,6943 6704 6955 6717 6720
6961,6946 6955 6723
7018,6943 7015 6781 6784
7033,6943 7030 6797 6800
6966,6951 6955 6728
7046,6941 7045 6813 6814
7020,6945 7015 6786
6963,6948 6955 6725
7049,6944 7045 6817
7053,6948 7045 6821
7054,6949 7045 6822
7055,6950 7045 6823
7056,6951 7045 6824
7057,6952 7045 6825
7058,6953 7045 6826
7059,6954 7045 6827
7060,6940 6829
7062,6942 7060 6829 6831
7063,6943 7060 6829 6832
7061,6941 7060 6829 6830
7065,6945 7060 6834
7064,6944 7060 6833
7066,6946 7060 6835
7067,6947 7060 6836
7068,6948 7060 6837
7069,6949 7060 6838
7070,6950 7060 6839
7071,6951 7060 6840
7072,6952 7060 6841
7073,6953 7060 6842
7074,6954 7060 6843
7076,6941 7075 6845 6846
7075,6940 6845
7079,6944 7075 6849
7078,6943 7075 6845 6848
7077,6942 7075 6845 6847
7080,6945 7075 6850
7081,6946 7075 6851
7082,6947 7075 6852
7083,6948 7075 6853
7084,6949 7075 6854
7085,6950 7075 6855
7086,6951 7075 6856
7087,6952 7075 6857
7088,6953 7075 6858
7089,6954 7075 6859
7091,6941 7090 6861 6862
7090,6940 6861
7094,6944 7090 6865
7093,6943 7090 6861 6864
7092,6942 7090 6861 6863
7096,6946 7090 6867
7095,6945 7090 6866
7097,6947 7090 6868
7098,6948 7090 6869
7099,6949 7090 6870
7100,6950 7090 6871
7101,6951 7090 6872
7103,6953 7090 6874
7104,6954 7090 6875
7107,6942 7105 6877 6879
7105,6940 6877
7108,6943 7105 6877 6880
7106,6941 7105 6877 6878
7110,6945 7105 6882
7109,6944 7105 6881
7111,6946 7105 6883
7113,6948 7105 6885
7114,6949 7105 6886
7116,6951 7105 6888
7117,6952 7105 6889
7118,6953 7105 6890
7119,6954 7105 6891
7120,6940 6893
7122,6942 7120 6893 6895
7121,6941 7120 6893 6894
7125,6945 7120 6898
7124,6944 7120 6897
7126,6946 7120 6899
7127,6947 7120 6900
7128,6948 7120 6901
7129,6949 7120 6902
7130,6950 7120 6903
7131,6951 7120 6904
7132,6952 7120 6905
7134,6954 7120 6907
7135,6940 6909
7137,6942 7135 6909 6911
7142,6947 7135 6916
7144,6949 7135 6918
7146,6951 7135 6920
7133,6953 7120 6906
7136,6941 7135 6909 6910
7052,6947 7045 6820
7138,6943 7135 6909 6912
7123,6943 7120 6893 6896
7141,6946 7135 6915
7112,6947 7105 6884
7102,6952 7090 6873
7115,6950 7105 6887
7148,6953 7135 6922
7048,6943 7045 6813 6816
7139,6944 7135 6913
7140,6945 7135 6914
7051,6946 7045 6819
7167,7165 6956 6958
7168,7165 6956 6959
7172,7165 6963
7169,7165 6956 6960
7165,6956
7173,7165 6964
7170,7165 6956 6961
7166,7165 6956 6957
7171,7165 6962
7174,7165 6965
7175,7165 6966
7176,7165 6967
7177,7165 6968
7178,7165 6969
7180,7166 7179 6971 6972
7179,7165 6971
7183,7169 7179 6975
7182,7168 7179 6971 6974
7181,7167 7179 6971 6973
7184,7170 7179 6976
7185,7171 7179 6977
7186,7172 7179 6978
7187,7173 7179 6979
7188,7174 7179 6980
7189,7175 7179 6981
7190,7176 7179 6982
7191,7177 7179 6983
7192,7178 7179 6984
7193,7165 6986
7195,7167 7193 6986 6988
7196,7168 7193 6986 6989
7194,7166 7193 6986 6987
7198,7170 7193 6991
7197,7169 7193 6990
7199,7171 7193 6992
7200,7172 7193 6993
7201,7173 7193 6994
7202,7174 7193 6995
7203,7175 7193 6996
7204,7176 7193 6997
7205,7177 7193 6998
7206,7178 7193 6999
7209,7167 7207 7001 7003
7207,7165 7001
7212,7170 7207 7006
7208,7166 7207 7001 7002
7210,7168 7207 7001 7004
7211,7169 7207 7005
7213,7171 7207 7007
7214,7172 7207 7008
7215,7173 7207 7009
7216,7174 7207 7010
7217,7175 7207 7011
7218,7176 7207 7012
7219,7177 7207 7013
7220,7178 7207 7014
7223,7167 7221 7016 7018
7221,7165 7016
7226,7170 7221 7021
7222,7166 7221 7016 7017
7224,7168 7221 7016 7019
7227,7171 7221 7022
7225,7169 7221 7020
7229,7173 7221 7024
7230,7174 7221 7025
7231,7175 7221 7026
7232,7176 7221 7027
7233,7177 7221 7028
7234,7178 7221 7029
7237,7167 7235 7031 7033
7235,7165 7031
7238,7168 7235 7031 7034
7240,7170 7235 7036
7236,7166 7235 7031 7032
7239,7169 7235 7035
7242,7172 7235 7038
7243,7173 7235 7039
7244,7174 7235 7040
7246,7176 7235 7042
7247,7177 7235 7043
7248,7178 7235 7044
7250,7166 7249 7046 7047
7249,7165 7046
7253,7169 7249 7050
7251,7167 7249 7046 7048
7145,6950 7135 6919
7149,6954 7135 6923
7245,7175 7235 7041
7143,6948 7135 6917
7252,7168 7249 7046 7049
7147,6952 7135 6921
7254,7170 7249 7051
7152,6942 7150 6925 6927
7256,7172 7249 7053
7153,6943 7150 6925 6928
7155,6945 7150 6925 6930
7241,7171 7235 7037
7228,7172 7221 7023
7154,6944 7150 6925 6929
7151,6941 7150 6925 6926
7257,7173 7249 7054
7255,7171 7249 7052
7156,6946 7150 6925 6931
7258,7174 7249 7055
7259,7175 7249 7056
7157,6947 7150 6925 6932
7260,7176 7249 7057
7158,6948 7150 6925 6933
7160,6950 7150 6925 6935
7161,6951 7150 6925 6936
7262,7178 7249 7059
7162,6952 7150 6925 6937
7150,6940 6925
7164,6954 7150 6925 6939
7279,7167 7277 7076 7078
7277,7165 7076
7280,7168 7277 7076 7079
7278,7166 7277 7076 7077
7282,7170 7277 7081
7283,7171 7277 7082
7281,7169 7277 7080
7285,7173 7277 7084
7286,7174 7277 7085
7287,7175 7277 7086
7288,7176 7277 7087
7289,7177 7277 7088
7290,7178 7277 7089
7293,7167 7291 7091 7093
7291,7165 7091
7292,7166 7291 7091 7092
7295,7169 7291 7095
7297,7171 7291 7097
7261,7177 7249 7058
7294,7168 7291 7091 7094
7284,7172 7277 7083
7298,7172 7291 7098
7159,6949 7150 6925 6934
7296,7170 7291 7096
7300,7174 7291 7100
7264,7166 7263 7061 7062
7301,7175 7291 7101
7299,7173 7291 7099
7265,7167 7263 7061 7063
7268,7170 7263 7061 7066
7269,7171 7263 7061 7067
7303,7177 7291 7103
7271,7173 7263 7061 7069
7272,7174 7263 7061 7070
7273,7175 7263 7061 7071
7307,7167 7305 7106 7108
7267,7169 7263 7061 7065
7270,7172 7263 7061 7068
7266,7168 7263 7061 7064
7308,7168 7305 7106 7109
7302,7176 7291 7102
7304,7178 7291 7104
7274,7176 7263 7061 7072
7315,7175 7305 7116
7317,7177 7305 7118
7309,7169 7305 7106 7110
7275,7177 7263 7061 7073
7316,7176 7305 7117
7263,7165 7061
7276,7178 7263 7061 7074
7163,6953 7150 6925 6938
7310,7170 7305 7106 7111
7318,7178 7305 7119
7311,7171 7305 7106 7112
7312,7172 7305 7106 7113
7321,7167 7319 7121 7123
7305,7165 7106
7322,7168 7319 7121 7124
7306,7166 7305 7106 7107
7313,7173 7305 7106 7114
7314,7174 7305 7115
7328,7174 7319 7130
7323,7169 7319 7121 7125
7329,7175 7319 7131
7319,7165 7121
7324,7170 7319 7121 7126
7325,7171 7319 7121 7127
7320,7166 7319 7121 7122
7330,7176 7319 7132
7331,7177 7319 7133
7327,7173 7319 7129
7333,7165 7136
7335,7167 7333 7136 7138
7336,7168 7333 7136 7139
7334,7166 7333 7136 7137
7338,7170 7333 7141
7337,7169 7333 7140
7326,7172 7319 7121 7128
7332,7178 7319 7134
7339,7171 7333 7142
7340,7172 7333 7143
7341,7173 7333 7144
7342,7174 7333 7145
7344,7176 7333 7147
7343,7175 7333 7146
7345,7177 7333 7148
7346,7178 7333 7149
7363,7361 7180 7182
7368,7361 7187
7370,7361 7189
7364,7361 7180 7183
7361,7180
7371,7361 7190
7362,7361 7180 7181
7349,7167 7347 7151 7153
7367,7361 7186
7354,7172 7347 7151 7158
7355,7173 7347 7151 7159
7376,7363 7374 7194 7196
7347,7165 7151
7358,7176 7347 7151 7162
7374,7361 7194
7381,7368 7374 7194 7201
7369,7361 7188
7375,7362 7374 7194 7195
7348,7166 7347 7151 7152
7383,7370 7374 7203
7357,7175 7347 7151 7161
7393,7367 7387 7214
7387,7361 7208
7390,7364 7387 7208 7211
7389,7363 7387 7208 7210
7388,7362 7387 7208 7209
7394,7368 7387 7215
7395,7369 7387 7216
7396,7370 7387 7217
7397,7371 7387 7218
7401,7362 7400 7222 7223
7400,7361 7222
7406,7367 7400 7228
7403,7364 7400 7222 7225
7402,7363 7400 7222 7224
7407,7368 7400 7229
7408,7369 7400 7230
7409,7370 7400 7231
7410,7371 7400 7232
7414,7362 7413 7236 7237
7413,7361 7236
7419,7367 7413 7242
7416,7364 7413 7236 7239
7415,7363 7413 7236 7238
7420,7368 7413 7243
7421,7369 7413 7244
7422,7370 7413 7245
7423,7371 7413 7246
7427,7362 7426 7250 7251
7426,7361 7250
7432,7367 7426 7256
7429,7364 7426 7250 7253
7428,7363 7426 7250 7252
7433,7368 7426 7257
7434,7369 7426 7258
7435,7370 7426 7259
7436,7371 7426 7260
7440,7362 7439 7264 7265
7439,7361 7264
7445,7367 7439 7270
7442,7364 7439 7264 7267
7441,7363 7439 7264 7266
7446,7368 7439 7271
7447,7369 7439 7272
7448,7370 7439 7273
7449,7371 7439 7274
7453,7362 7452 7278 7279
7458,7367 7452 7284
7452,7361 7278
7459,7368 7452 7285
7454,7363 7452 7278 7280
7455,7364 7452 7278 7281
7460,7369 7452 7286
7461,7370 7452 7287
7462,7371 7452 7288
7466,7362 7465 7292 7293
7465,7361 7292
7471,7367 7465 7298
7468,7364 7465 7292 7295
7467,7363 7465 7292 7294
7472,7368 7465 7299
7473,7369 7465 7300
7474,7370 7465 7301
7475,7371 7465 7302
7479,7362 7478 7306 7307
7478,7361 7306
7484,7367 7478 7312
7480,7363 7478 7306 7308
7486,7369 7478 7314
7487,7370 7478 7315
7488,7371 7478 7316
7492,7362 7491 7320 7321
7491,7361 7320
7497,7367 7491 7326
7493,7363 7491 7320 7322
7499,7369 7491 7328
7500,7370 7491 7329
7501,7371 7491 7330
7505,7362 7504 7334 7335
7510,7367 7504 7340
7504,7361 7334
7382,7369 7188 7374 7202
7380,7367 7374 7194 7200
7494,7364 7491 7320 7323
7356,7174 7347 7151 7160
7481,7364 7478 7306 7309
7506,7363 7504 7334 7336
7377,7364 7374 7194 7197
7507,7364 7504 7334 7337
7353,7171 7347 7151 7157
7360,7178 7347 7151 7164
7498,7368 7491 7327
7485,7368 7478 7313
7511,7368 7504 7341
7384,7371 7374 7204
7378,7365 7184 7374 7194 7198
7359,7177 7347 7151 7163
7379,7366 7185 7374 7194 7199
7391,7365 7184 7387 7208 7212
7386,7373 7192 7374 7206
7392,7366 7185 7387 7213
7405,7366 7185 7400 7227
7399,7373 7192 7387 7220
7404,7365 7184 7400 7226
7418,7366 7185 7413 7241
7431,7366 7185 7426 7255
7412,7373 7192 7400 7234
7417,7365 7184 7413 7240
7430,7365 7184 7426 7254
7425,7373 7192 7413 7248
7513,7370 7504 7343
7457,7366 7185 7452 7283
7438,7373 7192 7426 7262
7514,7371 7504 7344
7470,7366 7185 7465 7297
7456,7365 7184 7452 7282
7477,7373 7192 7465 7304
7483,7366 7185 7478 7311
7373,7361 7192
7490,7373 7192 7478 7318
7464,7373 7192 7452 7290
7482,7365 7184 7478 7310
7366,7361 7180 7185
7496,7366 7185 7491 7325
7365,7361 7180 7184
7509,7366 7185 7504 7339
7508,7365 7184 7504 7338
7352,7170 7347 7151 7156
7495,7365 7184 7491 7324
7351,7169 7347 7151 7155
7518,7362 7517 7348 7349
7521,7365 7517 7348 7352 7156
7503,7373 7192 7491 7332
7517,7361 7348
7385,7372 7191 7374 7205
7525,7369 7517 7356
7522,7366 7517 7348 7353
7524,7368 7517 7348 7355
7469,7365 7184 7465 7296
7520,7364 7517 7348 7351 7155
7411,7372 7191 7400 7233
7398,7372 7191 7387 7219
7523,7367 7517 7348 7354
7528,7372 7517 7359
7527,7371 7517 7358
7526,7370 7517 7357
7424,7372 7191 7413 7247
7437,7372 7191 7426 7261
7450,7372 7191 7439 7275
7529,7373 7517 7360
7463,7372 7191 7452 7289
7476,7372 7191 7465 7303
7531,7530 7375 7376
7536,7530 7381
7372,7361 7191
7502,7372 7191 7491 7331
7532,7530 7375 7377
7489,7372 7191 7478 7317
7534,7530 7375 7379
7530,7375
7350,7168 7347 7151 7154
7538,7530 7383
7535,7530 7375 7380
7533,7530 7375 7378
7537,7530 7382
7519,7363 7517 7348 7350 7154
7539,7530 7384
7515,7372 7191 7504 7345
7540,7530 7385
7541,7530 7386
7544,7532 7542 7388 7390
7542,7530 7388
7543,7531 7542 7388 7389
7545,7533 7542 7388 7391
7547,7535 7542 7393
7546,7534 7542 7392
7548,7536 7542 7394
7549,7537 7542 7395
7550,7538 7542 7396
7551,7539 7542 7397
7552,7540 7542 7398
7553,7541 7542 7399
7554,7530 7401
7556,7532 7554 7401 7403
7557,7533 7554 7401 7404
7555,7531 7554 7401 7402
7559,7535 7554 7406
7558,7534 7554 7405
7560,7536 7554 7407
7561,7537 7554 7408
7562,7538 7554 7409
7564,7540 7554 7411
7565,7541 7554 7412
7566,7530 7414
7568,7532 7566 7414 7416
7567,7531 7566 7414 7415
7570,7534 7566 7418
7572,7536 7566 7420
7573,7537 7566 7421
7574,7538 7566 7422
7575,7539 7566 7423
7576,7540 7566 7424
7577,7541 7566 7425
7580,7532 7578 7427 7429
7583,7535 7578 7432
7584,7536 7578 7433
7585,7537 7578 7434
7586,7538 7578 7435
7587,7539 7578 7436
7589,7541 7578 7438
7590,7530 7440
7591,7531 7590 7440 7441
7592,7532 7590 7440 7442
7595,7535 7590 7445
7596,7536 7590 7446
7597,7537 7590 7447
7598,7538 7590 7448
7599,7539 7590 7449
7600,7540 7590 7450
7604,7532 7602 7453 7455
7602,7530 7453
7607,7535 7602 7458
7603,7531 7602 7453 7454
7605,7533 7602 7453 7456
7608,7536 7602 7459
7606,7534 7602 7457
7609,7537 7602 7460
7610,7538 7602 7461
7611,7539 7602 7462
7612,7540 7602 7463
7614,7530 7466
7615,7531 7614 7466 7467
7618,7534 7614 7470
7620,7536 7614 7472
7621,7537 7614 7473
7623,7539 7614 7475
7624,7540 7614 7476
7625,7541 7614 7477
7626,7530 7479
7628,7532 7626 7479 7481
7631,7535 7626 7484
7634,7538 7626 7487
7636,7540 7626 7489
7512,7369 7504 7342
7578,7530 7427
7569,7533 7566 7414 7417
7627,7531 7626 7479 7480
7563,7539 7554 7410
7588,7540 7578 7437
7622,7538 7614 7474
7632,7536 7626 7485
7613,7541 7602 7464
7633,7537 7626 7486
7617,7533 7614 7466 7469
7616,7532 7614 7466 7468
7579,7531 7578 7427 7428
7640,7532 7638 7492 7494
7637,7541 7626 7490
7571,7535 7566 7419
7630,7534 7626 7483
7581,7533 7578 7427 7430
7443,7365 7184 7439 7268
7619,7535 7614 7471
7643,7535 7638 7497
7582,7534 7578 7431
7593,7533 7590 7440 7443 7268
7444,7366 7185 7439 7269
7594,7534 7590 7444 7269
7451,7373 7192 7439 7276
7601,7541 7590 7451 7276
7516,7373 7504 7346
7635,7539 7626 7488
7638,7530 7492
7629,7533 7626 7479 7482
7641,7533 7638 7492 7495
7639,7531 7638 7492 7493
7642,7534 7638 7496
7644,7536 7638 7498
7645,7537 7638 7499
7646,7538 7638 7500
7647,7539 7638 7501
7648,7540 7638 7502
7649,7541 7638 7503
7651,7531 7650 7505 7506
7650,7530 7505
7654,7534 7650 7509
7653,7533 7650 7505 7508
7652,7532 7650 7505 7507
7656,7536 7650 7511
7655,7535 7650 7510
7657,7537 7650 7512
7658,7538 7650 7513
7659,7539 7650 7514
7660,7540 7650 7515
7661,7541 7650 7516
7664,7532 7662 7518 7520
7662,7530 7518
7665,7533 7662 7518 7521
7667,7535 7662 7523
7663,7531 7662 7518 7519
7666,7534 7662 7522
7668,7536 7662 7524
7669,7537 7662 7525
7670,7538 7662 7526
7671,7539 7662 7527
7672,7540 7662 7528
7673,7541 7662 7529
7675,7674 7543 7544
7680,7674 7549
7677,7674 7543 7546
7681,7674 7550
7678,7674 7543 7547
7674,7543
7682,7674 7551
7676,7674 7543 7545
7679,7674 7543 7548
7683,7674 7552
7684,7674 7553
7686,7675 7685 7555 7556
7685,7674 7555
7689,7678 7685 7559
7688,7677 7685 7555 7558
7687,7676 7685 7555 7557
7691,7680 7685 7561
7690,7679 7685 7560
7692,7681 7685 7562
7693,7682 7685 7563
7694,7683 7685 7564
7695,7684 7685 7565
7696,7674 7567
7698,7676 7696 7567 7569
7699,7677 7696 7567 7570
7697,7675 7696 7567 7568
7701,7679 7696 7572
7700,7678 7696 7571
7702,7680 7696 7573
7703,7681 7696 7574
7704,7682 7696 7575
7705,7683 7696 7576
7706,7684 7696 7577
7708,7675 7707 7579 7580
7707,7674 7579
7711,7678 7707 7583
7712,7679 7707 7584
7709,7676 7707 7579 7581
7710,7677 7707 7579 7582
7713,7680 7707 7585
7714,7681 7707 7586
7715,7682 7707 7587
7716,7683 7707 7588
7717,7684 7707 7589
7719,7675 7718 7591 7592
7718,7674 7591
7722,7678 7718 7595
7721,7677 7718 7591 7594
7720,7676 7718 7591 7593
7723,7679 7718 7596
7725,7681 7718 7598
7726,7682 7718 7599
7727,7683 7718 7600
7728,7684 7718 7601
7729,7674 7603
7732,7677 7729 7603 7606
7730,7675 7729 7603 7604
7734,7679 7729 7608
7733,7678 7729 7607
7735,7680 7729 7609
7736,7681 7729 7610
7737,7682 7729 7611
7738,7683 7729 7612
7739,7684 7729 7613
7740,7674 7615
7742,7676 7740 7615 7617
7747,7681 7740 7622
7750,7684 7740 7625
7731,7676 7729 7603 7605
7724,7680 7718 7597
7749,7683 7740 7624
7743,7677 7740 7615 7618
7748,7682 7740 7623
7741,7675 7740 7615 7616
7746,7680 7740 7621
7745,7679 7740 7620
7744,7678 7740 7619
7763,7675 7762 7639 7640
7784,7674 7663
7786,7676 7784 7663 7665
7785,7675 7784 7663 7664
7787,7677 7784 7663 7666
7788,7678 7784 7667
7789,7679 7784 7668
7790,7680 7784 7669
7791,7681 7784 7670
7792,7682 7784 7671
7793,7683 7784 7672
7794,7684 7784 7673
7801,7795 7692
7796,7795 7686 7687
7798,7795 7686 7689
7803,7795 7694
7795,7686
7799,7795 7686 7690
7800,7795 7686 7691
7797,7795 7686 7688
7804,7795 7695
7802,7795 7693
7805,7795 7697
7807,7797 7805 7697 7699
7808,7798 7805 7697 7700
7806,7796 7805 7697 7698
7810,7800 7805 7702
7809,7799 7805 7701
7811,7801 7805 7703
7812,7802 7805 7704
7813,7803 7805 7705
7814,7804 7805 7706
7815,7795 7708
7817,7797 7815 7708 7710
7818,7798 7815 7708 7711
7816,7796 7815 7708 7709
7820,7800 7815 7713
7821,7801 7815 7714
7819,7799 7815 7712
7822,7802 7815 7715
7823,7803 7815 7716
7824,7804 7815 7717
7827,7797 7825 7719 7721
7825,7795 7719
7828,7798 7825 7719 7722
7826,7796 7825 7719 7720
7830,7800 7825 7724
7831,7801 7825 7725
7829,7799 7825 7723
7832,7802 7825 7726
7833,7803 7825 7727
7834,7804 7825 7728
7837,7797 7835 7730 7732
7835,7795 7730
7838,7798 7835 7730 7733
7836,7796 7835 7730 7731
7840,7800 7835 7735
7839,7799 7835 7734
7841,7801 7835 7736
7843,7803 7835 7738
7844,7804 7835 7739
7865,7795 7763
7895,7806
7896,7895 7806 7807
7901,7895 7812
7897,7895 7806 7808
7899,7895 7806 7810
7842,7802 7835 7737
7903,7895 7814
7848,7798 7845 7741 7744
7755,7678 7751 7627 7631
7919,7901 7913 7826 7832
7913,7895 7826
7776,7677 7773 7651 7654
7922,7895 7836
7756,7679 7751 7627 7632
7754,7677 7751 7627 7630
7917,7899 7810 7913 7826 7830
7849,7799 7845 7741 7745
7847,7797 7845 7741 7743
7926,7899 7810 7922 7836 7840
7777,7678 7773 7651 7655
7779,7680 7773 7651 7657
7775,7676 7773 7651 7653
7888,7798 7885 7785 7788
7889,7799 7885 7785 7789
7852,7802 7845 7741 7748
7845,7795 7741
7915,7897 7808 7913 7826 7828
7928,7901 7922 7836 7842 7737
7885,7795 7785
7854,7804 7845 7741 7750
7924,7897 7808 7922 7836 7838
7753,7676 7751 7627 7629
7773,7674 7651
7782,7683 7773 7651 7660
7887,7797 7885 7785 7787
7783,7684 7773 7651 7661
7752,7675 7751 7627 7628
7758,7681 7751 7627 7634
7894,7804 7885 7785 7794
7774,7675 7773 7651 7652
7851,7801 7845 7741 7747
7846,7796 7845 7741 7742
7891,7801 7885 7785 7791
7914,7896 7913 7826 7827
7857,7797 7855 7628 7754 7630
7856,7796 7855 7628 7753 7629
7923,7896 7922 7836 7837
7855,7795 7752 7628
7859,7799 7855 7628 7756 7632
7861,7801 7855 7628 7758 7634
7886,7796 7885 7785 7786
7931,7895 7846 7742
7877,7797 7875 7652 7776 7654
7932,7896 7931 7742 7847 7743
7967,7895 7886 7786
7878,7798 7875 7652 7777 7655
7968,7896 7967 7786 7887 7787
7880,7800 7875 7652 7779 7657
7975,7903 7814 7967 7786 7894 7794
7933,7897 7808 7931 7742 7848 7744
7969,7897 7808 7967 7786 7888 7788
7875,7795 7774 7652
7939,7903 7814 7931 7742 7854 7750
7884,7804 7875 7652 7783 7661
7876,7796 7875 7652 7775 7653
7937,7901 7931 7742 7852 7748
7960,7897 7808 7958 7653 7878 7655
7958,7895 7876 7653
7962,7899 7810 7958 7653 7880 7657
7966,7903 7814 7958 7653 7884 7661
7959,7896 7958 7653 7877 7654
7916,7898 7809 7913 7826 7829
7925,7898 7809 7922 7836 7839
7898,7895 7806 7809
7934,7898 7809 7931 7742 7849 7745
7970,7898 7809 7967 7786 7889 7789
7781,7682 7773 7651 7659
7902,7895 7813
7920,7902 7813 7913 7826 7833
7929,7902 7813 7922 7836 7843
7893,7803 7885 7785 7793
7974,7902 7813 7967 7786 7893 7793
7882,7802 7875 7652 7781 7659
7964,7901 7958 7653 7882 7659
7751,7674 7627
7883,7803 7875 7652 7782 7660
7780,7681 7773 7651 7658
7757,7680 7751 7627 7633
7764,7676 7762 7639 7641
7866,7796 7865 7763 7764 7641
7949,7895 7866 7641
7759,7682 7751 7627 7635
7940,7895 7856 7629
7850,7800 7845 7741 7746
7941,7896 7940 7629 7857 7630
7760,7683 7751 7627 7636
7765,7677 7762 7639 7642
7778,7679 7773 7651 7656
7858,7798 7855 7628 7755 7631
7860,7800 7855 7628 7757 7633
7853,7803 7845 7741 7749
7918,7900 7811 7913 7826 7831
7863,7803 7855 7628 7760 7636
7921,7903 7814 7913 7826 7834
7900,7895 7806 7811
7945,7900 7811 7940 7629 7861 7634
7943,7898 7809 7940 7629 7859 7632
7761,7684 7751 7627 7637
7892,7802 7885 7785 7792
7972,7900 7811 7967 7786 7891 7791
7935,7899 7810 7931 7742 7850 7746
7769,7681 7762 7639 7646
7862,7802 7855 7628 7759 7635
7881,7801 7875 7652 7780 7658
7871,7801 7865 7769 7646
7767,7679 7762 7639 7644
7768,7680 7762 7639 7645
7890,7800 7885 7785 7790
7864,7804 7855 7628 7761 7637
7965,7902 7813 7958 7653 7883 7660
7947,7902 7813 7940 7629 7863 7636
7946,7901 7940 7629 7862 7635
7930,7903 7814 7922 7836 7844
7973,7901 7967 7786 7892 7792
7766,7678 7762 7639 7643
7867,7797 7865 7763 7765 7642
7927,7900 7811 7922 7836 7841
7942,7897 7808 7940 7629 7858 7631
7868,7798 7865 7763 7766 7643
7951,7897 7808 7949 7641 7868 7643
7879,7799 7875 7652 7778 7656
7950,7896 7949 7641 7867 7642
7961,7898 7809 7958 7653 7879 7656
7936,7900 7811 7931 7742 7851 7747
7944,7899 7810 7940 7629 7860 7633
7938,7902 7813 7931 7742 7853 7749
7762,7674 7639
7869,7799 7865 7767 7644
7772,7684 7762 7639 7649
7771,7683 7762 7639 7648
7770,7682 7762 7639 7647
7870,7800 7865 7768 7645
7954,7900 7811 7949 7641 7871 7646
7904,7895 7816
7963,7900 7811 7958 7653 7881 7658
7912,7903 7814 7904 7816 7824
7971,7899 7810 7967 7786 7890 7790
7948,7903 7814 7940 7629 7864 7637
7909,7900 7811 7904 7816 7821
7911,7902 7813 7904 7816 7823
7908,7899 7810 7904 7816 7820
7906,7897 7808 7904 7816 7818
7907,7898 7809 7904 7816 7819
7910,7901 7904 7816 7822
7905,7896 7904 7816 7817
7953,7899 7810 7949 7641 7870 7645
7952,7898 7809 7949 7641 7869 7644
7872,7802 7865 7770 7647
7955,7901 7949 7641 7872 7647
7873,7803 7865 7771 7648
7978,7976 7817 7907 7819
7956,7902 7813 7949 7641 7873 7648
7979,7976 7817 7908 7820
7874,7804 7865 7772 7649
7980,7976 7817 7909 7821
7957,7903 7814 7949 7641 7874 7649
7982,7976 7817 7911 7823
7981,7976 7817 7910 7822
7983,7976 7817 7912 7824
7976,7905 7817
7984,7976 7817 7914 7827
8018,7978 7819 8016 7642 7952 7644
7992,7976 7817 7923 7837
8002,7978 7819 8000 7743 7934 7745
8016,7976 7817 7950 7642
7993,7977 7818 7992 7837 7924 7838
7995,7979 7820 7992 7837 7926 7840
8034,7978 7819 8032 7787 7970 7789
7988,7980 7821 7984 7827 7918 7831
8021,7981 7822 8016 7642 7955 7647
8028,7980 7821 8024 7654 7963 7658
8024,7976 7817 7959 7654
8019,7979 7820 8016 7642 7953 7645
8009,7977 7818 8008 7630 7942 7631
8001,7977 7818 8000 7743 7933 7744
8017,7977 7818 8016 7642 7951 7643
7996,7980 7821 7992 7837 7927 7841
8026,7978 7819 8024 7654 7961 7656
8004,7980 7821 8000 7743 7936 7747
8003,7979 7820 8000 7743 7935 7746
8005,7981 7822 8000 7743 7937 7748
7989,7981 7822 7984 7827 7919 7832
8011,7979 7820 8008 7630 7944 7633
7991,7983 7824 7984 7827 7921 7834
8010,7978 7819 8008 7630 7943 7632
8012,7980 7821 8008 7630 7945 7634
8036,7980 7821 8032 7787 7972 7791
7998,7982 7823 7992 7837 7929 7843
8035,7979 7820 8032 7787 7971 7790
8037,7981 7822 8032 7787 7973 7792
8023,7983 7824 8016 7642 7957 7649
8022,7982 7823 8016 7642 7956 7648
8031,7983 7824 8024 7654 7966 7661
8030,7982 7823 8024 7654 7965 7660
8029,7981 7822 8024 7654 7964 7659
8032,7976 7817 7968 7787
8000,7976 7817 7932 7743
7977,7976 7817 7906 7818
8025,7977 7818 8024 7654 7960 7655
7990,7982 7823 7984 7827 7920 7833
7986,7978 7819 7984 7827 7916 7829
8013,7981 7822 8008 7630 7946 7635
7985,7977 7818 7984 7827 7915 7828
7997,7981 7822 7992 7837 7928 7737
8006,7982 7823 8000 7743 7938 7749
8027,7979 7820 8024 7654 7962 7657
8038,7982 7823 8032 7787 7974 7793
8020,7980 7821 8016 7642 7954 7646
8043,8040 7828 7988 7831
7999,7983 7824 7992 7837 7930 7844
8044,8040 7828 7989 7832
8045,8040 7828 7990 7833
8046,8040 7828 7991 7834
8040,7985 7828
8047,8040 7828 7993 7838
8054,8040 7828 8001 7744
8041,8040 7828 7986 7829
8008,7976 7817 7941 7630
8053,8046 7834 8047 7838 7999 7844
8055,8041 7829 8054 7744 8002 7745
8076,8041 7829 8075 7655 8026 7656
8078,8043 7831 8075 7655 8028 7658
8059,8045 7833 8054 7744 8006 7749
8015,7983 7824 8008 7630 7948 7637
8079,8044 7832 8075 7655 8029 7659
8033,7977 7818 8032 7787 7969 7788
7987,7979 7820 7984 7827 7917 7830
8075,8040 7828 8025 7655
8052,8045 7833 8047 7838 7998 7843
8007,7983 7824 8000 7743 7939 7750
7994,7978 7819 7992 7837 7925 7839
8061,8040 7828 8009 7631
8058,8044 7832 8054 7744 8005 7748
8050,8043 7831 8047 7838 7996 7841
8068,8040 7828 8017 7643
8014,7982 7823 8008 7630 7947 7636
8048,8041 7829 8047 7838 7994 7839
8082,8040 7828 8033 7788
8086,8044 7832 8082 7788 8037 7792
8057,8043 7831 8054 7744 8004 7747
8060,8046 7834 8054 7744 8007 7750
8087,8045 7833 8082 7788 8038 7793
8039,7983 7824 8032 7787 7975 7794
8051,8044 7832 8047 7838 7997 7737
8067,8046 7834 8061 7631 8015 7637
8088,8046 7834 8082 7788 8039 7794
8092,8089 7839 8051 7737
8049,8042 7830 8047 7838 7995 7840
8093,8089 7839 8052 7843
8091,8089 7839 8050 7841
8056,8042 7830 8054 7744 8003 7746
8090,8089 7839 8049 7840
8094,8089 7839 8053 7844
8089,8048 7839
8063,8042 7830 8061 7631 8011 7633
8042,8040 7828 7987 7830
8070,8042 7830 8068 7643 8019 7645
8066,8045 7833 8061 7631 8014 7636
8062,8041 7829 8061 7631 8010 7632
8074,8046 7834 8068 7643 8023 7649
8096,8090 7840 8095 7745 8056 7746
8113,8089 7839 8076 7656
8097,8091 7841 8095 7745 8057 7747
8115,8091 7841 8113 7656 8078 7658
8084,8042 7830 8082 7788 8035 7790
8069,8041 7829 8068 7643 8018 7644
8125,8096 7746
8095,8089 7839 8055 7745
8099,8093 7843 8095 7745 8059 7749
8128,8125 7746 8099 7749
8080,8045 7833 8075 7655 8030 7660
8077,8042 7830 8075 7655 8027 7657
8107,8089 7839 8069 7644
8126,8125 7746 8097 7747
8101,8089 7839 8062 7632
8102,8090 7840 8101 7632 8063 7633
8108,8090 7840 8107 7644 8070 7645
8114,8090 7840 8113 7656 8077 7657
8130,8125 7746 8102 7633
8106,8094 7844 8101 7632 8067 7637
8098,8092 7737 8095 7745 8058 7748
8135,8125 7746 8108 7645
8100,8094 7844 8095 7745 8060 7750
8105,8093 7843 8101 7632 8066 7636
8127,8125 7746 8098 7748
8116,8092 7737 8113 7656 8079 7659
8117,8093 7843 8113 7656 8080 7660
8133,8128 7749 8130 7633 8105 7636
8129,8125 7746 8100 7750
8140,8125 7746 8114 7657
8112,8094 7844 8107 7644 8074 7649
8142,8127 7748 8140 7657 8116 7659
8143,8128 7749 8140 7657 8117 7660
8141,8126 7747 8140 7657 8115 7658
8134,8129 7750 8130 7633 8106 7637
8139,8129 7750 8135 7645 8112 7649
8085,8043 7831 8082 7788 8036 7791
8065,8044 7832 8061 7631 8013 7635
8064,8043 7831 8061 7631 8012 7634
8073,8045 7833 8068 7643 8022 7648
8083,8041 7829 8082 7788 8034 7789
8071,8043 7831 8068 7643 8020 7646
8072,8044 7832 8068 7643 8021 7647
8081,8046 7834 8075 7655 8031 7661
8110,8092 7737 8107 7644 8072 7647
8118,8094 7844 8113 7656 8081 7661
8144,8129 7750 8140 7657 8118 7661
8137,8127 7748 8135 7645 8110 7647
8103,8091 7841 8101 7632 8064 7634
8111,8093 7843 8107 7644 8073 7648
8131,8126 7747 8130 7633 8103 7634
8104,8092 7737 8101 7632 8065 7635
8138,8128 7749 8135 7645 8111 7648
8152,8150 7634 8133 7636
8153,8150 7634 8134 7637
8150,8131 7634
8120,8090 7840 8119 7789 8084 7790
8132,8127 7748 8130 7633 8104 7635
8145,8125 7746 8120 7790
8151,8150 7634 8132 7635
8122,8092 7737 8119 7789 8086 7792
8119,8089 7839 8083 7789
8158,8150 7634 8141 7658
8160,8152 7636 8158 7658 8143 7660
8161,8153 7637 8158 7658 8144 7661
8109,8091 7841 8107 7644 8071 7646
8121,8091 7841 8119 7789 8085 7791
8136,8126 7747 8135 7645 8109 7646
8146,8126 7747 8145 7790 8121 7791
8162,8150 7634 8146 7791
8124,8094 7844 8119 7789 8088 7794
8123,8093 7843 8119 7789 8087 7793
8148,8128 7749 8145 7790 8123 7793
8147,8127 7748 8145 7790 8122 7792
8159,8151 7635 8158 7658 8142 7659
8154,8150 7634 8136 7646
8149,8129 7750 8145 7790 8124 7794
8157,8153 7637 8154 7646 8139 7649
8165,8153 7637 8162 7791 8149 7794
8155,8151 7635 8154 7646 8137 7647
8163,8151 7635 8162 7791 8147 7792
8164,8152 7636 8162 7791 8148 7793
8168,8166 7647 8157 7649
8166,8155 7647
8172,8166 7647 8163 7792
8169,8166 7647 8159 7659
8171,8168 7649 8169 7659 8161 7661
8174,8168 7649 8172 7792 8165 7794
8156,8152 7636 8154 7646 8138 7648
8167,8166 7647 8156 7648
8173,8167 7648 8172 7792 8164 7793
8170,8167 7648 8169 7659 8160 7660
8175,8170 7660
8177,8175 7660 8173 7793
8176,8175 7660 8171 7661
8178,8176 7661 8177 7793 8174 7794
8179,8178 7794
8181,5310
8180,8181
8183,5311
8182,8183
8185,5312
8184,8185
8187,5313
8186,8187
8189,5314
8188,8189
8191,5315
8190,8191
8193,5316
8192,8193
8195,5317
8194,8195
8197,5318
8196,8197
8199,5319
8198,8199
8201,5320
8200,8201
8203,5321
8202,8203
8205,5322
8204,8205
8207,5323
8206,8207
8209,5324
8208,8209
8211,5325
8210,8211
8213,5326
8212,8213
8215,5327
8214,8215
8217,5328
8216,8217
8219,5329
8218,8219
8221,5330
8220,8221
8223,5710
8222,8223
8225,5711
8224,8225
8227,5712
8226,8227
8229,5713
8228,8229
8231,5714
8230,8231
8233,5715
8232,8233
8235,5716
8234,8235
8237,5717
8236,8237
8239,5718
8238,8239
8241,5719
8240,8241
8243,5720
8242,8243
8245,5721
8244,8245
8247,5722
8246,8247
8249,5723
8248,8249
8251,5724
8250,8251
8253,5725
8252,8253
8255,5726
8254,8255
8257,5727
8256,8257
8259,5728
8258,8259
8261,5350
8260,8261
8263,5729
8262,8263
8265,6071
8264,8265
8267,6072
8266,8267
8269,6073
8268,8269
8271,6074
8270,8271
8273,6075
8272,8273
8275,6076
8274,8275
8277,6077
8276,8277
8279,6078
8278,8279
8281,6079
8280,8281
8283,6080
8282,8283
8285,6081
8284,8285
8287,6082
8286,8287
8289,6083
8288,8289
8291,6084
8290,8291
8293,6085
8292,8293
8295,6086
8294,8295
8297,6087
8296,8297
8299,6088
8298,8299
8301,5370
8300,8301
8303,5748
8302,8303
8305,6089
8304,8305
8307,6395
8306,8307
8309,6396
8308,8309
8311,6397
8310,8311
8313,6398
8312,8313
8315,6399
8314,8315
8317,6400
8316,8317
8319,6401
8318,8319
8321,6402
8320,8321
8323,6403
8322,8323
8325,6404
8324,8325
8327,6405
8326,8327
8329,6406
8328,8329
8331,6407
8330,8331
8333,6408
8332,8333
8335,6409
8334,8335
8337,6410
8336,8337
8339,6411
8338,8339
8341,5390
8340,8341
8343,5767
8342,8343
8345,6107
8344,8345
8347,6412
8346,8347
8349,6684
8348,8349
8351,6685
8350,8351
8353,6686
8352,8353
8355,6687
8354,8355
8357,6688
8356,8357
8359,6689
8358,8359
8361,6690
8360,8361
8363,6691
8362,8363
8365,6692
8364,8365
8367,6693
8366,8367
8369,6694
8368,8369
8371,6695
8370,8371
8373,6696
8372,8373
8375,6697
8374,8375
8377,6698
8376,8377
8379,6699
8378,8379
8381,5410
8380,8381
8383,5786
8382,8383
8385,6125
8384,8385
8387,6429
8386,8387
8389,6700
8388,8389
8391,6940
8390,8391
8393,6941
8392,8393
8395,6942
8394,8395
8397,6943
8396,8397
8399,6944
8398,8399
8401,6945
8400,8401
8403,6946
8402,8403
8405,6947
8404,8405
8407,6948
8406,8407
8409,6949
8408,8409
8411,6950
8410,8411
8413,6951
8412,8413
8415,6952
8414,8415
8417,6953
8416,8417
8419,6954
8418,8419
8421,5430
8420,8421
8423,5805
8422,8423
8425,6143
8424,8425
8427,6446
8426,8427
8429,6716
8428,8429
8431,6955
8430,8431
8433,7165
8432,8433
8435,7166
8434,8435
8437,7167
8436,8437
8439,7168
8438,8439
8441,7169
8440,8441
8443,7170
8442,8443
8445,7171
8444,8445
8447,7172
8446,8447
8449,7173
8448,8449
8451,7174
8450,8451
8453,7175
8452,8453
8455,7176
8454,8455
8457,7177
8456,8457
8459,7178
8458,8459
8461,5450
8460,8461
8463,5824
8462,8463
8465,6161
8464,8465
8467,6463
8466,8467
8469,6732
8468,8469
8471,6970
8470,8471
8473,7179
8472,8473
8475,7361
8474,8475
8477,7362
8476,8477
8479,7363
8478,8479
8481,7364
8480,8481
8483,7365
8482,8483
8485,7366
8484,8485
8487,7367
8486,8487
8489,7368
8488,8489
8491,7369
8490,8491
8493,7370
8492,8493
8495,7371
8494,8495
8497,7372
8496,8497
8499,7373
8498,8499
8501,5470
8500,8501
8503,5843
8502,8503
8505,6179
8504,8505
8507,6480
8506,8507
8509,6748
8508,8509
8511,6985
8510,8511
8513,7193
8512,8513
8515,7374
8514,8515
8517,7530
8516,8517
8519,7531
8518,8519
8521,7532
8520,8521
8523,7533
8522,8523
8525,7534
8524,8525
8527,7535
8526,8527
8529,7536
8528,8529
8531,7537
8530,8531
8533,7538
8532,8533
8535,7539
8534,8535
8537,7540
8536,8537
8539,7541
8538,8539
8541,5490
8540,8541
8543,5862
8542,8543
8545,6197
8544,8545
8547,6497
8546,8547
8549,6764
8548,8549
8551,7000
8550,8551
8553,7207
8552,8553
8555,7387
8554,8555
8557,7542
8556,8557
8559,7674
8558,8559
8561,7675
8560,8561
8563,7676
8562,8563
8565,7677
8564,8565
8567,7678
8566,8567
8569,7679
8568,8569
8571,7680
8570,8571
8573,7681
8572,8573
8575,7682
8574,8575
8577,7683
8576,8577
8579,7684
8578,8579
8581,5510
8580,8581
8583,5881
8582,8583
8585,6215
8584,8585
8587,6514
8586,8587
8589,6780
8588,8589
8591,7015
8590,8591
8593,7221
8592,8593
8595,7400
8594,8595
8597,7554
8596,8597
8599,7685
8598,8599
8601,7795
8600,8601
8603,7796
8602,8603
8605,7797
8604,8605
8607,7798
8606,8607
8609,7799
8608,8609
8611,7800
8610,8611
8613,7801
8612,8613
8615,7802
8614,8615
8617,7803
8616,8617
8619,7804
8618,8619
8621,5530
8620,8621
8623,5900
8622,8623
8625,6233
8624,8625
8627,6531
8626,8627
8629,6796
8628,8629
8631,7030
8630,8631
8633,7235
8632,8633
8635,7413
8634,8635
8637,7566
8636,8637
8639,7696
8638,8639
8641,7805
8640,8641
8643,7895
8642,8643
8645,7896
8644,8645
8647,7897
8646,8647
8649,7898
8648,8649
8651,7899
8650,8651
8653,7900
8652,8653
8655,7901
8654,8655
8657,7902
8656,8657
8659,7903
8658,8659
8661,5550
8660,8661
8663,5919
8662,8663
8665,6251
8664,8665
8667,6548
8666,8667
8669,6812
8668,8669
8671,7045
8670,8671
8673,7249
8672,8673
8675,7426
8674,8675
8677,7578
8676,8677
8679,7707
8678,8679
8681,7815
8680,8681
8683,7904
8682,8683
8685,7976
8684,8685
8687,7977
8686,8687
8689,7978
8688,8689
8691,7979
8690,8691
8693,7980
8692,8693
8695,7981
8694,8695
8697,7982
8696,8697
8699,7983
8698,8699
8701,5570
8700,8701
8703,5938
8702,8703
8705,6269
8704,8705
8707,6565
8706,8707
8709,6828
8708,8709
8711,7060
8710,8711
8713,7263
8712,8713
8715,7439
8714,8715
8717,7590
8716,8717
8719,7718
8718,8719
8721,7825
8720,8721
8723,7913
8722,8723
8725,7984
8724,8725
8727,8040
8726,8727
8729,8041
8728,8729
8731,8042
8730,8731
8733,8043
8732,8733
8735,8044
8734,8735
8737,8045
8736,8737
8739,8046
8738,8739
8741,5590
8740,8741
8743,5957
8742,8743
8745,6287
8744,8745
8747,6582
8746,8747
8749,6844
8748,8749
8751,7075
8750,8751
8753,7277
8752,8753
8755,7452
8754,8755
8757,7602
8756,8757
8759,7729
8758,8759
8761,7835
8760,8761
8763,7922
8762,8763
8765,7992
8764,8765
8767,8047
8766,8767
8769,8089
8768,8769
8771,8090
8770,8771
8773,8091
8772,8773
8775,8092
8774,8775
8777,8093
8776,8777
8779,8094
8778,8779
8781,5610
8780,8781
8783,5976
8782,8783
8785,6305
8784,8785
8787,6599
8786,8787
8789,6860
8788,8789
8791,7090
8790,8791
8793,7291
8792,8793
8795,7465
8794,8795
8797,7614
8796,8797
8799,7740
8798,8799
8801,7845
8800,8801
8803,7931
8802,8803
8805,8000
8804,8805
8807,8054
8806,8807
8809,8095
8808,8809
8811,8125
8810,8811
8813,8126
8812,8813
8815,8127
8814,8815
8817,8128
8816,8817
8819,8129
8818,8819
8821,5630
8820,8821
8823,5995
8822,8823
8825,6323
8824,8825
8827,6616
8826,8827
8829,6876
8828,8829
8831,7105
8830,8831
8833,7305
8832,8833
8835,7478
8834,8835
8837,7626
8836,8837
8839,7751
8838,8839
8841,7855
8840,8841
8843,7940
8842,8843
8845,8008
8844,8845
8847,8061
8846,8847
8849,8101
8848,8849
8851,8130
8850,8851
8853,8150
8852,8853
8855,8151
8854,8855
8857,8152
8856,8857
8859,8153
8858,8859
8861,5650
8860,8861
8863,6014
8862,8863
8865,6341
8864,8865
8867,6633
8866,8867
8869,6892
8868,8869
8871,7120
8870,8871
8873,7319
8872,8873
8875,7491
8874,8875
8877,7638
8876,8877
8879,7762
8878,8879
8881,7865
8880,8881
8883,7949
8882,8883
8885,8016
8884,8885
8887,8068
8886,8887
8889,8107
8888,8889
8891,8135
8890,8891
8893,8154
8892,8893
8895,8166
8894,8895
8897,8167
8896,8897
8899,8168
8898,8899
8901,5670
8900,8901
8903,6033
8902,8903
8905,6359
8904,8905
8907,6650
8906,8907
8909,6908
8908,8909
8911,7135
8910,8911
8913,7333
8912,8913
8915,7504
8914,8915
8917,7650
8916,8917
8919,7773
8918,8919
8921,7875
8920,8921
8923,7958
8922,8923
8925,8024
8924,8925
8927,8075
8926,8927
8929,8113
8928,8929
8931,8140
8930,8931
8933,8158
8932,8933
8935,8169
8934,8935
8937,8175
8936,8937
8939,8176
8938,8939
8941,5690
8940,8941
8943,6052
8942,8943
8945,6377
8944,8945
8947,6667
8946,8947
8949,6924
8948,8949
8951,7150
8950,8951
8953,7347
8952,8953
8955,7517
8954,8955
8957,7662
8956,8957
8959,7784
8958,8959
8961,7885
8960,8961
8963,7967
8962,8963
8965,8032
8964,8965
8967,8082
8966,8967
8969,8119
8968,8969
8971,8145
8970,8971
8973,8162
8972,8973
8975,8172
8974,8975
8977,8177
8976,8977
8979,8179
8978,8979
