1027,1025 925 945
1028,1025 925 955
1029,1025 925 965
1030,1025 925 975
1031,1025 925 985
1032,1025 925 995
1033,1025 925 1005
1034,1025 925 1015
1025,925
1035,1025 925 926
1089,1029 965 1085 931 971
1045,1025 925 927
1038,1028 955 1035 926 956
1044,1034 1015 1035 926 1016
1046,1026 935 1045 927 937
1080,1030 975 1075 930 980
1057,1027 945 1055 928 948
1058,1028 955 1055 928 958
1053,1033 1005 1045 927 1007
1075,1025 925 930
1118,1028 955 1115 934 964
1056,1026 935 1055 928 938
1067,1027 945 1065 929 949
1039,1029 965 1035 926 966
1082,1032 995 1075 930 1000
1085,1025 925 931
1068,1028 955 1065 929 959
1093,1033 1005 1085 931 1011
1119,1029 965 1115 934 974
1048,1028 955 1045 927 957
1091,1031 985 1085 931 991
1076,1026 935 1075 930 940
1040,1030 975 1035 926 976
1094,1034 1015 1085 931 1021
1083,1033 1005 1075 930 1010
1026,1025 925 935
1086,1026 935 1085 931 941
1049,1029 965 1045 927 967
1062,1032 995 1055 928 998
1069,1029 965 1065 929 969
1060,1030 975 1055 928 978
1092,1032 995 1085 931 1001
1055,1025 925 928
1070,1030 975 1065 929 979
1061,1031 985 1055 928 988
1063,1033 1005 1055 928 1008
1036,1026 935 1035 926 936
1115,1025 925 934
1064,1034 1015 1055 928 1018
1037,1027 945 1035 926 946
1116,1026 935 1115 934 944
1121,1031 985 1115 934 994
1117,1027 945 1115 934 954
1071,1031 985 1065 929 989
1043,1033 1005 1035 926 1006
1065,1025 925 929
1122,1032 995 1115 934 1004
1073,1033 1005 1065 929 1009
1081,1031 985 1075 930 990
1123,1033 1005 1115 934 1014
1079,1029 965 1075 930 970
1074,1034 1015 1065 929 1019
1047,1027 945 1045 927 947
1126,1125 936 1037 946
1054,1034 1015 1045 927 1017
1088,1028 955 1085 931 961
1127,1125 936 1038 956
1090,1030 975 1085 931 981
1128,1125 936 1039 966
1052,1032 995 1045 927 997
1129,1125 936 1040 976
1132,1125 936 1043 1006
1133,1125 936 1044 1016
1125,1036 936
1145,1127 956 1143 938 1058 958
1072,1032 995 1065 929 999
1134,1125 936 1046 937
1147,1129 976 1143 938 1060 978
1137,1128 966 1134 937 1049 967
1124,1034 1015 1115 934 1024
1143,1125 936 1056 938
1150,1132 1006 1143 938 1063 1008
1141,1132 1006 1134 937 1053 1007
1135,1126 946 1134 937 1047 947
1151,1133 1016 1143 938 1064 1018
1144,1126 946 1143 938 1057 948
1142,1133 1016 1134 937 1054 1017
1136,1127 956 1134 937 1048 957
1164,1128 966 1161 940 1079 970
1161,1125 936 1076 940
1197,1125 936 1116 944
1165,1129 976 1161 940 1080 980
1200,1128 966 1197 944 1119 974
1199,1127 956 1197 944 1118 964
1204,1132 1006 1197 944 1123 1014
1173,1128 966 1170 941 1089 971
1174,1129 976 1170 941 1090 981
1170,1125 936 1086 941
1177,1132 1006 1170 941 1093 1011
1178,1133 1016 1170 941 1094 1021
1207,1206 947 1136 957
1172,1127 956 1170 941 1088 961
1212,1206 947 1141 1007
1208,1206 947 1137 967
1168,1132 1006 1161 940 1083 1010
1213,1206 947 1142 1017
1206,1135 947
1205,1133 1016 1197 944 1124 1024
1198,1126 946 1197 944 1117 954
1215,1207 957 1214 948 1145 958
1214,1206 947 1144 948
1270,1215 958
1221,1213 1017 1214 948 1151 1018
1220,1212 1007 1214 948 1150 1008
1276,1270 958 1221 1018
1275,1270 958 1220 1008
1264,1208 967 1262 954 1200 974
1262,1206 947 1198 954
1268,1212 1007 1262 954 1204 1014
1269,1213 1017 1262 954 1205 1024
1263,1207 957 1262 954 1199 964
1312,1270 958 1263 964
1318,1276 1018 1312 964 1269 1024
1317,1275 1008 1312 964 1268 1014
1066,1026 935 1065 929 939
1059,1029 965 1055 928 968
1153,1126 946 1152 939 1067 949
1099,1029 965 1095 932 972
1222,1206 947 1153 949
1084,1034 1015 1075 930 1020
1169,1133 1016 1161 940 1084 1020
1146,1128 966 1143 938 1059 968
1154,1127 956 1152 939 1068 959
1155,1128 966 1152 939 1069 969
1156,1129 976 1152 939 1070 979
1098,1028 955 1095 932 962
1120,1030 975 1115 934 984
1109,1029 965 1105 933 973
1100,1030 975 1095 932 982
1152,1125 936 1066 939
1224,1208 967 1222 949 1155 969
1101,1031 985 1095 932 992
1108,1028 955 1105 933 963
1216,1208 967 1214 948 1146 968
1095,1025 925 932
1103,1033 1005 1095 932 1012
1201,1129 976 1197 944 1120 984
1110,1030 975 1105 933 983
1105,1025 925 933
1096,1026 935 1095 932 942
1112,1032 995 1105 933 1003
1271,1270 958 1216 968
1114,1034 1015 1105 933 1023
1077,1027 945 1075 930 950
1223,1207 957 1222 949 1154 959
1104,1034 1015 1095 932 1022
1087,1027 945 1085 931 951
1106,1026 935 1105 933 943
1160,1133 1016 1152 939 1074 1019
1113,1033 1005 1105 933 1013
1162,1126 946 1161 940 1077 950
1041,1031 985 1035 926 986
1159,1132 1006 1152 939 1073 1009
1228,1212 1007 1222 949 1159 1009
1111,1031 985 1105 933 993
1078,1028 955 1075 930 960
1182,1128 966 1179 942 1099 972
1050,1030 975 1045 927 977
1102,1032 995 1095 932 1002
1163,1127 956 1161 940 1078 960
1277,1270 958 1223 959
1190,1127 956 1188 943 1108 963
1186,1132 1006 1179 942 1103 1012
1179,1125 936 1096 942
1042,1032 995 1035 926 996
1157,1130 986 1152 939 1071 989
1187,1133 1016 1179 942 1104 1022
1313,1271 968 1312 964 1264 974
1188,1125 936 1106 943
1138,1129 976 1134 937 1050 977
1192,1129 976 1188 943 1110 983
1166,1130 986 1161 940 1081 990
1051,1031 985 1045 927 987
1148,1130 986 1143 938 1061 988
1282,1275 1008 1277 959 1228 1009
1195,1132 1006 1188 943 1113 1013
1183,1129 976 1179 942 1100 982
1171,1126 946 1170 941 1087 951
1140,1131 996 1134 937 1052 997
1149,1131 996 1143 938 1062 998
1193,1130 986 1188 943 1111 993
1130,1125 936 1041 986
1181,1127 956 1179 942 1098 962
1209,1206 947 1138 977
1278,1271 968 1277 959 1224 969
1211,1206 947 1140 997
1175,1130 986 1170 941 1091 991
1167,1131 996 1161 940 1082 1000
1191,1128 966 1188 943 1109 973
1139,1130 986 1134 937 1051 987
1229,1213 1017 1222 949 1160 1019
1196,1133 1016 1188 943 1114 1023
1225,1209 977 1222 949 1156 979
1184,1130 986 1179 942 1101 992
1240,1208 967 1238 951 1173 971
1323,1319 969 1282 1009
1232,1208 967 1230 950 1164 970
1319,1278 969
1158,1131 996 1152 939 1072 999
1185,1131 996 1179 942 1102 1002
1218,1210 987 1214 948 1148 988
1202,1130 986 1197 944 1121 994
1233,1209 977 1230 950 1165 980
1131,1125 936 1042 996
1238,1206 947 1171 951
1273,1270 958 1218 988
1219,1211 997 1214 948 1149 998
1241,1209 977 1238 951 1174 981
1234,1210 987 1230 950 1166 990
1274,1270 958 1219 998
1265,1209 977 1262 954 1201 984
1235,1211 997 1230 950 1167 1000
1245,1213 1017 1238 951 1178 1021
1210,1206 947 1139 987
1242,1210 987 1238 951 1175 991
1226,1210 987 1222 949 1157 989
1230,1206 947 1162 950
1217,1209 977 1214 948 1147 978
1349,1319 969 1313 974
1236,1212 1007 1230 950 1168 1010
1203,1131 996 1197 944 1122 1004
1280,1273 988 1277 959 1226 989
1231,1207 957 1230 950 1163 960
1227,1211 997 1222 949 1158 999
1239,1207 957 1238 951 1172 961
1321,1319 969 1280 989
1272,1270 958 1217 978
1267,1211 997 1262 954 1203 1004
1237,1213 1017 1230 950 1169 1020
1194,1131 996 1188 943 1112 1003
1314,1272 978 1312 964 1265 984
1176,1131 996 1170 941 1092 1001
1244,1212 1007 1238 951 1177 1011
1266,1210 987 1262 954 1202 994
1316,1274 998 1312 964 1267 1004
1243,1211 997 1238 951 1176 1001
1283,1276 1018 1277 959 1229 1019
1353,1323 1009 1349 974 1317 1014
1287,1273 988 1284 960 1234 990
1315,1273 988 1312 964 1266 994
1285,1271 968 1284 960 1232 970
1288,1274 998 1284 960 1235 1000
1286,1272 978 1284 960 1233 980
1284,1270 958 1231 960
1324,1319 969 1283 1019
1289,1275 1008 1284 960 1236 1010
1290,1276 1018 1284 960 1237 1020
1327,1321 989 1325 970 1287 990
1354,1324 1019 1349 974 1318 1024
1325,1319 969 1285 970
1329,1323 1009 1325 970 1289 1010
1330,1324 1019 1325 970 1290 1020
1351,1321 989 1349 974 1315 994
1292,1271 968 1291 961 1240 971
1293,1272 978 1291 961 1241 981
1331,1319 969 1292 971
1295,1274 998 1291 961 1243 1001
1291,1270 958 1239 961
1294,1273 988 1291 961 1242 991
1296,1275 1008 1291 961 1244 1011
1333,1321 989 1331 971 1294 991
1279,1272 978 1277 959 1225 979
1297,1276 1018 1291 961 1245 1021
1335,1323 1009 1331 971 1296 1011
1281,1274 998 1277 959 1227 999
1320,1319 969 1279 979
1326,1320 979 1325 970 1286 980
1332,1320 979 1331 971 1293 981
1336,1324 1019 1331 971 1297 1021
1322,1319 969 1281 999
1334,1322 999 1331 971 1295 1001
1356,1355 980 1327 990
1355,1326 980
1358,1355 980 1329 1010
1352,1322 999 1349 974 1316 1004
1359,1355 980 1330 1020
1350,1320 979 1349 974 1314 984
1328,1322 999 1325 970 1288 1000
1360,1355 980 1332 981
1361,1356 990 1360 981 1333 991
1357,1355 980 1328 1000
1364,1359 1020 1360 981 1336 1021
1380,1361 991
1383,1380 991 1364 1021
1362,1357 1000 1360 981 1334 1001
1377,1357 1000 1375 984 1352 1004
1375,1355 980 1350 984
1376,1356 990 1375 984 1351 994
1381,1380 991 1362 1001
1378,1358 1010 1375 984 1353 1014
1392,1380 991 1376 994
1363,1358 1010 1360 981 1335 1011
1393,1381 1001 1392 994 1377 1004
1382,1380 991 1363 1011
1379,1359 1020 1375 984 1354 1024
1394,1382 1011 1392 994 1378 1014
1395,1383 1021 1392 994 1379 1024
1097,1027 945 1095 932 952
1107,1027 945 1105 933 953
1189,1126 946 1188 943 1107 953
1256,1208 967 1254 953 1191 973
1180,1126 946 1179 942 1097 952
1257,1209 977 1254 953 1192 983
1259,1211 997 1254 953 1194 1003
1254,1206 947 1189 953
1260,1212 1007 1254 953 1195 1013
1261,1213 1017 1254 953 1196 1023
1249,1209 977 1246 952 1183 982
1255,1207 957 1254 953 1190 963
1248,1208 967 1246 952 1182 972
1247,1207 957 1246 952 1181 962
1246,1206 947 1180 952
1252,1212 1007 1246 952 1186 1012
1253,1213 1017 1246 952 1187 1022
1258,1210 987 1254 953 1193 993
1303,1275 1008 1298 962 1252 1012
1300,1272 978 1298 962 1249 982
1298,1270 958 1247 962
1299,1271 968 1298 962 1248 972
1304,1276 1018 1298 962 1253 1022
1307,1272 978 1305 963 1257 983
1306,1271 968 1305 963 1256 973
1337,1319 969 1299 972
1342,1324 1019 1337 972 1304 1022
1343,1319 969 1306 973
1305,1270 958 1255 963
1310,1275 1008 1305 963 1260 1013
1344,1320 979 1343 973 1307 983
1309,1274 998 1305 963 1259 1003
1251,1211 997 1246 952 1185 1002
1370,1355 980 1344 983
1341,1323 1009 1337 972 1303 1012
1311,1276 1018 1305 963 1261 1023
1302,1274 998 1298 962 1251 1002
1347,1323 1009 1343 973 1310 1013
1348,1324 1019 1343 973 1311 1023
1373,1358 1010 1370 983 1347 1013
1346,1322 999 1343 973 1309 1003
1374,1359 1020 1370 983 1348 1023
1340,1322 999 1337 972 1302 1002
1372,1357 1000 1370 983 1346 1003
1338,1320 979 1337 972 1300 982
1308,1273 988 1305 963 1258 993
1345,1321 989 1343 973 1308 993
1371,1356 990 1370 983 1345 993
1250,1210 987 1246 952 1184 992
1388,1380 991 1371 993
1391,1383 1021 1388 993 1374 1023
1389,1381 1001 1388 993 1372 1003
1301,1273 988 1298 962 1250 992
1367,1357 1000 1365 982 1340 1002
1390,1382 1011 1388 993 1373 1013
1365,1355 980 1338 982
1368,1358 1010 1365 982 1341 1012
1339,1321 989 1337 972 1301 992
1369,1359 1020 1365 982 1342 1022
1366,1356 990 1365 982 1339 992
1386,1382 1011 1384 992 1368 1012
1384,1380 991 1366 992
1387,1383 1021 1384 992 1369 1022
1385,1381 1001 1384 992 1367 1002
1398,1396 1002 1387 1022
1396,1385 1002
1399,1396 1002 1389 1003
1402,1396 1002 1393 1004
1401,1398 1022 1399 1003 1391 1023
1397,1396 1002 1386 1012
1403,1397 1012 1402 1004 1394 1014
1400,1397 1012 1399 1003 1390 1013
1404,1398 1022 1402 1004 1395 1024
1406,1405 1013 1401 1023
1405,1400 1013
1407,1405 1013 1403 1014
1408,1406 1023 1407 1014 1404 1024
1409,1408 1024
1411,1025
1410,1411
1413,1026
1412,1413
1415,1027
1414,1415
1417,1028
1416,1417
1419,1029
1418,1419
1421,1030
1420,1421
1423,1031
1422,1423
1425,1032
1424,1425
1427,1033
1426,1427
1429,1034
1428,1429
1431,1035
1430,1431
1433,1125
1432,1433
1435,1126
1434,1435
1437,1127
1436,1437
1439,1128
1438,1439
1441,1129
1440,1441
1443,1130
1442,1443
1445,1131
1444,1445
1447,1132
1446,1447
1449,1133
1448,1449
1451,1045
1450,1451
1453,1134
1452,1453
1455,1206
1454,1455
1457,1207
1456,1457
1459,1208
1458,1459
1461,1209
1460,1461
1463,1210
1462,1463
1465,1211
1464,1465
1467,1212
1466,1467
1469,1213
1468,1469
1471,1055
1470,1471
1473,1143
1472,1473
1475,1214
1474,1475
1477,1270
1476,1477
1479,1271
1478,1479
1481,1272
1480,1481
1483,1273
1482,1483
1485,1274
1484,1485
1487,1275
1486,1487
1489,1276
1488,1489
1491,1065
1490,1491
1493,1152
1492,1493
1495,1222
1494,1495
1497,1277
1496,1497
1499,1319
1498,1499
1501,1320
1500,1501
1503,1321
1502,1503
1505,1322
1504,1505
1507,1323
1506,1507
1509,1324
1508,1509
1511,1075
1510,1511
1513,1161
1512,1513
1515,1230
1514,1515
1517,1284
1516,1517
1519,1325
1518,1519
1521,1355
1520,1521
1523,1356
1522,1523
1525,1357
1524,1525
1527,1358
1526,1527
1529,1359
1528,1529
1531,1085
1530,1531
1533,1170
1532,1533
1535,1238
1534,1535
1537,1291
1536,1537
1539,1331
1538,1539
1541,1360
1540,1541
1543,1380
1542,1543
1545,1381
1544,1545
1547,1382
1546,1547
1549,1383
1548,1549
1551,1095
1550,1551
1553,1179
1552,1553
1555,1246
1554,1555
1557,1298
1556,1557
1559,1337
1558,1559
1561,1365
1560,1561
1563,1384
1562,1563
1565,1396
1564,1565
1567,1397
1566,1567
1569,1398
1568,1569
1571,1105
1570,1571
1573,1188
1572,1573
1575,1254
1574,1575
1577,1305
1576,1577
1579,1343
1578,1579
1581,1370
1580,1581
1583,1388
1582,1583
1585,1399
1584,1585
1587,1405
1586,1587
1589,1406
1588,1589
1591,1115
1590,1591
1593,1197
1592,1593
1595,1262
1594,1595
1597,1312
1596,1597
1599,1349
1598,1599
1601,1375
1600,1601
1603,1392
1602,1603
1605,1402
1604,1605
1607,1407
1606,1607
1609,1409
1608,1609
