3854,3855
3855,3303
3853,3303 3843
3857,3858
3858,3304
3856,3304 3853 3844
3860,3861
3861,3305
3859,3305 3853 3845
3863,3864
3864,3306
3862,3306 3853 3846
3866,3867
3867,3307
3865,3307 3853 3847
3869,3870
3870,3308
3868,3308 3853 3848
3872,3873
3873,3309
3871,3309 3853 3849
3875,3876
3876,3310
3874,3310 3853 3850
3878,3879
3879,3311
3877,3311 3853 3851
3881,3882
3882,3312
3880,3312 3853 3852
3883,3884
3884,3853
3886,3887
3887,3378
3885,3378 3856
3889,3890
3890,3379
3888,3379 3885 3859
3892,3893
3893,3380
3891,3380 3885 3862
3895,3896
3896,3381
3894,3381 3885 3865
3898,3899
3899,3382
3897,3382 3885 3868
3901,3902
3902,3383
3900,3383 3885 3871
3904,3905
3905,3384
3903,3384 3885 3874
3907,3908
3908,3385
3906,3385 3885 3877
3910,3911
3911,3386
3909,3386 3885 3880
3912,3913
3913,3885
3915,3916
3916,3441
3914,3441 3888
3918,3919
3919,3442
3917,3442 3914 3891
3921,3922
3922,3443
3920,3443 3914 3894
3924,3925
3925,3444
3923,3444 3914 3897
3927,3928
3928,3445
3926,3445 3914 3900
3930,3931
3931,3446
3933,3934
3934,3447
3936,3937
3937,3448
3938,3939
3939,3914
3941,3942
3942,3493
3944,3945
3945,3494
3947,3948
3948,3495
3950,3951
3951,3496
3953,3954
3954,3497
3956,3957
3957,3498
3959,3960
3960,3499
3964,3965
3965,3535
3967,3968
3968,3536
3970,3971
3971,3537
3973,3974
3974,3538
3976,3977
3977,3539
3979,3980
3980,3540
3984,3985
3985,3568
3987,3988
3988,3569
3990,3991
3991,3570
3993,3994
3994,3571
3996,3997
3997,3572
4001,4002
4002,3593
4004,4005
4005,3594
4007,4008
4008,3595
4010,4011
4011,3596
4015,4016
4016,3611
4018,4019
4019,3612
4021,4022
4022,3613
4026,4027
4027,3623
4029,4030
4030,3624
4034,4035
4035,3630
4039,4040
4040,3630
4043,4044
4044,3624
4047,4048
4048,3613
4051,4052
4052,3596
4055,4056
4056,3572
4059,4060
4060,3540
4063,4064
4064,3499
4067,4068
4068,3448
4070,3912 3909 3906 3903 3900 3897 3894 3891 3888
4071,4072
4072,3386
4074,3883 3880 3877 3874 3871 3868 3865 3862 3859 3856
4075,4076
4076,3312
4080,4081
4081,3623
4083,4084
4084,3612
4086,4087
4087,3595
4089,4090
4090,3571
4092,4093
4093,3539
4095,4096
4096,3498
4098,4099
4099,3447
4101,4102
4102,3385
4104,4105
4105,3311
4109,4110
4110,3611
4112,4113
4113,3594
4115,4116
4116,3570
4118,4119
4119,3538
4121,4122
4122,3497
4124,4125
4125,3446
4127,4128
4128,3384
4130,4131
4131,3310
4135,4136
4136,3593
4138,4139
4139,3569
4141,4142
4142,3537
4144,4145
4145,3496
4147,4148
4148,3445
4150,4151
4151,3383
4153,4154
4154,3309
4158,4159
4159,3568
4161,4162
4162,3536
4164,4165
4165,3495
4167,4168
4168,3444
4170,4171
4171,3382
4173,4174
4174,3308
4178,4179
4179,3535
4181,4182
4182,3494
4184,4185
4185,3443
4187,4188
4188,3381
4190,4191
4191,3307
4195,4196
4196,3493
4198,4199
4199,3442
4201,4202
4202,3380
4204,4205
4205,3306
4209,4210
4210,3441
4212,4213
4213,3379
4215,4216
4216,3305
4220,4221
4221,3378
4223,4224
4224,3304
4228,4229
4229,3303
3929,3446 3914 3903
4066,3935 3932 3929 3938 3926 3923 3920 3917
3935,3448 3914 3909
3932,3447 3914 3906
3943,3494 3940 3917 3920
3946,3495 3940 3917 3923
3981,3982
3982,3963 3920
3963,3535 3943 3920
3952,3497 3940 3917 3929 3903
3961,3962
3949,3496 3940 3917 3926
3962,3940 3917
3940,3493 3917
3955,3498 3940 3917 3932 3906
3972,3538 3963 3920 3952 3903
3975,3539 3963 3920 3955 3906
3966,3536 3963 3920 3946 3923
4062,3961 3958 3955 3952 3949 3946 3943
3958,3499 3940 3917 3935 3909
3978,3540 3963 3920 3958 3909
4058,3981 3978 3975 3972 3969 3966
3969,3537 3963 3920 3949 3926
3992,3571 3983 3923 3975 3906
3998,3999
3999,3983 3923
3983,3568 3966 3923
3989,3570 3983 3923 3972 3903
3986,3569 3983 3923 3969 3926
4054,3998 3995 3992 3989 3986
3995,3572 3983 3923 3978 3909
4003,3594 4000 3926 3989 3903
4006,3595 4000 3926 3992 3906
4012,4013
4013,4000 3926
4000,3593 3986 3926
4023,4024
4024,4014 3903
4014,3611 4003 3903
4017,3612 4014 3903 4006 3906
4050,4012 4009 4006 4003
4009,3596 4000 3926 3995 3909
4031,4032
4032,4025 3906
4025,3623 4017 3906
4046,4023 4020 4017
4020,3613 4014 3903 4009 3909
4042,4031 4028
4028,3624 4025 3906 4020 3909
4036,4037
4037,4033 3909
4033,3630 4028 3909
4045,3613 4038 3909 4046 3903
4049,3596 4038 3909 4050 3926
4053,3572 4038 3909 4054 3923
4057,3540 4038 3909 4058 3920
4061,3499 4038 3909 4062 3917
4065,3448 4038 3909 4066 3914
4069,3386 4038 3909 4070 3885
4077,4078
4078,4038 3909
4038,3630 4036 3909
4073,3312 4038 3909 4074 3853
4041,3624 4038 3909 4042 3906
4085,3595 4079 3906 4049 3926
4091,3539 4079 3906 4057 3920
4097,3447 4079 3906 4065 3914
4100,3385 4079 3906 4069 4070
4106,4107
4107,4079 3906
4079,3623 4041 3906
4103,3311 4079 3906 4073 4074
4082,3612 4079 3906 4045 3903
4123,3446 4108 3903 4097 3914
4132,4133
4133,4108 3903
4108,3611 4082 3903
4129,3310 4108 3903 4103 4074
4111,3594 4108 3903 4085 3926
4155,4156
4156,4134 3926
4134,3593 4111 3926
4152,3309 4134 3926 4129 4074
4146,3445 4134 3926 4123 3914
4126,3384 4108 3903 4100 4070
4088,3571 4079 3906 4053 3923
4117,3538 4108 3903 4091 3920
4094,3498 4079 3906 4061 3917
4149,3383 4134 3926 4126 4070
4114,3570 4108 3903 4088 3923
4140,3537 4134 3926 4117 3920
4137,3569 4134 3926 4114 3923
4120,3497 4108 3903 4094 3917
4143,3496 4134 3926 4120 3917
4163,3495 4157 3923 4143 3917
4166,3444 4157 3923 4146 3914
4169,3382 4157 3923 4149 4070
4175,4176
4176,4157 3923
4157,3568 4137 3923
4172,3308 4157 3923 4152 4074
4160,3536 4157 3923 4140 3920
4183,3443 4177 3920 4166 3914
4186,3381 4177 3920 4169 4070
4192,4193
4193,4177 3920
4177,3535 4160 3920
4189,3307 4177 3920 4172 4074
4180,3494 4177 3920 4163 3917
4200,3380 4194 3917 4186 4070
4206,4207
4207,4194 3917
4194,3493 4180 3917
4203,3306 4194 3917 4189 4074
4197,3442 4194 3917 4183 3914
4217,4218
4218,4208 3914
4208,3441 4197 3914
4214,3305 4208 3914 4203 4074
4211,3379 4208 3914 4200 4070
4225,4226
4226,4219 4070
4219,3378 4211 4070
4222,3304 4219 4070 4214 4074
4230,4231
4231,4227 4074
4227,3303 4222 4074
4233,3303
4232,4233
4235,3113
4234,4235
4237,3123
4236,4237
4239,3133
4238,4239
4241,3143
4240,4241
4243,3153
4242,4243
4245,3163
4244,4245
4247,3173
4246,4247
4249,3183
4248,4249
4251,3193
4250,4251
4253,3304
4252,4253
4255,3378
4254,4255
4257,3124
4256,4257
4259,3134
4258,4259
4261,3144
4260,4261
4263,3154
4262,4263
4265,3164
4264,4265
4267,3174
4266,4267
4269,3184
4268,4269
4271,3194
4270,4271
4273,3305
4272,4273
4275,3379
4274,4275
4277,3441
4276,4277
4279,3135
4278,4279
4281,3145
4280,4281
4283,3155
4282,4283
4285,3165
4284,4285
4287,3175
4286,4287
4289,3185
4288,4289
4291,3195
4290,4291
4293,3306
4292,4293
4295,3380
4294,4295
4297,3442
4296,4297
4299,3493
4298,4299
4301,3146
4300,4301
4303,3156
4302,4303
4305,3166
4304,4305
4307,3176
4306,4307
4309,3186
4308,4309
4311,3196
4310,4311
4313,3307
4312,4313
4315,3381
4314,4315
4317,3443
4316,4317
4319,3494
4318,4319
4321,3535
4320,4321
4323,3157
4322,4323
4325,3167
4324,4325
4327,3177
4326,4327
4329,3187
4328,4329
4331,3197
4330,4331
4333,3308
4332,4333
4335,3382
4334,4335
4337,3444
4336,4337
4339,3495
4338,4339
4341,3536
4340,4341
4343,3568
4342,4343
4345,3168
4344,4345
4347,3178
4346,4347
4349,3188
4348,4349
4351,3198
4350,4351
4353,3309
4352,4353
4355,3383
4354,4355
4357,3445
4356,4357
4359,3496
4358,4359
4361,3537
4360,4361
4363,3569
4362,4363
4365,3593
4364,4365
4367,3179
4366,4367
4369,3189
4368,4369
4371,3199
4370,4371
4373,3310
4372,4373
4375,3384
4374,4375
4377,3446
4376,4377
4379,3497
4378,4379
4381,3538
4380,4381
4383,3570
4382,4383
4385,3594
4384,4385
4387,3611
4386,4387
4389,3190
4388,4389
4391,3200
4390,4391
4393,3311
4392,4393
4395,3385
4394,4395
4397,3447
4396,4397
4399,3498
4398,4399
4401,3539
4400,4401
4403,3571
4402,4403
4405,3595
4404,4405
4407,3612
4406,4407
4409,3623
4408,4409
4411,3201
4410,4411
4413,3312
4412,4413
4415,3386
4414,4415
4417,3448
4416,4417
4419,3499
4418,4419
4421,3540
4420,4421
4423,3572
4422,4423
4425,3596
4424,4425
4427,3613
4426,4427
4429,3624
4428,4429
4431,3630
4430,4431
4433,4227
4432,4433
4435,4219
4434,4435
4437,4208
4436,4437
4439,4194
4438,4439
4441,4177
4440,4441
4443,4157
4442,4443
4445,4134
4444,4445
4447,4108
4446,4447
4449,4079
4448,4449
4451,4038
4450,4451
