3855,3856
3856,3304
3858,3859
3859,3305
3854,3304 3844
3861,3862
3862,3306
3860,3306 3854 3846
3864,3865
3865,3307
3863,3307 3854 3847
3867,3868
3868,3308
3866,3308 3854 3848
3870,3871
3871,3309
3869,3309 3854 3849
3873,3874
3874,3310
3872,3310 3854 3850
3876,3877
3877,3311
3875,3311 3854 3851
3879,3880
3880,3312
3878,3312 3854 3852
3882,3883
3883,3313
3884,3885
3885,3854
3887,3888
3888,3379
3890,3891
3891,3380
3881,3313 3854 3853
3893,3894
3894,3381
3896,3897
3897,3382
3899,3900
3900,3383
3902,3903
3903,3384
3905,3906
3906,3385
3908,3909
3909,3386
3911,3912
3912,3387
3916,3917
3917,3442
3919,3920
3920,3443
3922,3923
3923,3444
3925,3926
3926,3445
3928,3929
3929,3446
3931,3932
3932,3447
3934,3935
3935,3448
3937,3938
3938,3449
3942,3943
3943,3494
3945,3946
3946,3495
3948,3949
3949,3496
3951,3952
3952,3497
3954,3955
3955,3498
3957,3958
3958,3499
3960,3961
3961,3500
3965,3966
3966,3536
3968,3969
3969,3537
3971,3972
3972,3538
3974,3975
3975,3539
3977,3978
3978,3540
3980,3981
3981,3541
3985,3986
3986,3569
3988,3989
3989,3570
3991,3992
3992,3571
3994,3995
3995,3572
3997,3998
3998,3573
4002,4003
4003,3594
4005,4006
4006,3595
4008,4009
4009,3596
4011,4012
4012,3597
4016,4017
4017,3612
4019,4020
4020,3613
4022,4023
4023,3614
4027,4028
4028,3624
4030,4031
4031,3625
4035,4036
4036,3631
4040,4041
4041,3631
4044,4045
4045,3625
4048,4049
4049,3614
4052,4053
4053,3597
4056,4057
4057,3573
4060,4061
4061,3541
4064,4065
4065,3500
4068,4069
4069,3449
4072,4073
4073,3387
4076,4077
4077,3313
4081,4082
4082,3624
4084,4085
4085,3613
4087,4088
4088,3596
4090,4091
4091,3572
4093,4094
4094,3540
4096,4097
4097,3499
4099,4100
4100,3448
4102,4103
4103,3386
4105,4106
4106,3312
4110,4111
4111,3612
4113,4114
4114,3595
4116,4117
4117,3571
4119,4120
4120,3539
4122,4123
4123,3498
4125,4126
4126,3447
4128,4129
4129,3385
4131,4132
4132,3311
4136,4137
4137,3594
4139,4140
4140,3570
4142,4143
4143,3538
4145,4146
4146,3497
4148,4149
4149,3446
4151,4152
4152,3384
4154,4155
4155,3310
4159,4160
4160,3569
4162,4163
4163,3537
4165,4166
4166,3496
4168,4169
4169,3445
4171,4172
4172,3383
4174,4175
4175,3309
4179,4180
4180,3536
4182,4183
4183,3495
4185,4186
4186,3444
4188,4189
4189,3382
4191,4192
4192,3308
4196,4197
4197,3494
4199,4200
4200,3443
4202,4203
4203,3381
4205,4206
4206,3307
4210,4211
4211,3442
4213,4214
4214,3380
4216,4217
4217,3306
4221,4222
4222,3379
4224,4225
4225,3305
4229,4230
4230,3304
4075,3857 3881 3884 3878 3875 3872 3869 3866 3863 3860
3857,3305 3854 3844 3845
3892,3381 3886 3845 3863
3895,3382 3886 3845 3866
3898,3383 3886 3845 3869
3901,3384 3886 3845 3872
3904,3385 3886 3845 3875
3907,3386 3886 3845 3878
3913,3914
3914,3886 3845
3886,3379 3857 3845
3910,3387 3886 3845 3881
4071,3913 3910 3907 3904 3901 3898 3895 3892 3889
3889,3380 3886 3845 3860
3918,3443 3915 3860 3892 3863
3924,3445 3915 3860 3898 3869
3927,3446 3915 3860 3901 3872
3930,3447 3915 3860 3904 3875
3939,3940
3940,3915 3860
3915,3442 3889 3860
3933,3448 3915 3860 3907 3878
3936,3449 3915 3860 3910 3881
3947,3496 3941 3863 3924 3869
4067,3939 3936 3933 3930 3927 3924 3921 3918
3921,3444 3915 3860 3895 3866
3962,3963
3963,3941 3863
3941,3494 3918 3863
3956,3499 3941 3863 3933 3878
3953,3498 3941 3863 3930 3875
3959,3500 3941 3863 3936 3881
3950,3497 3941 3863 3927 3872
4063,3962 3959 3956 3953 3950 3947 3944
3944,3495 3941 3863 3921 3866
3967,3537 3964 3866 3947 3869
3973,3539 3964 3866 3953 3875
3982,3983
3983,3964 3866
3964,3536 3944 3866
3976,3540 3964 3866 3956 3878
3979,3541 3964 3866 3959 3881
4059,3982 3979 3976 3973 3970 3967
3970,3538 3964 3866 3950 3872
3999,4000
4000,3984 3869
3984,3569 3967 3869
3990,3571 3984 3869 3973 3875
3996,3573 3984 3869 3979 3881
3993,3572 3984 3869 3976 3878
4055,3999 3996 3993 3990 3987
3987,3570 3984 3869 3970 3872
4013,4014
4014,4001 3872
4001,3594 3987 3872
4007,3596 4001 3872 3993 3878
4010,3597 4001 3872 3996 3881
4051,4013 4010 4007 4004
4004,3595 4001 3872 3990 3875
4024,4025
4025,4015 3875
4015,3612 4004 3875
4018,3613 4015 3875 4007 3878
4047,4024 4021 4018
4021,3614 4015 3875 4010 3881
4032,4033
4033,4026 3878
4026,3624 4018 3878
4043,4032 4029
4029,3625 4026 3878 4021 3881
4037,4038
4038,4034 3881
4034,3631 4029 3881
4042,3625 4039 3881 4043 3878
4050,3597 4039 3881 4051 3872
4107,4108
4108,4080 3878
4080,3624 4042 3878
4086,3596 4080 3878 4050 3872
4058,3541 4039 3881 4059 3866
4054,3573 4039 3881 4055 3869
4092,3540 4080 3878 4058 3866
4078,4079
4079,4039 3881
4039,3631 4037 3881
4066,3449 4039 3881 4067 3860
4062,3500 4039 3881 4063 3863
4089,3572 4080 3878 4054 3869
4098,3448 4080 3878 4066 3860
4070,3387 4039 3881 4071 3845
4046,3614 4039 3881 4047 3875
4074,3313 4039 3881 4075 3854
4095,3499 4080 3878 4062 3863
4101,3386 4080 3878 4070 3845
4104,3312 4080 3878 4074 3854
4083,3613 4080 3878 4046 3875
4112,3595 4109 3875 4086 3872
4115,3571 4109 3875 4089 3869
4118,3539 4109 3875 4092 3866
4156,4157
4157,4135 3872
4135,3594 4112 3872
4133,4134
4134,4109 3875
4109,3612 4083 3875
4124,3447 4109 3875 4098 3860
4127,3385 4109 3875 4101 3845
4138,3570 4135 3872 4115 3869
4130,3311 4109 3875 4104 3854
4141,3538 4135 3872 4118 3866
4150,3384 4135 3872 4127 3845
4121,3498 4109 3875 4095 3863
4147,3446 4135 3872 4124 3860
4153,3310 4135 3872 4130 3854
4161,3537 4158 3869 4141 3866
4167,3445 4158 3869 4147 3860
4176,4177
4177,4158 3869
4158,3569 4138 3869
4170,3383 4158 3869 4150 3845
4173,3309 4158 3869 4153 3854
4184,3444 4178 3866 4167 3860
4144,3497 4135 3872 4121 3863
4193,4194
4194,4178 3866
4178,3536 4161 3866
4190,3308 4178 3866 4173 3854
4187,3382 4178 3866 4170 3845
4164,3496 4158 3869 4144 3863
4181,3495 4178 3866 4164 3863
4207,4208
4208,4195 3863
4195,3494 4181 3863
4198,3443 4195 3863 4184 3860
4204,3307 4195 3863 4190 3854
4218,4219
4219,4209 3860
4201,3381 4195 3863 4187 3845
4209,3442 4198 3860
4215,3306 4209 3860 4204 3854
4212,3380 4209 3860 4201 3845
4226,4227
4227,4220 3845
4220,3379 4212 3845
4223,3305 4220 3845 4215 3854
4231,4232
4232,4228 3854
4228,3304 4223 3854
4234,3304
4233,4234
4236,3114
4235,4236
4238,3124
4237,4238
4240,3134
4239,4240
4242,3144
4241,4242
4244,3154
4243,4244
4246,3164
4245,4246
4248,3174
4247,4248
4250,3184
4249,4250
4252,3194
4251,4252
4254,3305
4253,4254
4256,3379
4255,4256
4258,3125
4257,4258
4260,3135
4259,4260
4262,3145
4261,4262
4264,3155
4263,4264
4266,3165
4265,4266
4268,3175
4267,4268
4270,3185
4269,4270
4272,3195
4271,4272
4274,3306
4273,4274
4276,3380
4275,4276
4278,3442
4277,4278
4280,3136
4279,4280
4282,3146
4281,4282
4284,3156
4283,4284
4286,3166
4285,4286
4288,3176
4287,4288
4290,3186
4289,4290
4292,3196
4291,4292
4294,3307
4293,4294
4296,3381
4295,4296
4298,3443
4297,4298
4300,3494
4299,4300
4302,3147
4301,4302
4304,3157
4303,4304
4306,3167
4305,4306
4308,3177
4307,4308
4310,3187
4309,4310
4312,3197
4311,4312
4314,3308
4313,4314
4316,3382
4315,4316
4318,3444
4317,4318
4320,3495
4319,4320
4322,3536
4321,4322
4324,3158
4323,4324
4326,3168
4325,4326
4328,3178
4327,4328
4330,3188
4329,4330
4332,3198
4331,4332
4334,3309
4333,4334
4336,3383
4335,4336
4338,3445
4337,4338
4340,3496
4339,4340
4342,3537
4341,4342
4344,3569
4343,4344
4346,3169
4345,4346
4348,3179
4347,4348
4350,3189
4349,4350
4352,3199
4351,4352
4354,3310
4353,4354
4356,3384
4355,4356
4358,3446
4357,4358
4360,3497
4359,4360
4362,3538
4361,4362
4364,3570
4363,4364
4366,3594
4365,4366
4368,3180
4367,4368
4370,3190
4369,4370
4372,3200
4371,4372
4374,3311
4373,4374
4376,3385
4375,4376
4378,3447
4377,4378
4380,3498
4379,4380
4382,3539
4381,4382
4384,3571
4383,4384
4386,3595
4385,4386
4388,3612
4387,4388
4390,3191
4389,4390
4392,3201
4391,4392
4394,3312
4393,4394
4396,3386
4395,4396
4398,3448
4397,4398
4400,3499
4399,4400
4402,3540
4401,4402
4404,3572
4403,4404
4406,3596
4405,4406
4408,3613
4407,4408
4410,3624
4409,4410
4412,3202
4411,4412
4414,3313
4413,4414
4416,3387
4415,4416
4418,3449
4417,4418
4420,3500
4419,4420
4422,3541
4421,4422
4424,3573
4423,4424
4426,3597
4425,4426
4428,3614
4427,4428
4430,3625
4429,4430
4432,3631
4431,4432
4434,4228
4433,4434
4436,4220
4435,4436
4438,4209
4437,4438
4440,4195
4439,4440
4442,4178
4441,4442
4444,4158
4443,4444
4446,4135
4445,4446
4448,4109
4447,4448
4450,4080
4449,4450
4452,4039
4451,4452
