1428 0.055663 -1 -1
1429 0.075708 0.122013 0.127600 1428
1430 0.086743 0.097428 0.096312 1428
1431 0.059854 0.129696 0.115727 1428
1432 0.075847 0.086603 0.087232 1428
1433 0.099245 0.089676 0.086673 1428
1434 0.055384 0.090724 0.081016 1428
1435 0.037574 0.094844 0.084508 1428
1436 0.054476 0.089747 0.089676 1428
1437 0.066000 0.085626 0.097428 1428
1440 0.032266 0.140520 0.158399 1429
1441 0.029334 0.164546 0.153860 1429,1430
1442 0.051263 0.183543 0.174184 1429,1431
1443 0.038622 0.141428 0.148133 1429,1432
1444 0.038063 0.156864 0.146108 1429,1433
1445 0.044419 0.109721 0.108114 1429,1434
1446 0.033803 0.102527 0.100991 1429,1435
1447 0.028565 0.094356 0.094844 1436,1429
1448 0.049099 0.089257 0.107067 1429,1437
1451 0.032196 0.133257 0.116355 1430
1452 0.035689 0.242210 0.245841 1430,1431
1453 0.044070 0.266095 0.292634 1432,1430
1454 0.033384 0.146667 0.147086 1433,1430
1455 0.028355 0.176838 0.160984 1434,1430
1456 0.049657 0.109162 0.103574 1435,1430
1457 0.035968 0.094845 0.103644 1436,1430
1458 0.033873 0.106019 0.097499 1437,1430
1461 0.040508 0.121035 0.121943 1431
1462 0.034362 0.287117 0.286908 1432,1431
1463 0.027587 0.346901 0.314705 1433,1431
1464 0.047492 0.170203 0.178933 1434,1431
1465 0.035270 0.095753 0.102597 1435,1431
1466 0.037714 0.112375 0.092889 1436,1431
1467 0.042254 0.095333 0.099943 1437,1431
1470 0.033244 0.130114 0.110140 1432
1471 0.026051 0.348298 0.312260 1432,1433
1472 0.047772 0.091213 0.091701 1434,1432
1473 0.040158 0.094356 0.101060 1435,1432
1474 0.048329 0.103505 0.090724 1436,1432
1475 0.043581 0.104552 0.091213 1437,1432
1478 0.030800 0.114818 0.091771 1433
1479 0.025632 0.113282 0.096381 1434,1433
1480 0.048191 0.101549 0.126063 1435,1433
1481 0.036597 0.098336 0.090724 1436,1433
1482 0.036736 0.085137 0.094286 1437,1433
1485 0.040927 0.122361 0.096381 1434
1486 0.032267 0.106089 0.104553 1434,1435
1487 0.029124 0.104063 0.109302 1436,1434
1488 0.047562 0.096381 0.099523 1437,1434
1491 0.035340 0.094355 0.091283 1435
1492 0.034711 0.100012 0.096381 1436,1435
1493 0.043930 0.092260 0.133327 1437,1435
1496 0.032197 0.094845 0.091702 1436
1497 0.025561 0.121034 0.118940 1436,1437
1500 0.046095 0.085556 0.100990 1437
1503 0.039460 -1 -1 1440
1504 0.047562 0.111187 0.125575 1503,1441,1440
1505 0.051194 0.117962 0.120965 1503,1442,1440
1506 0.065651 0.096870 0.097848 1503,1443,1440
1507 0.033314 0.116425 0.118450 1503,1444
1508 0.076267 0.093238 0.085066 1503,1445
1509 0.051613 0.094356 0.082901 1503,1446
1510 0.034222 0.090235 0.093727 1447,1503
1511 0.065371 0.097009 0.081994 1503,1448
1514 0.032755 0.121454 0.129696 1451,1504
1515 0.034711 0.110978 0.107136 1452,1504,1505
1516 0.044280 0.109092 0.128717 1506,1504,1453
1517 0.034083 0.104482 0.105041 1454,1507,1504
1518 0.029961 0.119428 0.109162 1455,1508,1504
1519 0.050635 0.094845 0.090863 1456,1509,1504
1520 0.035828 0.104622 0.095334 1457,1510,1504
1521 0.035549 0.105600 0.085067 1458,1511,1504
1524 0.040648 0.155186 0.122083 1461,1505
1525 0.034850 0.125645 0.125574 1462,1506,1505
1526 0.026959 0.133257 0.129207 1507,1463,1505
1527 0.054267 0.100013 0.091771 1464,1508,1505
1528 0.042533 0.093797 0.095333 1465,1509,1505
1529 0.037366 0.103016 0.100012 1466,1510,1505
1530 0.043651 0.092749 0.090654 1467,1511,1505
1533 0.031568 0.130603 0.122572 1470,1506
1534 0.026191 0.130254 0.091213 1471,1506,1507
1535 0.048120 0.090235 0.093308 1472,1508,1506
1536 0.034432 0.092749 0.093308 1473,1509,1506
1537 0.035759 0.100502 0.088140 1506,1510,1474
1538 0.042743 0.100921 0.127181 1506,1511,1475
1541 0.030800 0.103365 0.089187 1478,1507
1542 0.025562 0.106788 0.126483 1508,1479,1507
1543 0.048260 0.107067 0.098127 1509,1480,1507
1544 0.033733 0.117403 0.109929 1481,1510,1507
1545 0.036527 0.106089 0.105111 1482,1511,1507
1548 0.038972 0.105041 0.096381 1508,1485
1549 0.032685 0.111186 0.088699 1508,1509,1486
1550 0.026610 0.094285 0.095334 1508,1487,1510
1551 0.048679 0.093797 0.099035 1508,1488,1511
1554 0.032196 0.081924 0.089746 1491,1509
1555 0.035549 0.098336 0.103505 1492,1509,1510
1556 0.041626 0.102038 0.090235 1493,1509,1511
1559 0.030660 0.078921 0.093378 1510,1496
1560 0.026120 0.104063 0.096311 1511,1510,1497
1563 0.044140 0.105949 0.102038 1500,1511
1566 0.035060 -1 -1 1514
1567 0.051752 0.133327 0.117333 1515,1514,1566
1568 0.065441 0.116425 0.126622 1514,1516,1566
1569 0.044769 0.097359 0.093169 1517,1566
1570 0.075428 0.114889 0.114400 1518,1566
1571 0.035131 0.102108 0.103016 1519,1566
1572 0.042393 0.084019 0.093308 1520,1566
1573 0.052869 0.097918 0.077384 1521,1566
1576 0.029333 0.120476 0.125156 1524,1567
1577 0.052800 0.116426 0.134445 1568,1525,1567
1578 0.043441 0.138145 0.117404 1569,1526,1567
1579 0.036248 0.096311 0.104412 1570,1527,1567
1580 0.026260 0.111187 0.105600 1571,1528,1567
1581 0.049587 0.097848 0.103575 1572,1529,1567
1582 0.035060 0.096870 0.100431 1573,1530,1567
1585 0.038063 0.134863 0.110140 1568,1533
1586 0.043930 0.125016 0.126692 1568,1569,1534
1587 0.032965 0.111746 0.122502 1568,1535,1570
1588 0.027937 0.096870 0.101480 1568,1536,1571
1589 0.048331 0.119917 0.097917 1568,1572,1537
1590 0.035410 0.111257 0.096869 1573,1568,1538
1593 0.032685 0.106647 0.111746 1569,1541
1594 0.043371 0.100432 0.100432 1569,1570,1542
1595 0.033524 0.094844 0.100991 1569,1571,1543
1596 0.028425 0.093727 0.092261 1572,1544,1569
1597 0.048400 0.103784 0.104552 1573,1569,1545
1600 0.032057 0.100432 0.092261 1570,1548
1601 0.034641 0.103086 0.103434 1571,1570,1549
1602 0.043092 0.094775 0.103155 1572,1570,1550
1603 0.031708 0.092749 0.101898 1573,1551,1570
1606 0.024305 0.091283 0.102038 1571,1554
1607 0.047142 0.103086 0.093797 1572,1571,1555
1608 0.033663 0.087092 0.129555 1573,1571,1556
1611 0.031918 0.096800 0.132280 1559,1572
1612 0.041415 0.102527 0.088140 1573,1572,1560
1615 0.030660 0.092191 0.088140 1573,1563
1618 0.027377 -1 -1 1576
1619 0.046235 0.113771 0.123480 1577,1576,1618
1620 0.065860 0.102527 0.131720 1578,1576,1618
1621 0.076197 0.085626 0.092749 1579,1618
1622 0.052800 0.118450 0.094844 1580,1618
1623 0.047631 0.106018 0.095403 1581,1618
1624 0.045816 0.120476 0.090444 1582,1618
1627 0.046025 0.099943 0.096869 1585,1619
1628 0.028496 0.092819 0.089676 1620,1586,1619
1629 0.040857 0.097987 0.094355 1621,1587,1619
1630 0.032685 0.090235 0.095823 1622,1588,1619
1631 0.033245 0.077873 0.095892 1623,1589,1619
1632 0.044558 0.090794 0.102527 1619,1590,1624
1635 0.029403 0.131791 0.099943 1620,1593
1636 0.026749 0.085625 0.099454 1594,1621,1620
1637 0.048819 0.088699 0.096940 1595,1622,1620
1638 0.035689 0.084578 0.085067 1623,1596,1620
1639 0.034502 0.083530 0.098406 1597,1620,1624
1642 0.046514 0.112235 0.100502 1600,1621
1643 0.034572 0.086114 0.099454 1601,1622,1621
1644 0.026680 0.087581 0.106996 1623,1621,1602
1645 0.048051 0.089187 0.092260 1621,1603,1624
1648 0.032896 0.079479 0.094286 1622,1606
1649 0.036108 0.106508 0.094845 1623,1622,1607
1650 0.043791 0.070749 0.076895 1622,1608,1624
1653 0.031848 0.125924 0.093308 1623,1611
1654 0.025562 0.090724 0.094285 1623,1612,1624
1657 0.042533 0.083530 0.099524 1615,1624
1660 0.036108 -1 -1 1627
1661 0.039111 0.102946 0.139473 1628,1627,1660
1662 0.044419 0.123549 0.110769 1629,1627,1660
1663 0.048610 0.077384 0.088629 1630,1660
1664 0.064394 0.107625 0.104552 1631,1660
1665 0.052451 0.078362 0.081505 1632,1660
1668 0.024514 0.112305 0.110698 1635,1661
1669 0.049377 0.115378 0.118240 1636,1662,1661
1670 0.038413 0.069631 0.083531 1663,1661,1637
1671 0.036807 0.096870 0.083041 1638,1664,1661
1672 0.043022 0.086114 0.098407 1639,1665,1661
1675 0.031708 0.121524 0.132489 1662,1642
1676 0.025771 0.075289 0.081994 1663,1662,1643
1677 0.048120 0.066000 0.085625 1644,1664,1662
1678 0.034990 0.091213 0.089746 1645,1665,1662
1681 0.033384 0.128578 0.117892 1663,1648
1682 0.042463 0.090654 0.092819 1649,1664,1663
1683 0.033454 0.087092 0.073264 1665,1663,1650
1686 0.024584 0.090654 0.081016 1653,1664
1687 0.049517 0.084019 0.076755 1665,1664,1654
1690 0.031848 0.090723 0.085556 1665,1657
1693 0.037784 -1 -1 1668
1694 0.048469 0.076826 0.152324 1693,1669,1668
1695 0.036527 0.093308 0.108673 1670,1693,1668
1696 0.066209 0.058388 0.091282 1693,1671,1668
1697 0.053010 0.077523 0.077384 1693,1672
1700 0.025632 0.093796 0.123549 1675,1694,1669
1701 0.035200 0.093797 0.090235 1694,1695,1676
1702 0.045745 0.092749 0.075917 1696,1694,1677,1671
1703 0.051961 0.093238 0.074311 1697,1694,1678
1706 0.045746 0.116355 0.113771 1681,1695
1707 0.037226 0.085556 0.064044 1696,1695,1682
1708 0.036318 0.092260 0.087092 1697,1683,1695
1711 0.040158 0.067118 0.106089 1696,1686
1712 0.034013 0.119917 0.119358 1696,1697,1687
1715 0.026539 0.072286 0.105600 1697,1690
1718 0.059225 -1 -1 1700
1719 0.054267 0.111257 0.110699 1700,1701,1718
1720 0.034431 0.125574 0.094845 1700,1702,1718
1721 0.048540 0.085137 0.077384 1700,1703,1718
1724 0.033873 0.089607 0.083530 1701,1719,1706
1725 0.030940 0.117333 0.073962 1701,1702,1719,1720,1707
1726 0.033244 0.089188 0.118031 1708,1701,1719,1703,1721
1729 0.068235 0.083600 0.058876 1702,1711,1720
1730 0.044978 0.124387 0.043581 1712,1703,1720,1721
1733 0.036317 0.086114 0.090724 1715,1721
1736 0.035060 -1 -1 1724
1737 0.066279 0.101968 0.064533 1724,1725,1736
1738 0.034431 0.103574 0.090235 1726,1724,1736
1741 0.028705 0.122012 0.081994 1725,1737,1729
1742 0.034781 0.045606 0.055315 1726,1738,1725,1737,1730
1745 0.034571 0.101549 0.107136 1726,1738,1733
1748 0.035759 -1 -1 1741,1729
1749 0.067327 0.034851 0.037924 1730,1748,1742,1729
1752 0.031359 0.074311 0.067187 1730,1749,1745
1755 0.036946 -1 -1 1745,1752
1758 0.036877 0.098476 0.080946 1429,1428,1447,1446,1445,1444,1443,1442,1441,1440,1448
1760 0.048260 0.122921 0.110280 1452,1430,1428,1454,1455,1456,1457,1451,1441,1453,1458
1762 0.036318 0.120965 0.122991 1431,1428,1442,1452,1465,1464,1467,1466,1461,1463,1462
1764 0.074661 0.116286 0.120965 1432,1428,1475,1472,1473,1470,1471,1443,1474,1453,1462
1766 0.049797 0.127740 0.114330 1433,1428,1454,1482,1481,1471,1480,1478,1479,1444,1463
1768 0.046514 0.125155 0.118451 1434,1488,1428,1472,1455,1445,1487,1486,1485,1464,1479
1770 0.068445 0.084158 0.134375 1435,1491,1473,1428,1492,1446,1456,1493,1480,1486,1465
1772 0.050634 0.119428 0.094774 1436,1496,1428,1492,1447,1481,1457,1487,1474,1497,1466
1774 0.043232 0.111816 0.084578 1437,1428,1497,1482,1500,1493,1475,1467,1488,1458,1448
1776 0.064184 -1 -1 1437,1433,1436,1774,1434,1435,1432,1770,1430,1772,1429,1428,1431,1768,1758,1762,1760,1766,1764
1778 0.071937 0.128648 0.109162 1519,1503,1520,1521,1504,1515,1514,1517,1516,1518
1780 0.054755 0.101549 0.122641 1525,1505,1524,1503,1526,1527,1530,1515,1528,1529
1782 0.050146 0.102527 0.111327 1525,1536,1537,1503,1535,1534,1506,1533,1516,1538
1784 0.063066 0.113841 0.110699 1544,1545,1542,1543,1541,1503,1526,1534,1507,1517
1786 0.045188 0.088139 0.095403 1551,1550,1542,1548,1549,1503,1535,1527,1518,1508
1788 0.036736 0.088140 0.084019 1555,1543,1556,1536,1549,1503,1519,1509,1528,1554
1790 0.073543 0.113841 0.111396 1550,1544,1555,1559,1510,1537,1503,1520,1560,1529
1792 0.051054 0.128718 0.114330 1551,1545,1556,1503,1521,1530,1560,1563,1511,1538
1794 0.036108 0.128718 0.116844 1760,1778,1758
1795 0.044000 0.125574 0.144292 1780,1762,1758
1796 0.034362 0.098407 0.095892 1782,1764,1758
1797 0.027867 0.117403 0.092819 1766,1784,1758
1798 0.046374 0.092819 0.076336 1768,1786,1758
1799 0.035061 0.120895 0.110698 1788,1770,1758
1800 0.035340 0.086533 0.115378 1772,1790,1758
1801 0.040927 0.078431 0.126552 1792,1774,1758
1802 0.066978 0.109581 0.079410 1799,1798,1801,1800,1797,1796,1795,1794,1503,1758
1804 0.099245 -1 -1 1788,1780,1792,1782,1790,1784,1786,1802,1778,1503,1506,1507,1504,1505,1508,1509,1511,1510
1806 0.035200 0.078921 0.132279 1582,1580,1581,1579,1578,1577,1576,1566,1567
1808 0.064185 0.109721 0.114330 1588,1589,1586,1587,1585,1568,1590,1577,1566
1810 0.043301 0.126622 0.088838 1569,1586,1595,1594,1597,1578,1593,1596,1566
1812 0.052521 0.137657 0.107136 1601,1600,1603,1602,1587,1594,1579,1570,1566
1814 0.047771 0.090235 0.087161 1608,1588,1601,1580,1607,1606,1595,1571,1566
1816 0.063136 0.094216 0.085136 1589,1581,1612,1607,1611,1596,1572,1566,1602
1818 0.043861 0.119917 0.116844 1608,1582,1603,1615,1612,1597,1590,1573,1566
1820 0.028635 0.121943 0.089676 1806,1795,1794
1821 0.048749 0.149669 0.126413 1806,1778,1795
1822 0.035969 0.123061 0.119918 1794,1796,1808
1823 0.035619 0.100920 0.104064 1778,1796,1808
1824 0.042603 0.084019 0.074311 1797,1810,1794
1825 0.033105 0.081015 0.083600 1797,1810,1778
1826 0.028565 0.090235 0.084577 1798,1812,1794
1827 0.053917 0.090723 0.089047 1798,1778,1812
1828 0.034572 0.102597 0.083530 1814,1799,1794
1829 0.035619 0.078991 0.087162 1814,1799,1778
1830 0.041555 0.118451 0.114819 1816,1800,1794
1831 0.034571 0.104064 0.082552 1816,1778,1800
1832 0.025981 0.099454 0.077384 1818,1801,1794
1833 0.047422 0.094775 0.078920 1818,1778,1801
1834 0.065023 0.077384 0.084508 1832,1830,1828,1824,1826,1820,1822,1794,1566
1836 0.049308 0.107695 0.099454 1833,1831,1829,1825,1827,1821,1778,1823,1794,1566
1838 0.093447 -1 -1 1810,1814,1806,1816,1836,1834,1812,1818,1808,1568,1569,1573,1572,1571,1570,1566,1567
1840 0.051822 0.073333 0.113282 1630,1631,1632,1627,1618,1619,1629,1628
1842 0.046025 0.089677 0.086603 1620,1635,1618,1637,1638,1639,1628,1636
1844 0.065022 0.071727 0.093238 1645,1644,1621,1643,1618,1642,1629,1636
1846 0.043860 0.062508 0.114330 1630,1622,1643,1618,1637,1649,1648,1650
1848 0.036457 0.086463 0.090724 1623,1644,1618,1631,1638,1649,1653,1654
1850 0.072844 0.088139 0.120966 1645,1632,1618,1624,1639,1650,1657,1654
1852 0.032895 0.089676 0.066070 1840,1820,1822
1853 0.034711 0.120406 0.112374 1840,1821,1823
1854 0.044908 0.119918 0.124247 1806,1840,1808,1823,1822
1856 0.034502 0.111187 0.112724 1842,1820,1824
1857 0.027028 0.083530 0.084578 1825,1842,1821
1858 0.046025 0.079899 0.082483 1825,1842,1824,1810,1806
1860 0.034641 0.077454 0.093797 1826,1820,1844
1861 0.035969 0.106787 0.079340 1827,1821,1844
1862 0.042603 0.076685 0.091073 1806,1827,1826,1812,1844
1864 0.032616 0.071657 0.091212 1828,1846,1820
1865 0.026959 0.087581 0.098895 1829,1821,1846
1866 0.046026 0.064534 0.089746 1814,1806,1829,1846,1828
1868 0.034362 0.091702 0.120965 1830,1848,1820
1869 0.034501 0.082133 0.098896 1831,1848,1821
1870 0.041975 0.066070 0.081994 1831,1806,1830,1848,1816
1872 0.032057 0.067117 0.086603 1850,1832,1820
1873 0.026679 0.075289 0.091771 1850,1833,1821
1874 0.046934 0.067117 0.090166 1850,1806,1818,1833,1832
1876 0.077664 0.064114 0.072216 1860,1872,1864,1618,1868,1852,1820,1856
1878 0.084648 0.085067 0.108184 1861,1865,1873,1618,1869,1853,1821,1857
1880 0.104692 0.087022 0.109162 1858,1806,1618,1854,1821,1820,1874,1862,1870,1866
1882 0.093866 -1 -1 1876,1620,1878,1880,1623,1622,1621,1848,1618,1624,1850,1842,1840,1846,1844,1619
1884 0.045117 0.063066 0.095892 1661,1669,1668,1670,1671,1672,1660
1886 0.036387 0.076895 0.087092 1678,1669,1675,1676,1677,1662,1660
1888 0.052800 0.088698 0.072286 1681,1683,1682,1670,1676,1663,1660
1890 0.046724 0.075848 0.067047 1677,1682,1687,1686,1664,1671,1660
1892 0.036946 0.115308 0.086114 1683,1678,1690,1687,1665,1672,1660
1894 0.045467 0.067676 0.113771 1852,1884,1856
1895 0.033175 0.095542 0.108184 1884,1853,1857
1896 0.027657 0.105111 0.125993 1858,1884,1854
1897 0.048120 0.100012 0.123410 1858,1842,1840,1856,1857,1884
1899 0.036248 0.135282 0.109162 1886,1852,1860
1900 0.035689 0.087721 0.128648 1861,1886,1853
1901 0.044000 0.082483 0.097429 1886,1862,1854
1902 0.032895 0.081993 0.062578 1840,1844,1861,1860,1862,1886
1904 0.026819 0.123479 0.091701 1852,1864,1888
1905 0.047422 0.089117 0.073264 1853,1865,1888
1906 0.034572 0.083461 0.061530 1866,1854,1888
1907 0.033314 0.090165 0.061530 1888,1840,1846,1865,1864,1866
1909 0.041835 0.123480 0.086603 1868,1852,1890
1910 0.031917 0.093796 0.072775 1869,1853,1890
1911 0.026540 0.098337 0.065093 1854,1890,1870
1912 0.046165 0.091213 0.074311 1848,1840,1870,1869,1868,1890
1914 0.034082 0.091282 0.084158 1852,1872,1892
1915 0.033454 0.095822 0.074800 1853,1873,1892
1916 0.041346 0.085625 0.069702 1874,1854,1892
1917 0.031499 0.087651 0.071238 1850,1840,1874,1872,1873,1892
1919 0.047073 0.082063 0.062578 1852,1899,1909,1894,1904,1914,1660
1921 0.111746 0.114260 0.077942 1853,1895,1910,1905,1915,1900,1660
1923 0.075219 0.111257 0.087651 1906,1916,1911,1896,1901,1854,1660
1925 0.068514 0.114260 0.085555 1897,1852,1853,1854,1840,1907,1912,1902,1917,1660
1927 0.039669 -1 -1 1664,1892,1663,1919,1921,1923,1925,1888,1886,1665,1884,1890,1662,1661,1660
1929 0.065022 0.074242 0.085137 1700,1701,1702,1703,1693,1694
1931 0.046235 0.125575 0.114749 1701,1695,1693,1706,1707,1708
1933 0.061390 0.064115 0.110769 1696,1712,1711,1693,1707,1702
1935 0.083041 0.111676 0.120546 1697,1703,1693,1715,1712,1708
1937 0.028006 0.138286 0.116844 1894,1929,1899
1938 0.034711 0.116775 0.112794 1929,1900,1895
1939 0.043302 0.134514 0.122572 1929,1896,1901
1940 0.034292 0.123549 0.127670 1929,1897,1902
1941 0.026190 0.114749 0.109721 1899,1886,1929,1884,1902,1900,1901
1943 0.057549 0.122501 0.121524 1894,1931,1904
1944 0.034013 0.101479 0.090724 1895,1931,1905
1945 0.034920 0.084577 0.083530 1906,1931,1896
1946 0.043162 0.096031 0.088629 1907,1931,1897
1947 0.033524 0.096870 0.086184 1931,1905,1888,1906,1907,1904,1884
1949 0.026330 0.114819 0.117403 1933,1894,1909
1950 0.044559 0.096451 0.088629 1933,1895,1910
1951 0.032267 0.081993 0.081016 1933,1911,1896
1952 0.034222 0.090724 0.082553 1933,1912,1897
1953 0.043302 0.080946 0.089188 1933,1912,1909,1911,1910,1884,1890
1955 0.031079 0.107905 0.104831 1894,1914,1935
1956 0.028146 0.086534 0.080457 1895,1915,1935
1957 0.043581 0.088768 0.087651 1896,1935,1916
1958 0.032686 0.099384 0.084508 1897,1917,1935
1959 0.034152 0.091213 0.093238 1892,1935,1884,1915,1914,1917,1916
1961 0.096242 0.086673 0.077384 1949,1943,1955,1937,1693,1894
1963 0.067048 0.119429 0.131022 1944,1956,1693,1895,1938,1950
1965 0.046165 0.116356 0.116844 1945,1957,1951,1693,1939,1896
1967 0.100641 0.115378 0.125086 1940,1946,1693,1952,1897,1958
1969 0.071447 0.123061 0.125574 1884,1941,1947,1693,1953,1894,1895,1896,1897,1959
1971 0.086813 -1 -1 1696,1969,1965,1967,1961,1963,1933,1697,1694,1695,1693,1935,1931,1929
1973 0.049518 0.102038 0.094844 1701,1725,1726,1724,1718,1719
1975 0.066489 0.080946 0.121035 1729,1730,1718,1720,1725
1977 0.045327 0.123549 0.107626 1726,1730,1733,1718,1721
1979 0.025562 0.089536 0.073403 1937,1973,1943
1980 0.032336 0.113423 0.093238 1938,1973,1944
1981 0.035759 0.114750 0.091702 1939,1973,1945
1982 0.026260 0.119428 0.092191 1946,1940,1973
1983 0.043162 0.118381 0.090165 1941,1973,1947
1984 0.032756 0.122432 0.091213 1931,1943,1929,1945,1973,1947,1944,1946
1986 0.026121 0.127600 0.118940 1975,1949,1937
1987 0.050215 0.088698 0.087651 1975,1938,1950
1988 0.038901 0.078432 0.090794 1975,1951,1939
1989 0.038902 0.087651 0.077314 1975,1940,1952
1990 0.043372 0.090654 0.091213 1975,1941,1953
1991 0.033873 0.087022 0.105390 1933,1949,1951,1950,1953,1952,1929,1975
1993 0.025492 0.086114 0.074381 1977,1955,1937
1994 0.044279 0.085974 0.087092 1977,1956,1938
1995 0.034152 0.095333 0.075358 1977,1939,1957
1996 0.033175 0.083600 0.087650 1977,1940,1958
1997 0.040787 0.090235 0.077384 1977,1941,1959
1998 0.034292 0.098337 0.084578 1955,1957,1956,1935,1977,1929,1959,1958
2000 0.045466 0.094845 0.081504 1986,1993,1718,1937,1979
2002 0.100431 0.108673 0.109720 1987,1938,1718,1994,1980
2004 0.071517 0.122013 0.119917 1939,1718,1995,1988,1981
2006 0.068514 0.132978 0.106159 1996,1940,1718,1982,1989
2008 0.094285 0.110699 0.126063 1941,1990,1718,1983,1997
2010 0.066839 0.117822 0.114819 1991,1984,1941,1998,1940,1718,1937,1929,1939,1938
2012 0.084927 -1 -1 1700,1975,1977,1719,1718,1973,1720,1721,2002,2000,2006,2004,2008,2010
2014 0.036108 0.103994 0.122991 1742,1725,1741,1737,1736
2016 0.046165 0.128088 0.125575 1745,1738,1742,1736
2018 0.036387 0.125435 0.134864 1986,1979,1725,1737,2014,1741,1742
2019 0.033104 0.125085 0.114819 2014,1980,1987
2020 0.044489 0.119429 0.119429 2014,1988,1981
2021 0.032685 0.125086 0.122012 2014,1982,1989
2022 0.027238 0.127600 0.128926 2014,1983,1990
2023 0.044209 0.122013 0.120965 1991,2014,1984
2024 0.035829 0.100990 0.119988 1991,1990,1987,1975,1973,1988,1989,2014,1986
2026 0.033035 0.116844 0.111257 1993,2016,1979
2027 0.043931 0.093727 0.095822 2016,1994,1980
2028 0.032825 0.093867 0.092819 2016,1995,1981
2029 0.028845 0.092330 0.089118 2016,1982,1996
2030 0.044000 0.083530 0.083530 2016,1983,1997
2031 0.033803 0.084089 0.104552 1998,1984,2016
2032 0.032896 0.091702 0.076895 1993,1995,1994,1997,1996,1977,1998,1973,2016
2034 0.095264 0.087651 0.067607 2026,2018,1979,1736
2036 0.064044 0.117751 0.117892 2027,2019,1980,1736
2038 0.045118 0.100431 0.107625 2028,1981,2020,1736
2040 0.106717 0.110698 0.109651 2021,1982,2029,1736
2042 0.080317 0.120477 0.110209 2030,1983,2022,1736
2044 0.069562 0.121873 0.109720 1984,2023,2031,1736
2046 0.095054 0.114819 0.113283 1984,1982,1983,1980,1981,1979,1973,1736,2024,2032
2048 0.062857 -1 -1 2046,1738,2044,2042,2040,1724,1737,1736,2036,2034,2014,2016,2038
2050 0.044769 0.073822 0.109721 1730,1748,1752,1749
2052 0.035898 0.054337 0.121524 2050,1730,2026,2018,1752,1749
2053 0.048889 0.070819 0.112654 2050,1730,2027,2019,1749,1752
2054 0.023816 0.058457 0.096800 2050,1730,2020,1749,2028,1752
2055 0.032476 0.063276 0.101550 2050,2021,2029
2056 0.041835 0.064045 0.085067 2050,2022,2030
2057 0.031987 0.051752 0.091772 2050,2031,2023
2058 0.033524 0.053848 0.082063 2024,2050,2032
2059 0.042603 0.072565 0.079479 2050,2026,2027,2032,2031,2030,2014,2016,2028,2029
2061 0.066070 0.107136 0.083600 2052,1748
2062 0.047073 0.105669 0.106159 2053,1748
2063 0.100642 0.109161 0.108184 1748,2054
2064 0.071937 0.131650 0.120895 2055,1748
2065 0.068864 0.117892 0.111187 1748,2056
2066 0.093727 0.113771 0.117403 1748,2057
2067 0.065720 0.114819 0.116355 2058,1748
2068 0.046723 0.123549 0.110210 2014,2059,2019,2024,1748,2021,2022,2023,2020,2018
2070 0.063625 -1 -1 2050,1729,2068,1748,1749,2061,2062,2063,2064,2065,2066,2067
2072 0.100921 0.096381 0.113771 1755,2052
2073 0.096520 0.131791 0.108673 1755,2053
2074 0.068654 0.106089 0.123479 1755,2054
2075 0.064952 0.123549 0.115797 1755,2055
2076 0.046304 0.108184 0.116285 1755,2056
2077 0.072006 0.115308 0.115866 1755,2057
2078 0.101340 0.115797 0.116355 2058,1755
2079 0.093867 0.116355 0.241371 2059,1755
2080 0.068305 0.117403 0.147575 2050,2053,2052,2055,2054,2057,2056,2059,2058,1755
2082 0.057969 -1 -1 2080,2079,2078,2072,2073,1745,1755,2077,2076,2075,2074
2084 0.023188 -1 -1 1776
2085 0.044210 0.094076 0.111815 1776,1802,2084
2086 0.021721 -1 -1 1804,1802,2085
2087 0.031778 -1 -1 1804,2086
2088 0.035479 0.111188 0.134653 2084,1834,2085
2089 0.047632 0.067117 0.121943 2086,1836,1802,1834
2090 0.042743 0.118870 0.086115 1804,1836,2087
2091 0.027447 -1 -1 1838,2089,2088,1834
2093 0.022070 -1 -1 1838,2089,1836,2090
2095 0.047841 -1 -1 1838,2091,2093
2097 0.023257 0.149181 0.103574 1876,2088
2098 0.046933 0.125994 0.071238 1876,2089,2086,1878
2099 0.037994 0.085066 0.083041 1876,2088,2089,2091,1880
2100 0.046793 0.081505 0.079410 2090,1878,2087
2101 0.034851 0.081016 0.104622 2089,2090,1878,2093,1880
2102 0.024165 0.077384 0.086604 2095,1838,1880
2103 0.020813 -1 -1 1876,2097,2099,1882,2098
2105 0.026120 -1 -1 2101,2100,1882,1878,2098
2107 0.027657 -1 -1 2102,2101,2099,1882,1880
2109 0.023047 -1 -1 2103,2107,1882,2105
2111 0.034432 0.112933 0.145130 1919,2097
2112 0.047213 0.109581 0.122571 1919,1921,2098
2113 0.042673 0.092330 0.093308 1919,1923,2099
2114 0.035130 0.067536 0.078432 1919,2103,1925
2115 0.032197 0.115867 0.087162 1921,2100
2116 0.044070 0.072775 0.094565 1921,2101,1923
2117 0.027657 0.082483 0.090724 1921,1925,2105
2118 0.046025 0.082553 0.078501 2102,1923
2119 0.034781 0.102946 0.081016 1923,2107,1925
2120 0.033733 0.104972 0.096730 2109,1925
2121 0.034781 -1 -1 1919,1927,2111,2112,2113,2114
2123 0.027657 -1 -1 1921,1927,2112,2115,2116,2117
2125 0.020045 -1 -1 2118,2119,1923,1927,2113,2116
2127 0.035549 -1 -1 2120,2119,1925,1927,2114,2117
2129 0.046026 -1 -1 2121,2123,2125,2127,1927
2131 0.033664 0.172229 0.103924 2111,1961
2132 0.033664 0.142825 0.094355 2112,1961,1963
2133 0.026400 0.097848 0.084089 1965,2113,1961
2134 0.034292 0.086114 0.095403 1967,2114,1961
2135 0.027238 0.094216 0.087651 2121,1969,1961
2136 0.042882 0.092191 0.089118 2115,1963
2137 0.037574 0.088070 0.081085 1965,2116,1963
2138 0.034641 0.099454 0.091771 2117,1967,1963
2139 0.043441 0.102387 0.106648 2123,1969,1963
2140 0.032057 0.068166 0.070260 2118,1965
2141 0.028915 0.091702 0.077943 1965,1967,2119
2142 0.044488 0.087092 0.119429 1965,2125,1969
2143 0.031498 0.079409 0.107136 2120,1967
2144 0.036038 0.096381 0.111816 1967,1969,2127
2145 0.039880 0.081086 0.084508 2129,1969
2146 0.025632 -1 -1 2134,2135,2132,2133,2131,1961,1971
2148 0.020044 -1 -1 2136,2137,2132,2138,1963,1971,2139
2150 0.034781 -1 -1 2137,2133,2141,2140,1965,1971,2142
2152 0.033454 -1 -1 2134,2144,2143,2138,2141,1967,1971
2154 0.025981 -1 -1 2145,2144,2142,1969,2135,1971,2139
2156 0.051403 -1 -1 1971,2154,2146,2150,2152,2148
2158 0.042883 0.163499 0.179912 2000,2131
2159 0.032895 0.134724 0.144431 2002,2000,2132
2160 0.027727 0.087651 0.097637 2000,2133,2004
2161 0.043581 0.086044 0.077873 2000,2006,2134
2162 0.035550 0.083531 0.083042 2008,2135,2000
2163 0.037714 0.085137 0.099454 2146,2000,2010
2164 0.041904 0.096381 0.086114 2002,2136
2165 0.032965 0.083530 0.083041 2002,2137,2004
2166 0.027657 0.087092 0.089676 2002,2006,2138
2167 0.046863 0.085625 0.089606 2002,2008,2139
2168 0.034362 0.084437 0.084089 2002,2010,2148
2169 0.032895 0.074730 0.081505 2004,2140
2170 0.040648 0.097148 0.074241 2006,2141,2004
2171 0.031568 0.089676 0.081435 2008,2142,2004
2172 0.029892 0.089048 0.085556 2150,2010,2004
2173 0.041486 0.077943 0.074800 2143,2006
2174 0.032896 0.093378 0.081015 2008,2144,2006
2175 0.035549 0.091772 0.128159 2006,2010,2152
2176 0.040299 0.071727 0.096870 2008,2145
2177 0.032267 0.077384 0.088698 2154,2008,2010
2178 0.028076 0.083530 0.074381 2156,2010
2179 0.033873 -1 -1 2159,2000,2158,2162,2161,2160,2163,2012
2181 0.027517 -1 -1 2002,2168,2165,2164,2167,2166,2159,2012
2183 0.026121 -1 -1 2172,2170,2171,2169,2004,2165,2160,2012
2185 0.033105 -1 -1 2173,2170,2006,2174,2175,2166,2161,2012
2187 0.027378 -1 -1 2171,2176,2177,2174,2167,2162,2008,2012
2189 0.019136 -1 -1 2172,2177,2168,2175,2178,2010,2163,2012
2191 0.032407 -1 -1 2183,2181,2187,2185,2189,2179,2012
2193 0.041695 0.122990 0.212946 2034,2158
2194 0.040508 0.113283 0.134304 2036,2034,2159
2195 0.035899 0.092261 0.089746 2034,2160,2038
2196 0.043092 0.088698 0.087022 2034,2161,2040
2197 0.033244 0.080457 0.077384 2034,2042,2162
2198 0.028565 0.081994 0.095961 2044,2034,2163
2199 0.046793 0.060552 0.084577 2046,2034,2179
2200 0.032826 0.108603 0.072774 2036,2164
2201 0.033315 0.086673 0.081435 2165,2036,2038
2202 0.048330 0.093238 0.089397 2036,2166,2040
2203 0.041625 0.081505 0.083530 2036,2167,2042
2204 0.028565 0.093867 0.093727 2036,2044,2168
2205 0.046025 0.088210 0.089187 2046,2036,2181
2206 0.033244 0.081994 0.076895 2169,2038
2207 0.034921 0.096101 0.088140 2170,2040,2038
2208 0.042673 0.081505 0.085555 2171,2042,2038
2209 0.033524 0.073264 0.080946 2172,2044,2038
2210 0.027867 0.083042 0.090793 2046,2183,2038
2211 0.042813 0.088140 0.083041 2173,2040
2212 0.032756 0.076895 0.085067 2042,2174,2040
2213 0.035270 0.088140 0.076896 2044,2040,2175
2214 0.042324 0.104063 0.089676 2046,2185,2040
2215 0.029892 0.088699 0.080946 2176,2042
2216 0.027657 0.157002 0.076896 2044,2042,2177
2217 0.046654 0.063486 0.078920 2046,2187,2042
2218 0.031848 0.135353 0.077873 2044,2178
2219 0.034222 0.058876 0.078501 2046,2044,2189
2220 0.040857 0.111188 0.080876 2046,2191
2221 0.025352 -1 -1 2034,2048,2193,2194,2195,2196,2197,2198,2199
2223 0.020603 -1 -1 2200,2201,2202,2203,2204,2205,2048,2036,2194
2225 0.034152 -1 -1 2201,2210,2206,2207,2208,2209,2048,2195,2038
2227 0.026958 -1 -1 2213,2212,2211,2040,2207,2214,2202,2048,2196
2229 0.025911 -1 -1 2212,2203,2217,2216,2215,2208,2048,2197,2042
2231 0.031847 -1 -1 2213,2044,2204,2216,2209,2219,2218,2048,2198
2233 0.026050 -1 -1 2046,2210,2217,2205,2214,2219,2048,2220,2199
2235 0.036457 -1 -1 2229,2231,2227,2233,2225,2223,2048,2221
2237 0.023257 0.187663 0.119918 2061,2193
2238 0.045537 0.151555 0.115308 2061,2062,2194
2239 0.023816 0.089187 0.090654 2061,2063,2195
2240 0.035200 0.080457 0.104412 2061,2064,2196
2241 0.042324 0.090654 0.081435 2061,2065,2197
2242 0.033244 0.100013 0.078920 2198,2061,2066
2243 0.026749 0.086114 0.081435 2061,2199,2067
2244 0.045187 0.088698 0.084578 2068,2061,2221
2245 0.031079 0.117822 0.097150 2200,2062
2246 0.036457 0.099454 0.077454 2201,2062,2063
2247 0.042254 0.081924 0.076755 2062,2064,2202
2248 0.031638 0.085625 0.085136 2062,2203,2065
2249 0.028216 0.081993 0.083531 2062,2204,2066
2250 0.054057 0.076895 0.080458 2062,2205,2067
2251 0.039530 0.078851 0.093169 2068,2062,2223
2252 0.033943 0.074800 0.081016 2063,2206
2253 0.042883 0.085067 0.095893 2063,2064,2207
2254 0.032127 0.079479 0.086603 2208,2063,2065
2255 0.028006 0.076337 0.081016 2209,2063,2066
2256 0.043650 0.085137 0.085556 2210,2063,2067
2257 0.034013 0.131022 0.134305 2068,2063,2225
2258 0.032615 0.089676 0.070749 2211,2064
2259 0.043023 0.079968 0.090654 2212,2064,2065
2260 0.030800 0.088139 0.085625 2213,2064,2066
2261 0.027797 0.088210 0.087651 2214,2064,2067
2262 0.062718 0.108604 0.114819 2068,2227,2064
2263 0.048749 0.065581 0.088140 2065,2215
2264 0.032267 0.079968 0.088698 2065,2066,2216
2265 0.042883 0.094285 0.086603 2217,2065,2067
2266 0.030451 0.085556 0.115378 2068,2065,2229
2267 0.025841 0.076965 0.078851 2218,2066
2268 0.045396 0.084508 0.084089 2219,2066,2067
2269 0.031638 0.091771 0.080527 2068,2231,2066
2270 0.030380 0.075848 0.084997 2220,2067
2271 0.041695 0.077384 0.124317 2068,2233,2067
2272 0.029752 0.088140 0.103016 2068,2235
2273 0.019486 -1 -1 2239,2238,2237,2244,2061,2070,2240,2241,2242,2243
2275 0.034711 -1 -1 2238,2247,2248,2249,2245,2246,2070,2062,2251,2250
2277 0.026400 -1 -1 2239,2254,2252,2063,2257,2256,2246,2070,2253,2255
2279 0.025213 -1 -1 2247,2253,2064,2261,2259,2258,2262,2260,2070,2240
2281 0.032895 -1 -1 2254,2065,2248,2259,2263,2070,2266,2241,2264,2265
2283 0.026051 -1 -1 2264,2066,2267,2268,2269,2249,2260,2070,2255,2242
2285 0.017739 -1 -1 2261,2271,2270,2067,2265,2250,2268,2256,2070,2243
2287 0.031848 -1 -1 2262,2271,2272,2068,2244,2269,2257,2070,2266,2251
2289 0.022419 -1 -1 2275,2277,2273,2281,2283,2279,2285,2287,2070
2291 0.033104 0.268121 0.118451 2072,2237
2292 0.031149 0.179492 0.097289 2073,2072,2238
2293 0.043302 0.085137 0.088628 2239,2072,2074
2294 0.030870 0.088698 0.096381 2072,2240,2075
2295 0.028146 0.077873 0.086115 2072,2076,2241
2296 0.044629 0.086673 0.081993 2072,2077,2242
2297 0.033803 0.090165 0.090724 2072,2078,2243
2298 0.034432 0.093238 0.089676 2244,2072,2079
2299 0.049517 0.092749 0.088070 2072,2080,2273
2300 0.035409 0.088140 0.081993 2073,2245
2301 0.028565 0.092749 0.080457 2073,2246,2074
2302 0.045816 0.076895 0.080457 2073,2247,2075
2303 0.034851 0.079480 0.091213 2073,2248,2076
2304 0.034432 0.084578 0.084508 2073,2077,2249
2305 0.043791 0.080946 0.083530 2073,2078,2250
2306 0.031848 0.081505 0.164057 2073,2079,2251
2307 0.028495 0.095333 0.095334 2073,2275,2080
2308 0.042813 0.095334 0.078432 2252,2074
2309 0.033245 0.088698 0.081016 2253,2075,2074
2310 0.034990 0.081016 0.081994 2254,2076,2074
2311 0.043092 0.098826 0.078921 2255,2077,2074
2312 0.032197 0.081574 0.085626 2256,2078,2074
2313 0.025841 0.079410 0.103575 2257,2079,2074
2314 0.044350 0.090095 0.094635 2080,2277,2074
2315 0.030940 0.091772 0.080946 2075,2258
2316 0.034990 0.076336 0.077384 2259,2076,2075
2317 0.041765 0.081435 0.074381 2260,2077,2075
2318 0.031010 0.077943 0.087092 2078,2261,2075
2319 0.028077 0.087092 0.095403 2262,2079,2075
2320 0.044629 0.089117 0.083042 2080,2279,2075
2321 0.031847 0.080946 0.077873 2263,2076
2322 0.032406 0.094286 0.080876 2077,2076,2264
2323 0.042882 0.093238 0.093238 2078,2076,2265
2324 0.031010 0.090094 0.092260 2079,2266,2076
2325 0.027308 0.076895 0.090724 2281,2080,2076
2326 0.041346 0.071727 0.081924 2077,2267
2327 0.032546 0.084578 0.089188 2268,2078,2077
2328 0.034781 0.084578 0.098406 2079,2269,2077
2329 0.043860 0.115797 0.083042 2080,2283,2077
2330 0.030171 0.076337 0.084997 2078,2270
2331 0.024584 0.093797 0.087860 2079,2078,2271
2332 0.044140 0.081994 0.095334 2080,2078,2285
2333 0.031499 0.076406 0.082552 2079,2272
2334 0.034851 0.080317 0.078921 2080,2079,2287
2335 0.039390 0.029263 0.037924 2289,2080
2336 0.025282 -1 -1 2299,2298,2082,2292,2291,2297,2296,2295,2294,2293,2072
2338 0.019835 -1 -1 2082,2300,2303,2302,2305,2304,2307,2306,2301,2292,2073
2340 0.033245 -1 -1 2309,2308,2082,2314,2312,2313,2310,2311,2301,2293,2074
2342 0.027447 -1 -1 2309,2320,2318,2319,2082,2317,2302,2294,2316,2315,2075
2344 0.024933 -1 -1 2323,2322,2321,2325,2324,2082,2303,2310,2316,2295,2076
2346 0.032197 -1 -1 2322,2327,2326,2082,2317,2329,2328,2304,2311,2296,2077
2348 0.031428 -1 -1 2330,2331,2332,2327,2318,2082,2312,2305,2078,2297,2323
2350 0.017810 -1 -1 2331,2333,2334,2328,2319,2082,2324,2313,2306,2079,2298
2352 0.033454 -1 -1 2080,2332,2320,2334,2335,2325,2082,2329,2299,2307,2314
2354 0.033873 -1 -1 2344,2346,2340,2336,2342,2338,2348,2082,2352,2350
