1429 0.101060 -1 -1 
1430 0.278457 0.182496 0.247168 1429
1431 0.149739 0.151765 0.105600 1429
1432 0.151486 0.159517 0.122572 1429
1433 0.191295 0.091771 0.121523 1429
1434 0.143873 0.089676 0.120965 1429
1435 0.118311 0.103016 0.128717 1429
1436 0.116006 0.116356 0.119009 1429
1437 0.319873 0.111746 0.143314 1429
1438 0.118940 0.112724 0.116286 1429
1441 0.076895 0.115377 0.162451 1430
1442 0.081994 0.163568 0.164057 1430,1431
1443 0.157003 0.109162 0.171810 1432,1430
1444 0.150857 0.134794 0.143035 1433,1430
1445 0.081225 0.145549 0.149111 1434,1430
1446 0.082692 0.124108 0.099384 1435,1430
1447 0.152254 0.119359 0.108882 1436,1430
1448 0.188083 0.094775 0.100502 1437,1430
1449 0.196603 0.088628 0.090654 1430,1438
1452 0.093098 0.166641 0.136819 1431
1453 0.077943 0.151695 0.239416 1432,1431
1454 0.114889 0.142546 0.286629 1433,1431
1455 0.075638 0.188153 0.170203 1434,1431
1456 0.078990 0.295777 0.175860 1435,1431
1457 0.078641 0.159447 0.100082 1436,1431
1458 0.080667 0.095194 0.103085 1437,1431
1459 0.078711 0.084089 0.087162 1438,1431
1462 0.090445 0.151206 0.119988 1432
1463 0.078851 0.108674 0.288724 1432,1433
1464 0.078502 0.129695 0.308279 1434,1432
1465 0.075778 0.309537 0.181517 1435,1432
1466 0.074800 0.092819 0.090235 1436,1432
1467 0.184800 0.093308 0.091772 1437,1432
1468 0.116775 0.080457 0.108673 1432,1438
1471 0.070819 0.154838 0.128648 1433
1472 0.074311 0.120406 0.326647 1434,1433
1473 0.161822 0.079968 0.085556 1435,1433
1474 0.074660 0.088698 0.101549 1436,1433
1475 0.087441 0.078991 0.093727 1437,1433
1476 0.114470 0.080946 0.091283 1433,1438
1479 0.061600 0.157981 0.099943 1434
1480 0.075219 0.086115 0.096870 1434,1435
1481 0.115168 0.076336 0.097988 1436,1434
1482 0.074102 0.099942 0.105600 1437,1434
1483 0.081994 0.085486 0.101480 1434,1438
1486 0.098964 0.147086 0.100501 1435
1487 0.080107 0.088698 0.091771 1436,1435
1488 0.073473 0.096940 0.093168 1437,1435
1489 0.074381 0.076895 0.093727 1435,1438
1492 0.062159 0.132349 0.088629 1436
1493 0.186965 0.070121 0.089885 1436,1437
1494 0.077314 0.098407 0.085556 1436,1438
1497 0.133607 0.122990 0.088209 1437
1498 0.119918 0.049727 0.088698 1437,1438
1501 0.073823 0.073823 0.081574 1438
1504 0.064533 -1 -1 1441
1505 0.117542 0.131791 0.236762 1441,1504,1442
1506 0.224260 0.115867 0.114819 1443,1441,1504
1507 0.277688 0.109581 0.116425 1444,1441,1504
1508 0.120826 0.121454 0.123550 1445,1441,1504
1509 0.115168 0.087511 0.126203 1446,1504
1510 0.158819 0.079968 0.115936 1447,1504
1511 0.115378 0.092819 0.122083 1504,1448
1512 0.114889 0.077943 0.129276 1449,1504
1515 0.061879 0.116845 0.111327 1442,1452,1505
1516 0.143594 0.095962 0.101898 1443,1453,1506,1442,1505
1517 0.076476 0.119429 0.130184 1454,1442,1444,1507,1505
1518 0.086184 0.106578 0.100432 1455,1508,1445,1505
1519 0.077035 0.100990 0.102108 1456,1509,1505
1520 0.114819 0.092819 0.107764 1447,1457,1510,1505
1521 0.075708 0.087092 0.085067 1458,1505,1511,1448
1522 0.078851 0.085067 0.098545 1505,1459,1449,1512
1525 0.146946 0.131720 0.146666 1506,1462
1526 0.077314 0.124038 0.120965 1444,1506,1507,1463
1527 0.120057 0.116844 0.132837 1464,1508,1506
1528 0.081505 0.083530 0.098337 1465,1509,1506
1529 0.078641 0.090724 0.093867 1466,1506,1510
1530 0.142686 0.098895 0.091841 1506,1467,1511
1531 0.075428 0.093308 0.092260 1506,1468,1512
1534 0.142755 0.125714 0.121943 1471,1507
1535 0.118939 0.127111 0.116774 1472,1508,1507
1536 0.077104 0.091212 0.093797 1473,1509,1507
1537 0.075359 0.098965 0.093308 1510,1474,1507
1538 0.141569 0.096940 0.091772 1511,1507,1475
1539 0.074730 0.100991 0.088139 1476,1507,1512
1542 0.064673 0.088769 0.102038 1508,1479
1543 0.120267 0.098896 0.085066 1508,1509,1480
1544 0.081296 0.100361 0.093308 1508,1510,1481
1545 0.077873 0.096381 0.104553 1482,1508,1511
1546 0.180329 0.097358 0.087651 1483,1508,1512
1549 0.067257 0.097918 0.097917 1509,1486
1550 0.089257 0.090235 0.099943 1509,1487,1510
1551 0.081085 0.094775 0.119987 1509,1511,1488
1552 0.157562 0.094356 0.100502 1489,1509,1512
1555 0.091212 0.098407 0.101480 1492,1510
1556 0.075219 0.077454 0.102038 1493,1511,1510
1557 0.073753 0.086604 0.092191 1494,1510,1512
1560 0.141499 0.100431 0.094286 1511,1497
1561 0.114261 0.110210 0.096870 1498,1511,1512
1564 0.065720 0.091702 0.094355 1501,1512
1567 0.068934 -1 -1 1515
1568 0.230755 0.150718 0.237739 1515,1516,1567
1569 0.113492 0.130254 0.120965 1515,1517,1567
1570 0.118381 0.106578 0.124038 1515,1518,1567
1571 0.269448 0.122431 0.103085 1515,1519,1567
1572 0.113632 0.092260 0.126064 1515,1520,1567
1573 0.156515 0.100013 0.137447 1521,1567
1574 0.112654 0.084578 0.119429 1522,1567
1577 0.074032 0.127181 0.127600 1568,1525,1516
1578 0.148133 0.114889 0.142057 1568,1569,1517,1516,1526
1579 0.118660 0.123269 0.135981 1568,1527,1570,1518,1516
1580 0.170972 0.088699 0.094216 1568,1528,1571,1516,1519
1581 0.078711 0.091702 0.078990 1568,1572,1516,1520,1529
1582 0.075010 0.097289 0.094774 1573,1568,1516,1521,1530
1583 0.144851 0.099314 0.085066 1568,1516,1531,1522,1574
1586 0.067536 0.135771 0.136331 1569,1534
1587 0.116985 0.122012 0.135352 1569,1535,1570
1588 0.077034 0.110768 0.084089 1569,1571,1519,1536
1589 0.077873 0.095333 0.086114 1537,1572,1569
1590 0.074870 0.092749 0.098406 1573,1569,1538
1591 0.078362 0.092819 0.094286 1569,1539,1574
1594 0.066000 0.121454 0.129696 1570,1542
1595 0.190038 0.086184 0.083041 1571,1570,1543
1596 0.118800 0.087721 0.100082 1572,1544,1570
1597 0.076755 0.105111 0.087651 1573,1545,1570
1598 0.082762 0.081434 0.105600 1546,1570,1574
1601 0.061181 0.117263 0.099873 1571,1549
1602 0.073543 0.099384 0.100013 1572,1571,1550
1603 0.094565 0.095404 0.106577 1573,1551,1571
1604 0.135422 0.104623 0.092819 1571,1552,1574
1607 0.077943 0.088699 0.112793 1572,1555
1608 0.098407 0.093307 0.095892 1573,1572,1556
1609 0.168526 0.129136 0.093727 1572,1557,1574
1612 0.066279 0.094774 0.093867 1573,1560
1613 0.083949 0.087162 0.094845 1573,1561,1574
1616 0.147574 0.085625 0.092749 1564,1574
1619 0.063975 -1 -1 1577
1620 0.113562 0.149111 0.231664 1578,1577,1619
1621 0.113841 0.107137 0.119009 1579,1577,1619
1622 0.158540 0.103505 0.123480 1580,1577,1619
1623 0.115936 0.112793 0.114749 1581,1577,1619
1624 0.267352 0.101479 0.129625 1582,1577,1619
1625 0.222095 0.105181 0.109720 1583,1619
1628 0.067257 0.120965 0.117892 1620,1586,1578
1629 0.077315 0.099943 0.085556 1587,1621,1620,1579,1578
1630 0.114400 0.106647 0.096521 1622,1580,1620,1588,1578
1631 0.073263 0.088698 0.084019 1623,1589,1581,1620,1578
1632 0.169993 0.085067 0.087092 1582,1620,1578,1590,1624
1633 0.141778 0.105670 0.095404 1583,1620,1591,1625
1636 0.066349 0.138984 0.128648 1594,1621
1637 0.082273 0.101409 0.089676 1595,1622,1580,1621
1638 0.075778 0.100432 0.091282 1623,1621,1596
1639 0.079689 0.103085 0.080946 1582,1621,1597,1624
1640 0.080597 0.108603 0.100921 1583,1621,1598,1625
1643 0.062927 0.117334 0.110699 1601,1622
1644 0.115866 0.106089 0.083600 1623,1622,1602
1645 0.113422 0.116844 0.089047 1582,1622,1603,1624
1646 0.084648 0.077384 0.077385 1622,1604,1625
1649 0.064533 0.107206 0.089187 1623,1607
1650 0.141080 0.096311 0.089676 1623,1608,1624
1651 0.073054 0.065581 0.067606 1623,1609,1625
1654 0.065790 0.124597 0.121035 1612,1624
1655 0.074730 0.096311 0.090166 1613,1625,1624
1658 0.071517 0.096870 0.072775 1616,1625
1661 0.061949 -1 -1 1628
1662 0.155886 0.128159 0.227682 1629,1628,1661
1663 0.119428 0.110210 0.114330 1630,1628,1661
1664 0.225797 0.097429 0.132139 1631,1628,1661
1665 0.117962 0.113352 0.116845 1632,1628,1661
1666 0.267213 0.097429 0.125505 1633,1661
1669 0.061810 0.119848 0.132769 1629,1662,1636
1670 0.121383 0.120407 0.118729 1630,1629,1663,1662,1637
1671 0.088419 0.139892 0.095124 1638,1631,1629,1664,1662
1672 0.075777 0.089187 0.089187 1639,1665,1632,1629,1662
1673 0.112235 0.087581 0.088629 1666,1629,1633,1662,1640
1676 0.067467 0.124597 0.114331 1630,1663,1643
1677 0.081085 0.088140 0.078432 1631,1664,1663,1644
1678 0.078572 0.078991 0.074311 1645,1665,1663
1679 0.077943 0.091143 0.083949 1666,1633,1663,1646
1682 0.128996 0.115936 0.129696 1631,1664,1649
1683 0.083181 0.091143 0.081924 1631,1665,1664,1650
1684 0.076476 0.089677 0.081924 1666,1633,1651,1664,1631
1687 0.141638 0.108743 0.093866 1665,1654
1688 0.144990 0.085137 0.078991 1666,1665,1633,1655
1691 0.066070 0.086673 0.075917 1666,1658
1694 0.064184 -1 -1 1669
1695 0.114959 0.128089 0.224889 1694,1670,1669
1696 0.157911 0.085625 0.098476 1694,1671,1669
1697 0.267562 0.060971 0.140451 1694,1672,1669
1698 0.112165 0.060971 0.144991 1694,1640,1669,1673
1701 0.069143 0.111886 0.078432 1676,1695,1670
1702 0.078642 0.103574 0.091702 1696,1677,1695,1670,1671
1703 0.080178 0.092749 0.101549 1697,1695,1670,1672,1678
1704 0.078222 0.091771 0.093028 1695,1670,1679,1698,1673
1707 0.093867 0.081993 0.104622 1696,1682,1671
1708 0.079060 0.104831 0.109441 1696,1697,1683,1671,1672
1709 0.073403 0.095333 0.100921 1696,1684,1671,1698,1673
1712 0.069422 0.069701 0.069143 1697,1687,1672
1713 0.171111 0.112794 0.112794 1697,1688,1672,1698,1673
1716 0.119149 0.072775 0.068724 1691,1698,1673
1719 0.067397 -1 -1 1701,1676
1720 0.222095 0.141219 0.112793 1719,1677,1702,1676
1721 0.111816 0.115866 0.113771 1719,1703,1678,1676
1722 0.156026 0.074870 0.129696 1719,1704,1676,1679
1725 0.069142 0.092749 0.077384 1682,1677,1720,1707
1726 0.169085 0.101898 0.068165 1708,1720,1721,1683,1678,1677
1727 0.074451 0.083600 0.081994 1704,1709,1722,1720,1684,1677
1730 0.067607 0.083600 0.074800 1712,1678,1687,1721
1731 0.119987 0.122432 0.126622 1713,1704,1722,1721,1678,1688
1734 0.062718 0.109232 0.104552 1704,1722,1716
1737 0.133606 -1 -1 1725,1707
1738 0.122291 0.121942 0.232293 1726,1683,1737,1707
1739 0.229428 0.087651 0.115308 1727,1709,1737,1707
1742 0.063765 0.115867 0.139892 1712,1738,1683,1730
1743 0.144362 0.043092 0.038413 1739,1738,1731,1709,1683,1688
1746 0.067677 0.096870 0.092190 1739,1709,1734,1716
1749 0.065301 -1 -1 1712,1742
1750 0.229080 0.038831 0.134794 1712,1688,1749,1743
1753 0.066908 0.070190 0.084089 1688,1746,1716,1750
1756 0.064743 -1 -1 1753,1716
1759 0.117404 0.104064 0.102527 1430,1429,1447,1446,1445,1444,1443,1442,1441,1449,1448
1761 0.120756 0.124667 0.115866 1431,1429,1454,1455,1456,1457,1442,1452,1453,1458,1459
1763 0.117054 0.145549 0.118940 1432,1429,1443,1468,1453,1465,1464,1467,1466,1463,1462
1765 0.167689 0.098337 0.134863 1454,1433,1429,1472,1473,1471,1476,1474,1475,1444,1463
1767 0.273917 0.086673 0.122571 1472,1434,1455,1429,1445,1483,1482,1481,1480,1464,1479
1769 0.120686 0.120476 0.128648 1435,1446,1429,1473,1456,1480,1487,1486,1465,1489,1488
1771 0.118590 0.127111 0.136959 1436,1429,1457,1481,1447,1492,1493,1494,1474,1487,1466
1773 0.156794 0.115796 0.092260 1437,1429,1497,1482,1493,1475,1498,1467,1488,1458,1448
1775 0.114470 0.113841 0.142476 1429,1438,1483,1501,1494,1468,1498,1476,1489,1459,1449
1777 0.218604 -1 -1 1775,1430,1771,1436,1437,1434,1435,1432,1433,1773,1431,1429,1438,1769,1759,1763,1761,1767,1765
1779 0.113213 0.109232 0.128718 1522,1520,1521,1504,1505,1515,1519,1517,1516,1518
1781 0.264489 0.121035 0.127600 1531,1525,1526,1527,1506,1504,1530,1516,1528,1529
1783 0.114959 0.135841 0.116355 1526,1537,1536,1535,1534,1507,1504,1517,1539,1538
1785 0.116775 0.138775 0.103994 1546,1544,1545,1542,1543,1535,1527,1518,1504,1508
1787 0.117334 0.121384 0.100991 1551,1550,1552,1543,1549,1536,1519,1504,1509,1528
1789 0.113702 0.145480 0.110699 1550,1544,1555,1557,1556,1510,1537,1520,1504,1529
1791 0.122362 0.136330 0.133886 1551,1545,1556,1521,1504,1530,1560,1561,1511,1538
1793 0.163708 0.125644 0.113841 1546,1531,1552,1522,1557,1504,1561,1564,1539,1512
1795 0.073683 0.112235 0.144501 1761,1779,1759
1796 0.168458 0.119429 0.128648 1759,1781,1525,1526,1527,1506,1531,1530,1763,1516,1528,1529
1797 0.075219 0.098965 0.100431 1783,1759,1765
1798 0.076057 0.103575 0.073264 1785,1759,1767
1799 0.072984 0.104553 0.116914 1551,1550,1552,1543,1549,1787,1536,1769,1519,1759,1509,1528
1800 0.072915 0.093797 0.087651 1789,1544,1555,1557,1550,1556,1510,1537,1520,1759,1771,1529
1801 0.074381 0.087162 0.083600 1551,1545,1773,1556,1791,1521,1759,1530,1560,1561,1511,1538
1802 0.109650 0.121174 0.091631 1546,1775,1552,1531,1557,1759,1793,1522,1561,1564,1539,1512
1803 0.255549 0.081504 0.085625 1799,1798,1802,1801,1800,1797,1796,1795,1759,1504
1805 0.154629 -1 -1 1789,1793,1781,1791,1783,1785,1787,1803,1779,1506,1507,1504,1505,1508,1509,1511,1510,1512
1807 0.113352 0.099943 0.094775 1582,1583,1580,1581,1568,1579,1578,1516,1577,1567
1809 0.230895 0.078851 0.116076 1588,1589,1586,1587,1569,1578,1591,1590,1567
1811 0.265467 0.093797 0.102946 1587,1595,1594,1579,1596,1570,1597,1598,1567
1813 0.116215 0.105251 0.112793 1588,1601,1580,1602,1604,1595,1571,1603,1567
1815 0.114679 0.088698 0.090095 1609,1608,1589,1602,1581,1607,1596,1572,1567
1817 0.113423 0.092261 0.112304 1608,1582,1603,1612,1613,1597,1590,1573,1567
1819 0.112375 0.094844 0.103575 1609,1616,1583,1613,1604,1591,1574,1598,1567
1821 0.073334 0.132348 0.108185 1807,1796,1795
1822 0.115936 0.123060 0.116286 1807,1779,1796
1823 0.150158 0.137448 0.118381 1588,1589,1797,1795,1586,1587,1809,1569,1578,1591,1590
1824 0.078362 0.094286 0.086044 1588,1589,1779,1586,1587,1809,1797,1569,1578,1591,1590
1825 0.176069 0.102038 0.111257 1798,1811,1587,1795,1595,1594,1579,1596,1570,1597,1598
1826 0.080038 0.097918 0.091283 1798,1811,1779,1587,1595,1594,1579,1596,1570,1597,1598
1827 0.089676 0.092191 0.084020 1799,1795,1813
1828 0.085066 0.084019 0.102805 1799,1779,1813
1829 0.142127 0.091213 0.086114 1815,1795,1800
1830 0.082552 0.124038 0.095892 1815,1779,1800
1831 0.077594 0.140939 0.127320 1817,1801,1795
1832 0.169295 0.098476 0.084647 1817,1779,1801
1833 0.075848 0.088629 0.084020 1819,1795,1802
1834 0.085904 0.087651 0.080457 1779,1819,1802
1835 0.341873 0.087092 0.073822 1833,1831,1829,1825,1827,1821,1823,1795,1567
1837 0.404590 0.102039 0.106089 1832,1830,1828,1834,1824,1826,1779,1795,1822,1567
1839 0.366457 -1 -1 1837,1807,1815,1817,1811,1835,1813,1819,1809,1568,1569,1574,1573,1572,1571,1570,1567
1841 0.155676 0.091702 0.105041 1630,1631,1632,1633,1619,1629,1628,1620
1843 0.116076 0.111746 0.119498 1621,1640,1636,1619,1638,1639,1629,1637
1845 0.112794 0.065651 0.125156 1645,1644,1646,1643,1619,1637,1622,1630
1847 0.113981 0.065581 0.126133 1623,1644,1619,1638,1649,1650,1651,1631
1849 0.114470 0.095892 0.113282 1645,1632,1619,1639,1624,1650,1654,1655
1851 0.116915 0.101480 0.081994 1646,1640,1625,1619,1658,1633,1651,1655
1853 0.110000 0.134793 0.120965 1630,1631,1632,1633,1841,1628,1821,1823,1620,1629
1854 0.074870 0.122850 0.112235 1824,1841,1822
1855 0.076057 0.132768 0.136051 1807,1824,1841,1809,1823
1857 0.143175 0.121943 0.097359 1843,1825,1821
1858 0.110977 0.087092 0.078991 1843,1826,1822
1859 0.074939 0.100921 0.086603 1843,1807,1825,1826,1811
1861 0.074172 0.087651 0.079969 1827,1821,1845
1862 0.072006 0.096381 0.091143 1828,1845,1822
1863 0.078362 0.073264 0.066069 1807,1827,1828,1845,1813
1865 0.078361 0.088140 0.087162 1821,1829,1847
1866 0.109441 0.092330 0.091213 1830,1847,1822
1867 0.076826 0.078432 0.074381 1807,1829,1830,1847,1815
1869 0.075080 0.098337 0.093308 1849,1831,1821
1870 0.081296 0.074800 0.073752 1832,1849,1822
1871 0.075568 0.073264 0.068654 1807,1832,1849,1831,1817
1873 0.143105 0.067118 0.067676 1851,1821,1833
1874 0.107556 0.073264 0.063556 1851,1834,1822
1875 0.075358 0.059435 0.070121 1807,1851,1819,1834,1833
1877 0.345365 0.074101 0.070680 1861,1865,1873,1619,1869,1853,1821,1857
1879 0.175650 0.085136 0.087720 1858,1874,1862,1870,1619,1866,1854,1822
1881 0.173625 0.090235 0.089746 1807,1859,1619,1821,1855,1822,1863,1875,1867,1871
1883 0.216578 -1 -1 1621,1877,1881,1879,1623,1622,1849,1620,1625,1624,1843,1851,1841,1619,1847,1845
1885 0.117193 0.063067 0.136330 1629,1671,1672,1669,1670,1662,1661,1673
1887 0.162240 0.084088 0.134724 1678,1679,1670,1676,1677,1663,1661
1889 0.119219 0.093308 0.105669 1631,1677,1683,1682,1684,1664,1671,1661
1891 0.113701 0.089118 0.107137 1683,1678,1672,1687,1688,1665,1661
1893 0.158051 0.118380 0.116356 1684,1691,1688,1666,1679,1661,1673
1895 0.073752 0.081435 0.068724 1885,1853,1857
1896 0.074311 0.088628 0.081993 1858,1885,1854
1897 0.073612 0.098895 0.101479 1859,1885,1855
1898 0.075149 0.096381 0.099943 1858,1859,1843,1841,1857,1885
1900 0.169854 0.121943 0.127879 1887,1861,1853
1901 0.109372 0.106368 0.098336 1887,1862,1854
1902 0.077524 0.085276 0.096240 1887,1863,1855
1903 0.077663 0.065023 0.062508 1841,1845,1861,1863,1862,1887
1905 0.143594 0.140940 0.131791 1853,1865,1889
1906 0.075918 0.109162 0.089676 1854,1889,1866
1907 0.075987 0.083530 0.083600 1867,1855,1889
1908 0.167549 0.074381 0.084019 1889,1841,1847,1865,1867,1866
1910 0.073543 0.133257 0.116915 1869,1853,1891
1911 0.074451 0.090654 0.079968 1854,1891,1870
1912 0.072704 0.099244 0.085626 1871,1891,1855
1913 0.073124 0.092819 0.076337 1849,1841,1870,1871,1869,1891
1915 0.072984 0.086603 0.085067 1853,1873,1893
1916 0.143244 0.082064 0.086603 1874,1854,1893
1917 0.078082 0.092820 0.084577 1875,1855,1893
1918 0.077105 0.090235 0.083111 1851,1841,1874,1875,1873,1893
1920 0.167689 0.078990 0.069143 1853,1900,1895,1910,1905,1915,1661
1922 0.342920 0.108673 0.122082 1906,1911,1896,1916,1854,1661,1901
1924 0.406337 0.118381 0.109650 1912,1917,1907,1897,1902,1855,1661
1926 0.168457 0.116844 0.112724 1841,1853,1854,1855,1918,1898,1908,1913,1903,1661
1928 0.298990 -1 -1 1889,1662,1920,1922,1924,1665,1926,1887,1666,1885,1664,1663,1891,1661,1893
1930 0.116566 0.089607 0.109232 1701,1694,1703,1704,1695,1670,1702
1932 0.160006 0.114819 0.107486 1696,1694,1707,1708,1709,1702,1671
1934 0.114191 0.106647 0.126204 1713,1712,1694,1703,1697,1708,1672
1936 0.159029 0.123060 0.111676 1713,1694,1704,1716,1709,1698
1938 0.071727 0.132210 0.140171 1701,1702,1930,1704,1895,1703,1670,1695,1900
1939 0.072216 0.131580 0.127880 1701,1702,1930,1704,1703,1670,1695,1896,1901
1940 0.075149 0.126553 0.115308 1902,1930,1897
1941 0.072635 0.107695 0.120336 1930,1898,1903
1942 0.075987 0.128159 0.119987 1930,1887,1885,1902,1903,1900,1901
1944 0.074800 0.113283 0.133326 1932,1905,1895
1945 0.075079 0.083041 0.083600 1906,1932,1896
1946 0.117472 0.105110 0.087092 1932,1897,1907
1947 0.078082 0.084578 0.083531 1932,1898,1908
1948 0.076057 0.093867 0.110699 1932,1889,1908,1906,1907,1885,1905
1950 0.143523 0.124108 0.114819 1895,1910,1934
1951 0.084577 0.087581 0.104761 1911,1896,1934
1952 0.168108 0.089188 0.082972 1912,1897,1934
1953 0.109022 0.096590 0.089118 1913,1898,1934
1954 0.075778 0.087092 0.081994 1934,1911,1910,1885,1912,1913,1891
1956 0.077523 0.086044 0.085626 1895,1915,1936
1957 0.073473 0.090165 0.079969 1896,1936,1916
1958 0.077035 0.095333 0.086114 1897,1936,1917
1959 0.076826 0.083530 0.096729 1918,1898,1936
1960 0.107206 0.093308 0.085555 1918,1936,1885,1893,1915,1917,1916
1962 0.172788 0.078851 0.079410 1944,1694,1956,1950,1895,1938
1964 0.168317 0.116774 0.097987 1957,1945,1694,1951,1939,1896
1966 0.407244 0.109162 0.109162 1940,1946,1694,1952,1897,1958
1968 0.167270 0.115796 0.118450 1941,1947,1694,1898,1953,1959
1970 0.250520 0.098476 0.103994 1948,1942,1960,1954,1694,1898,1895,1896,1897,1885
1972 0.353745 -1 -1 1968,1697,1964,1966,1962,1970,1696,1932,1694,1695,1936,1669,1934,1930,1698
1974 0.113841 0.105531 0.111187 1725,1726,1727,1719,1677,1720
1976 0.114820 0.086115 0.106577 1731,1678,1726,1730,1719,1721
1978 0.112095 0.123479 0.117822 1704,1731,1727,1719,1722,1734
1980 0.075429 0.170692 0.132489 1677,1944,1938,1725,1726,1727,1974,1720
1981 0.082901 0.128787 0.116914 1677,1725,1726,1727,1939,1974,1720,1945
1982 0.072705 0.097358 0.112724 1677,1725,1726,1727,1940,1974,1946,1720
1983 0.076477 0.124038 0.111746 1941,1677,1725,1726,1727,1974,1947,1720
1984 0.079689 0.111257 0.124597 1942,1948,1677,1725,1726,1727,1974,1720
1985 0.108463 0.130742 0.127600 1948,1974,1726,1727,1725,1946,1947,1720,1945,1932,1930,1944,1677
1987 0.140800 0.125015 0.119428 1731,1678,1950,1730,1726,1976,1938,1721
1988 0.076267 0.088559 0.072705 1951,1731,1678,1730,1726,1976,1939,1721
1989 0.072425 0.087651 0.100292 1976,1940,1952
1990 0.076267 0.081016 0.090235 1976,1941,1953
1991 0.110419 0.082553 0.080527 1942,1976,1954
1992 0.085206 0.094286 0.091772 1954,1930,1951,1950,1953,1952,1976,1934
1994 0.073543 0.085625 0.084578 1956,1938,1978
1995 0.144083 0.093308 0.082552 1939,1957,1978
1996 0.077244 0.079968 0.083041 1940,1958,1978
1997 0.075918 0.088140 0.093797 1941,1959,1978
1998 0.109581 0.085067 0.085555 1942,1960,1978
1999 0.114050 0.091841 0.092260 1957,1930,1956,1978,1960,1959,1958,1936
2001 0.169156 0.076267 0.088140 1987,1719,1938,1994,1980
2003 0.376235 0.113283 0.118381 1719,1995,1939,1988,1981
2005 0.167130 0.115307 0.116425 1719,1996,1982,1940,1989
2007 0.408222 0.116914 0.113842 1990,1719,1941,1983,1997
2009 0.170971 0.111676 0.117403 1991,1998,1719,1984,1942
2011 0.167619 0.121524 0.110769 1985,1999,1719,1941,1942,1992,1930,1939,1938,1940
2013 0.351022 -1 -1 1978,1976,1719,1974,1722,1720,1721,2003,2001,2007,2005,1676,2009,2011
2015 0.118939 0.136260 0.226564 1738,1683,1742,1737,1743
2017 0.219371 0.113842 0.090723 1739,1709,1746,1737,1743
2019 0.075289 0.129765 0.092749 1738,1980,1987,1683,2015,1742,1743
2020 0.110000 0.120965 0.090235 1738,1981,1988,1683,2015,1742,1743
2021 0.078222 0.116845 0.087721 1738,1982,1989,1683,2015,1742,1743
2022 0.076127 0.112723 0.091840 1738,1983,1990,1683,2015,1742,1743
2023 0.104901 0.115657 0.092260 1991,1738,1984,1683,2015,1742,1743
2024 0.078921 0.134165 0.088698 1738,1985,1683,1992,2015,1742,1743
2025 0.078292 0.127181 0.087162 1991,1738,1992,1990,1976,1974,1988,1989,1683,2015,1987,1742,1743
2027 0.082483 0.122013 0.091282 1739,1994,1980,1709,2017,1746,1743
2028 0.115447 0.087651 0.070749 1739,1995,1981,1709,2017,1746,1743
2029 0.074381 0.077943 0.064045 1739,1982,1996,1709,2017,1746,1743
2030 0.144292 0.109720 0.069213 1739,1983,1997,1709,2017,1746,1743
2031 0.075219 0.090724 0.067676 1739,1984,1709,1998,2017,1746,1743
2032 0.140661 0.088629 0.062508 1739,1985,1999,1709,2017,1746,1743
2033 0.143733 0.080946 0.066140 1739,1995,1994,1997,1996,1999,1709,1974,1978,1998,2017,1746,1743
2035 0.167968 0.078921 0.059435 2027,1980,1737
2036 0.245911 0.109092 0.089677 2028,2020,1737,1981
2038 0.169295 0.129137 0.082552 1982,2029,1737,2021
2040 0.330977 0.113772 0.084089 1983,2022,1737,2030
2042 0.168247 0.117403 0.090723 1984,2031,1737,2023
2044 0.405359 0.113771 0.097359 2024,1985,2032,1737
2046 0.330558 0.128718 0.103016 1984,1985,1982,1983,1980,1981,1974,1737,2025,2033
2048 0.357447 -1 -1 2046,1739,2044,2042,2040,1738,1707,1737,2036,2035,2015,2017,2038
2050 0.118660 0.129067 0.225168 1688,1753,1749,1750
2052 0.073962 0.127320 0.092749 2050,1994,2027,2019,1688,1753,1750
2053 0.107277 0.126064 0.133676 2050,1995,2028,2020,1688,1753,1750
2054 0.073892 0.101968 0.092819 2050,1996,2021,1688,1753,2029,1750
2055 0.072984 0.089118 0.101549 2050,1997,2022,2030,1688,1753,1750
2056 0.081435 0.084577 0.087581 2050,1998,2031,2023,1688,1753,1750
2057 0.078990 0.091213 0.078920 2050,1999,2024,2032,1688,1753,1750
2058 0.077594 0.091212 0.088140 2050,1995,1994,1997,1996,1999,1998,2025,2033,1688,1753,1750
2059 0.074171 0.086603 0.081016 2050,2027,2033,2032,2031,2030,2015,2017,2028,2029
2061 0.169993 0.082483 0.085136 2052,2019,1749
2062 0.244375 0.108603 0.111257 2053,2020,1749
2063 0.174323 0.103505 0.099384 2021,1749,2054
2064 0.169714 0.125155 0.105600 2055,1749,2022
2065 0.170831 0.113283 0.111257 2023,1749,2056
2066 0.170343 0.111466 0.104063 2024,1749,2057
2067 0.165804 0.101968 0.108184 2058,1749,2025
2068 0.167620 0.130603 0.129136 2059,2024,2025,2020,1749,2022,2023,2015,2019,2021
2070 0.219441 -1 -1 2050,1712,2068,1749,1750,2061,2062,2063,2064,2065,2066,2067
2072 0.413320 0.125923 0.104064 1756,2052,2027
2073 0.249962 0.108673 0.125575 1756,2053,2028
2074 0.168248 0.110279 0.111677 1756,2054,2029
2075 0.165733 0.106647 0.112654 1756,2055,2030
2076 0.166152 0.118451 0.114819 1756,2031,2056
2077 0.169994 0.111677 0.123480 1999,1756,2057
2078 0.248076 0.114260 0.119917 1995,1994,1997,1996,1999,2058,1998,1756
2079 0.254921 0.464235 0.120266 2059,1756,2017
2080 0.171180 0.227613 0.111187 2050,2053,2052,2055,2054,2057,2056,2059,2058,1756
2082 0.155607 -1 -1 1716,2080,2079,2078,2072,2073,1756,2077,2076,2075,2074
2084 0.056153 -1 -1 1777
2085 0.062299 0.103994 0.101480 1777,1803,2084
2086 0.054616 -1 -1 1805,1803,2085
2087 0.047353 -1 -1 1805,2086
2088 0.062089 0.088698 0.089746 1777,2085,1835
2089 0.074870 0.112723 0.114749 1803,2086,1837,1835
2090 0.067048 0.083530 0.083041 1805,1837,2087
2091 0.058038 -1 -1 1835,2088,1839,2089
2093 0.054267 -1 -1 1839,1837,2090,2089
2095 0.049867 -1 -1 1839,2091,2093
2097 0.120965 0.152743 0.154279 1877,2088,1777
2098 0.076686 0.124597 0.121385 1877,2089,1803,1879
2099 0.076336 0.088139 0.081435 1877,2091,1881,1835
2100 0.074799 0.084508 0.079898 1805,2090,1879
2101 0.075708 0.083041 0.083530 1837,2093,1881,1879
2102 0.066419 0.108603 0.074311 2095,1839,1881
2103 0.059923 -1 -1 2099,2097,1883,2098,1877
2105 0.058108 -1 -1 2101,2100,1883,2098,1879
2107 0.057758 -1 -1 2102,2101,1883,1881,2099
2109 0.053219 -1 -1 2103,1883,2107,2105
2111 0.118171 0.130742 0.104622 1920,2097,1777
2112 0.074242 0.076337 0.121034 1920,1922,1803,2098
2113 0.077384 0.079759 0.097359 1920,2099,1924,1835
2114 0.175791 0.106019 0.102038 1920,2103,1926,1877
2115 0.091981 0.075778 0.077873 1922,2100,1805
2116 0.075708 0.087092 0.079409 1922,1924,2101,1837
2117 0.079619 0.115378 0.089677 1922,2105,1926,1879
2118 0.067047 0.078432 0.074800 2102,1839,1924
2119 0.075498 0.107136 0.077454 2107,1924,1881,1926
2120 0.062298 0.118381 0.091701 2109,1883,1926
2121 0.123409 -1 -1 1920,1928,2111,2112,2113,2114
2123 0.058388 -1 -1 1922,1928,2112,2115,2116,2117
2125 0.081504 -1 -1 2118,2119,1924,1928,2113,2116
2127 0.058527 -1 -1 2120,2119,1926,1928,2114,2117
2129 0.050705 -1 -1 2121,1928,2123,2125,2127
2131 0.120825 0.104483 0.146667 2111,1777,1962
2132 0.176419 0.078502 0.123409 1964,2112,1803,1962
2133 0.081435 0.082552 0.091701 1966,2113,1962,1835
2134 0.178025 0.092260 0.087650 2114,1968,1962,1877
2135 0.163289 0.110489 0.100362 2121,1920,1962,1970
2136 0.094985 0.075289 0.090165 1964,1805,2115
2137 0.074731 0.082063 0.091282 1964,1966,1837,2116
2138 0.086463 0.111746 0.080527 1964,1879,1968,2117
2139 0.075848 0.080527 0.130742 1964,2123,1922,1970
2140 0.060972 0.089676 0.079899 2118,1966,1839
2141 0.074172 0.101968 0.123968 2119,1966,1968,1881
2142 0.117123 0.079898 0.099454 1924,1966,2125,1970
2143 0.063835 0.112235 0.064534 2120,1883,1968
2144 0.075569 0.084578 0.075848 1968,1926,2127,1970
2145 0.069353 0.075358 0.089188 2129,1928,1970
2146 0.115517 -1 -1 2134,2135,2132,2133,2131,1972,1962
2148 0.058527 -1 -1 2136,2137,2132,1964,1972,2138,2139
2150 0.056362 -1 -1 2137,2133,2141,2140,1966,1972,2142
2152 0.057829 -1 -1 2134,2144,2143,2141,1968,1972,2138
2154 0.054825 -1 -1 2145,2144,2142,1970,2139,1972,2135
2156 0.050915 -1 -1 1972,2154,2146,2150,2152,2148
2158 0.124457 0.190248 0.175371 1777,2001,2131
2159 0.148762 0.136330 0.154768 2003,2001,2132,1803
2160 0.076616 0.091213 0.084647 1835,2001,2133,2005
2161 0.074591 0.078921 0.080457 1877,2134,2001,2007
2162 0.077664 0.086115 0.077943 1920,2009,2135,2001
2163 0.160565 0.075288 0.078991 2146,2001,2011,1962
2164 0.090794 0.079410 0.083530 2136,2003,1805
2165 0.075569 0.079479 0.089187 2003,2137,1837,2005
2166 0.133327 0.086114 0.092330 2003,2007,2138,1879
2167 0.092539 0.092330 0.079479 2003,1922,2009,2139
2168 0.081016 0.098965 0.079409 1964,2003,2011,2148
2169 0.068863 0.081575 0.082971 1839,2140,2005
2170 0.081156 0.080876 0.078921 1881,2007,2141,2005
2171 0.109930 0.088629 0.092260 2009,1924,2142,2005
2172 0.076058 0.092330 0.086672 2150,1966,2011,2005
2173 0.061390 0.080387 0.077803 1883,2143,2007
2174 0.077594 0.084578 0.081016 2144,2009,2007,1926
2175 0.075499 0.086114 0.098477 1968,2011,2007,2152
2176 0.072146 0.078502 0.077384 1928,2145,2009
2177 0.080666 0.068165 0.067187 2154,2009,2011,1970
2178 0.065931 0.082064 0.106367 2156,2011,1972
2179 0.116495 -1 -1 2001,2163,2158,2162,2161,2160,2013,2159
2181 0.056502 -1 -1 2003,2168,2165,2164,2167,2166,2159,2013
2183 0.076546 -1 -1 2172,2170,2171,2169,2005,2165,2160,2013
2185 0.056082 -1 -1 2173,2170,2007,2174,2175,2166,2161,2013
2187 0.054546 -1 -1 2171,2176,2177,2174,2167,2009,2013,2162
2189 0.060692 -1 -1 2172,2163,2168,2175,2178,2011,2013,2177
2191 0.063904 -1 -1 2183,2181,2187,2185,2189,2179,2013
2193 0.092121 0.193321 0.216578 2158,2035,2027,2019
2195 0.138845 0.122990 0.136330 2036,2035,1803,2019,2159
2196 0.086323 0.092260 0.088698 2035,2019,2160,2038
2197 0.073404 0.086045 0.088139 2161,2035,2019,2040,1877
2198 0.087231 0.093797 0.089816 1920,2019,2035,2042,2162
2199 0.159727 0.083042 0.086114 2044,2019,2035,2163,1962
2200 0.174603 0.095822 0.078851 2046,2035,2179,2019,2001
2201 0.089746 0.088698 0.081504 2136,2036,2164
2202 0.077734 0.093308 0.090235 2165,2036,2137,2038
2203 0.142685 0.087581 0.123758 2036,2166,2040,1879
2204 0.140730 0.096730 0.082483 2036,2167,2042,1922
2205 0.076267 0.083530 0.083531 1964,2036,2044,2168
2206 0.078920 0.091772 0.081854 2046,2036,2181,2003
2207 0.074381 0.074311 0.074311 1839,2169,2038
2208 0.077663 0.074381 0.081994 2170,1881,2040,2038
2209 0.110838 0.067118 0.080946 1924,2171,2042,2038
2210 0.080038 0.073752 0.085625 2172,2044,1966,2038
2211 0.113632 0.097918 0.068165 2046,2183,2005,2038
2212 0.061461 0.076337 0.082483 2173,1883,2040
2213 0.079619 0.083600 0.078920 1926,2042,2174,2040
2214 0.074800 0.089676 0.087162 2044,1968,2040,2175
2215 0.075359 0.090165 0.081015 2046,2185,2040,2007
2216 0.065371 0.086603 0.079480 1928,2176,2042
2217 0.080807 0.091213 0.075848 2044,2042,2177,1970
2218 0.078850 0.089676 0.079409 2046,2187,2009,2042
2219 0.065860 0.081993 0.068654 2044,2178,1972
2220 0.080876 0.091771 0.095892 2046,2044,2011,2189
2221 0.061460 0.081504 0.119917 2046,2191,2013
2222 0.116076 -1 -1 2200,2048,2035,2193,2019,2195,2196,2197,2198,2199
2224 0.058667 -1 -1 2201,2202,2203,2204,2205,2206,2048,2036,2195
2226 0.080666 -1 -1 2211,2210,2207,2208,2209,2202,2048,2196,2038
2228 0.054616 -1 -1 2213,2212,2203,2040,2215,2214,2208,2048,2197
2230 0.054546 -1 -1 2213,2217,2216,2209,2218,2048,2042,2198,2204
2232 0.054965 -1 -1 2044,2210,2217,2205,2214,2219,2048,2220,2199
2234 0.054476 -1 -1 2200,2046,2211,2206,2215,2218,2048,2221,2220
2236 0.053708 -1 -1 2228,2226,2230,2224,2232,2222,2234,2048
2238 0.083879 0.205194 0.090235 2061,2193
2239 0.133885 0.242418 0.102597 2061,2062,2195
2240 0.076685 0.161054 0.084508 2061,2063,2196
2241 0.077593 0.155327 0.092260 2061,2064,2197
2242 0.112654 12.889272 0.084578 2198,2061,2065
2243 0.091911 0.088629 0.091212 2061,2163,2066,2199
2244 0.138914 0.079969 0.084578 2200,2061,2001,2067
2245 0.166710 0.084578 0.116076 2068,2061,2035,2222,2019
2246 0.064184 0.178934 0.090654 2201,2062
2247 0.080039 0.183473 0.104691 2062,2063,2202
2248 0.134305 0.148762 0.090235 2062,2203,2064
2249 0.086324 0.141918 0.100990 2062,2204,2065
2250 0.154349 0.080457 0.087162 2062,2205,2066
2251 0.124178 0.092819 0.079479 2062,2181,2206,2067
2252 0.073753 0.108812 0.087162 2201,2202,2203,2204,2205,2206,2224,2068,2195,2062
2253 0.091492 0.142895 0.083041 2063,2207
2254 0.075568 0.139334 0.092680 2208,2170,2063,2064
2255 0.100921 0.103016 0.095333 2209,2063,2065
2256 0.072356 0.091213 0.098126 2210,2063,2066
2257 0.111885 0.090654 0.086114 2005,2211,2063,2067
2258 0.141009 0.113283 0.076825 2068,2226,2063,2038
2259 0.064883 0.137936 0.081435 2212,1883,2064
2260 0.073194 0.093308 0.084089 2213,2064,2065,1926
2261 0.077594 0.085556 0.084019 1968,2064,2066,2214
2262 0.169924 0.088140 0.086324 2064,2007,2215,2067
2263 0.089187 0.081505 0.105250 2068,2064,2040,2228
2264 0.061320 0.089187 0.077454 1928,2065,2216
2265 0.072705 0.085066 0.087162 2217,2065,2066,1970
2266 0.143314 0.081505 0.083041 2009,2218,2065,2067
2267 0.085416 0.089187 0.105041 2068,2230,2042,2065
2268 0.139124 0.079968 0.079409 2219,1972,2066
2269 0.078083 0.086603 0.088210 2011,2220,2066,2067
2270 0.074381 0.086114 0.101968 2068,2044,2232,2066
2271 0.067816 0.118730 0.072286 2221,2013,2067
2272 0.080178 0.090724 0.128647 2068,2046,2234,2067
2273 0.062577 0.100920 0.114749 2068,2048,2236
2274 0.116984 -1 -1 2239,2238,2061,2244,2245,2070,2240,2241,2242,2243
2276 0.105041 -1 -1 2239,2062,2247,2248,2249,2246,2070,2252,2251,2250
2278 0.101340 -1 -1 2247,2253,2254,2063,2258,2257,2256,2255,2070,2240
2280 0.054546 -1 -1 2254,2248,2261,2259,2262,2263,2260,2070,2064,2241
2282 0.099873 -1 -1 2065,2264,2249,2260,2255,2070,2266,2267,2242,2265
2284 0.054127 -1 -1 2261,2270,2265,2250,2268,2269,2256,2070,2066,2243
2286 0.054966 -1 -1 2262,2271,2272,2244,2269,2257,2070,2266,2251,2067
2288 0.115447 -1 -1 2270,2273,2272,2267,2068,2263,2258,2245,2070,2252
2290 0.051054 -1 -1 2288,2274,2276,2280,2282,2284,2278,2286,2070
2292 0.062369 0.131511 0.111745 2072,2238
2293 0.160076 0.133746 0.188571 2073,2072,2239
2294 0.112305 0.102038 0.113771 2072,2240,2074
2295 0.074869 0.086603 0.192692 2072,2241,2075
2296 0.081505 0.117962 0.160286 2072,2076,2242
2297 0.136958 0.091282 0.089187 2072,2077,2243
2298 0.076476 0.074800 0.084578 2244,2072,2078
2299 0.163010 0.098895 0.094775 2072,2079,2245
2300 0.116566 0.074381 0.094775 2072,2080,2274
2301 0.069213 0.085625 0.194718 2073,2246
2302 0.074521 0.102527 0.170203 2073,2247,2074
2303 0.140451 0.083530 0.133327 2073,2248,2075
2304 0.079060 0.087092 0.104552 2073,2076,2249
2305 0.073822 0.097359 0.087581 2073,2077,2250
2306 0.111118 0.106018 0.088628 2073,2078,2251
2307 0.075988 0.124038 0.092750 2073,2079,2252
2308 0.110350 0.090654 0.093727 2073,2080,2276
2309 0.110838 0.084578 0.135282 2253,2074
2310 0.075079 0.081435 0.154768 2254,2075,2074
2311 0.162172 0.077384 0.089676 2255,2076,2074
2312 0.116355 0.089886 0.089188 2256,2077,2074
2313 0.074031 0.083042 0.080946 2257,2078,2074
2314 0.108323 0.097429 0.105111 2079,2258,2074
2315 0.135632 0.075289 0.067676 2080,2278,2074
2316 0.061460 0.079969 0.141288 2212,2259,2075
2317 0.078781 0.087162 0.089188 2213,2260,2076,2075
2318 0.076685 0.084019 0.084019 1968,2261,2077,2075
2319 0.161263 0.076406 0.085485 2262,2078,2007,2075
2320 0.109511 0.126972 0.103994 2263,2079,2040,2075
2321 0.073892 0.084089 0.089118 2280,2080,2064,2075
2322 0.063695 0.087161 0.073334 2076,2264
2323 0.158191 0.084019 0.086673 2077,2076,2265
2324 0.135841 0.094356 0.086114 2078,2266,2076,2009
2325 0.076896 0.091771 0.108394 2079,2042,2076,2267
2326 0.134514 0.084019 0.097359 2282,2080,2076,2065
2327 0.132559 0.071238 0.062997 2268,2077,1972
2328 0.077244 0.089188 0.110698 2011,2078,2077,2269
2329 0.076127 0.100432 0.083042 2044,2079,2077,2270
2330 0.077315 0.087651 0.093797 2284,2080,2077,2066
2331 0.072355 0.081016 0.078432 2078,2271,2013
2332 0.137378 0.092819 0.081924 2046,2079,2078,2272
2333 0.078991 0.072774 0.086603 2080,2078,2286,2067
2334 0.066978 0.088698 0.078641 2079,2048,2273
2335 0.082203 0.087092 0.077943 2288,2068,2080,2079
2336 0.072076 0.031289 0.045607 2080,2290,2070
2337 0.081364 -1 -1 2299,2298,2082,2300,2297,2296,2295,2294,2293,2292,2072
2339 0.058108 -1 -1 2308,2082,2303,2302,2305,2304,2307,2306,2301,2073,2293
2341 0.054546 -1 -1 2309,2315,2082,2314,2302,2312,2313,2310,2311,2294,2074
2343 0.053988 -1 -1 2321,2320,2318,2319,2082,2317,2303,2310,2316,2295,2075
2345 0.097917 -1 -1 2323,2322,2326,2325,2324,2082,2317,2296,2311,2304,2076
2347 0.057131 -1 -1 2330,2323,2327,2318,2082,2312,2329,2328,2305,2297,2077
2349 0.056082 -1 -1 2331,2332,2333,2328,2319,2082,2324,2313,2306,2298,2078
2351 0.056991 -1 -1 2332,2320,2334,2335,2325,2082,2329,2299,2307,2079,2314
2353 0.053778 -1 -1 2330,2308,2321,2333,2335,2336,2082,2300,2080,2315,2326
2355 0.055942 -1 -1 2345,2347,2341,2343,2337,2082,2339,2349,2353,2351
