392 3.807325 -1 -1 
393 9.765972 0.994051 1.935371 
394 9.758499 0.793187 1.758393 
395 9.843356 0.848432 1.710762 
396 9.838607 0.864774 1.744565 
400 7.702232 0.120406 0.273079 
401 12.187717 0.179981 0.348159 
402 12.141832 0.178864 0.316730 
403 12.146930 0.267073 0.441746 
407 7.528956 0.259320 0.456692 
408 12.163832 0.565854 0.431060 
409 11.886981 0.237251 0.396908 
413 7.485655 0.261625 0.455993 395,408
414 12.355127 0.245072 0.405917 
418 7.715921 0.256317 0.449917 407
422 3.855027 -1 -1 408
423 10.049946 0.931542 1.836545 393
424 10.045128 0.796819 1.677866 407,423,394
425 10.147724 0.800102 1.700076 423,413
429 7.566600 0.111886 0.284673 407,425,424,408
430 12.039863 0.211269 0.370089 
431 11.802962 0.282997 0.447194 424
435 7.504791 0.195974 0.179632 407,424
436 12.063609 0.263231 0.419676 429,435
440 7.168995 0.172717 0.366248 436
444 3.856843 -1 -1 436,425,402,408
445 10.019426 0.945790 1.680729 
446 9.961457 0.798914 1.681288 392
450 7.417210 0.125365 0.279295 400,394
451 12.049991 0.282787 0.392927 403,402,395
455 7.308398 0.139473 0.335658 393,396,395,394
459 3.824646 -1 -1 
460 9.956638 0.840330 1.789263 451
464 7.260557 0.161822 0.109930 393,396,395,394,450,451,445
468 3.895465 -1 -1 407,394,418,408
472 9.826803 0.800660 1.601460 414,407,393,394,413
474 9.856276 0.781175 1.626044 450,468,445
476 9.745090 0.822520 14.275621 468
478 9.901394 0.818819 0.089955 407,408,422,402,413
495 7.555357 -1 -1 429,407,423,424,430
497 9.685724 0.817981 1.636939 393,422,459,414,394,455,445,407,402,413,423,429,425,408
499 9.908517 0.779359 1.642037 459,445,407,402,413,478,422,408
501 9.885749 0.822939 1.677308 429,423,425,402,408
503 11.962060 0.236971 0.421423 407,414,394,393,413,455,445
507 11.944460 0.258133 0.446774 414,407,393,413,394
511 11.944460 0.286070 0.469752 423
518 12.002498 0.963669 1.957231 414,440,393,501,499,394,497,407,429,402,413,436,423,435,425,424,430,408
523 7.405407 -1 -1 393,414,394,455,445,407,474,413,423,429,424,430
525 9.657648 0.930355 13.048370 440,455,445,393,394,497,414,407,429,413,402,474,523,436,423,435,425,424,430,408
527 9.638581 0.790463 0.173695 414,413,407,393,476,474,394,423,429,424,430
529 11.825380 0.220838 0.379308 440,393,499,394,429,407,414,527,476,402,474,413,436,423,435,425,424,430,408
530 11.795489 0.256877 0.454037 429,407,423,424,430
535 11.823704 0.246121 0.393415 435
536 11.711680 0.252197 0.447753 440,455,445,393,394,495,429,407,518,530,529,414,525,535,476,402,474,413,436,423,435,425,424,430,408
544 11.906955 0.857302 0.121384 518
549 11.833203 0.846336 1.916584 429,440,455,445,393,499,394,497,407,414,518,476,402,474,413,436,423,435,425,424,430,408
554 7.605433 -1 -1 474,414,440,455,445,444,393,499,394,497,407,435,429,476,402,544,413,436,423,549,425,424,430,408
556 9.593673 0.939365 1.614660 464
558 11.775934 0.252126 0.468077 459,556,414,394,455,445,407,402,474,413,393,422,408
559 11.738568 0.196533 0.392577 
560 11.734867 0.220350 0.389784 459,413,407,455,445,414,402,474,394,393,422,408
568 11.884815 0.095822 1.831518 459,559,468,414,413,455,445,393,499,394,497,558,409,472,424,429,476,402,474,407,507,423,422,425,503,430,408
573 12.142389 0.837467 1.936210 568,558,455,445,393,394,497,414,407,424,429,474,413,423,503,430
578 11.828733 0.821474 0.140800 429,455,445,393,499,394,497,472,407,503,414,476,402,474,413,511,507,423,425,424,430,408
583 7.573515 -1 -1 568,525,435,529
588 11.893406 0.972121 1.913581 525,435
592 11.964923 0.825245 14.922281 435,529
596 11.936707 0.783829 1.872583 530,455,445,393,394,495,429,407,414,518,476,474,413,423,435,424,430
600 11.991533 0.780756 1.954997 536
605 7.616607 -1 -1 583,440,455,445,393,499,394,429,407,497,414,476,402,474,413,436,423,435,425,424,430,408
610 2.722621 -1 -1 459,592,559,558,455,393,499,394,495,497,583,407,472,536,530,429,402,507,423,549,425,424,409,408,568,468,529,440,445,511,422,503,414,518,476,474,413,436,435,430
611 6.996836 0.183682 0.352978 459,578,559,558,573,455,393,499,394,495,497,429,407,402,544,507,423,422,425,424,409,408,568,468,414,530,445,511,503,472,518,476,474,413,436,435,430
615 7.204404 0.511028 0.905841 429,440,455,445,393,394,497,407,414,402,474,413,436,423,435,425,424,430,408
620 2.708443 -1 -1 605,459,559,558,554,455,393,499,394,495,497,407,472,518,530,429,402,544,507,423,422,425,503,409,408,568,468,610,440,445,511,424,414,529,476,474,413,436,435,430
622 7.129674 0.140242 0.298710 
623 11.706651 0.510191 0.732286 436,425,402,544,408
624 7.047121 0.269936 0.378609 622,578,559,558,459,573,554,455,393,499,394,495,497,429,536,596,407,525,402,544,507,423,549,425,503,409,408,568,530,440,468,414,611,445,511,424,422,529,472,518,476,474,413,436,435,430
628 7.226334 0.405149 0.897669 459,578,559,558,596,573,554,455,393,592,499,394,495,497,600,407,536,530,429,525,402,544,507,423,549,425,503,409,408,568,468,529,414,610,440,445,436,588,422,424,472,518,583,476,474,413,511,435,430
633 7.168715 0.362336 0.914013 605,620,558,624,573,554,628,455,393,499,394,495,497,407,518,429,525,402,544,507,423,549,425,424,408,583,414,440,445,615,436,588,503,472,536,476,474,530,511,435,413,430
638 2.701669 -1 -1 429,544,573,440,455,445,393,511,499,394,495,497,472,525,530,407,424,414,518,476,402,474,413,436,507,423,435,425,503,430,408
640 6.939985 0.103016 0.093028 
641 11.754562 0.306044 0.714964 558,573,455,393,499,394,495,497,407,518,429,525,402,507,423,549,425,424,408,583,414,440,445,436,588,503,472,536,476,474,530,511,435,413,430
642 11.730257 0.334120 0.724883 
643 6.898989 0.188851 0.375536 605,558,573,554,455,393,499,394,495,497,407,518,429,525,402,544,507,423,549,425,424,408,583,414,440,445,615,436,588,503,472,536,476,474,530,511,435,413,430
644 11.614529 0.324622 0.657765 
645 7.033782 0.159098 0.482743 
649 7.058855 0.153650 0.930914 459,559,558,455,393,499,394,495,497,429,407,402,544,507,423,422,425,424,409,408,568,468,529,414,440,445,436,413,503,472,518,476,474,530,511,435,430
654 7.355889 0.361010 0.899695 
659 7.380264 0.410666 0.983365 611
664 2.702786 -1 -1 
666 6.950531 0.092050 0.345644 
667 11.746878 0.308210 0.737035 
668 11.750092 0.336286 0.682140 
669 11.673267 0.327765 0.734171 
670 6.863998 0.179352 0.396559 
671 11.703647 0.318337 0.693035 459,578,559,600,596,573,455,393,592,499,394,495,497,558,407,472,518,429,525,402,507,423,549,425,503,409,408,568,468,529,413,445,588,422,424,414,536,583,476,474,530,511,435,430
672 11.671381 0.346762 0.741225 
673 7.009059 0.180330 0.316800 628
674 11.665375 0.286139 0.736965 
675 6.784589 0.163289 0.485537 
679 6.883274 0.411016 0.902349 
684 7.053058 0.430501 0.902839 
689 7.040766 0.421632 0.987346 
694 6.862601 0.509561 1.010883 
699 2.635460 -1 -1 
