1429 1.425670 -1 -1
1430 3.694323 0.611390 1.240032 1429
1431 3.647948 0.377283 0.952356 1429
1432 3.608837 0.407175 0.915898 1429
1433 3.602132 0.409829 0.928749 1429
1434 4.806475 0.441397 0.952495 1429
1435 3.627764 0.377003 0.886495 1429
1436 3.502539 0.384685 0.888660 1429
1437 3.517205 0.386572 0.868406 1429
1438 3.513574 0.377142 13.334998 1429
1441 2.328856 0.122572 0.141009 1430
1442 3.780367 0.175650 0.158400 1430,1431
1443 3.775338 0.191923 0.217835 1432,1430
1444 3.747960 0.114400 0.202470 1433,1430
1445 5.259395 0.152813 0.200025 1434,1430
1446 3.767866 0.121244 0.205054 1435,1430
1447 3.861034 0.150787 0.199467 1436,1430
1448 3.863409 0.155257 0.198000 1437,1430
1449 3.838825 0.153790 0.200585 1430,1438
1452 2.295961 0.191714 0.292215 1431
1453 3.710805 0.241022 0.274686 1432,1431
1454 3.665758 0.252966 0.327625 1433,1431
1455 4.158697 0.113562 0.178304 1434,1431
1456 3.756342 0.116984 0.194507 1435,1431
1457 3.895465 0.110489 0.179421 1436,1431
1458 3.783579 0.098336 0.182215 1437,1431
1459 3.676304 0.106298 0.169715 1438,1431
1462 2.276895 0.173346 0.277758 1432
1463 3.718208 0.273987 0.336355 1432,1433
1464 3.765352 0.319593 0.375816 1434,1432
1465 3.729103 0.131442 0.201422 1435,1432
1466 3.820735 0.097917 0.178864 1436,1432
1467 3.717930 0.106089 0.178304 1437,1432
1468 3.711993 0.089676 0.180959 1432,1438
1471 2.291701 0.172927 0.268610 1433
1472 3.665967 0.324343 0.408222 1434,1433
1473 3.784837 0.099523 0.199955 1435,1433
1474 3.755294 0.096730 0.201493 1436,1433
1475 3.793637 0.096940 0.190178 1437,1433
1476 3.787561 0.088210 0.181517 1433,1438
1479 2.299454 0.156444 0.243676 1434
1480 3.847485 0.123828 0.127111 1434,1435
1481 3.718837 0.093378 0.122571 1436,1434
1482 3.805022 0.090794 0.181028 1437,1434
1483 3.733573 0.098476 0.197860 1434,1438
1486 2.327251 0.120686 0.233759 1435
1487 3.816405 0.121803 0.196882 1436,1435
1488 3.879612 0.114121 14.090192 1437,1435
1489 3.668411 0.097429 0.187454 1435,1438
1492 2.191339 0.122362 0.239277 1436
1493 3.749777 0.102038 0.192273 1436,1437
1494 3.730431 0.128299 0.191225 1436,1438
1497 2.229403 0.116146 0.231734 1437
1498 3.774640 0.116495 0.184521 1437,1438
1501 2.265092 0.108883 0.103016 1438
1504 1.411143 -1 -1 1441
1505 3.537739 0.569276 1.197428 1442,1504
1506 3.512456 0.117194 0.928330 1443,1504
1507 3.497649 0.366247 0.830902 1444,1504
1508 3.518253 0.383568 0.890546 1445,1504
1509 3.451624 0.371205 0.962203 1446,1504
1510 3.504005 0.353327 0.969606 1447,1504
1511 3.393866 0.333841 0.977568 1504,1448
1512 3.516019 0.380914 0.983015 1449,1504
1515 2.207333 0.123410 0.138914 1452,1505
1516 3.852932 0.197651 0.197162 1453,1506,1505
1517 3.851326 0.105111 0.122642 1454,1507,1505
1518 3.829675 0.119080 0.193740 1455,1508,1505
1519 3.861103 0.093307 0.198350 1456,1509,1505
1520 3.921655 0.151766 0.194717 1457,1510,1505
1521 3.875351 0.109721 0.189619 1458,1511,1505
1522 3.864317 0.104342 0.200444 1505,1459,1512
1525 2.340800 0.120267 0.282927 1506,1462
1526 3.803066 0.107346 0.199537 1506,1507,1463
1527 3.823948 0.096381 0.147156 1464,1508,1506
1528 3.778831 0.093797 0.197371 1465,1509,1506
1529 3.804811 0.100991 0.197372 1466,1506,1510
1530 3.699980 0.105600 0.201422 1506,1467,1511
1531 3.784768 0.102038 0.172927 1506,1468,1512
1534 2.358748 0.133257 0.113912 1471,1507
1535 3.677003 0.094845 0.159168 1472,1508,1507
1536 3.726380 0.112235 0.157352 1473,1509,1507
1537 3.756621 0.086115 0.195346 1510,1474,1507
1538 3.750126 0.099943 0.175930 1511,1507,1475
1539 3.766887 0.109790 0.180959 1476,1507,1512
1542 2.334095 0.157841 0.129765 1508,1479
1543 3.727078 0.094775 0.146667 1508,1509,1480
1544 3.771916 0.101968 0.153721 1508,1510,1481
1545 3.784348 0.093797 0.177396 1482,1508,1511
1546 3.836520 0.079969 0.183543 1483,1508,1512
1549 2.207263 0.147156 0.110768 1509,1486
1550 3.813122 0.110279 0.164057 1509,1487,1510
1551 3.884291 0.083531 0.148551 1509,1511,1488
1552 3.922494 0.092749 0.170692 1489,1509,1512
1555 2.206145 0.097080 0.110209 1492,1510
1556 3.654303 0.114819 0.139403 1493,1511,1510
1557 3.950989 0.094216 0.187174 1494,1510,1512
1560 2.150691 0.108743 0.083530 1511,1497
1561 3.842595 0.083531 0.199397 1498,1511,1512
1564 2.275218 0.144641 0.097010 1501,1512
1567 1.350241 -1 -1 1515
1568 3.498139 0.542178 1.073948 1516,1567
1569 3.486755 0.373162 0.928260 1517,1567
1570 3.469085 0.378748 0.915479 1518,1567
1571 3.428856 0.351650 0.891454 1519,1567
1572 3.467897 0.382521 0.956685 1520,1567
1573 3.498977 0.390762 0.963529 1521,1567
1574 3.456514 0.391111 0.957872 1522,1567
1577 2.325783 0.127949 0.110769 1568,1525
1578 3.853282 0.129905 0.110210 1568,1569,1526
1579 3.876259 0.161962 0.123549 1568,1570,1527
1580 3.768075 0.151765 0.198349 1568,1571,1528
1581 3.810538 0.096870 0.205124 1568,1572,1529
1582 3.760392 0.105670 0.205543 1573,1568,1530
1583 3.760742 0.099384 0.190737 1568,1531,1574
1586 2.347294 0.180749 0.178025 1569,1534
1587 3.891205 0.111327 0.151346 1569,1535,1570
1588 3.896722 0.100432 0.141010 1569,1571,1536
1589 3.957414 0.101479 0.191226 1537,1572,1569
1590 3.779320 0.087651 0.191784 1573,1569,1538
1591 3.885758 0.102038 0.195276 1569,1539,1574
1594 2.220394 0.111537 0.101060 1570,1542
1595 3.919980 0.108673 0.167828 1571,1570,1543
1596 3.921027 0.079899 0.155258 1572,1544,1570
1597 3.904964 0.106577 0.109232 1573,1545,1570
1598 3.831142 0.090724 0.182076 1546,1570,1574
1601 2.317263 0.092749 0.133816 1571,1549
1602 3.824297 0.093797 0.155327 1572,1571,1550
1603 3.903357 0.099454 0.163009 1573,1551,1571
1604 3.780018 0.099943 0.175930 1571,1552,1574
1607 2.342336 0.094286 0.132768 1572,1555
1608 3.960278 0.092260 0.141498 1573,1572,1556
1609 3.866970 0.152533 0.178444 1572,1557,1574
1612 2.246025 0.102038 0.128718 1573,1560
1613 3.661987 0.092260 0.191784 1573,1561,1574
1616 2.295402 0.094845 0.096311 1564,1574
1619 1.413307 -1 -1 1577
1620 3.491503 0.539244 1.073809 1578,1619
1621 3.532850 0.380775 0.917854 1579,1619
1622 3.431789 0.389645 0.924908 1580,1619
1623 3.378152 0.364501 0.870432 1581,1619
1624 3.323257 0.393066 0.951377 1582,1619
1625 3.334431 0.391321 0.882723 1583,1619
1628 2.362660 0.112515 0.117962 1620,1586
1629 3.938977 0.137867 0.196464 1621,1620,1587
1630 3.697396 0.138914 0.200933 1622,1588,1620
1631 3.792939 0.078432 0.198908 1623,1589,1620
1632 3.813402 0.085067 0.205822 1620,1590,1624
1633 3.691459 0.152254 0.199327 1620,1591,1625
1636 2.362519 0.174533 0.164127 1594,1621
1637 3.833446 0.097358 0.153651 1595,1622,1621
1638 3.906012 0.102038 0.158889 1623,1621,1596
1639 3.868577 0.099943 0.193740 1621,1597,1624
1640 3.780507 0.124039 0.192273 1621,1598,1625
1643 2.316634 0.121804 0.126692 1601,1622
1644 3.891415 0.094845 0.137377 1623,1622,1602
1645 3.829536 0.099663 0.164266 1622,1603,1624
1646 3.819409 0.075848 0.161962 1622,1604,1625
1649 2.333676 0.102107 0.135841 1623,1607
1650 3.842316 0.141499 0.156304 1623,1608,1624
1651 3.880170 0.117403 0.191296 1623,1609,1625
1654 2.300640 0.089746 0.123060 1612,1624
1655 3.779808 0.171460 0.164615 1613,1625,1624
1658 2.263136 0.084578 0.105390 1616,1625
1661 1.350241 -1 -1 1628
1662 3.466989 0.353188 1.084355 1629,1661
1663 3.525586 0.387829 0.926514 1630,1661
1664 3.376056 0.389155 0.911778 1631,1661
1665 3.367325 0.353885 0.890826 1632,1661
1666 3.362088 0.378470 0.944184 1633,1661
1669 2.287859 0.106857 0.111327 1662,1636
1670 3.965726 0.125226 0.145828 1663,1662,1637
1671 3.856075 0.095333 0.163848 1638,1664,1662
1672 3.838894 0.076825 0.199536 1639,1665,1662
1673 3.760602 0.075359 0.192273 1666,1662,1640
1676 2.343453 0.185847 0.171251 1663,1643
1677 3.957485 0.105041 0.133397 1644,1664,1663
1678 3.827509 0.065162 0.179981 1645,1665,1663
1679 3.875072 0.068095 0.165035 1666,1646,1663
1682 2.255035 0.104273 0.115448 1664,1649
1683 3.688037 0.075289 0.209383 1665,1664,1650
1684 3.773663 0.097429 0.188641 1666,1664,1651
1687 2.222348 0.142476 0.138984 1665,1654
1688 3.803345 0.114470 0.210152 1666,1665,1655
1691 2.344780 0.134305 0.132768 1666,1658
1694 1.343187 -1 -1 1669
1695 3.517625 0.533308 1.077161 1694,1670
1696 3.461472 0.347460 0.939714 1694,1671
1697 3.439961 0.374139 0.962832 1694,1672
1698 3.507776 0.332375 0.900394 1694,1673
1701 2.292260 0.090444 0.092260 1676,1695
1702 3.881218 0.127181 0.124178 1696,1677,1695
1703 3.847065 0.111397 0.162940 1697,1695,1678
1704 3.850139 0.067676 0.207219 1695,1679,1698
1707 2.298057 0.094775 0.084578 1696,1682
1708 3.902798 0.072285 0.148133 1696,1697,1683
1709 3.867948 0.120965 0.158819 1696,1684,1698
1712 2.291282 0.091981 0.142546 1697,1687
1713 3.818640 0.085136 0.123060 1697,1698,1688
1716 2.311536 0.138635 0.161054 1698,1691
1719 1.410164 -1 -1 1701
1720 3.511548 0.374209 1.079606 1719,1702
1721 3.437517 0.380355 0.901581 1719,1703
1722 3.411745 0.410248 0.973587 1719,1704
1725 2.311326 0.073333 0.110210 1720,1707
1726 3.897351 0.150717 0.197441 1708,1720,1721
1727 3.856075 0.097638 0.169784 1709,1722,1720
1730 2.342475 0.141498 0.100991 1712,1721
1731 3.820176 0.070190 0.134375 1713,1722,1721
1734 2.282831 0.081994 0.147155 1722,1716
1737 1.345981 -1 -1 1725
1738 3.547796 0.407594 1.073041 1726,1737
1739 3.463149 0.317080 0.926375 1727,1737
1742 2.308044 0.133327 0.118451 1738,1730
1743 3.902449 0.054895 0.046584 1739,1738,1731
1746 2.313771 0.085905 0.137308 1739,1734
1749 1.352406 -1 -1 1742
1750 3.514132 0.449358 0.042534 1749,1743
1753 2.345898 0.074870 0.209175 1746,1750
1756 1.340673 -1 -1 1753
1759 3.265567 0.394603 0.953333 1430,1429,1447,1446,1445,1444,1443,1442,1441,1449,1448
1761 3.366139 0.386432 0.898927 1431,1429,1454,1455,1456,1457,1442,1452,1453,1458,1459
1763 3.321091 0.417162 0.941390 1432,1429,1443,1468,1453,1465,1464,1467,1466,1463,1462
1765 3.356291 0.424704 13.193431 1472,1433,1429,1454,1473,1471,1476,1474,1475,1444,1463
1767 3.330659 13.194338 0.949143 1483,1434,1482,1429,1481,1472,1455,1445,1480,1464,1479
1769 3.328564 0.398305 0.909962 1435,1473,1429,1446,1456,1480,1487,1486,1465,1489,1488
1771 3.275624 0.401238 0.915060 1436,1493,1429,1492,1447,1481,1457,1487,1474,1494,1466
1773 3.306215 0.389295 0.912057 1437,1429,1497,1482,1493,1475,1498,1467,1488,1458,1448
1775 3.365860 0.414577 0.937688 1429,1438,1483,1501,1494,1468,1498,1476,1489,1459,1449
1777 3.264520 -1 -1 1775,1771,1436,1437,1434,1435,1432,1433,1430,1431,1429,1773,1438,1769,1759,1763,1761,1767,1765
1779 3.334780 0.426730 0.086184 1522,1519,1518,1504,1505,1515,1520,1517,1516,1521
1781 3.330520 0.260857 0.938806 1531,1525,1526,1527,1506,1504,1530,1516,1528,1529
1783 3.252018 0.416393 0.926584 1535,1537,1536,1526,1534,1507,1504,1517,1539,1538
1785 3.312919 0.423587 0.943555 1546,1544,1545,1542,1543,1535,1527,1518,1504,1508
1787 3.309497 0.076895 0.068724 1551,1550,1552,1543,1549,1536,1519,1504,1509,1528
1789 3.258862 0.358844 0.942367 1550,1544,1555,1557,1556,1510,1537,1520,1504,1529
1791 3.353358 0.437556 0.930285 1551,1545,1556,1521,1504,1530,1560,1561,1511,1538
1793 3.321580 0.420723 0.922393 1546,1531,1552,1522,1557,1504,1561,1564,1539,1512
1795 3.743351 0.186755 0.125645 1761,1779,1759
1796 3.750335 0.118102 0.169574 1781,1759,1763
1797 3.678678 0.144013 0.124177 1783,1759,1765
1798 3.713739 0.115518 0.204216 1785,1759,1767
1799 3.741465 0.138914 0.153791 1769,1759,1787
1800 3.685733 0.178654 0.169365 1789,1771,1759
1801 3.765002 0.120266 0.164756 1791,1773,1759
1802 3.713041 0.097498 13.107177 1793,1775,1759
1803 4.402513 0.270635 0.690241 1799,1798,1802,1801,1800,1797,1796,1795,1504
1805 3.229739 -1 -1 1789,1793,1781,1791,1783,1785,1787,1803,1779,1506,1507,1504,1505,1508,1509,1511,1510,1512
1807 3.273529 0.399213 0.927073 1582,1583,1580,1581,1568,1579,1578,1577,1567
1809 3.266615 0.422889 0.952774 1588,1589,1586,1587,1569,1578,1591,1590,1567
1811 3.269968 0.372393 0.949282 1587,1595,1594,1579,1596,1570,1597,1598,1567
1813 3.260678 0.125854 0.922114 1588,1601,1603,1602,1604,1595,1571,1580,1567
1815 3.282050 0.358564 0.927561 1609,1608,1589,1602,1607,1596,1572,1581,1567
1817 3.266824 0.377002 0.941809 1608,1582,1603,1612,1613,1597,1590,1573,1567
1819 3.292456 0.377632 0.919460 1609,1616,1583,1604,1613,1591,1574,1598,1567
1821 3.791821 0.091771 0.100990 1807,1796,1795
1822 3.726450 0.116426 0.163150 1807,1779,1796
1823 3.744678 0.124877 0.164267 1797,1795,1809
1824 3.681472 0.093238 0.187594 1797,1779,1809
1825 3.779250 0.075918 0.155327 1798,1811,1795
1826 3.590958 0.096869 0.180331 1798,1779,1811
1827 3.674488 0.087651 0.164616 1799,1795,1813
1828 3.718837 0.084019 0.210152 1799,1779,1813
1829 3.804323 0.079968 0.187384 1815,1795,1800
1830 3.634818 0.091283 0.203448 1815,1779,1800
1831 3.799574 0.118101 0.119009 1817,1801,1795
1832 3.771777 0.095892 0.192343 1817,1779,1801
1833 3.718348 0.099802 0.196324 1819,1795,1802
1834 3.568818 0.091213 0.173695 1779,1819,1802
1835 4.318144 0.236343 0.661607 1833,1831,1829,1825,1827,1821,1823,1567
1837 4.317446 0.243816 0.622215 1832,1830,1828,1834,1824,1826,1795,1822,1567
1839 3.250203 -1 -1 1567,1811,1807,1815,1817,1837,1813,1835,1819,1809,1568,1569,1573,1572,1571,1570,1574
1841 3.274577 0.370438 0.939225 1630,1631,1632,1633,1619,1629,1628,1620
1843 3.290081 0.344527 0.917714 1621,1640,1636,1619,1638,1639,1629,1637
1845 3.299440 0.407105 0.987974 1645,1622,1646,1643,1619,1637,1630,1644
1847 3.339948 0.431969 0.931263 1623,1644,1619,1638,1649,1650,1651,1631
1849 3.308170 0.458787 0.918203 1645,1632,1619,1639,1624,1650,1654,1655
1851 3.315504 0.357028 0.894527 1646,1640,1625,1619,1658,1633,1651,1655
1853 3.706755 0.105740 0.122501 1841,1821,1823
1854 3.667713 0.119848 0.168736 1824,1841,1822
1855 3.672672 0.115098 0.171391 1807,1824,1841,1823
1857 3.769123 0.106298 0.163638 1843,1825,1821
1858 3.644735 0.115029 0.177047 1843,1826,1822
1859 3.773941 0.102317 0.194298 1843,1807,1825,1826
1861 3.836100 0.082064 0.191785 1827,1821,1845
1862 3.651510 0.078920 0.208825 1828,1845,1822
1863 3.799085 0.067606 0.203517 1807,1827,1828,1845
1865 3.805929 0.069143 0.193810 1821,1829,1847
1866 3.721561 0.080736 0.201911 1830,1847,1822
1867 3.596545 0.079479 0.201980 1807,1829,1830,1847
1869 3.734342 0.134514 0.177536 1849,1831,1821
1870 3.750335 0.095822 0.194439 1832,1849,1822
1871 3.725263 0.085555 0.197302 1807,1832,1849,1831
1873 3.842945 0.088209 0.188222 1851,1821,1833
1874 3.778411 0.093867 0.168178 1851,1834,1822
1875 3.688317 0.096381 0.183962 1807,1851,1834,1833
1877 4.298031 0.238926 0.657136 1861,1865,1873,1619,1869,1853,1857
1879 4.347059 0.234527 0.646939 1858,1874,1862,1870,1619,1866,1854
1881 4.392875 0.230476 0.627314 1859,1619,1821,1855,1822,1863,1875,1867,1871
1883 3.227085 -1 -1 1621,1877,1881,1879,1623,1622,1849,1620,1625,1619,1843,1851,1841,1624,1847,1845
1885 3.276673 0.400819 0.917085 1672,1669,1673,1670,1662,1661,1671
1887 3.243428 0.399632 0.913942 1678,1679,1663,1676,1677,1670,1661
1889 3.273180 0.428616 0.960666 1677,1683,1682,1684,1664,1671,1661
1891 3.279815 0.391321 0.941669 1683,1678,1672,1687,1688,1665,1661
1893 3.333383 0.370158 0.859885 1679,1691,1688,1666,1673,1661,1684
1895 3.788748 0.115099 0.117403 1885,1853,1857
1896 3.662335 0.113562 0.159517 1858,1885,1854
1897 3.680844 0.122641 8.924873 1859,1885,1855
1898 3.679935 0.116984 0.159167 1858,1859,1885,1841,1857
1900 3.781974 0.091423 0.180330 1887,1861,1853
1901 3.741257 0.133956 0.133397 1887,1862,1854
1902 3.759694 0.083041 0.176000 1887,1863,1855
1903 3.630418 0.088140 0.198489 1887,1861,1841,1862,1863
1905 3.819478 0.108463 0.147434 1853,1865,1889
1906 3.820526 0.090724 0.189130 1854,1889,1866
1907 3.783161 0.090723 0.204565 1867,1855,1889
1908 3.688525 0.137936 0.197302 1841,1865,1867,1889,1866
1910 3.779320 0.114121 0.129276 1869,1853,1891
1911 3.761649 0.091701 0.192203 1854,1891,1870
1912 3.714018 0.092261 0.202400 1871,1891,1855
1913 3.716322 0.079969 0.195905 1869,1841,1891,1870,1871
1915 3.778691 0.092819 0.193251 1853,1873,1893
1916 3.841129 0.083460 0.169714 1874,1854,1893
1917 3.632583 0.093797 0.171879 1875,1855,1893
1918 3.617847 0.101479 0.169086 1841,1875,1873,1874,1893
1920 4.362144 0.246749 0.610412 1900,1895,1910,1905,1915,1661
1922 4.392805 0.235504 0.621169 1906,1911,1896,1916,1661,1901
1924 4.318983 0.225378 0.627733 1912,1917,1907,1897,1902,1661
1926 4.366056 0.210991 0.593022 1853,1854,1855,1918,1898,1908,1913,1903,1661
1928 3.275624 -1 -1 1885,1889,1891,1920,1922,1924,1926,1887,1666,1665,1664,1663,1662,1661,1893
1930 3.322418 0.389923 0.975682 1701,1694,1703,1704,1702,1695
1932 3.320881 0.325321 0.828526 1696,1694,1707,1708,1709,1702
1934 3.320184 0.378540 0.891873 1713,1697,1694,1703,1712,1708
1936 3.315154 0.326508 0.845149 1713,1694,1704,1716,1709,1698
1938 3.653186 0.093517 0.127181 1895,1930,1900
1939 3.803276 0.098058 0.173905 1896,1930,1901
1940 3.791402 0.093448 0.171599 1902,1930,1897
1941 3.767377 0.085765 0.158400 1930,1898,1903
1942 3.710805 0.098616 0.165104 1930,1885,1902,1903,1900,1901
1944 3.811376 0.095473 0.153930 1932,1905,1895
1945 3.766329 0.077873 0.195276 1906,1932,1896
1946 3.793148 0.070679 0.192762 1932,1897,1907
1947 3.775478 0.072286 0.205123 1932,1898,1908
1948 3.683916 0.125016 0.197372 1932,1908,1906,1907,1885,1905
1950 3.647948 0.116147 0.128717 1895,1910,1934
1951 3.806768 0.098826 0.189130 1911,1896,1934
1952 3.730291 0.081505 0.203378 1912,1897,1934
1953 3.713249 0.098895 0.187175 1913,1898,1934
1954 3.719745 0.105041 0.202539 1934,1911,1910,1885,1912,1913
1956 3.817871 0.089048 0.193879 1895,1915,1936
1957 3.851606 0.084508 0.167060 1896,1936,1916
1958 3.707034 0.091701 0.120825 1897,1936,1917
1959 3.616031 0.078920 0.170203 1918,1898,1936
1960 3.645923 0.088698 0.169715 1918,1936,1885,1915,1917,1916
1962 4.356627 0.247726 0.650851 1694,1938,1956,1944,1950
1964 4.325478 0.254920 0.645752 1939,1694,1951,1957,1945
1966 4.333370 0.220210 0.606152 1694,1952,1946,1940,1958
1968 4.294050 0.197441 0.599098 1694,1941,1959,1947,1953
1970 4.263460 0.179143 0.584501 1948,1942,1960,1954,1694,1898,1895,1896,1897
1972 3.281561 -1 -1 1968,1932,1964,1966,1962,1970,1696,1697,1694,1695,1936,1930,1934,1698
1974 3.281351 0.383778 0.915060 1726,1727,1719,1725,1720
1976 3.322627 0.537288 0.926095 1731,1730,1719,1726,1721
1978 3.291758 0.338381 0.833625 1731,1727,1719,1722,1734
1980 3.815078 0.099175 0.170832 1974,1944,1938
1981 3.813053 0.096660 0.162102 1939,1974,1945
1982 3.738252 0.116984 0.149320 1940,1974,1946
1983 3.694113 0.128927 0.174952 1941,1974,1947
1984 3.761789 0.134025 0.169365 1942,1948,1974
1985 3.736157 0.154978 0.167270 1948,1930,1974,1946,1947,1944,1945
1987 3.689154 0.132139 0.118521 1976,1938,1950
1988 3.760182 0.096311 0.192343 1976,1939,1951
1989 3.673511 0.094844 0.137518 1976,1940,1952
1990 3.625599 0.079898 0.187105 1976,1941,1953
1991 3.798247 0.083530 0.201073 1942,1976,1954
1992 3.777643 0.089607 0.188222 1954,1930,1951,1950,1953,1952,1976
1994 3.836449 0.076895 0.209453 1956,1938,1978
1995 3.685174 0.086044 0.175791 1939,1957,1978
1996 3.765421 0.078362 0.164057 1940,1958,1978
1997 3.612819 0.079480 0.174743 1941,1959,1978
1998 3.750546 0.085626 0.180889 1942,1960,1978
1999 3.749148 0.101549 0.171111 1957,1930,1956,1978,1960,1959,1958
2001 4.281268 0.245004 0.653644 1987,1719,1994,1980
2003 4.243624 0.239205 0.627174 1719,1995,1988,1981
2005 4.350062 0.202749 0.611251 1719,1996,1982,1989
2007 4.299986 0.193530 0.610413 1990,1719,1983,1997
2009 4.313885 0.172438 0.577098 1991,1998,1719,1984
2011 4.245510 0.156095 0.554400 1985,1999,1719,1941,1942,1992,1939,1938,1940
2013 3.193142 -1 -1 1978,1976,1719,1974,1722,1720,1721,2003,2001,2007,2005,2009,2011
2015 3.301605 0.541479 1.086800 1738,1742,1737,1743
2017 3.298742 0.251637 0.803733 1739,1746,1737,1743
2019 3.776736 0.126902 0.122571 2015,1987,1980
2020 3.748100 0.124248 0.167200 2015,1988,1981
2021 3.797618 0.105181 0.155816 2015,1982,1989
2022 3.817453 0.132768 0.172299 2015,1990,1983
2023 3.775757 0.113911 0.173416 2015,1991,1984
2024 3.752500 0.112934 0.154977 2015,1992,1985
2025 3.742304 0.119638 0.151696 1991,1990,1992,1987,1974,1988,1989,2015
2027 3.764443 0.123270 0.162591 2017,1994,1980
2028 3.817383 0.106787 0.164477 2017,1995,1981
2029 3.790214 0.090724 0.172299 2017,1982,1996
2030 3.774710 0.087092 0.178863 2017,1983,1997
2031 3.752570 0.083041 0.170203 1998,2017,1984
2032 3.706755 0.085067 0.169784 1999,2017,1985
2033 3.737834 0.084019 0.170203 1995,1994,1997,1996,1999,1998,1974,2017
2035 4.271841 0.240883 0.647358 2027,2019,1737
2037 4.290837 0.240673 0.648825 2028,2020,1737
2039 4.240621 0.191994 0.608806 2029,1737,2021
2041 4.301592 0.182425 0.605174 2022,1737,2030
2043 4.307249 0.177816 0.594349 2031,1737,2023
2045 4.276728 0.174603 0.586806 2024,2032,1737
2047 4.309903 0.144990 0.546368 1984,1985,1982,1983,1980,1981,1737,2025,2033
2049 3.260189 -1 -1 1739,2047,2045,2043,2041,1737,2037,2035,2015,2017,1738,2039
2051 3.294762 0.542247 1.065848 1753,1749,1750
2053 3.715974 0.071727 0.282158 2051,2027,2019
2054 3.734202 0.098406 0.160775 2051,2028,2020
2055 3.812913 0.104273 0.127809 2051,2021,2029
2056 3.789795 0.099104 0.120965 2051,2022,2030
2057 3.751942 0.104832 0.129695 2051,2031,2023
2058 3.687967 0.104134 0.138495 2051,2024,2032
2059 3.728336 0.136120 0.128018 2051,2025,2033
2060 3.731688 0.112724 0.131721 2051,2027,2033,2032,2031,2030,2015,2028,2029
2062 4.257383 0.168108 0.606502 2053,1749
2063 4.228049 0.224261 0.660140 1749,2054
2064 4.240691 0.205752 0.657136 2055,1749
2065 4.300475 0.193041 0.665307 1749,2056
2066 4.306831 0.168038 0.645752 1749,2057
2067 4.279312 0.241720 0.661536 2058,1749
2068 4.298240 0.258692 0.132279 2059,1749
2069 4.340774 0.254013 0.632972 2024,2025,2020,1749,2022,2023,2060,2019,2021
2071 3.218704 -1 -1 2051,2067,2068,2069,1749,2062,2063,2064,2065,2066,1750
2073 4.333301 0.157562 0.629968 1756,2053
2074 4.278475 0.252406 0.610483 1756,2054
2075 4.304735 0.256038 0.587365 1756,2055
2076 4.294329 0.238648 0.573676 1756,2056
2077 4.302640 0.260857 0.563759 1756,2057
2078 4.298519 0.147924 13.402395 1756,2058
2079 4.321427 0.241093 0.534845 2059,1756
2080 4.288043 0.050146 0.479949 2060,1756
2081 4.274634 0.298920 0.667613 2053,2055,2054,2057,2056,2059,2058,2060,1756
2083 3.236443 -1 -1 2080,2081,2079,2078,2073,1756,2077,2076,2075,2074
2085 0.949492 -1 -1 1429,1777
2086 2.207053 0.085555 0.107137 1429,1803,2085
2087 2.233803 0.260717 0.535962 1805,2086
2088 0.955149 -1 -1 2087
2089 2.164520 0.071867 0.075987 1429,2086,1835
2090 3.687967 0.123060 0.216997 2087,1837,1835
2091 2.195948 0.068235 0.089257 2088,1837
2092 2.275708 0.155467 0.437415 1839,2090,2089
2094 2.254825 0.165733 0.110768 1839,2091,2090
2096 0.968558 -1 -1 2094,2092
2098 2.194692 0.102527 0.077384 1429,1877,2089
2099 3.670437 0.090793 0.258133 1877,2090,1879
2100 3.733364 0.089187 0.262604 1877,1881,2092
2101 2.184565 0.070261 0.119359 2091,1879
2102 3.732527 0.076407 0.249333 2094,1881,1879
2103 2.190361 0.082063 0.130184 2096,1881
2104 2.271866 0.173765 0.466679 2099,2100,1883,2098
2106 2.254126 0.190178 0.439860 2102,2101,1883,2099
2108 2.253987 0.119429 0.443073 2103,2102,2100,1883
2110 0.955568 -1 -1 2108,2106,2104
2112 2.166057 0.100991 0.108812 1920,1429,2098
2113 3.714367 0.088839 0.267842 1920,1922,2099
2114 3.698443 0.078431 0.248635 1920,2100,1924
2115 3.624411 0.076895 0.209664 1920,1926,2104
2116 2.185052 0.076406 0.119708 1922,2101
2117 3.579923 0.082552 0.252756 2102,1922,1924
2118 3.575593 0.077873 0.254921 1922,2106,1926
2119 2.198533 0.087580 0.124038 2103,1924
2120 3.684475 0.071796 0.249821 2108,1924,1926
2121 2.139726 0.069213 0.128787 2110,1926
2122 2.297149 0.143802 0.418838 1928,2112,2113,2114,2115
2124 2.253148 0.157422 0.445238 1928,2118,2113,2116,2117
2126 2.267885 0.185289 0.449149 1928,2120,2114,2119,2117
2128 2.239599 0.189200 0.431200 1928,2121,2118,2115,2120
2130 0.948444 -1 -1 2128,2122,2124,2126
2132 2.181422 0.102038 0.144711 1429,2112,1962
2133 3.629510 0.092330 0.086114 1964,2113,1962
2134 3.698164 0.076406 0.257923 1966,2114,1962
2135 3.709688 0.082413 0.252197 1968,2115,1962
2136 3.679935 0.082133 0.244584 2122,1962,1970
2137 2.098520 0.079409 0.120406 1964,2116
2138 3.600037 0.073822 0.255340 1964,1966,2117
2139 3.593402 0.081854 0.257923 1964,2118,1968
2140 3.524120 0.070679 0.243467 1964,2124,1970
2141 2.159631 0.085136 0.134374 2119,1966
2142 3.658075 0.077873 0.243956 2120,1966,1968
2143 3.705218 0.071238 0.236832 1966,2126,1970
2144 2.197555 0.078921 0.116704 2121,1968
2145 3.612190 0.075359 0.235226 2128,1968,1970
2146 2.187917 0.123619 0.110280 2130,1970
2147 2.284087 0.155607 0.407593 2136,2134,2135,2132,2133,1972
2149 2.280945 0.153511 0.439860 2137,2133,2140,1972,2138,2139
2151 2.218857 0.183054 0.448730 2134,2143,2142,2141,1972,2138
2153 2.197904 0.182076 0.441536 2145,2144,2142,2139,1972,2135
2155 2.271308 0.191226 0.444470 2136,2146,2145,2143,2140,1972
2157 0.951307 -1 -1 2147,2155,2151,2149,2153
2159 2.177441 0.118032 0.096940 1429,2001,2132
2160 3.565675 0.117683 0.266375 2003,2001,2133
2161 3.627345 0.085066 0.249403 2134,2001,2005
2162 3.611631 0.085206 0.252266 2001,2007,2135
2163 3.718697 0.086603 0.258483 2136,2009,2001
2164 3.529358 0.084578 0.224540 2147,2001,2011
2165 2.152997 0.082971 0.126622 2003,2137
2166 3.678958 0.086603 0.250101 2003,2138,2005
2167 3.610374 0.097289 0.255758 2003,2007,2139
2168 3.589351 0.081993 0.257923 2003,2009,2140
2169 3.738462 0.078921 0.231873 2003,2011,2149
2170 2.109695 0.077942 0.133327 2141,2005
2171 3.542068 0.078920 0.246539 2007,2142,2005
2172 3.615053 0.086115 0.250730 2009,2143,2005
2173 3.632025 0.075289 0.211270 2011,2151,2005
2174 2.151879 0.088699 0.129625 2144,2007
2175 3.666107 0.080457 0.257366 2145,2009,2007
2176 3.521326 0.090723 0.218673 2011,2007,2153
2177 2.148177 0.098475 0.129695 2146,2009
2178 3.516087 0.075848 0.213854 2155,2009,2011
2179 2.179675 0.079480 0.107136 2157,2011
2180 2.261250 -1 0.399841 2163,2164,2162,2161,2160,2013,2159
2182 2.252241 -1 0.454178 2169,2168,2165,2167,2166,2160,2013
2184 2.231288 -1 0.446844 2172,2173,2170,2171,2166,2161,2013
2186 2.262437 -1 0.443492 2171,2176,2174,2175,2167,2013,2162
2188 2.237644 -1 0.442444 2172,2163,2168,2175,2178,2013,2177
2190 2.249028 -1 0.452711 2173,2176,2169,2164,2178,2179,2013
2192 0.958851 -1 -1 2190,2182,2180,2186,2184,2188
2194 2.116050 0.090863 0.089257 1429,2035,2159
2195 3.683218 0.079968 0.261696 2037,2035,2160
2196 3.670367 0.077454 0.257854 2035,2161,2039
2197 3.788119 0.087651 0.253734 2035,2162,2041
2198 3.636145 0.084648 0.250101 2035,2043,2163
2199 3.560647 0.086185 0.257365 2164,2035,2045
2200 3.723447 0.173485 0.258343 2047,2035,2180
2201 2.183098 0.089188 0.130813 2037,2165
2202 3.666456 0.083530 0.253524 2037,2166,2039
2203 3.547098 0.085136 0.254292 2037,2167,2041
2204 3.643339 0.088698 0.256806 2037,2043,2168
2205 3.748659 0.084159 0.248146 2037,2045,2169
2206 3.763186 0.080177 0.212388 2037,2047,2182
2207 2.198533 0.089676 0.130184 2170,2039
2208 3.686990 0.081993 0.254781 2171,2039,2041
2209 3.658355 0.087092 0.248705 2172,2043,2039
2210 3.710316 0.086114 0.253733 2173,2045,2039
2211 3.683497 0.098756 0.201912 2047,2039,2184
2212 2.160330 0.091702 0.129137 2174,2041
2213 3.720863 0.085625 0.256527 2175,2043,2041
2214 3.687618 0.087651 0.249403 2045,2176,2041
2215 3.713809 0.080248 0.220908 2047,2186,2041
2216 2.171085 0.090794 0.121524 2043,2177
2217 3.575313 0.084578 0.251637 2178,2045,2043
2218 3.724983 0.105042 0.217346 2047,2188,2043
2219 2.071562 0.109790 0.122082 2045,2179
2220 3.709059 0.130603 0.214831 2190,2047,2045
2221 2.221022 0.082972 0.106089 2047,2192
2222 2.275359 0.087092 0.411155 2200,2049,2194,2195,2196,2197,2198,2199
2224 2.295961 0.091422 0.445028 2201,2202,2203,2204,2205,2206,2049,2195
2226 2.264812 0.215880 0.447054 2211,2210,2207,2208,2209,2202,2049,2196
2228 2.277593 0.203447 0.454736 2213,2212,2203,2215,2214,2208,2049,2197
2230 2.246793 0.118311 0.451175 2213,2217,2216,2209,2218,2049,2198,2204
2232 2.258736 0.122502 0.446146 2210,2217,2205,2214,2219,2220,2049,2199
2234 2.213618 0.155257 0.446705 2200,2211,2206,2215,2218,2220,2049,2221
2236 0.957942 -1 -1 2228,2226,2230,2224,2232,2222,2234
2238 2.136584 0.084718 0.111467 1429,2062,2194
2239 3.587186 0.094565 0.238857 2062,2063,2195
2240 3.580761 0.094705 0.249123 2062,2064,2196
2241 3.673580 0.094984 0.247098 2062,2065,2197
2242 3.582926 0.094914 0.237880 2198,2062,2066
2243 3.594450 0.094775 0.252685 2199,2062,2067
2244 3.802018 0.113772 0.232641 2068,2200,2062
2245 3.709198 0.086603 0.235854 2069,2062,2222
2246 2.149993 0.094425 0.115797 2201,2063
2247 3.535713 0.093308 0.233829 2202,2063,2064
2248 3.697396 0.088559 0.232013 2203,2063,2065
2249 3.685173 0.093238 0.235574 2063,2204,2066
2250 3.655281 0.085276 0.232362 2063,2205,2067
2251 3.752919 0.091073 0.227612 2068,2063,2206
2252 3.634260 0.090515 0.188152 2069,2224,2063
2253 2.150551 0.098196 0.115867 2064,2207
2254 3.646272 0.094076 0.235784 2208,2064,2065
2255 3.554640 0.092819 0.242489 2209,2064,2066
2256 3.694183 0.090933 0.216857 2210,2064,2067
2257 3.650113 0.076895 0.222025 2068,2211,2064
2258 3.783161 0.084578 0.107137 2226,2069,2064
2259 2.111860 0.101758 0.108114 2212,2065
2260 3.707314 0.093937 0.239346 2213,2065,2066
2261 3.519930 0.090794 0.229149 2214,2065,2067
2262 3.794754 0.079480 0.227543 2068,2065,2215
2263 3.751733 0.093797 0.220768 2069,2065,2228
2264 2.068907 0.098127 0.112235 2216,2066
2265 3.615053 0.090864 0.222934 2217,2066,2067
2266 3.766259 0.100362 0.228661 2068,2218,2066
2267 3.452882 0.082972 0.125156 2069,2066,2230
2268 2.094190 0.090584 0.101479 2219,2067
2269 3.732316 0.080527 0.231872 2068,2220,2067
2270 3.716253 0.086673 0.188432 2069,2232,2067
2271 2.165917 0.103575 0.099943 2068,2221
2272 3.590119 0.085136 0.114819 2068,2069,2234
2273 2.069466 0.166013 0.077384 2069,2236
2274 2.288907 0.150159 -1 2239,2238,2244,2245,2071,2240,2241,2242,2243
2276 2.274940 0.120407 -1 2239,2252,2248,2249,2071,2247,2246,2251,2250
2278 2.262158 0.166571 -1 2254,2253,2258,2257,2256,2071,2247,2240,2255
2280 2.260132 0.159796 -1 2261,2241,2248,2259,2262,2263,2071,2254,2260
2282 2.276405 0.162730 -1 2255,2264,2249,2260,2071,2266,2267,2242,2265
2284 2.267466 0.158470 -1 2261,2270,2265,2268,2269,2256,2071,2250,2243
2286 2.229612 0.160426 -1 2271,2272,2244,2269,2257,2071,2262,2266,2251
2288 2.221720 0.266654 -1 2270,2273,2272,2267,2263,2258,2245,2071,2252
2290 0.978126 -1 -1 2288,2274,2276,2280,2282,2284,2278,2286
2292 2.094888 0.091771 0.113842 2073,2238,1429
2293 3.619453 0.097428 0.267212 2073,2239,2074
2294 3.550939 0.099245 0.259530 2073,2240,2075
2295 3.632653 0.098896 0.243745 2073,2076,2241
2296 3.465244 0.104762 0.247029 2073,2077,2242
2297 3.545770 0.097568 0.260159 2073,2078,2243
2298 3.768145 0.086115 0.258342 2073,2244,2079
2299 3.718278 0.109721 0.256317 2073,2245,2080
2300 3.473414 0.088140 0.255409 2073,2274,2081
2301 2.159212 0.098336 0.129207 2246,2074
2302 3.569796 0.098965 0.252197 2247,2075,2074
2303 3.701656 0.096172 0.254920 2248,2076,2074
2304 3.593262 0.093937 0.254781 2077,2249,2074
2305 3.632652 0.097638 0.256807 2250,2078,2074
2306 3.695859 0.091143 0.257295 2079,2251,2074
2307 3.698513 0.090235 0.233270 2080,2252,2074
2308 3.713668 0.096381 0.256387 2081,2276,2074
2309 2.123314 0.097219 0.124527 2253,2075
2310 3.668691 0.095823 0.251778 2254,2076,2075
2311 3.586837 0.099384 0.257924 2255,2077,2075
2312 3.637681 0.099733 0.257156 2256,2078,2075
2313 3.683707 0.077384 0.251149 2257,2079,2075
2314 3.526006 0.094844 0.254710 2080,2075,2258
2315 3.476209 0.120965 0.227612 2081,2278,2075
2316 2.148945 0.101549 0.134235 2076,2259
2317 3.702075 0.097358 0.253873 2260,2077,2076
2318 3.669878 0.091143 0.253384 2261,2078,2076
2319 3.702075 0.075847 0.268051 2262,2079,2076
2320 3.664012 0.090584 0.243537 2263,2080,2076
2321 3.476278 0.092750 0.248495 2280,2081,2076
2322 2.082596 0.085067 0.124038 2077,2264
2323 3.496044 0.092190 0.255899 2078,2077,2265
2324 3.666526 0.119359 0.245632 2266,2079,2077
2325 3.608138 0.121035 0.254152 2080,2077,2267
2326 3.469993 0.080946 0.231734 2282,2081,2077
2327 2.111301 0.096242 0.124527 2268,2078
2328 3.670437 0.109092 0.254851 2079,2078,2269
2329 3.776386 0.105041 0.234946 2080,2078,2270
2330 3.703193 0.090305 0.254711 2081,2284,2078
2331 2.188406 0.085556 0.125993 2079,2271
2332 3.606462 0.099384 0.252197 2080,2079,2272
2333 3.505262 0.109651 0.240463 2079,2081,2286
2334 2.112279 0.088629 0.113561 2080,2273
2335 3.391630 0.066069 0.237810 2288,2080,2081
2336 2.035733 0.162521 0.106647 2290,2081
2337 2.224304 0.126063 0.456413 2299,2298,2293,2083,2297,2296,2295,2294,2300,2292
2339 2.257758 0.159447 13.424535 2308,2301,2083,2303,2302,2305,2304,2307,2306,2293
2341 2.258526 0.174254 0.150229 2309,2315,2083,2314,2302,2312,2313,2310,2311,2294
2343 2.249587 0.178515 0.450615 2321,2320,2318,2319,2316,2083,2303,2310,2295,2317
2345 2.235339 0.173346 0.445587 2323,2322,2326,2325,2324,2083,2304,2311,2296,2317
2347 2.290513 0.183473 0.445169 2330,2323,2327,2318,2083,2329,2328,2305,2312,2297
2349 2.164310 0.187523 0.446145 2331,2332,2333,2328,2319,2083,2324,2313,2306,2298
2351 2.169619 0.274755 0.385803 2332,2320,2334,2335,2325,2083,2329,2299,2307,2314
2353 2.139098 0.268610 0.459626 2330,2308,2321,2333,2335,2336,2083,2315,2300,2326
2355 0.970374 -1 -1 2345,2347,2341,2343,2337,2339,2349,2353,2351
