1765,1766
1766,1755 1655
1755,1655
1776,1777
1777,1756 1665
1756,1755 1655 1665
1786,1787
1787,1757 1675
1758,1755 1655 1685
1759,1755 1655 1695
1757,1755 1655 1675
1760,1755 1655 1705
1761,1755 1655 1715
1762,1755 1655 1725
1763,1755 1655 1735
1764,1755 1655 1745
1767,1756 1665 1666
1788,1758 1685 1688
1778,1757 1675 1677
1771,1760 1705 1756 1665 1706
1770,1759 1695 1756 1665 1696
1795,1796
1782,1761 1715 1757 1675 1717
1780,1759 1695 1757 1675 1697
1775,1764 1745 1756 1665 1746
1796,1758
1785,1764 1745 1757 1675 1747
1784,1763 1735 1757 1675 1737
1783,1762 1725 1757 1675 1727
1774,1763 1735 1756 1665 1736
1789,1759 1758 1698
1773,1762 1725 1756 1665 1726
1790,1760 1758 1708
1768,1757 1675 1756 1665 1676
1769,1758 1685 1756 1665 1686
1779,1758 1685 1757 1675 1687
1772,1761 1715 1756 1665 1716
1791,1761 1758 1718
1781,1760 1705 1757 1675 1707
1792,1762 1758 1728
1793,1763 1758 1738
1794,1764 1758 1748
1797,1759 1699
1803,1804
1804,1759
1798,1760 1759 1709
1799,1761 1759 1719
1800,1762 1759 1729
1801,1763 1759 1739
1805,1760 1710
1810,1811
1811,1760
1806,1761 1760 1720
1802,1764 1759 1749
1807,1762 1760 1730
1808,1763 1760 1740
1816,1817
1817,1761
1809,1764 1760 1750
1812,1761 1721
1813,1762 1761 1731
1821,1822
1822,1762
1814,1763 1761 1741
1818,1762 1732
1815,1764 1761 1751
1825,1826
1826,1763
1819,1763 1762 1742
1828,1829
1820,1764 1762 1752
1829,1764
1823,1763 1743
1824,1764 1763 1753
1827,1764 1754
1839,1840
1840,1830 1767
1830,1767
1849,1850
1850,1831 1768
1831,1830 1767 1768
1858,1859
1859,1832 1769
1832,1830 1767 1769
1834,1830 1767 1771
1833,1830 1767 1770
1837,1830 1767 1774
1835,1830 1767 1772
1836,1830 1767 1773
1838,1830 1767 1775
1841,1831 1768 1778
1851,1832 1769 1788
1866,1867
1867,1833
1842,1832 1769 1831 1768 1779
1860,1833 1770 1797
1843,1833 1770 1831 1768 1780
1853,1834 1771 1832 1769 1790
1845,1835 1772 1831 1768 1782
1846,1836 1773 1831 1768 1783
1861,1834 1771 1833 1770 1798
1848,1838 1775 1831 1768 1785
1856,1837 1774 1832 1769 1793
1852,1833 1770 1832 1769 1789
1855,1836 1773 1832 1769 1792
1863,1836 1773 1833 1800
1854,1835 1772 1832 1769 1791
1862,1835 1772 1833 1770 1799
1857,1838 1775 1832 1769 1794
1864,1837 1833 1801
1847,1837 1774 1831 1768 1784
1865,1838 1833 1802
1868,1834 1805
1844,1834 1771 1831 1768 1781
1873,1874
1874,1834
1869,1835 1834 1806
1870,1836 1834 1807
1871,1837 1834 1808
1879,1880
1880,1835
1875,1835 1812
1872,1838 1834 1809
1876,1836 1835 1813
1884,1885
1885,1836
1877,1837 1835 1814
1878,1838 1835 1815
1881,1836 1818
1888,1889
1889,1837
1882,1837 1836 1819
1891,1892
1892,1838
1886,1837 1823
1883,1838 1836 1820
1890,1838 1827
1887,1838 1837 1824
1901,1902
1902,1893 1841
1893,1841
1910,1911
1911,1894 1842
1894,1893 1841 1842
1918,1919
1919,1895 1843
1895,1893 1841 1843
1925,1926
1926,1896 1844
1896,1893 1841 1844
1899,1893 1841 1847
1898,1893 1841 1846
1900,1893 1841 1848
1897,1893 1841 1845
1903,1894 1842 1851
1912,1895 1843 1860
1931,1932
1932,1897
1904,1895 1843 1894 1842 1852
1905,1896 1844 1894 1842 1853
1927,1897 1845 1875
1908,1899 1847 1894 1842 1856
1907,1898 1846 1894 1842 1855
1913,1896 1844 1895 1843 1861
1936,1937
1909,1900 1848 1894 1842 1857
1914,1897 1845 1895 1843 1862
1915,1898 1846 1895 1843 1863
1917,1900 1848 1895 1843 1865
1916,1899 1847 1895 1843 1864
1922,1898 1846 1896 1844 1870
1906,1897 1845 1894 1842 1854
1928,1898 1897 1876
1924,1900 1848 1896 1844 1872
1920,1896 1844 1868
1937,1898
1923,1899 1847 1896 1844 1871
1921,1897 1845 1896 1844 1869
1933,1898 1881
1929,1899 1897 1877
1930,1900 1897 1878
1940,1941
1941,1899
1934,1899 1898 1882
1943,1944
1944,1900
1935,1900 1898 1883
1938,1899 1886
1942,1900 1890
1939,1900 1899 1887
1952,1953
1953,1945 1903
1945,1903
1960,1961
1961,1946 1904
1946,1945 1903 1904
1967,1968
1968,1947 1905
1973,1974
1947,1945 1903 1905
1974,1948 1906
1951,1945 1903 1909
1950,1945 1903 1908
1948,1945 1903 1906
1978,1979
1979,1949 1907
1954,1946 1904 1912
1949,1945 1903 1907
1982,1983
1983,1950
1962,1947 1905 1920
1955,1947 1905 1946 1904 1913
1985,1986
1986,1951
1969,1948 1906 1927
1980,1950 1938
1963,1948 1906 1947 1905 1921
1956,1948 1906 1946 1904 1914
1957,1949 1907 1946 1904 1915
1975,1949 1907 1933
1959,1951 1909 1946 1904 1917
1971,1950 1908 1948 1906 1929
1966,1951 1909 1947 1905 1924
1964,1949 1907 1947 1905 1922
1972,1951 1909 1948 1906 1930
1965,1950 1908 1947 1905 1923
1976,1950 1908 1949 1907 1934
1970,1949 1907 1948 1906 1928
1977,1951 1909 1949 1907 1935
1984,1951 1942
1981,1951 1950 1939
1958,1950 1908 1946 1904 1916
1993,1994
1994,1987 1954
1987,1954
2000,2001
2001,1988 1955
1988,1987 1954 1955
2006,2007
2007,1989 1956
1989,1987 1954 1956
2011,2012
2012,1990 1957
1990,1987 1954 1957
2018,2019
2015,2016
2016,1991 1958
2019,1992 1959
1991,1987 1954 1958 1916
1992,1987 1954 1959
1995,1988 1955 1962
2002,1989 1956 1969
2008,1990 1957 1975
1996,1989 1956 1988 1955 1963
2013,1991 1958 1980
2017,1992 1959 1984
1997,1990 1957 1988 1955 1964
1998,1991 1958 1988 1955 1965
2003,1990 1957 1989 1956 1970
1999,1992 1959 1988 1955 1966
2005,1992 1959 1989 1956 1972
2014,1992 1959 1991 1958 1981
2010,1992 1959 1990 1957 1977
2009,1991 1958 1990 1957 1976
2004,1991 1958 1989 1956 1971
2025,2026
2026,2020 1962
2020,1995 1962
2031,2032
2032,2021 1963
2021,2020 1962 1996 1963
2040,2041
2041,2023 1965
2023,2020 1962 1998 1965
2043,2044
2044,2024 1966
2024,2020 1962 1999 1966
2027,2021 1963 2002 1969
2038,2023 1965 2013
2042,2024 1966 2017
2029,2023 1965 2021 1963 2004 1971
2030,2024 1966 2021 1963 2005 1972
2039,2024 1966 2023 1965 2014
2036,2037
2037,2022 1964
2022,2020 1962 1997 1964
2033,2022 1964 2008
2086,1772 1769 1768 1773 1774 1775 1770 1771 1767 1776
2049,2050
2050,2045 2002
2045,2027 2002
2028,2022 1964 2021 1963 2003 1970
2034,2023 1965 2022 1964 2009 1976
2035,2024 1966 2022 1964 2010
2088,1781 1779 1768 1783 1784 1785 1780 1782 1778 1786
2090,1794 1793 1792 1791 1779 1769 1790 1789 1795 1788
2092,1802 1801 1800 1799 1798 1803 1797 1789 1780 1770
2094,1809 1808 1807 1806 1810 1805 1798 1781 1790 1771
2096,1815 1814 1813 1812 1816 1806 1799 1791 1772 1782
2058,2059
2059,2047 2004
2047,2045 2002 2029 2004
2061,2062
2098,1820 1819 1818 1821 1813 1807 1800 1792 1773 1783
2062,2048 2005
2085,1755 2086 1756
2048,2045 2002 2030 2005
2054,2055
2055,2046 2003
2046,2045 2002 2028 2003
2100,1824 1823 1819 1825 1814 1808 1801 1793 1774 1784
2087,1755 2088 1757
2056,2047 2004 2038 2013
2089,1755 2090 1758
2102,1827 1824 1820 1828 1815 1809 1802 1794 1785 1775
2060,2048 2005 2042 2017
2091,1755 2092 1759
2103,2104
2051,2046 2003 2033 2008
2104,2085
2105,2106
2093,1755 2094 1760
2106,2087
2052,2047 2004 2046 2003 2034 2009
2053,2048 2005 2046 2003 2035 2010
2107,2108
2108,2089
2095,1755 2096 1761
2109,2110
2110,2091
2111,2112
2112,2093
2057,2048 2005 2047 2004 2039 2014
2097,1755 2098 1762
2113,2114
2114,2095
2115,2116
2116,2097
2121,2122
2117,2118
2122,1755
2066,2067
2118,2099 2100
2099,1755 2100 1763
2067,2063 2008
2063,2051 2008
2119,2120
2120,2101 2102
2124,2101 2099 2121 2097 2095 2093 2091 2089 2087 2085 1764 1763 1762 1761 1760 1759 1758 1757 1756 1765
2101,1755 2102 1764
2126,1844 1847 1848 1846 1845 1843 1842 1841 1849
2128,1857 1854 1855 1852 1856 1853 1842 1851 1858
2130,1865 1864 1862 1863 1852 1861 1843 1860 1866
2132,1872 1871 1870 1869 1873 1844 1868 1861 1853
2134,1878 1877 1876 1875 1879 1869 1854 1862 1845
2070,2071
2071,2064 2009
2064,2063 2008 2052 2009
2073,2074
2074,2065 2010
2065,2063 2008 2053 2010
2136,1883 1882 1881 1884 1876 1870 1863 1855 1846
2123,2124 1755
2138,1887 1886 1882 1888 1877 1871 1847 1864 1856
2125,1830 2126 1831
2068,2064 2009 2056 2038
2072,2065 2010 2060 2042
2140,1887 1890 1883 1891 1878 1872 1865 1857 1848
2127,1830 2128 1832
2069,2065 2010 2064 2009 2057 2014
2129,1830 2130 1833
2142,2143
2143,2125
2131,1830 2132 1834
2133,1830 2134 1835
2145,2146
2146,2127
2135,1830 2136 1836
2148,2149
2077,2078
2149,2129
2078,2075 2038
2075,2068 2038
2137,1830 2138 1837
2141,2125 2085 2105
2151,2152
2152,2131
2154,2155
2144,2127 2085 2107
2155,2133
2157,2158
2147,2129 2085 2109
2158,2135
2139,1830 2140 1838
2150,2131 2085 2111
2160,2161
2161,2137
2163,2164
2153,2133 2085 2113
2080,2081
2164,2139
2081,2076 2014
2076,2075 2038 2069 2014
2165,2166
2166,2085
2156,2135 2085 2115
2169,2170
2170,1830
2159,2137 2085 2117
2079,2076 2014 2072 2042
2168,2162 2159 2156 2165 2153 2150 2147 2144 2141 2103
2174,1906 1909 1907 1908 1905 1904 1903 1910
2162,2139 2085 2119
2176,1916 1917 1915 1914 1913 1904 1912 1918
2178,1921 1923 1920 1924 1922 1913 1905 1925
2180,1930 1929 1921 1928 1906 1914 1927 1931
2083,2084
2084,2082 2042
2182,1935 1934 1933 1928 1922 1915 1936 1907
2082,2079 2042
2184,1939 1938 1934 1940 1929 1923 1916 1908
2186,1939 1942 1935 1943 1930 1924 1917 1909
2172,2167 2169 2139 2137 2135 2133 2131 2129 2127 2125 1838 1836 1837 1835 1834 1833 1832 1831 1839
2167,1830 2168 2085
2173,1893 2174 1894
2189,2144 2145
2175,1893 2176 1895
2190,2191
2191,2173
2177,1893 2178 1896
2179,1893 2180 1897
2194,2147 2148
2195,2196
2196,2175
2181,1893 2182 1898
2183,1893 2184 1899
2199,2150 2151
2171,2172 1830
2188,2173 2125 2189 2127
2185,1893 2186 1900
2200,2201
2201,2177
2187,2173 2141 2144
2192,2175 2141 2147
2204,2153 2154
2193,2175 2125 2194 2129
2205,2206
2206,2179
2197,2177 2141 2150
2209,2156 2157
2198,2177 2125 2199 2131
2210,2211
2202,2179 2141 2153
2211,2181
2203,2179 2125 2204 2133
2214,2159 2160
2215,2216
2216,2183
2207,2181 2141 2156
2208,2181 2125 2209 2135
2219,2162 2163
2220,2221
2221,2185
2222,2223
2223,2141
2213,2183 2125 2214 2137
2226,2227
2227,2125
2212,2183 2141 2159
2225,2217 2212 2222 2207 2202 2197 2192 2187
2217,2185 2141 2162
2230,2231
2231,1893
2229,2218 2226 2213 2208 2203 2198 2193 2188 2141 2142
2218,2185 2125 2219 2139
2235,1958 1959 1957 1956 1955 1954 1960
2237,1965 1964 1966 1963 1955 1962 1967
2239,1970 1972 1971 1956 1963 1969 1973
2241,1977 1970 1976 1964 1975 1957 1978
2243,1958 1981 1976 1965 1971 1980 1982
2224,1893 2225 2141
2245,1981 1984 1977 1972 1966 1959 1985
2233,2228 2224 2230 2185 2183 2181 2179 2177 2175 2173 1900 1897 1899 1898 1896 1895 1894 1901
2228,1893 2229 2125
2249,2193 2192 2195
2250,2251
2251,2234
2234,1945 2235 1946
2236,1945 2237 1947
2238,1945 2239 1948
2255,2198 2197 2200
2240,1945 2241 1949
2256,2257
2257,2236
2242,1945 2243 1950
2244,1945 2245 1951
2246,2234 2235 2187 2192
2248,2234 2235 2173 2249 2175
2247,2234 2235 2188 2193
2232,2233 1893
2252,2236 2237 2187 2197
2253,2236 2188 2198
2261,2203 2202 2205
2262,2263
2263,2238
2254,2236 2173 2255 2177
2267,2208 2207 2210
2258,2238 2187 2202
2259,2238 2188 2203
2268,2269
2269,2240
2260,2238 2173 2261 2179
2264,2240 2187 2207
2265,2240 2188 2208
2273,2212 2213 2215
2274,2275
2275,2242
2266,2240 2173 2267 2181
2270,2242 2187 2212
2279,2218 2217 2220
2271,2242 2188 2213
2280,2281
2281,2244
2282,2283
2283,2187
2272,2242 2173 2273 2183
2285,2276 2282 2270 2264 2258 2252 2246
2286,2287
2276,2244 2187 2217
2287,2188
2289,2277 2286 2271 2265 2259 2253 2247
2290,2291
2277,2244 2188 2218
2291,2173
2294,2295
2295,1945
2293,2278 2290 2272 2266 2260 2254 2248 2187 2188 2190
2299,1999 1998 1997 1996 1995 2000
2278,2244 2173 2279 2185
2301,2004 2005 2003 1996 2002 2006
2284,1945 2285 2187
2303,2009 2010 2003 1997 2008 2011
2305,2004 2009 2014 1998 2013 2015
2288,1945 2289 2188
2307,2010 2014 2005 1999 2017 2018
2312,2254 2253 2252 2256
2297,2292 2288 2284 2294 2244 2242 2240 2238 2236 2234 1951 1950 1948 1949 1947 1946 1952
2292,1945 2293 2173
2313,2314
2314,2298 2299
2298,1987 2299 1988
2319,2260 2259 2258 2262
2302,1987 2303 1990
2300,1987 2301 1989
2320,2321
2321,2300
2304,1987 2305 1991
2306,1987 2307 1992
2308,2298 2299 2246 2252
2309,2298 2299 2247 2253
2326,2266 2265 2264 2268
2310,2298 2299 2248 2254
2311,2298 2299 2234 2312 2236
2296,2297 1945
2317,2300 2301 2248 2260
2327,2328
2315,2300 2301 2246 2258
2316,2300 2301 2247 2259
2328,2302
2318,2300 2234 2319 2238
2322,2302 2246 2264
2324,2302 2248 2266
2333,2272 2271 2270 2274
2334,2335
2335,2304
2325,2302 2234 2326 2240
2323,2302 2247 2265
2329,2304 2246 2270
2330,2304 2247 2271
2340,2278 2277 2276 2280
2331,2304 2248 2272
2341,2342
2342,2306
2332,2304 2234 2333 2242
2343,2344
2344,2246
2346,2336 2343 2329 2322 2315 2308
2347,2348
2336,2306 2246 2276
2337,2306 2247 2277
2348,2247
2338,2306 2248 2278
2350,2337 2347 2330 2323 2316 2309
2351,2352
2352,2248
2339,2306 2234 2340 2244
2354,2351 2338 2331 2324 2317 2310
2355,2356
2356,2234
2358,2355 2339 2332 2325 2318 2311 2247 2248 2246 2250
2359,2360
2360,1987
2364,2028 2030 2029 2027 2031
2345,1987 2346 2246
2366,2035 2034 2028 2033 2036
2349,1987 2350 2247
2368,2034 2039 2029 2038 2040
2353,1987 2354 2248
2370,2035 2039 2030 2042 2043
2362,2357 2353 2349 2345 2359 2306 2304 2302 2300 2298 1992 1991 1990 1989 1988 1993
2357,1987 2358 2234
2376,2318 2316 2315 2317 2320
2377,2378
2378,2363 2364
2363,2020 2364 2021
2384,2323 2325 2324 2322 2327
2367,2020 2368 2023
2365,2020 2366 2022
2385,2386
2386,2365
2369,2020 2370 2024
2361,2362 1987
2371,2363 2364 2308 2315
2372,2363 2364 2309 2316
2373,2363 2364 2310 2317
2374,2363 2364 2311 2318
2375,2363 2364 2298 2376 2300
2380,2365 2366 2309 2323
2379,2365 2366 2308 2322
2381,2365 2366 2310 2324
2382,2365 2366 2311 2325
2383,2365 2298 2384 2302
2392,2332 2331 2330 2329 2334
2393,2394
2394,2367
2387,2367 2308 2329
2388,2367 2309 2330
2389,2367 2310 2331
2390,2367 2311 2332
2400,2339 2338 2337 2336 2341
2401,2402
2402,2369
2391,2367 2298 2392 2304
2403,2404
2404,2308
2395,2369 2308 2336
2406,2395 2403 2387 2379 2371
2396,2369 2309 2337
2407,2408
2397,2369 2310 2338
2408,2309
2410,2407 2396 2388 2380 2372
2398,2369 2311 2339
2411,2412
2412,2310
2399,2369 2298 2400 2306
2414,2411 2397 2389 2381 2373
2415,2416
2416,2311
2418,2415 2398 2390 2382 2374
2419,2420
2420,2298
2422,2419 2399 2391 2383 2375 2311 2310 2309 2308 2313
2405,2020 2406 2308
2423,2424
2424,2020
2409,2020 2410 2309
2428,2053 2052 2051 2054
2430,2057 2052 2056 2058
2413,2020 2414 2310
2432,2057 2053 2060 2061
2417,2020 2418 2311
2426,2421 2417 2413 2409 2423 2405 2369 2367 2365 2363 2022 2024 2023 2021 2025
2421,2020 2422 2298
2439,2383 2382 2381 2379 2380 2385
2440,2441
2441,2427 2428
2427,2045 2428 2046
2429,2045 2430 2047
2448,2391 2390 2389 2388 2387 2393
2449,2450
2425,2426 2020
2450,2429
2433,2427 2428 2371 2379
2434,2427 2428 2372 2380
2435,2427 2428 2373 2381
2436,2427 2428 2374 2382
2437,2427 2428 2375 2383
2442,2429 2430 2371 2387
2443,2429 2430 2372 2388
2438,2427 2428 2363 2439 2365
2446,2429 2375 2391
2444,2429 2430 2373 2389
2445,2429 2430 2374 2390
2431,2045 2432 2048
2457,2399 2398 2397 2396 2395 2401
2447,2429 2363 2448 2367
2458,2459
2459,2431
2460,2461
2461,2371
2464,2465
2465,2372
2463,2451 2460 2442 2433
2451,2431 2432 2371 2395
2454,2431 2432 2374 2398
2455,2431 2375 2399
2467,2452 2464 2443 2434
2453,2431 2432 2373 2397
2452,2431 2432 2372 2396
2468,2469
2469,2373
2456,2431 2363 2457 2369
2471,2468 2453 2444 2435
2472,2473
2473,2374
2475,2472 2454 2445 2436
2476,2477
2477,2375
2479,2476 2455 2446 2437
2480,2481
2481,2363
2462,2045 2463 2371
2466,2045 2467 2372
2483,2480 2456 2447 2438 2375 2374 2373 2372 2371 2377
2484,2485
2485,2045
2470,2045 2471 2373
2489,2069 2068 2070
2474,2045 2475 2374
2491,2069 2072 2073
2478,2045 2479 2375
2487,2482 2478 2474 2470 2484 2466 2462 2431 2429 2427 2046 2048 2047 2049
2482,2045 2483 2363
2499,2447 2445 2444 2446 2443 2442 2449
2500,2501
2490,2063 2491 2065
2501,2488 2489
2488,2063 2489 2064
2509,2456 2455 2453 2454 2452 2451 2458
2510,2511
2511,2490
2486,2487 2045
2512,2513
2513,2433
2516,2517
2492,2488 2489 2433 2442
2493,2488 2489 2434 2443
2494,2488 2489 2435 2444
2496,2488 2489 2437 2446
2517,2434
2495,2488 2489 2436 2445
2515,2502 2492 2512
2502,2490 2491 2433 2451
2497,2488 2489 2438 2447
2507,2490 2438 2456
2504,2490 2491 2435 2453
2498,2488 2489 2427 2499 2429
2519,2503 2493 2516
2506,2490 2491 2437 2455
2503,2490 2491 2434 2452
2520,2521
2521,2435
2505,2490 2491 2436 2454
2508,2490 2427 2509 2431
2523,2520 2504 2494
2524,2525
2525,2436
2527,2524 2505 2495
2528,2529
2529,2437
2531,2528 2506 2496
2532,2533
2533,2438
2514,2063 2515 2433
2535,2532 2507 2497
2518,2063 2519 2434
2536,2537
2537,2427
2539,2536 2508 2498 2438 2437 2436 2435 2434 2433 2440
2522,2063 2523 2435
2540,2541
2541,2063
2545,2079 2080
2530,2063 2531 2437
2534,2063 2535 2438
2526,2063 2527 2436
2543,2538 2534 2530 2526 2540 2522 2518 2514 2490 2488 2065 2064 2066
2554,2508 2505 2506 2504 2503 2507 2502 2510
2538,2063 2539 2427
2557,2558
2558,2492
2560,2561
2561,2493
2563,2564
2564,2494
2566,2567
2567,2495
2555,2556
2556,2544 2545
2544,2075 2545 2076
2569,2570
2570,2496
2542,2543 2063
2572,2573
2573,2497
2575,2576
2546,2544 2545 2492 2502
2576,2498
2548,2544 2545 2494 2504
2547,2544 2545 2493 2503
2549,2544 2545 2495 2505
2550,2544 2545 2496 2506
2578,2579
2579,2488
2552,2544 2545 2498 2508
2553,2544 2545 2488 2554 2490
2581,2553 2578 2498 2497 2495 2496 2494 2493 2492 2500
2582,2583
2583,2075
2551,2544 2545 2497 2507
2586,2587
2587,2546
2589,2590
2590,2547
2559,2075 2546 2492
2565,2075 2548 2494
2592,2593
2562,2075 2547 2493
2593,2548
2568,2075 2549 2495
2571,2075 2550 2496
2577,2075 2552 2498
2595,2596
2596,2549
2580,2075 2581 2488
2598,2599
2599,2550
2585,2580 2577 2574 2571 2568 2565 2562 2559 2582 2544 2076 2077
2574,2075 2551 2497
2601,2602
2602,2551
2588,2082 2586
2604,2605
2605,2552
2607,2608
2591,2082 2589
2608,2553
2594,2082 2592
2610,2611
2611,2544
2597,2082 2595
2613,2610 2551 2553 2552 2550 2549 2548 2547 2546 2555
2584,2585 2075
2600,2082 2598
2614,2615
2615,2082
2603,2082 2601
2618,2619
2619,2123
2606,2082 2604
2622,2623
2623,2167
2609,2082 2607
2625,2626
2626,2171
2617,2612 2609 2606 2603 2614 2600 2597 2594 2591 2588 2083
2612,2082 2613 2544
2631,2632
2620,2618
2632,2224
2635,2636
2636,2228
2639,2640
2640,2232
2621,2167 2620 2618
2616,2617 2082
2649,2650
2650,2284
2653,2654
2624,2171 2621 2167
2654,2288
2657,2658
2658,2292
2628,2224 2621 2618
2661,2662
2662,2296
2627,2624 2171
2634,2629 2628 2631
2643,2284 2628 2621
2629,2228 2224 2624 2167
2638,2630 2629 2635
2630,2228 2627 2171
2665,2345 2643 2628
2675,2676
2676,2345
2679,2680
2633,2232 2634 2224
2680,2349
2644,2288 2284 2629 2167
2683,2684
2684,2353
2646,2288 2630 2171
2642,2637 2633 2639
2637,2232 2638 2228
2687,2688
2688,2357
2691,2692
2652,2645 2644 2643 2649
2692,2361
2645,2292 2284 2633 2224
2666,2349 2345 2644 2167
2669,2349 2646 2171
2697,2666 2622
2656,2647 2646 2644 2653
2647,2292 2288 2637 2228
2641,2642 2232
2695,2405 2665
2651,2296 2652 2284
2702,2669 2625
2667,2353 2345 2645 2224
2660,2648 2647 2645 2657
2648,2292 2641 2232
2696,2409 2405 2697 2644
2655,2296 2656 2288
2701,2409 2702 2646
2670,2353 2349 2647 2228
2678,2668 2667 2666 2675 2665
2668,2357 2345 2651 2284
2698,2413 2405 2667 2645
2712,2713
2713,2405
2672,2353 2648 2232
2716,2717
2717,2409
2664,2659 2655 2651 2661
2682,2671 2670 2669 2666 2679
2720,2721
2721,2413
2703,2413 2409 2670 2647
2659,2296 2660 2292
2671,2357 2349 2655 2288
2677,2361 2678 2345
2706,2413 2672 2648
2699,2417 2405 2668 2284
2724,2725
2725,2417
2728,2729
2729,2421
2681,2361 2682 2349
2663,2664 2296
2732,2733
2733,2425
2704,2417 2409 2671 2288
2686,2673 2672 2670 2667 2683
2715,2700 2699 2712 2698 2696 2695
2700,2421 2405 2677 2345
2673,2357 2353 2659 2292
2690,2674 2673 2671 2668 2687
2674,2357 2663 2296
2719,2705 2704 2703 2716 2701 2696
2705,2421 2409 2681 2349
2736,2462 2695
2685,2361 2686 2353
2714,2425 2715 2405
2707,2417 2413 2673 2292
2709,2417 2674 2296
2737,2466 2462 2696
2694,2689 2685 2681 2677 2691
2738,2470 2462 2698
2689,2361 2690 2357
2739,2474 2462 2699
2742,2466 2701
2718,2425 2719 2409
2741,2482 2462 2714 2715
2723,2708 2707 2706 2703 2720 2698
2708,2421 2413 2685 2353
2743,2470 2466 2703
2740,2478 2462 2700
2693,2694 2361
2744,2474 2466 2704
2727,2710 2709 2707 2704 2724 2699
2747,2470 2706
2710,2421 2417 2689 2357
2745,2478 2466 2705
2746,2482 2466 2718 2719
2748,2474 2470 2707
2731,2711 2710 2708 2705 2700 2728
2711,2421 2693 2361
2757,2758
2751,2474 2709
2722,2425 2723 2413
2758,2462
2749,2478 2470 2708
2760,2757 2740 2741 2739 2738 2737 2736
2726,2425 2727 2417
2761,2762
2762,2466
2764,2761 2746 2745 2744 2743 2742 2737
2754,2478 2711 2693
2765,2766
2735,2730 2726 2722 2718 2714 2732
2766,2470
2730,2425 2731 2421
2752,2478 2474 2710
2768,2750 2765 2749 2748 2747 2743 2738
2769,2770
2750,2482 2470 2722 2723
2759,2486 2760 2462
2770,2474
2753,2482 2474 2726 2727
2772,2753 2769 2752 2751 2748 2744 2739
2773,2774
2774,2478
2763,2486 2764 2466
2734,2735 2425
2777,2778
2778,2482
2776,2755 2773 2752 2754 2749 2745 2740
2755,2482 2478 2730 2421
2767,2486 2768 2470
2781,2782
2782,2486
2771,2486 2772 2474
2780,2756 2755 2777 2753 2750 2746 2741
2756,2482 2734 2425
2775,2486 2776 2478
2785,2514 2736
2784,2779 2775 2771 2781 2767 2763 2759
2779,2486 2780 2482
2786,2518 2514 2737
2787,2522 2514 2738
2788,2526 2514 2739
2789,2530 2514 2740
2790,2534 2514 2741
2792,2518 2742
2783,2784 2486
2793,2522 2518 2743
2791,2538 2514 2759
2794,2526 2518 2744
2795,2530 2518 2745
2798,2522 2747
2796,2534 2518 2746
2797,2538 2518 2763
2799,2526 2522 2748
2800,2530 2522 2749
2801,2534 2522 2750
2803,2526 2751
2802,2538 2522 2767
2804,2530 2526 2752
2805,2534 2526 2753
2807,2530 2754
2806,2538 2526 2771
2813,2814
2814,2514
2816,2813 2791 2790 2789 2788 2787 2786 2785
2808,2534 2530 2755
2810,2534 2756
2817,2818
2818,2518
2809,2538 2530 2775
2812,2538 2783
2820,2817 2797 2796 2795 2794 2793 2792 2786
2811,2538 2534 2779
2821,2822
2822,2522
2824,2821 2802 2801 2800 2799 2798 2793 2787
2825,2826
2826,2526
2815,2542 2816 2514
2828,2825 2806 2805 2804 2803 2799 2794 2788
2829,2830
2830,2530
2819,2542 2820 2518
2832,2829 2809 2808 2807 2804 2800 2795 2789
2833,2834
2834,2534
2823,2542 2824 2522
2836,2833 2811 2810 2808 2805 2801 2796 2790
2837,2838
2838,2538
2840,2837 2811 2812 2809 2806 2802 2797 2791
2827,2542 2828 2526
2831,2542 2832 2530
2841,2842
2842,2542
2846,2559 2557
2848,2562 2560
2839,2542 2840 2538
2844,2839 2835 2841 2831 2827 2823 2819 2815
2850,2565 2563
2835,2542 2836 2534
2852,2568 2566
2845,2846 2546 2785
2854,2571 2569
2856,2574 2572
2858,2577 2575
2843,2844 2542
2847,2848 2547 2846 2786
2849,2850 2548 2846 2787
2851,2852 2549 2846 2788
2853,2854 2550 2846 2789
2855,2856 2551 2846 2790
2857,2858 2552 2846 2791
2860,2848 2792
2859,2580 2846 2815
2862,2852 2848 2794
2863,2854 2848 2795
2861,2850 2848 2793
2864,2856 2848 2796
2865,2858 2848 2797
2867,2850 2798
2866,2580 2848 2819
2868,2852 2850 2799
2869,2854 2850 2800
2870,2856 2850 2801
2871,2858 2850 2802
2873,2852 2803
2872,2580 2850 2823
2875,2856 2852 2805
2876,2858 2852 2806
2878,2854 2807
2877,2580 2852 2827
2874,2854 2852 2804
2879,2856 2854 2808
2880,2858 2854 2809
2882,2856 2810
2888,2889
2881,2580 2854 2831
2889,2846
2883,2858 2856 2811
2885,2858 2812
2891,2888 2859 2857 2855 2853 2851 2849 2847 2845
2892,2893
2893,2848
2887,2580 2843
2895,2892 2866 2865 2864 2861 2863 2862 2860 2847
2886,2580 2858 2839
2896,2897
2897,2850
2884,2580 2856 2835
2899,2896 2872 2871 2870 2869 2868 2867 2861 2849
2890,2584 2891 2846
2900,2901
2901,2852
2903,2900 2874 2877 2876 2875 2873 2868 2862 2851
2904,2905
2905,2854
2907,2904 2881 2880 2879 2874 2878 2869 2863 2853
2894,2584 2895 2848
2908,2909
2909,2856
2898,2584 2899 2850
2911,2908 2884 2883 2882 2879 2875 2870 2864 2855
2912,2913
2902,2584 2903 2852
2913,2858
2915,2912 2886 2885 2883 2880 2876 2871 2865 2857
2916,2917
2906,2584 2907 2854
2917,2580
2919,2916 2884 2886 2887 2881 2877 2872 2866 2859
2920,2921
2921,2584
2910,2584 2911 2856
2914,2584 2915 2858
2923,2918 2914 2910 2920 2906 2902 2898 2894 2890
2918,2584 2919 2580
2924,2588 2845
2925,2591 2588 2847
2922,2923 2584
2926,2594 2588 2849
2927,2597 2588 2851
2928,2600 2588 2853
2929,2603 2588 2855
2930,2606 2588 2857
2931,2609 2588 2859
2933,2591 2860
2932,2612 2588 2890
2934,2594 2591 2861
2935,2597 2591 2862
2937,2603 2591 2864
2938,2606 2591 2865
2936,2600 2591 2863
2939,2609 2591 2866
2941,2594 2867
2940,2612 2591 2894
2942,2597 2594 2868
2943,2600 2594 2869
2945,2606 2594 2871
2944,2603 2594 2870
2946,2609 2594 2872
2948,2597 2873
2947,2612 2594 2898
2950,2603 2597 2875
2949,2600 2597 2874
2951,2606 2597 2876
2954,2600 2878
2952,2609 2597 2877
2955,2603 2600 2879
2956,2606 2600 2880
2953,2612 2597 2902
2959,2603 2882
2957,2609 2600 2881
2958,2612 2600 2906
2960,2606 2603 2883
2963,2606 2885
2961,2609 2603 2884
2962,2612 2603 2910
2969,2970
2970,2588
2972,2969 2932 2931 2930 2929 2928 2927 2926 2925 2924
2964,2609 2606 2886
2966,2609 2887
2965,2612 2606 2914
2973,2974
2974,2591
2968,2612 2922
2976,2973 2940 2939 2936 2938 2937 2935 2934 2933 2925
2967,2612 2609 2918
2977,2978
2978,2594
2980,2977 2947 2946 2944 2945 2943 2942 2941 2934 2926
2981,2982
2971,2616 2972 2588
2982,2597
2984,2981 2953 2952 2951 2949 2950 2948 2942 2935 2927
2985,2986
2986,2600
2975,2616 2976 2591
2988,2985 2958 2957 2956 2955 2954 2949 2943 2936 2928
2989,2990
2990,2603
2979,2616 2980 2594
2992,2989 2962 2961 2960 2959 2955 2950 2944 2937 2929
2983,2616 2984 2597
2993,2994
2994,2606
2996,2993 2965 2964 2963 2960 2956 2951 2945 2938 2930
2987,2616 2988 2600
2997,2998
2998,2609
3000,2997 2967 2966 2964 2961 2957 2952 2946 2939 2931
3001,3002
3002,2612
3004,3001 2967 2968 2965 2962 2958 2953 2947 2940 2932
3005,3006
2995,2616 2996 2606
2991,2616 2992 2603
3006,2616
2999,2616 3000 2609
3008,3003 2999 2995 2991 3005 2987 2983 2979 2975 2971
3003,2616 3004 2612
3007,3008 2616
3010,2924
3009,3010
3012,2925
3011,3012
3014,2926
3013,3014
3016,2927
3015,3016
3018,2928
3017,3018
3020,2929
3019,3020
3022,2930
3021,3022
3024,2931
3023,3024
3026,2932
3025,3026
3028,2971
3027,3028
3030,1656
3029,3030
3032,2933
3031,3032
3034,2934
3033,3034
3036,2935
3035,3036
3038,2936
3037,3038
3040,2937
3039,3040
3042,2938
3041,3042
3044,2939
3043,3044
3046,2940
3045,3046
3048,2975
3047,3048
3050,1657
3049,3050
3052,1667
3051,3052
3054,2941
3053,3054
3056,2942
3055,3056
3058,2943
3057,3058
3060,2944
3059,3060
3062,2945
3061,3062
3064,2946
3063,3064
3066,2947
3065,3066
3068,2979
3067,3068
3070,1658
3069,3070
3072,1668
3071,3072
3074,1678
3073,3074
3076,2948
3075,3076
3078,2949
3077,3078
3080,2950
3079,3080
3082,2951
3081,3082
3084,2952
3083,3084
3086,2953
3085,3086
3088,2983
3087,3088
3090,1659
3089,3090
3092,1669
3091,3092
3094,1679
3093,3094
3096,1689
3095,3096
3098,2954
3097,3098
3100,2955
3099,3100
3102,2956
3101,3102
3104,2957
3103,3104
3106,2958
3105,3106
3108,2987
3107,3108
3110,1660
3109,3110
3112,1670
3111,3112
3114,1680
3113,3114
3116,1690
3115,3116
3118,1700
3117,3118
3120,2959
3119,3120
3122,2960
3121,3122
3124,2961
3123,3124
3126,2962
3125,3126
3128,2991
3127,3128
3130,1661
3129,3130
3132,1671
3131,3132
3134,1681
3133,3134
3136,1691
3135,3136
3138,1701
3137,3138
3140,1711
3139,3140
3142,2963
3141,3142
3144,2964
3143,3144
3146,2965
3145,3146
3148,2995
3147,3148
3150,1662
3149,3150
3152,1672
3151,3152
3154,1682
3153,3154
3156,1692
3155,3156
3158,1702
3157,3158
3160,1712
3159,3160
3162,1722
3161,3162
3164,2966
3163,3164
3166,2967
3165,3166
3168,2999
3167,3168
3170,1663
3169,3170
3172,1673
3171,3172
3174,1683
3173,3174
3176,1693
3175,3176
3178,1703
3177,3178
3180,1713
3179,3180
3182,1723
3181,3182
3184,1733
3183,3184
3186,2968
3185,3186
3188,3003
3187,3188
3190,1664
3189,3190
3192,1674
3191,3192
3194,1684
3193,3194
3196,1694
3195,3196
3198,1704
3197,3198
3200,1714
3199,3200
3202,1724
3201,3202
3204,1734
3203,3204
3206,1744
3205,3206
3208,3007
3207,3208
