1755,1655
1756,1755 1655 1665
1761,1755 1715
1765,1766
1758,1755 1655 1685
1762,1755 1725
1766,1755
1759,1755 1655 1695
1760,1755 1655 1705
1757,1755 1655 1675
1763,1755 1735
1764,1755 1745
1767,1756 1666
1768,1757 1756 1676
1769,1758 1756 1686
1770,1759 1756 1696
1771,1760 1756 1706
1772,1761 1756 1716
1773,1762 1756 1726
1776,1777
1777,1756
1774,1763 1756 1736
1775,1764 1756 1746
1778,1757 1677
1779,1758 1757 1687
1780,1759 1757 1697
1781,1760 1757 1707
1782,1761 1757 1717
1783,1762 1757 1727
1786,1787
1787,1757
1784,1763 1757 1737
1785,1764 1757 1747
1788,1758 1688
1789,1759 1758 1698
1790,1760 1758 1708
1791,1761 1758 1718
1792,1762 1758 1728
1795,1796
1796,1758
1793,1763 1758 1738
1794,1764 1758 1748
1797,1759 1699
1798,1760 1759 1709
1799,1761 1759 1719
1803,1804
1804,1759
1800,1762 1759 1729
1801,1763 1759 1739
1802,1764 1759 1749
1805,1760 1710
1806,1761 1760 1720
1810,1811
1807,1762 1760 1730
1811,1760
1808,1763 1760 1740
1809,1764 1760 1750
1812,1761 1721
1813,1762 1761 1731
1816,1817
1817,1761
1814,1763 1761 1741
1815,1764 1761 1751
1818,1762 1732
1821,1822
1819,1763 1762 1742
1822,1762
1820,1764 1762 1752
1825,1826
1823,1763 1743
1826,1763
1824,1764 1763 1753
1828,1829
1829,1764
1827,1764 1754
1830,1767
1839,1840
1840,1830
1832,1830 1767 1769
1831,1830 1767 1768
1833,1830 1767 1770
1834,1830 1767 1771
1837,1830 1774
1835,1830 1767 1772
1836,1830 1767 1773
1841,1831 1768 1778
1838,1830 1775
1842,1832 1831 1779
1843,1833 1831 1780
1844,1834 1831 1781
1845,1835 1831 1782
1846,1836 1831 1783
1849,1850
1850,1831
1847,1837 1831 1784
1848,1838 1831 1785
1851,1832 1788
1852,1833 1832 1789
1853,1834 1832 1790
1854,1835 1832 1791
1855,1836 1832 1792
1858,1859
1856,1837 1832 1793
1859,1832
1857,1838 1832 1794
1860,1833 1797
1861,1834 1833 1798
1862,1835 1833 1799
1866,1867
1863,1836 1833 1800
1867,1833
1864,1837 1833 1801
1865,1838 1833 1802
1868,1834 1805
1870,1836 1834 1807
1869,1835 1834 1806
1873,1874
1874,1834
1871,1837 1834 1808
1872,1838 1834 1809
1875,1835 1812
1876,1836 1835 1813
1879,1880
1880,1835
1877,1837 1835 1814
1878,1838 1835 1815
1881,1836 1818
1884,1885
1882,1837 1836 1819
1885,1836
1883,1838 1836 1820
1888,1889
1886,1837 1823
1889,1837
1887,1838 1837 1824
1891,1892
1892,1838
1890,1838 1827
1893,1841
1901,1902
1902,1893
1899,1893 1847
1895,1893 1841 1843
1896,1893 1841 1844
1897,1893 1841 1845
1898,1893 1841 1846
1900,1893 1848
1894,1893 1841 1842
1904,1895 1843 1894 1842 1852
1905,1896 1894 1853
1903,1894 1842 1851
1906,1897 1894 1854
1907,1898 1894 1855
1908,1899 1894 1856
1910,1911
1911,1894
1909,1900 1894 1857
1912,1895 1860
1913,1896 1895 1861
1914,1897 1895 1862
1915,1898 1895 1863
1918,1919
1919,1895
1916,1899 1895 1864
1917,1900 1895 1865
1920,1896 1868
1921,1897 1896 1869
1922,1898 1896 1870
1925,1926
1926,1896
1923,1899 1896 1871
1924,1900 1896 1872
1927,1897 1875
1928,1898 1897 1876
1931,1932
1932,1897
1929,1899 1897 1877
1930,1900 1897 1878
1933,1898 1881
1936,1937
1937,1898
1934,1899 1898 1882
1935,1900 1898 1883
1940,1941
1938,1899 1886
1941,1899
1943,1944
1944,1900
1939,1900 1899 1887
1942,1900 1890
1952,1953
1953,1945 1903
1945,1903
1960,1961
1961,1946 1904
1948,1945 1903 1906
1946,1945 1903 1904
1949,1945 1903 1907
1947,1945 1903 1905
1950,1945 1903 1908
1954,1946 1904 1912
1956,1948 1906 1946 1904 1914
1951,1945 1903 1909
1962,1947 1905 1920
1957,1949 1907 1946 1904 1915
1958,1950 1908 1946 1904 1916
1955,1947 1905 1946 1904 1913
1963,1948 1947 1921
1964,1949 1947 1922
1959,1951 1909 1946 1904 1917
1967,1968
1968,1947
1965,1950 1947 1923
1966,1951 1947 1924
1969,1948 1927
1970,1949 1948 1928
1973,1974
1974,1948
1971,1950 1948 1929
1972,1951 1948 1930
1975,1949 1933
1978,1979
1979,1949
1976,1950 1949 1934
1977,1951 1949 1935
1982,1983
1983,1950
1980,1950 1938
1981,1951 1950 1939
1985,1986
1986,1951
1984,1951 1942
1993,1994
1994,1987
1987,1954
1992,1987 1959
1989,1987 1954 1956
1988,1987 1954 1955
1990,1987 1954 1957
1991,1987 1954 1958
2000,2001
2001,1988
1995,1988 1955 1962
1996,1989 1956 1988 1955 1963
1997,1990 1957 1988 1955 1964
1998,1991 1958 1988 1965
1999,1992 1988 1966
2002,1989 1969
2006,2007
2004,1991 1989 1971
2007,1989
2003,1990 1989 1970
2005,1992 1989 1972
2008,1990 1975
2011,2012
2012,1990
2009,1991 1990 1976
2010,1992 1990 1977
2015,2016
2013,1991 1980
2016,1991
2014,1992 1991 1981
2018,2019
2019,1992
2017,1992 1984
2025,2026
2026,2020 1995
2020,1995
2031,2032
2032,2021 1996
2021,2020 1995 1996
2024,2020 1995 1999
2023,2020 1995 1998
2022,2020 1995 1997
2027,2021 1996 2002
2036,2037
2037,2022
2030,2024 1999 2021 1996 2005
2029,2023 1998 2021 1996 2004
2033,2022 1997 2008
2028,2022 1997 2021 1996 2003
2034,2023 1998 2022 1997 2009
2035,2024 2022 2010
2038,2023 2013
2040,2041
2041,2023
2043,2044
2039,2024 2023 2014
2044,2024
2042,2024 2017
2049,2050
2050,2045 2027
2045,2027
2048,2045 2027 2030
2058,2059
2059,2047 2029
2047,2045 2027 2029
2054,2055
2055,2046 2028
2061,2062
2056,2047 2029 2038
2051,2046 2028 2033
2046,2045 2027 2028
2062,2048
2052,2047 2029 2046 2028 2034
2060,2048 2042
2057,2048 2030 2047 2029 2039
2053,2048 2030 2046 2028 2035
2066,2067
2067,2063 2051
2063,2051
2073,2074
2074,2065 2053
2070,2071
2065,2063 2051 2053
2086,1775 1774 1776 1773 1772 1771 1770 1769 1768 1767
2071,2064 2052
2064,2063 2051 2052
2072,2065 2053 2060
2068,2064 2052 2056
2069,2065 2053 2064 2052 2057
2088,1785 1784 1786 1783 1782 1781 1780 1779 1778 1768
2090,1794 1793 1795 1792 1791 1790 1789 1788 1779 1769
2077,2078
2078,2075 2056
2075,2068 2056
2092,1802 1801 1800 1803 1799 1798 1797 1789 1780 1770
2087,1755 2088 1757
2085,1755 2086 1756
2080,2081
2094,1809 1808 1810 1807 1806 1805 1798 1790 1781 1771
2081,2076 2057
2089,1755 2090 1758
2076,2075 2056 2069 2057
2096,1815 1814 1816 1813 1812 1806 1799 1791 1782 1772
2079,2076 2057 2072 2060
2091,1755 2092 1759
2098,1820 1819 1821 1818 1813 1807 1800 1792 1783 1773
2093,1755 2094 1760
2083,2084
2100,1824 1823 1825 1819 1814 1808 1801 1793 1784 1774
2084,2082 2060
2082,2079 2060
2095,1755 2096 1761
2102,1827 1828 1824 1820 1815 1809 1802 1794 1785 1775
2097,1755 2098 1762
2103,2104
2104,2085
2105,2106
2099,1755 2100 1763
2106,2087
2107,2108
2108,2089
2109,2110
2110,2091
2101,1755 2102 1764
2111,2112
2112,2093
2113,2114
2114,2095
2115,2116
2116,2097
2117,2118
2118,2099
2119,2120
2120,2101
2121,2122
2122,1755
2124,2121 2101 2099 2097 2095 2093 2091 2089 2087 2085 1764 1763 1757 1760 1759 1762 1758 1765 1761 1756
2126,1848 1847 1849 1846 1845 1844 1843 1842 1841
2128,1857 1856 1858 1855 1854 1853 1852 1851 1842
2123,2124 1755
2130,1865 1864 1866 1863 1862 1861 1860 1852 1843
2125,1830 2126 1831
2127,1830 2128 1832
2132,1872 1871 1873 1870 1869 1868 1861 1853 1844
2129,1830 2130 1833
2134,1878 1877 1879 1876 1875 1869 1862 1854 1845
2136,1883 1882 1884 1881 1876 1870 1863 1855 1846
2131,1830 2132 1834
2138,1887 1886 1888 1882 1877 1871 1864 1856 1847
2133,1830 2134 1835
2140,1890 1891 1887 1883 1878 1872 1865 1857 1848
2135,1830 2136 1836
2142,2143
2143,2125
2137,1830 2138 1837
2141,2125 2085 2105
2145,2146
2139,1830 2140 1838
2146,2127
2144,2127 2085 2107
2148,2149
2149,2129
2147,2129 2085 2109
2151,2152
2152,2131
2150,2131 2085 2111
2154,2155
2155,2133
2157,2158
2158,2135
2153,2133 2085 2113
2160,2161
2156,2135 2085 2115
2161,2137
2159,2137 2085 2117
2163,2164
2164,2139
2165,2166
2166,2085
2162,2139 2085 2119
2168,2162 2165 2159 2156 2153 2150 2147 2144 2141 2103
2169,2170
2170,1830
2172,2167 2169 2139 2137 2135 2133 2131 2129 2127 2125 1838 1836 1835 1837 1834 1833 1832 1831 1839
2167,1830 2168 2085
2174,1909 1910 1908 1907 1906 1905 1903 1904
2176,1917 1916 1918 1915 1914 1913 1912 1904
2171,2172 1830
2178,1924 1923 1925 1922 1921 1920 1913 1905
2173,1893 2174 1894
2180,1930 1929 1931 1928 1927 1921 1914 1906
2175,1893 2176 1895
2182,1935 1934 1936 1933 1928 1922 1915 1907
2177,1893 2178 1896
2184,1939 1938 1940 1934 1929 1923 1916 1908
2179,1893 2180 1897
2186,1942 1939 1943 1935 1930 1924 1917 1909
2181,1893 2182 1898
2183,1893 2184 1899
2189,2144 2145
2190,2191
2191,2173
2187,2173 2141 2144
2185,1893 2186 1900
2188,2173 2125 2189 2127
2194,2147 2148
2195,2196
2196,2175
2192,2175 2141 2147
2199,2150 2151
2193,2175 2125 2194 2129
2200,2201
2201,2177
2197,2177 2141 2150
2198,2177 2125 2199 2131
2204,2153 2154
2205,2206
2206,2179
2202,2179 2141 2153
2203,2179 2125 2204 2133
2209,2156 2157
2210,2211
2211,2181
2207,2181 2141 2156
2208,2181 2125 2209 2135
2214,2159 2160
2215,2216
2216,2183
2212,2183 2141 2159
2219,2162 2163
2213,2183 2125 2214 2137
2220,2221
2221,2185
2217,2185 2141 2162
2222,2223
2223,2141
2218,2185 2125 2219 2139
2225,2222 2217 2212 2207 2202 2197 2192 2187
2226,2227
2227,2125
2229,2226 2218 2213 2208 2203 2198 2193 2188 2141 2142
2230,2231
2231,1893
2224,1893 2225 2141
2235,1959 1955 1958 1957 1956 1954 1960
2233,2228 2224 2230 2185 2183 2181 2179 2177 2175 2173 1900 1898 1897 1896 1894 1895 1899 1901
2228,1893 2229 2125
2237,1966 1965 1967 1964 1963 1955 1962
2239,1972 1971 1973 1970 1969 1963 1956
2234,1945 2235 1946
2232,2233 1893
2241,1977 1976 1978 1975 1970 1964 1957
2236,1945 2237 1947
2243,1981 1980 1982 1976 1971 1965 1958
2238,1945 2239 1948
2245,1984 1985 1981 1977 1972 1966 1959
2240,1945 2241 1949
2242,1945 2243 1950
2249,2193 2192 2195
2244,1945 2245 1951
2246,2234 2187 2192
2250,2251
2251,2234
2247,2234 2188 2193
2248,2234 2173 2249 2175
2255,2198 2197 2200
2252,2236 2187 2197
2256,2257
2257,2236
2253,2236 2188 2198
2254,2236 2173 2255 2177
2261,2203 2202 2205
2258,2238 2187 2202
2262,2263
2263,2238
2259,2238 2188 2203
2260,2238 2173 2261 2179
2267,2208 2207 2210
2264,2240 2187 2207
2265,2240 2188 2208
2268,2269
2269,2240
2266,2240 2173 2267 2181
2270,2242 2187 2212
2273,2213 2212 2215
2274,2275
2271,2242 2188 2213
2275,2242
2272,2242 2173 2273 2183
2279,2218 2217 2220
2276,2244 2187 2217
2280,2281
2277,2244 2188 2218
2281,2244
2282,2283
2283,2187
2278,2244 2173 2279 2185
2285,2282 2276 2270 2264 2258 2252 2246
2286,2287
2287,2188
2289,2286 2277 2271 2265 2259 2253 2247
2290,2291
2291,2173
2284,1945 2285 2187
2293,2290 2278 2272 2266 2260 2254 2248 2188 2187 2190
2288,1945 2289 2188
2294,2295
2295,1945
2297,2292 2294 2288 2284 2244 2242 2240 2238 2236 2234 1951 1950 1949 1948 1947 1946 1952
2299,1999 1998 1997 1996 1995 2000
2292,1945 2293 2173
2301,2005 2003 2004 2006 2002 1996
2303,2010 2009 2011 2008 2003 1997
2296,2297 1945
2305,2014 2013 2015 2009 2004 1998
2298,1987 2299 1988
2307,2017 2018 2014 2010 2005 1999
2300,1987 2301 1989
2302,1987 2303 1990
2304,1987 2305 1991
2308,2298 2246 2252
2306,1987 2307 1992
2312,2254 2253 2256 2252
2309,2298 2247 2253
2310,2298 2248 2254
2313,2314
2314,2298
2311,2298 2234 2312 2236
2315,2300 2246 2258
2319,2260 2259 2262 2258
2316,2300 2247 2259
2320,2321
2321,2300
2317,2300 2248 2260
2318,2300 2234 2319 2238
2322,2302 2246 2264
2323,2302 2247 2265
2326,2266 2268 2265 2264
2327,2328
2324,2302 2248 2266
2328,2302
2325,2302 2234 2326 2240
2329,2304 2246 2270
2333,2272 2274 2271 2270
2331,2304 2248 2272
2330,2304 2247 2271
2334,2335
2335,2304
2332,2304 2234 2333 2242
2336,2306 2246 2276
2340,2278 2277 2280 2276
2341,2342
2337,2306 2247 2277
2338,2306 2248 2278
2342,2306
2343,2344
2344,2246
2339,2306 2234 2340 2244
2346,2343 2336 2329 2322 2315 2308
2347,2348
2348,2247
2350,2347 2337 2330 2323 2316 2309
2351,2352
2352,2248
2354,2351 2338 2331 2324 2317 2310
2345,1987 2346 2246
2355,2356
2356,2234
2349,1987 2350 2247
2358,2355 2339 2332 2325 2318 2311 2248 2247 2250 2246
2359,2360
2353,1987 2354 2248
2360,1987
2364,2028 2029 2030 2027 2031
2362,2357 2353 2359 2349 2345 2306 2304 2302 2300 2298 1991 1990 1989 1988 1992 1993
2357,1987 2358 2234
2366,2035 2034 2028 2033 2036
2368,2039 2040 2038 2034 2029
2363,2020 2364 2021
2361,2362 1987
2370,2042 2039 2043 2035 2030
2365,2020 2366 2022
2367,2020 2368 2023
2369,2020 2370 2024
2371,2363 2308 2315
2372,2363 2309 2316
2376,2318 2317 2320 2316 2315
2373,2363 2310 2317
2374,2363 2311 2318
2377,2378
2378,2363
2375,2363 2298 2376 2300
2379,2365 2308 2322
2380,2365 2309 2323
2381,2365 2310 2324
2384,2325 2324 2327 2323 2322
2385,2386
2386,2365
2382,2365 2311 2325
2383,2365 2298 2384 2302
2387,2367 2308 2329
2388,2367 2309 2330
2389,2367 2310 2331
2392,2332 2334 2330 2331 2329
2393,2394
2394,2367
2390,2367 2311 2332
2391,2367 2298 2392 2304
2396,2369 2309 2337
2395,2369 2308 2336
2400,2339 2338 2337 2341 2336
2398,2369 2311 2339
2397,2369 2310 2338
2401,2402
2402,2369
2403,2404
2404,2308
2399,2369 2298 2400 2306
2406,2403 2395 2387 2379 2371
2407,2408
2408,2309
2410,2407 2396 2388 2380 2372
2411,2412
2412,2310
2405,2020 2406 2308
2414,2411 2397 2389 2381 2373
2409,2020 2410 2309
2415,2416
2416,2311
2418,2415 2398 2390 2382 2374
2419,2420
2420,2298
2413,2020 2414 2310
2422,2419 2399 2391 2383 2375 2311 2313 2310 2309 2308
2423,2424
2424,2020
2417,2020 2418 2311
2428,2053 2052 2051 2054
2426,2421 2417 2423 2413 2409 2405 2369 2367 2365 2363 2024 2022 2023 2021 2025
2421,2020 2422 2298
2430,2057 2052 2056 2058
2432,2053 2057 2060 2061
2427,2045 2428 2046
2425,2426 2020
2429,2045 2430 2047
2433,2427 2428 2371 2379
2431,2045 2432 2048
2434,2427 2372 2380
2435,2427 2373 2381
2439,2383 2382 2385 2381 2380 2379
2436,2427 2374 2382
2437,2427 2375 2383
2440,2441
2441,2427
2438,2427 2363 2439 2365
2443,2429 2372 2388
2442,2429 2371 2387
2444,2429 2373 2389
2448,2391 2390 2393 2389 2388 2387
2445,2429 2374 2390
2449,2450
2446,2429 2375 2391
2450,2429
2447,2429 2363 2448 2367
2452,2431 2372 2396
2451,2431 2371 2395
2453,2431 2373 2397
2454,2431 2374 2398
2457,2399 2401 2397 2398 2395 2396
2458,2459
2455,2431 2375 2399
2459,2431
2460,2461
2461,2371
2456,2431 2363 2457 2369
2463,2460 2451 2442 2433
2464,2465
2465,2372
2467,2464 2452 2443 2434
2462,2045 2463 2371
2468,2469
2469,2373
2471,2468 2453 2444 2435
2472,2473
2473,2374
2466,2045 2467 2372
2475,2472 2454 2445 2436
2476,2477
2477,2375
2470,2045 2471 2373
2479,2476 2455 2446 2437
2480,2481
2474,2045 2475 2374
2481,2363
2483,2480 2456 2447 2438 2375 2377 2374 2373 2372 2371
2484,2485
2478,2045 2479 2375
2485,2045
2489,2069 2068 2070
2491,2069 2072 2073
2487,2482 2478 2484 2474 2470 2466 2462 2431 2429 2427 2048 2046 2047 2049
2482,2045 2483 2363
2488,2063 2489 2064
2486,2487 2045
2490,2063 2491 2065
2492,2488 2489 2433 2442
2493,2488 2489 2434 2443
2494,2488 2489 2435 2444
2495,2488 2436 2445
2496,2488 2437 2446
2499,2447 2446 2449 2445 2444 2442 2443
2500,2501
2501,2488
2497,2488 2438 2447
2498,2488 2427 2499 2429
2502,2490 2433 2451
2504,2490 2435 2453
2503,2490 2434 2452
2505,2490 2436 2454
2509,2456 2455 2458 2454 2453 2451 2452
2506,2490 2437 2455
2510,2511
2507,2490 2438 2456
2511,2490
2512,2513
2513,2433
2508,2490 2427 2509 2431
2515,2512 2502 2492
2516,2517
2517,2434
2519,2516 2503 2493
2520,2521
2514,2063 2515 2433
2521,2435
2523,2520 2504 2494
2518,2063 2519 2434
2524,2525
2525,2436
2527,2524 2505 2495
2528,2529
2529,2437
2531,2528 2506 2496
2522,2063 2523 2435
2532,2533
2526,2063 2527 2436
2533,2438
2535,2532 2507 2497
2536,2537
2537,2427
2530,2063 2531 2437
2539,2536 2508 2498 2438 2440 2437 2436 2435 2434 2433
2540,2541
2541,2063
2534,2063 2535 2438
2545,2079 2080
2543,2538 2534 2540 2530 2526 2522 2518 2514 2490 2488 2064 2065 2066
2538,2063 2539 2427
2542,2543 2063
2544,2075 2545 2076
2546,2544 2545 2492 2502
2547,2544 2545 2493 2503
2551,2544 2497 2507
2549,2544 2545 2495 2505
2550,2544 2545 2496 2506
2554,2508 2510 2507 2506 2505 2503 2504 2502
2548,2544 2545 2494 2504
2552,2544 2498 2508
2555,2556
2556,2544
2557,2558
2558,2492
2553,2544 2488 2554 2490
2560,2557 2546
2561,2562
2562,2493
2564,2561 2547
2565,2566
2566,2494
2568,2565 2548
2559,2075 2560 2492
2563,2075 2564 2493
2569,2570
2570,2495
2572,2569 2549
2573,2574
2574,2496
2576,2573 2550
2567,2075 2568 2494
2577,2578
2578,2497
2571,2075 2572 2495
2580,2577 2551
2581,2582
2582,2498
2575,2075 2576 2496
2584,2581 2552
2585,2586
2579,2075 2580 2497
2586,2488
2588,2585 2553 2498 2500 2497 2496 2495 2494 2493 2492
2589,2590
2590,2075
2583,2075 2584 2498
2593,2594
2594,2546
2592,2587 2589 2583 2579 2575 2571 2567 2563 2559 2544 2076 2077
2587,2075 2588 2488
2596,2597
2597,2547
2595,2082 2593
2599,2600
2600,2548
2591,2592 2075
2602,2603
2603,2549
2598,2082 2596
2605,2606
2606,2550
2601,2082 2599
2608,2609
2609,2551
2604,2082 2602
2611,2612
2612,2552
2607,2082 2605
2614,2615
2615,2553
2610,2082 2608
2617,2618
2618,2544
2613,2082 2611
2620,2617 2553 2555 2552 2548 2550 2549 2551 2547 2546
2621,2622
2616,2082 2614
2622,2082
2625,2626
2626,2123
2629,2630
2630,2167
2624,2619 2616 2621 2613 2610 2607 2604 2601 2598 2595 2083
2619,2082 2620 2544
2632,2633
2633,2171
2627,2625
2623,2624 2082
2628,2167 2627 2625
2638,2639
2639,2224
2635,2224 2628 2627
2642,2643
2631,2171 2628 2167
2643,2228
2646,2647
2647,2232
2641,2636 2635 2638
2636,2228 2224 2631 2628
2634,2631 2171
2645,2637 2636 2642
2637,2228 2634 2171
2652,2636 2629
2640,2232 2641 2224
2650,2284 2635
2649,2644 2640 2646
2644,2232 2645 2228
2655,2637 2632
2651,2288 2284 2652 2631
2653,2292 2284 2640
2648,2649 2232
2654,2288 2655 2634
2658,2659
2656,2292 2288 2644
2659,2284
2657,2292 2648
2661,2658 2653 2651 2650
2662,2663
2663,2288
2665,2662 2656 2654 2651
2660,2296 2661 2284
2666,2667
2667,2292
2669,2666 2657 2656 2653
2664,2296 2665 2288
2670,2671
2671,2296
2673,2668 2670 2664 2660
2668,2296 2669 2292
2674,2345 2650
2672,2673 2296
2675,2349 2345 2651
2676,2353 2345 2653
2677,2357 2345 2660
2678,2349 2654
2679,2353 2349 2656
2680,2357 2349 2664
2681,2353 2657
2684,2685
2685,2345
2682,2357 2353 2668
2687,2684 2677 2676 2675 2674
2683,2357 2672
2688,2689
2689,2349
2691,2688 2680 2679 2678 2675
2686,2361 2687 2345
2692,2693
2693,2353
2695,2692 2682 2681 2679 2676
2690,2361 2691 2349
2696,2697
2697,2357
2699,2696 2683 2682 2680 2677
2694,2361 2695 2353
2700,2701
2701,2361
2703,2698 2700 2694 2690 2686
2698,2361 2699 2357
2702,2703 2361
2704,2405 2674
2705,2409 2405 2675
2706,2413 2405 2676
2707,2417 2405 2677
2708,2421 2405 2686
2709,2409 2678
2710,2413 2409 2679
2711,2417 2409 2680
2712,2421 2409 2690
2713,2413 2681
2715,2421 2413 2694
2714,2417 2413 2682
2716,2417 2683
2719,2720
2720,2405
2717,2421 2417 2698
2718,2421 2702
2722,2719 2708 2707 2706 2705 2704
2723,2724
2724,2409
2726,2723 2712 2711 2710 2709 2705
2727,2728
2721,2425 2722 2405
2728,2413
2730,2727 2714 2715 2713 2710 2706
2725,2425 2726 2409
2731,2732
2732,2417
2734,2731 2717 2716 2714 2711 2707
2729,2425 2730 2413
2735,2736
2736,2421
2738,2735 2718 2717 2715 2712 2708
2739,2740
2740,2425
2733,2425 2734 2417
2742,2737 2733 2739 2729 2725 2721
2737,2425 2738 2421
2743,2462 2704
2741,2742 2425
2744,2466 2462 2705
2745,2470 2462 2706
2746,2474 2462 2707
2747,2478 2462 2708
2748,2482 2462 2721
2749,2466 2709
2750,2470 2466 2710
2751,2474 2466 2711
2752,2478 2466 2712
2753,2482 2466 2725
2754,2470 2713
2755,2474 2470 2714
2756,2478 2470 2715
2757,2482 2470 2729
2758,2474 2716
2759,2478 2474 2717
2760,2482 2474 2733
2764,2765
2761,2478 2718
2765,2462
2762,2482 2478 2737
2763,2482 2741
2767,2764 2748 2747 2746 2745 2744 2743
2768,2769
2769,2466
2771,2768 2753 2752 2751 2750 2749 2744
2766,2486 2767 2462
2772,2773
2773,2470
2775,2772 2757 2756 2755 2754 2750 2745
2776,2777
2770,2486 2771 2466
2777,2474
2779,2776 2760 2759 2758 2755 2751 2746
2774,2486 2775 2470
2780,2781
2781,2478
2778,2486 2779 2474
2783,2780 2762 2761 2759 2756 2752 2747
2784,2785
2785,2482
2787,2784 2763 2762 2760 2757 2753 2748
2782,2486 2783 2478
2788,2789
2789,2486
2791,2786 2788 2782 2778 2774 2770 2766
2786,2486 2787 2482
2792,2514 2743
2790,2791 2486
2793,2518 2514 2744
2794,2522 2514 2745
2795,2526 2514 2746
2796,2530 2514 2747
2797,2534 2514 2748
2798,2538 2514 2766
2799,2518 2749
2800,2522 2518 2750
2801,2526 2518 2751
2802,2530 2518 2752
2803,2534 2518 2753
2804,2538 2518 2770
2805,2522 2754
2806,2526 2522 2755
2807,2530 2522 2756
2808,2534 2522 2757
2810,2526 2758
2809,2538 2522 2774
2811,2530 2526 2759
2812,2534 2526 2760
2813,2538 2526 2778
2814,2530 2761
2815,2534 2530 2762
2816,2538 2530 2782
2817,2534 2763
2820,2821
2821,2514
2818,2538 2534 2786
2823,2820 2798 2797 2796 2795 2794 2793 2792
2819,2538 2790
2824,2825
2825,2518
2827,2824 2804 2803 2802 2801 2800 2799 2793
2822,2542 2823 2514
2828,2829
2829,2522
2831,2828 2809 2808 2807 2806 2805 2800 2794
2826,2542 2827 2518
2832,2833
2833,2526
2830,2542 2831 2522
2835,2832 2813 2812 2811 2810 2806 2801 2795
2836,2837
2837,2530
2839,2836 2816 2815 2814 2811 2807 2802 2796
2834,2542 2835 2526
2840,2841
2841,2534
2843,2840 2818 2817 2815 2812 2808 2803 2797
2844,2845
2838,2542 2839 2530
2845,2538
2847,2844 2819 2818 2816 2813 2809 2804 2798
2842,2542 2843 2534
2848,2849
2849,2542
2851,2846 2848 2842 2838 2834 2830 2826 2822
2846,2542 2847 2538
2850,2851 2542
2852,2559 2792
2854,2567 2559 2794
2853,2563 2559 2793
2855,2571 2559 2795
2856,2575 2559 2796
2857,2579 2559 2797
2858,2583 2559 2798
2859,2587 2559 2822
2860,2563 2799
2862,2571 2563 2801
2861,2567 2563 2800
2863,2575 2563 2802
2864,2579 2563 2803
2865,2583 2563 2804
2866,2587 2563 2826
2867,2567 2805
2868,2571 2567 2806
2869,2575 2567 2807
2870,2579 2567 2808
2871,2583 2567 2809
2873,2571 2810
2872,2587 2567 2830
2874,2575 2571 2811
2875,2579 2571 2812
2876,2583 2571 2813
2877,2587 2571 2834
2878,2575 2814
2879,2579 2575 2815
2880,2583 2575 2816
2881,2587 2575 2838
2882,2579 2817
2883,2583 2579 2818
2884,2587 2579 2842
2888,2889
2889,2559
2885,2583 2819
2886,2587 2583 2846
2887,2587 2850
2891,2888 2859 2858 2857 2856 2855 2853 2854 2852
2892,2893
2893,2563
2895,2892 2866 2865 2864 2863 2861 2862 2860 2853
2890,2591 2891 2559
2896,2897
2897,2567
2899,2896 2872 2871 2870 2869 2868 2867 2861 2854
2894,2591 2895 2563
2900,2901
2901,2571
2903,2900 2877 2876 2875 2874 2873 2868 2862 2855
2898,2591 2899 2567
2904,2905
2905,2575
2902,2591 2903 2571
2907,2904 2881 2880 2879 2878 2874 2869 2863 2856
2908,2909
2909,2579
2911,2908 2884 2883 2882 2879 2875 2870 2864 2857
2906,2591 2907 2575
2912,2913
2913,2583
2915,2912 2886 2885 2883 2880 2876 2871 2865 2858
2910,2591 2911 2579
2916,2917
2917,2587
2919,2916 2887 2886 2884 2881 2877 2872 2866 2859
2914,2591 2915 2583
2920,2921
2921,2591
2923,2918 2920 2914 2910 2906 2902 2898 2894 2890
2918,2591 2919 2587
2924,2595 2852
2922,2923 2591
2925,2598 2595 2853
2926,2601 2595 2854
2928,2607 2595 2856
2927,2604 2595 2855
2929,2610 2595 2857
2930,2613 2595 2858
2931,2616 2595 2859
2932,2619 2595 2890
2933,2598 2860
2934,2601 2598 2861
2935,2604 2598 2862
2936,2607 2598 2863
2937,2610 2598 2864
2938,2613 2598 2865
2939,2616 2598 2866
2941,2601 2867
2940,2619 2598 2894
2942,2604 2601 2868
2943,2607 2601 2869
2944,2610 2601 2870
2945,2613 2601 2871
2946,2616 2601 2872
2947,2619 2601 2898
2948,2604 2873
2949,2607 2604 2874
2950,2610 2604 2875
2951,2613 2604 2876
2952,2616 2604 2877
2954,2607 2878
2953,2619 2604 2902
2955,2610 2607 2879
2956,2613 2607 2880
2957,2616 2607 2881
2958,2619 2607 2906
2959,2610 2882
2960,2613 2610 2883
2961,2616 2610 2884
2962,2619 2610 2910
2963,2613 2885
2964,2616 2613 2886
2965,2619 2613 2914
2966,2616 2887
2969,2970
2967,2619 2616 2918
2970,2595
2972,2969 2932 2931 2930 2929 2927 2928 2926 2925 2924
2968,2619 2922
2973,2974
2974,2598
2976,2973 2940 2939 2938 2937 2936 2935 2934 2933 2925
2971,2623 2972 2595
2977,2978
2978,2601
2980,2977 2947 2946 2945 2944 2943 2942 2941 2934 2926
2975,2623 2976 2598
2981,2982
2982,2604
2984,2981 2953 2952 2951 2950 2949 2948 2942 2935 2927
2979,2623 2980 2601
2985,2986
2986,2607
2988,2985 2958 2957 2956 2955 2954 2949 2943 2936 2928
2989,2990
2990,2610
2983,2623 2984 2604
2992,2989 2962 2961 2960 2959 2955 2950 2944 2937 2929
2987,2623 2988 2607
2993,2994
2994,2613
2991,2623 2992 2610
2996,2993 2965 2964 2963 2960 2956 2951 2945 2938 2930
2997,2998
2998,2616
2995,2623 2996 2613
3000,2997 2967 2966 2964 2961 2957 2952 2946 2939 2931
3001,3002
3002,2619
3004,3001 2968 2967 2965 2962 2958 2953 2947 2940 2932
2999,2623 3000 2616
3005,3006
3006,2623
3008,3003 3005 2999 2995 2991 2987 2983 2979 2975 2971
3003,2623 3004 2619
3007,3008 2623
3010,2924
3009,3010
3012,2925
3011,3012
3014,2926
3013,3014
3016,2927
3015,3016
3018,2928
3017,3018
3020,2929
3019,3020
3022,2930
3021,3022
3024,2931
3023,3024
3026,2932
3025,3026
3028,2971
3027,3028
3030,1656
3029,3030
3032,2933
3031,3032
3034,2934
3033,3034
3036,2935
3035,3036
3038,2936
3037,3038
3040,2937
3039,3040
3042,2938
3041,3042
3044,2939
3043,3044
3046,2940
3045,3046
3048,2975
3047,3048
3050,1657
3049,3050
3052,1667
3051,3052
3054,2941
3053,3054
3056,2942
3055,3056
3058,2943
3057,3058
3060,2944
3059,3060
3062,2945
3061,3062
3064,2946
3063,3064
3066,2947
3065,3066
3068,2979
3067,3068
3070,1658
3069,3070
3072,1668
3071,3072
3074,1678
3073,3074
3076,2948
3075,3076
3078,2949
3077,3078
3080,2950
3079,3080
3082,2951
3081,3082
3084,2952
3083,3084
3086,2953
3085,3086
3088,2983
3087,3088
3090,1659
3089,3090
3092,1669
3091,3092
3094,1679
3093,3094
3096,1689
3095,3096
3098,2954
3097,3098
3100,2955
3099,3100
3102,2956
3101,3102
3104,2957
3103,3104
3106,2958
3105,3106
3108,2987
3107,3108
3110,1660
3109,3110
3112,1670
3111,3112
3114,1680
3113,3114
3116,1690
3115,3116
3118,1700
3117,3118
3120,2959
3119,3120
3122,2960
3121,3122
3124,2961
3123,3124
3126,2962
3125,3126
3128,2991
3127,3128
3130,1661
3129,3130
3132,1671
3131,3132
3134,1681
3133,3134
3136,1691
3135,3136
3138,1701
3137,3138
3140,1711
3139,3140
3142,2963
3141,3142
3144,2964
3143,3144
3146,2965
3145,3146
3148,2995
3147,3148
3150,1662
3149,3150
3152,1672
3151,3152
3154,1682
3153,3154
3156,1692
3155,3156
3158,1702
3157,3158
3160,1712
3159,3160
3162,1722
3161,3162
3164,2966
3163,3164
3166,2967
3165,3166
3168,2999
3167,3168
3170,1663
3169,3170
3172,1673
3171,3172
3174,1683
3173,3174
3176,1693
3175,3176
3178,1703
3177,3178
3180,1713
3179,3180
3182,1723
3181,3182
3184,1733
3183,3184
3186,2968
3185,3186
3188,3003
3187,3188
3190,1664
3189,3190
3192,1674
3191,3192
3194,1684
3193,3194
3196,1694
3195,3196
3198,1704
3197,3198
3200,1714
3199,3200
3202,1724
3201,3202
3204,1734
3203,3204
3206,1744
3205,3206
3208,3007
3207,3208
