1 0.962726191987 .03377986638550877192 .02364590646985614034 
2 1.93799009441 6.45996698136666666666 2.32558811329199999999 0
3 2.23732425566 11.18662127830000000000 7.60690246924400000000 0
4 2.30032632362 7.66775441206666666666 2.99042422070599999999 0
5 2.28795244502 7.62650815006666666666 4.57590489003999999999 0
6 1.67529701437 8.37648507185000000000 3.18306432730300000000 0
7 1.83502244181 .07196166438470588235 .02734543246618823529 0
8 2.06417776729 .04345637404821052631 .02259731450506947368 0
9 1.6072578821 .08459252011052631578 .04652588606078947367 0
10 1.87429777246 .05279712035098591549 .02639856017549295774 0
11 2.89954800364 2.89954800364000000000 1.39178304174720000000 0
12 2.00035949331 .12123390868545454545 .08486373607981818181 0
13 0.806802965404 .06206176656953846153 .02482470662781538461 0
14 1.82435868864 .08108260838400000000 .05270369544960000000 0
15 1.72972300024 .07520534783652173913 .02481776478605217391 0
16 1.60565612973 .10035350810812500000 .06924392059460625000 0
17 0.975973253223 .06099832832643750000 .04452877967829937500 0
18 2.55903425364 .26937202669894736842 .09428020934463157894 0
19 1.64050145594 .27341690932333333333 .07655673461053333333 0
20 1.93468876509 .04447560379517241379 .02535109416324827586 0
21 1.41994676061 .03302201768860465116 .01717144919807441860 0
22 1.9827556859 .08261482024583333333 .05865652237454166666 0
23 2.52676414669 .10107056586760000000 .06367445649658800000 0
24 2.49600273231 .33280036430800000000 .11315212386472000000 0
25 1.89363936512 .07283228327384615384 .01966471648393846153 0
26 2.64322546605 .24029322418636363636 .12735540881877272727 0
27 1.88949283722 .07130161649886792452 .03636382441442264150 0
28 2.64672554548 .06700571001215189873 .04020342600729113923 0
29 1.90728361352 .12715224090133333333 .08010591176783999999 0
30 2.22941869951 .07431395665033333333 .03567069919215999999 0
31 2.01315756882 .04970759429185185185 .02485379714592592592 0
32 2.67197232739 .09057533313186440677 .06068547319834915253 0
33 1.70556986388 .06559884091846153846 .02230360591227692307 0
34 1.45946679009 .04633227905047619047 .02270281673473333333 0
35 1.72118174784 .05737272492800000000 .03729227120320000000 0
36 1.78702836107 .03684594558907216494 .01142224313261237113 0
37 1.13860133305 .02347631614536082474 .00774718432796907216 0
38 2.06625827767 .12522777440424242424 .05760477622595151515 0
39 2.69085028484 .18557588171310344827 .12619159956491034482 0
40 1.965582979 .11912624115151515151 .07504953192545454545 0
41 1.77845912058 .05081311773085714285 .03252039534774857142 0
42 2.11030894232 .07536817651142857142 .03994513355105714285 0
43 2.7374064165 .07398395720270270270 .01849598930067567567 0
44 0.845355887601 .09945363383541176470 .05768310762453882352 0
45 1.71174716136 .03603678234442105263 .01982023028943157894 0
46 2.24142966057 .07348949706786885245 .04556348818207868851 0
47 1.99539893213 .05868820388617647058 .02817033786536470587 0
48 1.7546806606 .05160825472352941176 .01651464151152941176 0
49 2.15825268094 .07316110782847457627 .04901794224507796610 0
50 1.96773557223 .04142601204694736842 .02154152626441263157 0
51 2.31188440483 .07457691628483870967 .03355961232817741935 0
52 2.18087056225 .29078274163333333333 .16865399014733333333 0
53 2.45670044703 .09098890544555555555 .06187245570297777777 0
54 1.37662424612 .03201451735162790697 .01184537142010232557 0
55 1.64998305953 .03666629021177777777 .02456641444189111110 0
56 2.80184725363 .50942677338727272727 .26999618989525454545 0
57 1.1915582418 .08217643046896551724 .04026645092979310344 0
58 1.59273773662 .15927377366200000000 .08760057551410000000 0
59 0.996776717463 .03020535507463636363 .00966571362388363636 0
60 2.01027291797 .04844031127638554216 .03584583034452530119 0
61 1.96867136341 .04017696660020408163 .01767786530408979591 0
62 1.98942467154 .06028559610727272727 .04340562919723636363 0
63 2.51181430812 .06698171488320000000 .04889665186473600000 0
64 2.22065244546 .04827505316217391304 .02220652445459999999 0
65 2.24636801543 .06239911153972222222 .01809574234651944444 0
66 1.67475803559 .05233618861218750000 .03611197014240937500 0
67 1.56363893625 .03860836879629629629 .02625369078148148147 0
68 2.00079465863 .06782354775016949152 .04951118985762372880 0
69 2.49177732949 .07550840392393939393 .02944827753033636363 0
70 1.35355321389 .02762353497734693877 .00801082514343061224 0
71 2.21758730867 .17740698469360000000 .08160721295905600000 0
72 2.14012265282 .17834355440166666666 .09273864828886666666 0
73 1.64652797015 .03326319131616161616 .02162107435550505050 0
74 2.32098195203 .05730819634641975308 .02521560639242469135 0
75 2.77225896215 2.77225896215000000000 1.80196832539750000000 0
76 2.39227127645 .17087651974642857142 .05638925151632142856 0
77 1.78113315654 .03958073681200000000 .01147841367548000000 0
78 2.71206610441 .05709612851389473684 .03482863839347578947 0
79 1.95937653421 .06424185358065573770 .02633915996806885245 0
80 2.91740971608 .07385847382481012658 .01846461845620253164 0
81 2.13269425939 .22449413256736842105 .15714589279715789473 0
82 2.27595290518 .08276192382472727272 .02482857714741818181 0
83 1.90554924836 .06929269994036363636 .02286659098031999999 0
84 2.41137611532 .24113761153200000000 .14950531914984000000 0
85 2.47857059164 .18359782160296296296 .09730684544957037036 0
86 0.181575441333 .01210502942220000000 .00568936382843400000 0
87 4.13789342861 1.18225526531714285714 .75664336980297142856 0
88 1.86028056145 .93014028072500000000 .58598837685675000000 0
89 1.84386446099 .24584859479866666666 .06146214869966666666 0
90 2.54141507415 .12101976543571428571 .03630592963071428571 0
91 1.27777363947 .02904030998795454545 .01306813949457954545 0
92 2.46207632687 .07136453121362318840 .02069571405195072463 0
93 1.71487834393 .07621681528577777777 .02972455796145333333 0
94 2.8282142947 .08442430730447761194 .05909701511313432835 0
95 2.27632367163 .35020364178923076923 .15408960238726153846 0
96 2.5284249438 .09724711322307692307 .05543085453715384614 0
97 2.17292837421 .48287297204666666666 .25592267518473333332 0
98 1.28628568682 .05044257595372549019 .02471686221732549019 0
99 1.83558018903 .04034242173692307692 .01492669604266153846 0
100 2.64434926173 1.32217463086500000000 .58175683758060000000 0
101 2.34862496026 .07576209549225806451 .05379108779950322580 0
102 2.23585358811 .06987042462843750000 .03283909957536562500 0
103 1.18888280631 .21616051023818181818 .07997938878812727272 0
104 2.46361376307 1.64240917538000000000 .62411548664440000000 0
105 1.73745929729 .06682535758807692307 .04143172170460769230 0
106 1.44674824937 .05076309646912280701 .03451890559900350876 0
107 1.53217696113 .07857317749384615384 .03300073454741538461 0
108 2.57942418147 .07066915565671232876 .02756097070611780821 0
109 2.45528309032 .15345519314500000000 .05064021373785000000 0
110 1.65588927983 .55196309327666666666 .20974597544513333333 0
111 1.74760926665 1.16507284443333333333 .33787112488566666666 0
112 2.50903359968 .06272583999200000000 .02571759439672000000 0
113 2.00368321068 .08905258714133333333 .06500838861317333333 0
114 3.39773454825 .07229222443085106382 .05205040159021276595 0
115 1.0303625078 .02711480283684210526 .01328625339005263157 0
116 2.1092650276 .04793784153636363636 .02492767759890909090 0
117 1.90215857343 .13118334989172413793 .05509700695452413793 0
118 2.18346436879 1.45564291252666666666 .53858787763486666666 0
119 1.58324376183 .21109916824400000000 .14565842608836000000 0
120 2.26615623803 .09249617298081632653 .05549770378848979591 0
121 2.5291371428 .05324499248000000000 .01437614796960000000 0
122 2.17195473593 .48265660798444444444 .18823607711393333333 0
123 1.78190138695 .09378428352368421052 .05533272727897368420 0
124 2.05722362383 .06234010981303030303 .02618284612147272727 0
125 2.1885981575 .04559579494791666666 .01915023387812499999 0
126 2.11776900726 .10860353883384615384 .03475313242683076922 0
127 1.77061788224 .07082471528960000000 .02124741458688000000 0
128 2.37688789305 .15334760600322580645 .08434118330177419354 0
129 2.17511675322 .48335927849333333333 .30451634545079999999 0
130 2.42958039618 .07592438738062500000 .05618404666166250000 0
131 2.06488736595 .41297747319000000000 .10737414302940000000 0
132 1.785287471 .17002737819047619047 .11051779582380952380 0
133 1.89455549669 .08611615894045454545 .05597550331129545454 0
134 2.85192265328 .06408814951191011235 .04742523063881348313 0
135 2.52706380896 .06829902186378378378 .02390465765232432432 0
136 2.07320099257 .05056587786756097560 .02022635114702439024 0
137 1.91558622921 .08328635779173913043 .04664036036337391304 0
138 1.94537384103 .07628917023647058823 .02898988468985882352 0
139 2.65692576663 1.06277030665200000000 .70142840239032000000 0
140 2.28514888974 .05253215838482758620 .02784204394395862068 0
141 1.89080823036 .03939183813250000000 .01496889849035000000 0
142 2.11207451007 .14566031103931034482 .05389431508454482758 0
143 1.77734153579 .03863785947369565217 .01468238660000434782 0
144 2.82064259974 .16117957712800000000 .10315492936192000000 0
145 2.65790466908 .11074602787833333333 .05648047421794999999 0
146 2.0791063573 .05619206371081081081 .03034371440383783783 0
147 1.92573995896 .16745564860521739130 .08540238078866086956 0
148 2.12692316468 .06544378968246153846 .01897869900791384615 0
149 2.11876602238 .60536172068000000000 .16950128179040000000 0
150 2.30348348156 1.53565565437333333333 .62961881829306666666 0
151 1.65040014624 .04231795246769230769 .02666031005464615384 0
152 2.54519146677 .12725957333850000000 .05344902080217000000 0
153 1.97311235569 .15784898845520000000 .07418902457394400000 0
154 2.28086493856 .04958402040347826086 .02032944836542608695 0
155 1.34695796457 .04898028962072727272 .01616349557483999999 0
156 1.71894521193 .08815103650923076923 .06082421519136923076 0
157 2.90250559296 .07952070117698630136 .04771242070619178081 0
158 0.777123683106 .02045062323963157894 .00715771813387105262 0
159 1.6503794835 .20629743543750000000 .11552656384500000000 0
160 1.69504353501 .04774770521154929577 .02387385260577464788 0
161 2.41990933499 .12736364921000000000 .03948273125510000000 0
162 2.89185544998 .06725245232511627906 .03026360354630232557 0
163 0.835543163457 .02494158696886567164 .01596261566007402984 0
164 1.71462871862 3.42925743724000000000 .99448465679960000000 0
165 2.5619624485 .30140734688235294117 .15070367344117647058 0
166 2.65763875443 .05479667534907216494 .02027476987915670102 0
167 1.92212026071 .07118963928555555555 .03559481964277777777 0
168 2.29885708473 .06568163099228571428 .02364538715722285714 0
169 2.24955608707 .22495560870700000000 .06298757043796000000 0
170 1.58629302845 .05768338285272727272 .01615134719876363636 0
171 2.5513998082 .19626152370769230769 .11186906851338461538 0
172 1.93954292126 .07916501719428571428 .02137455464245714285 0
173 2.53340571577 .10555857149041666666 .04011225716635833333 0
174 1.97934021084 .04657271084329411764 .01583472168671999999 0
175 1.82856288845 .09142814442250000000 .04114266499012500000 0
176 2.32323531625 .12227554296052631578 .09048390179078947367 0
177 2.44634166062 .05150192969726315789 .02987111922441263157 0
178 1.79768584829 .09218901786102564102 .03964127768024102563 0
179 1.72215292721 .05381727897531250000 .02906133064666875000 0
180 2.0999353272 .10243586961951219512 .06453459786029268292 0
181 2.98057317976 .13548059908000000000 .03657976175160000000 0
182 2.23069931576 .05187672827348837209 .02126945859213023255 0
183 2.44152661676 .12520649316717948717 .04883053233519999999 0
184 1.61408149102 .09223322805828571428 .04427194946797714285 0
185 1.60325751326 .09161471504342857142 .06687874198170285713 0
186 2.68627384931 .89542461643666666666 .34921560041029999999 0
187 1.94061040799 .06260033574161290322 .04319423166171290322 0
188 1.58572036126 .06218511220627450980 .02487404488250980392 0
189 1.58121895405 .15059228133809523809 .05722506690847619047 0
190 2.26206532624 .09232919698938775510 .02862205106671020408 0
191 2.36694598032 .05441255127172413793 .03754466037748965517 0
192 2.01194927641 2.01194927641000000000 1.32788652243060000000 0
193 2.32135569153 .05216529643887640449 .01773620078921797752 0
194 1.81745384682 .13980414206307692307 .07549423671406153845 0
195 1.99677576296 .05546599341555555555 .03605289572011111110 0
196 1.79370757734 .05605336179187500000 .03587415154680000000 0
197 2.60321785046 2.60321785046000000000 1.92638120934040000000 0
198 2.44596917745 .06610727506621621621 .02644291002648648648 0
199 2.46770734242 .15920692531741935483 .08437967041823225805 0
200 1.71646570272 .57215523424000000000 .20025433198400000000 0
201 1.06313656006 .02443992092091954022 .00684317785785747126 0
202 1.96202609531 .78481043812400000000 .44734194973068000000 1,2,3,4,5,6,7,8,9,10,11,12,13,14,15,16,17,18,19,20,21,22,23,24,25,26,27,28,29,30,31,32,33,34,35,36,37,38,39,40,41,42,43,44,45,46,47,48,49,50,51,52,53,54,55,56,57,58,59,60,61,62,63,64,65,66,67,68,69,70,71,72,73,74,75,76,77,78,79,80,81,82,83,84,85,86,87,88,89,90,91,92,93,94,95,96,97,98,99,100,101,102,103,104,105,106,107,108,109,110,111,112,113,114,115,116,117,118,119,120,121,122,123,124,125,126,127,128,129,130,131,132,133,134,135,136,137,138,139,140,141,142,143,144,145,146,147,148,149,150,151,152,153,154,155,156,157,158,159,160,161,162,163,164,165,166,167,168,169,170,171,172,173,174,175,176,177,178,179,180,181,182,183,184,185,186,187,188,189,190,191,192,193,194,195,196,197,198,199,200
203 1.85992133904 4.64980334760000000000 1.58093313818400000000 201
204 2.09835868463 4.19671736926000000000 1.93048998985960000000 201
205 2.61199531197 26.11995311970000000000 17.50036859019900000000 201
206 2.23095422653 5.57738556632500000000 2.56559736050950000000 201
207 2.47809529878 8.26031766260000000000 2.89111118191000000000 201
208 2.48549789536 .10576586788765957446 .06451717941147234042 201
209 2.39091822659 .04830137831494949494 .01932055132597979797 201
210 1.46872419726 .03969524857459459459 .01071771711514054053 201
211 1.26850879614 .16913450615200000000 .11670280924488000000 201
212 1.61803215483 .04978560476400000000 .03086707495368000000 201
213 1.62561512588 .03737046266390804597 .01644300357211954022 201
214 2.41327975419 .10269275549744680851 .05956179818851914893 201
215 1.02651624334 .12831453041750000000 .03977750442942500000 201
216 2.20598595603 .04848320782483516483 .03296858132088791208 201
217 2.23572467578 .08436696889735849056 .02193541191331320754 201
218 1.79533698835 .05886350781475409836 .03472946961070491803 201
219 2.07281012778 .07147621130275862068 .02716096029504827585 201
220 1.63958956984 .13116716558720000000 .08394698597580800000 201
221 1.46261459274 .02954776955030303030 .01034171934260606060 201
222 1.4356121407 .05317082002592592592 .02871224281399999999 201
223 1.93390785668 .48347696417000000000 .21272986423480000000 201
224 2.18681020294 .23019054767789473684 .16573719432808421052 201
225 2.27887070763 .04650756546183673469 .01627764791164285714 201
226 2.7385159705 .07302709254666666666 .03724381719879999999 201
227 2.85358005763 .12682578033911111111 .07990024161363999999 201
228 1.95540197021 .78216078808400000000 .47711808073124000000 201
229 0.758611316784 .04462419510494117647 .02900572681821176470 201
230 1.54858713731 .77429356865500000000 .49554788393920000000 201
231 2.1267555825 .08507022330000000000 .04083370718400000000 201
232 2.05702167884 .08943572516695652173 .02504200304674782608 201
233 1.99089113331 .04855832032463414634 .01359632969089756097 201
234 1.87451698184 .04075036917043478260 .03015527318612173912 201
235 1.81128254003 .17250309905047619047 .12765229329735238094 201
236 2.13182159982 .06661942499437500000 .01732105049853750000 201
237 1.99783058938 .05189170362025974025 .02905935402734545454 201
238 2.53681327607 .08053375479587301587 .03624018965814285714 201
239 2.03610121609 .04627502763840909090 .01712176022621136363 201
240 1.98657211553 .05093774655205128205 .01630007889665641025 201
241 1.78738784697 .21028092317294117647 .14088821852587058823 201
242 2.2007773227 .25891497914117647058 .18382963519023529411 201
243 1.6167421851 .08981901028333333333 .04760407545016666666 201
244 1.69352039154 .04398754263740259740 .02551277472969350649 201
245 1.59601681761 .07423334035395348837 .03414733656281860465 201
246 1.73056216623 .03531759522918367346 .01412703809167346938 201
247 2.38329129135 .04814729881515151515 .03466605514690909090 201
248 2.07029634412 .17252469534333333333 .07936135985793333333 201
249 1.5200506987 .03268926233763440860 .02320937625972043010 201
250 1.91218565555 .04025654011684210526 .02576418567477894736 201
251 2.81697127889 .05993555912531914893 .03955746902271063829 201
252 0.897838602748 .01870497089058333333 .01141003224325583333 201
253 2.45410698786 .08462437889172413793 .02284858230076551724 201
254 2.21805068618 .06429132423710144927 .03536022833040579709 201
255 2.43185534532 .09353289789692307692 .05050776486433846153 201
256 2.52383855231 .28042650581222222222 .09534501197615555555 201
257 1.44406706296 .05157382367714285714 .01289345591928571428 201
258 2.71886967983 .08914326819114754098 .04546306677748524589 201
259 1.52091109506 .07074005093302325581 .04456623208780465116 201
260 1.20658554743 .02979223573901234567 .01847118615818765431 201
261 1.49868236049 .16652026227666666666 .09991215736599999999 201
262 1.96051333634 .14003666688142857142 .07001833344071428571 201
263 2.17047082224 .10852354111200000000 .05643224137824000000 201
264 2.29131357352 .08985543425568627450 .05391326055341176470 201
265 1.31568346836 .02712749419298969072 .01166482250298556700 201
266 1.9308647666 .08776658030000000000 .05880360880100000000 201
267 2.207732172 .08331064800000000000 .03915600456000000000 201
268 1.55027721228 .06079518479529411764 .02249421837425882352 201
269 1.86339896859 .23292487107375000000 .06754821261138750000 201
270 0.373712218831 .01023869092687671232 .00655276219320109588 201
271 2.60652800119 .09835954721471698113 .06098291927312452830 201
272 2.47507735346 .55001718965777777777 .24200756344942222221 201
273 1.74867666405 .05143166658970588235 .02365856663126470588 201
274 1.19192234484 .06621790804666666666 .02781152137959999999 201
275 2.41500556304 .07918051026360655737 .04275747554234754097 201
276 1.63503182846 .04087579571150000000 .02697802516959000000 201
277 1.80547793474 .06813124282037735849 .03134037169737358490 201
278 1.7003275574 .04147140383902439024 .02032098788112195121 201
279 1.60440649039 .06827261661234042553 .02048178498370212765 201
280 2.38421210007 .05418663863795454545 .03359571595553181817 201
281 2.67809371699 .06086576629522727272 .04321469406961136363 201
282 2.29006889382 .20818808125636363636 .11658532550356363636 201
283 2.42799051619 .09521531436039215686 .05046411661100784313 201
284 2.32703883282 .11081137299142857142 .04321643546665714285 201
285 1.60238063951 .04513748280309859154 .02347149105761126760 201
286 1.82398144324 .06399934888561403508 .04287956375336140350 201
287 2.71179761734 .10429990835923076923 .04171996334369230769 201
288 2.19349009124 .13709313070250000000 .06580470273720000000 201
289 1.36003362219 .07771620698228571428 .01942905174557142857 201
290 2.35151411471 .11757570573550000000 .05408482463833000000 201
291 2.25462004542 .56365501135500000000 .30437370613170000000 201
292 1.27053301625 .14947447250000000000 .10463213075000000000 201
293 2.50458088855 .07155945395857142857 .04794483415224285714 201
294 2.1374560983 .08549824393200000000 .02650445561892000000 201
295 1.92806224578 .03856124491560000000 .01311082327130400000 201
296 2.12424176283 .04379879923360824742 .02365135158614845360 201
297 1.88554232965 .05545712734264705882 .03992913168670588235 201
298 2.26783397672 .05669584941800000000 .03174967567408000000 201
299 1.76570478956 .03640628432082474226 .01638282794437113401 201
300 1.93203140198 .05018263381766233766 .03362236465783376623 201
301 2.30739676986 .05366038999674418604 .01717132479895813953 201
302 2.0174136837 .11528078192571428571 .06801566133617142856 201
303 2.79085411707 .09792470586210526315 .06169256469312631578 201
304 2.00203313691 .06564043071836065573 .01969212921550819671 201
305 1.64349644202 .05388512924655737704 .02640371333081311474 201
306 3.114110029 .06487729227083333333 .02854600859916666666 201
307 2.18678638742 .05027095143494252873 .02312463766007356321 201
308 1.88806775778 .05244632660500000000 .02464977350435000000 201
309 1.61524613276 .04486794813222222222 .03051020472991111110 201
310 1.37911030595 .55164412238000000000 .20410832528060000000 201
311 2.41313573744 .19305085899520000000 .11390000680716800000 201
312 2.51754321843 .06140349313243902439 .01535087328310975609 201
313 2.13623830425 .06473449406818181818 .02654114256795454545 201
314 1.67058631173 .05388988102354838709 .03664511909601290322 201
315 1.96465076379 .17083919685130434782 .08029442252011304347 201
316 2.03354724248 .05571362308164383561 .02061404054020821917 201
317 0.750669941085 .06527564705086956521 .04634570940611739129 201
318 2.19841468569 .07207917002262295081 .03027325140950163934 201
319 1.93997698171 .24249712271375000000 .17944787080817500000 201
320 2.03710902709 .05738335287577464788 .03328234466794929577 201
321 2.2531104163 .09387960067916666666 .02910267621054166666 201
322 1.98083138253 .15846651060240000000 .04595528807469600000 201
323 1.52852652314 1.52852652314000000000 .71840746587580000000 201
324 1.98848139583 .05935765360686567164 .01780729608205970149 201
325 2.20841700782 4.41683401564000000000 2.95927879047880000000 201
326 1.09342496704 .08747399736320000000 .04898543852339200000 201
327 1.76074450068 .03557059597333333333 .01244970859066666666 201
328 1.6661123606 3.33222472120000000000 .96634516914800000000 201
329 2.39405628706 .08400197498456140350 .03024071099444210526 201
330 2.3740841151 .05521125849069767441 .02705351666044186046 201
331 2.21602775474 .13035457380823529411 .04823119230904705882 201
332 2.34020367233 .06411516910493150684 .03846910146295890410 201
333 1.90066885109 .05848211849507692307 .03099552280239076922 201
334 1.6544920201 .03892922400235294117 .01907531976115294117 201
335 2.72820449365 .68205112341250000000 .19779482578962500000 201
336 1.50567063506 .03136813823041666666 .01442934358599166666 201
337 3.05303364083 .25441947006916666666 .17300523964703333332 201
338 1.80707997196 .06023599906533333333 .02288967964482666666 201
339 2.57214742376 1.02885896950400000000 .60702679200736000000 201
340 1.92725857929 .06318880587836065573 .04675971634998688524 201
341 1.98980311199 .22108923466555555555 .15918424895919999999 201
342 2.05052689792 .14646620699428571428 .04393986209828571428 201
343 2.32070280815 .08288224314821428571 .04807170102596428571 201
344 1.87317307806 .53519230801714285714 .18196538472582857142 201
345 2.01288594991 .44730798886888888888 .31758867209691111110 201
346 2.63296247972 .07416795717521126760 .03411726030059718309 201
347 1.51097741314 .05494463320509090909 .02417563861023999999 201
348 2.46098535281 .12620437706717948717 .07319853869896410255 201
349 2.37000589903 .06970605585382352941 .03345890680983529411 201
350 1.97105058624 .43801124138666666666 .20586528345173333333 201
351 2.65291326257 .05830578599054945054 .02448843011603076922 201
352 2.0821519373 .14872513837857142857 .07138806642171428571 201
353 2.75687429573 .08108453810970588235 .03810973291156176470 201
354 2.04285071877 .05674585329916666666 .03348005344650833332 201
355 1.48921472378 .04254899210800000000 .01914704644860000000 201
356 2.56999218765 .05775263343033707865 .01905836903201123595 201
357 1.18461894347 .03644981364523076923 .02405687700585230769 201
358 1.97700426578 .98850213289000000000 .29655063986700000000 201
359 0.424882120362 .03268324002784615384 .02353193282004923076 201
360 2.13550155623 .04358166441285714285 .01874011569752857142 201
361 2.68386503251 .38340929035857142857 .09585232258964285714 201
362 2.1198403117 .12847517040606060606 .05395957157054545454 201
363 2.37579635947 .06509031121835616438 .02733793071170958903 201
364 2.73299062923 .05941283976586956521 .01901210872507826086 201
365 1.52352817649 .03462564037477272727 .01765907659113409090 201
366 1.64872699968 .04121817499200000000 .02844054074448000000 201
367 2.25755147554 .04907720599000000000 .02601091917470000000 201
368 1.82818595974 .04875162559306666666 .02145071526094933333 201
369 2.9188981209 .15777827680540540540 .11202257653183783783 201
370 1.88944224097 .04245937620157303370 .01486078167055056179 201
371 2.43820360225 .05243448606989247311 .02464420845284946236 201
372 2.88812060917 .15611462752270270270 .08898533768794054053 201
373 1.52503564841 .03210601365073684210 .02247420955551578947 201
374 1.71486889837 .04083021186595238095 .01429057415308333333 201
375 1.21169083077 .02692646290600000000 .01992558255044000000 201
376 1.98114172014 .05145822649714285714 .01286455662428571428 201
377 1.60097084448 .04926064136861538461 .01724122447901538461 201
378 2.59571041907 .11536490751422222222 .05883610283225333333 201
379 2.5995946486 .08385789189032258064 .05534620864761290322 201
380 2.30715910784 .04857177069136842105 .01554296662123789473 201
381 1.49574117859 .03885042022311688311 .01592867229147792207 201
382 1.81133752828 .04472438341432098765 .01252282735600987654 201
383 1.53406446611 .04793951456593750000 .01294366893280312500 201
384 1.50280287288 .03197452921021276595 .01023184934726808510 201
385 1.54373903915 .08344535346756756756 .04756385147651351350 201
386 1.97030022344 .07881200893760000000 .05359216607756800000 201
387 1.68021523425 .06000768693750000000 .04200538085625000000 201
388 1.92861818958 .06122597427238095238 .03428654559253333333 201
389 2.17743192433 .05583158780333333333 .04131537497446666666 201
390 2.23289891126 .05192788165720930232 .03011817136118139534 201
391 1.80122253564 .04503056339100000000 .02341589296332000000 201
392 1.85559435871 .03786927262673469387 .01590509450322857142 201
393 2.81718248826 .26830309412000000000 .06975880447120000000 201
394 2.24224463105 .12456914616944444444 .03612505238913888888 201
395 2.27130237562 .04991873353010989010 .02795449077686153845 201
396 2.31642270019 .05581741446240963855 .02735053308658072288 201
397 1.81506490557 .04125147512659090909 .02640094408101818181 201
398 1.3899342663 .07127868032307692307 .04561835540676923076 201
399 2.03929428704 .29132775529142857142 .18062320828068571428 201
400 1.76712593229 .11044537076812500000 .05964050021478750000 201
401 1.55649669586 .04150657855626666666 .01618756563694399999 201
402 2.10077323746 .05456553863532467532 .01418704004518441558 201
403 0.891487540057 .03565950160228000000 .01319401559284360000 202,203,204,205,206,207,208,209,210,211,212,213,214,215,216,217,218,219,220,221,222,223,224,225,226,227,228,229,230,231,232,233,234,235,236,237,238,239,240,241,242,243,244,245,246,247,248,249,250,251,252,253,254,255,256,257,258,259,260,261,262,263,264,265,266,267,268,269,270,271,272,273,274,275,276,277,278,279,280,281,282,283,284,285,286,287,288,289,290,291,292,293,294,295,296,297,298,299,300,301,302,303,304,305,306,307,308,309,310,311,312,313,314,315,316,317,318,319,320,321,322,323,324,325,326,327,328,329,330,331,332,333,334,335,336,337,338,339,340,341,342,343,344,345,346,347,348,349,350,351,352,353,354,355,356,357,358,359,360,361,362,363,364,365,366,367,368,369,370,371,372,373,374,375,376,377,378,379,380,381,382,383,384,385,386,387,388,389,390,391,392,393,394,395,396,397,398,399,400,401
