0 1.58815034772 .03343474416252631578 .01705171952288842104 
1 1.45750753484 4.85835844946666666666 2.13767771776533333333 0
2 1.88391391818 3.76782783636000000000 1.84623563981640000000 0
3 2.32388731149 11.61943655745000000000 5.57732954757600000000 0
4 2.65200101661 26.52001016610000000000 10.87320416810100000000 0
5 1.94742898562 3.89485797124000000000 2.68745200015560000000 0
6 1.84415452446 .52690129270285714285 .31614077562171428571 0
7 1.55400371799 .15540037179900000000 .07303817474553000000 0
8 2.06161336975 .07779673093396226415 .03656446353896226415 0
9 1.64126386847 .16412638684700000000 .05580297152798000000 0
10 1.62465648998 .03914834915614457831 .02270604251056385541 0
11 1.68586872236 .03625524134107526881 .01196422964255483870 0
12 2.22480760326 .21188643840571428571 .08899230413039999999 0
13 2.43646637138 .05666200863674418604 .01813184276375813953 0
14 2.44719923175 .16877236081034482758 .06919666793224137930 0
15 1.94028811243 .04311751360955555555 .02673285843792444444 0
16 1.90380870289 .17307351844454545454 .12634366846451818181 0
17 2.4310828767 .07150243755000000000 .04576156003200000000 0
18 2.57832439922 .17188829328133333333 .09110079543910666666 0
19 1.32465532787 .04014107054151515151 .01565501751119090908 0
20 1.19588540383 .02781128846116279069 .01918978903820232557 0
21 2.00783317127 .05500912798000000000 .01925319479300000000 0
22 1.8281490931 .07617287887916666666 .05103582884904166666 0
23 1.8448389105 .04445394965060240963 .02311605381831325300 0
24 1.55845192384 .05373972151172413793 .02525766911051034482 0
25 2.38429266506 .04967276385541666666 .01887565026505833333 0
26 2.09006584883 .18174485642000000000 .12176905380140000000 0
27 1.30559809033 .15359977533294117647 .09369586295309411764 0
28 1.6317169151 .09889193424848484848 .04054569304187878787 0
29 1.88036290588 .53724654453714285714 .31160299583154285714 0
30 1.10751945881 .04101923921518518518 .02871346745062962962 0
31 2.57877760293 .22424153068956521739 .14575699494821739130 0
32 2.75692287903 .09673413610631578947 .04739972669209473684 0
33 0.845008690297 .33800347611880000000 .12844132092514400000 0
34 1.97292978551 .20767681952736842105 .06645658224875789473 0
35 2.43839728667 .12504601470102564102 .08127990955566666666 0
36 2.02896560908 .04611285475181818181 .01567837061561818181 0
37 2.15334307786 .13050564108242424242 .04828708720049696969 0
38 2.44327902584 .05616733392735632183 .01628852683893333333 0
39 1.96899655662 .06250782719428571428 .02000250470217142856 0
40 2.50820700726 1.00328280290400000000 .44144443327776000000 0
41 2.09945202588 .29992171798285714285 .13196555591245714285 0
42 2.14176855779 .08082145501094339622 .03879429840525283018 0
43 2.05551180876 .04725314502896551724 .02457163541506206896 0
44 1.36817988634 .10524460664153846153 .02631115166038461538 0
45 1.8969430613 .18969430613000000000 .09864103918760000000 0
46 3.08477356213 1.54238678106500000000 .53983537337275000000 0
47 2.14189923143 .17135193851440000000 .08396244987205600000 0
48 1.5693476759 .07846738379500000000 .02510956281440000000 0
49 1.9123086093 .15298468874400000000 .04436555973576000000 0
50 1.63238122232 .14194619324521739130 .10362072106900869564 0
51 1.08757004091 .07500483040758620689 .04800309146085517240 0
52 2.36555589322 .14336702383151515151 .08888755477553939393 0
53 2.01575667002 .28796523857428571428 .13822331451565714285 0
54 1.48805806274 .03420823132735632183 .02052493879641379309 0
55 1.98429166566 .36078030284727272727 .25976181805003636363 0
56 2.84884183964 .15826899109111111111 .05855952670371111111 0
57 2.02949101216 .04949978078439024390 .02326489696866341463 0
58 3.25930967039 .11048507357254237288 .06629104414352542372 0
59 2.07628289789 .09227923990622222222 .03322052636623999999 0
60 1.77245245922 .09089499790871794871 .04635644893344615384 0
61 2.29493104964 .13908673028121212121 .07232509974623030302 0
62 1.8389991233 .09430764734871794871 .04055228835994871794 0
63 1.39014134945 .06950706747250000000 .02988803901317500000 0
64 1.43061536672 .03251398560727272727 .01788269208399999999 0
65 0.973167078706 .24329176967650000000 .10218254326413000000 0
66 2.13720449544 .07369670673931034482 .03095261683051034482 0
67 1.79563209256 .04663979461194805194 .02938307060552727272 0
68 1.63373961457 .03713044578568181818 .02710522542354772727 0
69 2.18228001037 .54557000259250000000 .37644330178882500000 0
70 1.57583592771 .07503980608142857142 .03601910691908571428 0
71 3.15460485102 .07886512127550000000 .03312335093571000000 0
72 2.11073766583 .09381056292577777777 .04409096457511555555 0
73 1.34594697034 .03541965711421052631 .00956330742083684210 0
74 1.77579586316 .04384681143604938271 .02762349120471111110 0
75 1.54330288493 .03631300905717647058 .01634085407572941176 0
76 2.48469178163 .05019579356828282828 .03413313962643232323 0
77 1.29689661719 .03325375941512820512 .01064120301284102563 0
78 2.83991354828 .06926618410439024390 .02632114995966829268 0
79 1.35754142498 .15971075588000000000 .06388430235200000000 0
80 1.7146213247 .06998454386530612244 .03639196280995918366 0
81 1.84705405127 .52772972893428571428 .13720972952291428571 0
82 1.3704159519 1.37041595190000000000 .45223726412700000000 0
83 2.04921931948 .22769103549777777777 .15255299378351111110 0
84 1.37367714059 .03663139041573333333 .01978095082449599999 0
85 2.08055897184 .04203149438060606060 .02900173112261818181 0
86 2.78878084862 .08853272535301587301 .04161038091591746031 0
87 2.59783560161 .08517493775770491803 .06302945394070163934 0
88 2.67727812438 .06777919302227848101 .04744543511559493670 0
89 2.49242097598 .05247202054694736842 .03620569417739368420 0
90 1.05723032182 1.05723032182000000000 .66605510274660000000 0
91 1.6647731208 .30268602196363636363 .17555789273890909090 0
92 2.48163457521 .06052767256609756097 .01936885522115121951 0
93 2.02098929821 .04491087329355555555 .02559919777732666666 0
94 2.122366397 .35372773283333333333 .22284847168499999999 0
95 2.32066391974 .12544129295891891891 .09282655678959999999 0
96 2.16054205508 .61729773002285714285 .18518931900685714285 0
97 1.97507708136 .07596450312923076923 .02886651118910769230 0
98 3.28133068605 6.56266137210000000000 1.77191857046700000000 0
99 3.03297115542 .07678407988405063291 .04223124393622784810 0
100 1.45011777903 .03866980744080000000 .01082754608342400000 0
101 2.34805429821 .06906042053558823529 .04696108596419999999 0
102 2.45468917787 .07115041095275362318 .02774866027157391304 0
103 2.3436447872 .06601816301971830985 .02112581216630985915 0
104 2.06224361511 .41244872302200000000 .21447333597144000000 0
105 2.14751011113 .05368775277825000000 .01342193819456250000 0
106 2.87086352466 .27341557377714285714 .06835389344428571428 0
107 1.87754923318 .08732787131069767441 .04803032922088372092 0
108 2.2294797815 .08574922236538461538 .02400978226230769230 0
109 2.34243274126 .05205406091688888888 .01717784010257333333 0
110 1.47919076338 .22756780975076923076 .13198932965544615384 0
111 2.71651507588 .49391183197818181818 .31610357246603636363 0
112 1.92422112356 .11318947785647058823 .07923263449952941176 0
113 1.63849603897 .05851771567750000000 .01931084617357500000 0
114 1.90578604457 .06930131071163636363 .01801834078502545454 0
115 2.45038818619 .32671842482533333333 .19603105489519999999 0
116 2.63567438509 .43927906418166666666 .18888999759811666666 0
117 1.89806443703 .05665863991134328358 .02606297435921791044 0
118 2.69874492416 .13839717559794871794 .07888639009083076922 0
119 2.36121880182 .08745254821555555555 .02623576446466666666 0
120 1.82530916401 .16593719672818181818 .07799048246224545454 0
121 1.4460922771 .05355897322592592592 .02731507634522222221 0
122 2.0177205526 .07760463663846153846 .04113045741838461538 0
123 2.28258215551 .06916915622757575757 .03250950342696060605 0
124 2.34174768218 .08836783706339622641 .04064920504916226414 0
125 2.22226605836 .17094354295076923076 .11111330291799999999 0
126 1.80546133546 .08807128465658536585 .03522851386263414634 0
127 1.91958031107 .03877940022363636363 .01822631810510909090 0
128 1.63355077867 .14850461624272727272 .04009624638553636363 0
129 1.32862884559 .04661855598561403508 .01911360795410175438 0
130 1.90844937422 .03975936196291666666 .01630133840479583333 0
131 1.61077801285 .08948766738055555555 .03579506695222222222 0
132 2.36212556254 .07381642382937500000 .03321739072321875000 0
133 1.34386417609 .04406112052754098360 .02070872664794426229 0
134 1.85600968891 .07733373703791666666 .02320012111137499999 0
135 2.25656938051 .07398588132819672131 .02219576439845901639 0
136 1.74430501599 .08508804956048780487 .04254402478024390243 0
137 1.42101287134 .03597500940101265822 .02410325629867848100 0
138 1.8900700639 .18900700639000000000 .07560280255600000000 0
139 2.06182769515 .17181897459583333333 .04982750263279166666 0
140 1.4728026364 .10909649158518518518 .05127535104503703703 0
141 2.35093951276 .06440930171945205479 .03284874387692054794 0
142 1.64806879893 .08451634866307692307 .04732915525132307691 0
143 1.40905133552 .07616493705513513513 .04950720908583783783 0
144 1.28377018723 .03667914820657142857 .00990337001577428571 0
145 2.60047598888 .08001464581169230769 .02160395436915692307 0
146 1.77250229998 .14180018399840000000 .06806408831923200000 0
147 2.24894307053 .04734616990589473684 .02840770194353684210 0
148 2.46534425289 .08357099162338983050 .04512833547663050847 0
149 2.04994736169 .14642481154928571428 .09078338316055714285 0
150 2.16820591056 .06994212614709677419 .03916759064237419354 0
151 1.14047276665 .04654990884285714285 .02792994530571428571 0
152 1.32181279262 .03223933640536585365 .00967180092160975609 0
153 2.1346633917 .04964333469069767441 .02382880065153488371 0
154 1.99950039647 .05478083278000000000 .03999000792940000000 0
155 1.74322017929 .06338982470145454545 .03423050533878545454 0
156 2.07883364242 .08485035275183673469 .05006170812358367346 0
157 2.49835193724 .05431199863565217391 .02118167946790434782 0
158 1.62514512894 .04333720343840000000 .02643569409742400000 0
159 1.63655821253 .25177818654307692307 .14351356632955384614 0
160 1.84864789158 1.84864789158000000000 .90583746687420000000 0
161 2.78532317107 .12660559868500000000 .05697251940825000000 0
162 1.57802276485 .03669820383372093023 .01724815580184883720 0
163 2.25546587195 .05858352914155844155 .02050423519954545454 0
164 2.3732499684 .33903570977142857142 .16273714069028571428 0
165 1.78033462146 .04342279564536585365 .03126441286466341462 0
166 2.46987308674 .05040557319877551020 .01915411781553469387 0
167 2.6940215285 .21552172228000000000 .08405347168920000000 0
168 2.50479011036 .06862438658520547945 .03088097396334246575 0
169 2.20475522678 .12598601295885714285 .03527608362847999999 0
170 1.89587037229 .08426090543511111111 .06151046096763111111 0
171 2.77852523428 .06776890815317073170 .04676054662568780487 0
172 2.44874491513 .81624830504333333333 .44077408472339999999 0
173 1.73785667828 .18293228192421052631 .09146614096210526315 0
174 1.38827208976 .04206885120484848484 .02061373709037575757 0
175 1.63593780853 .13632815071083333333 .06543751234119999999 0
176 2.21806410947 .04436128218940000000 .01419561030060800000 0
177 2.9785583602 .11914233440800000000 .03812554701056000000 0
178 1.66441892659 .25606445024461538461 .14851738114187692307 0
179 1.51866674067 1.01244449378000000000 .32398223800960000000 0
180 1.98052387796 .05578940501295774647 .02064207985479436619 0
181 1.98760235127 .17283498706695652173 .09678759275749565216 0
182 1.99695985204 .22188442800444444444 .15531909960311111110 0
183 1.84661089929 .03730527069272727272 .02387537324334545454 0
184 1.48478947281 .06318253075787234042 .03854134376230212765 0
185 2.13080119204 .23675568800444444444 .14915608344279999999 0
186 2.07338244679 .05603736342675675675 .02073382446789999999 0
187 2.34031462367 .07673162700557377049 .02839070199206229508 0
188 2.63488646532 .12547078406285714285 .04266006658137142856 0
189 2.98279850652 .14913992532600000000 .10887214548798000000 0
190 2.20463727551 .08818549102040000000 .04762016515101600000 0
191 1.68516706675 .06878232925510204081 .03989375096795918366 0
192 1.41841847706 .14184184770600000000 .07801301623830000000 0
193 2.32424187583 .23242418758300000000 .07669998190239000000 0
194 2.23729818544 .04971773745422222222 .02436169135256888888 0
195 2.59030538753 .10792939114708333333 .03885458081294999999 0
196 2.38194238834 .12536538886000000000 .06519000220720000000 0
197 1.4135202642 .03406072925783132530 .02145825943243373493 0
198 2.12333528176 .11796307120888888888 .04600559777146666666 0
199 2.10083642398 .07121479403322033898 .02065229026963389830 0
200 1.41592086018 .12312355305913043478 .03570583038714782608 0
201 1.96664797919 .04013567304469387755 .01765969613966530612 0
202 2.62756742202 1.31378371101000000000 .42041078752320000000 0
203 2.43890232196 .15243139512250000000 .04420510458552500000 0
204 1.57471000461 .05942301904188679245 .03803073218680754716 0
205 2.28909678364 .32701382623428571428 .11445483918199999999 0
206 1.97428339966 .06580944665533333333 .02961425099489999999 0
207 1.23701305516 .09896104441280000000 .07125195197721600000 0
208 2.60469616864 .07337172306028169014 .02788125476290704225 0
209 2.67882954357 .09237343253689655172 .03325443571328275861 0
210 1.82432077142 .05365649327705882352 .02790137650407058823 0
211 1.88867176804 .11109833929647058823 .06999195375677647058 0
212 2.29181816679 .25464646297666666666 .13241616074786666666 0
213 2.06528446418 .05295601190205128205 .03601008809339487179 0
214 1.80493002369 .90246501184500000000 .35196135461955000000 0
215 2.45265935804 .14427407988470588235 .06348059514927058823 0
216 1.69005738073 .03414257334808080808 .02253409840973333333 0
217 1.55494929745 .03417470983406593406 .02084657299878021977 0
218 2.35917941018 .12416733737789473684 .03104183434447368421 0
219 2.46691518398 .10278813266583333333 .06475652357947499999 0
220 1.80162130762 .11623363274967741935 .04533111677237419354 0
221 1.83653108518 .09418108129128205128 .05179959471020512820 0
222 2.22355833221 .05053541664113636363 .02981589581827045454 0
223 1.0755536753 .10755536753000000000 .03656882496020000000 0
224 2.2646962196 .12941121254857142857 .04141158801554285714 0
225 1.28091820768 .03242830905518987341 .01783556998035443037 0
226 1.27539009876 .15942376234500000000 .11478510888840000000 0
227 1.67349736722 .03523152352042105263 .00916019611530947368 0
228 1.76261378971 .05109025477420289855 .02809964012581159420 0
229 1.652863938 .27547732300000000000 .07437887721000000000 0
230 1.72643266995 .05569137645000000000 .03842704975050000000 0
231 1.52042217129 .06469881579957446808 .04593615921769787233 0
232 2.4232141954 .09890670185306122448 .06923469129714285713 0
233 2.15076408754 .07546540658035087719 .02414893010571228070 0
234 2.74654543766 .14455502303473684210 .07516861197806315789 0
235 2.3060686048 .07560880671475409836 .03099961075304918032 0
236 2.60697550378 1.30348775189000000000 .39104632556700000000 0
237 2.55424707901 .08807748548310344827 .04756184216087586206 0
238 2.71012577525 .05587888196391752577 .04023279501402061855 0
239 1.97637250328 .04033413272000000000 .01331026379760000000 0
240 2.78731845642 .19909417545857142857 .08959237895635714285 0
241 1.59585164335 .15958516433500000000 .05266310423055000000 0
242 1.6500499448 .09166944137777777777 .05133488717155555555 0
243 2.09294853432 .04453081987914893617 .03161688211419574468 0
244 2.27840635468 .08597759828981132075 .04900723102519245282 0
245 2.70404631077 .06515774242819277108 .02085047757702168674 0
246 1.36895684728 .03259421064952380952 .00945232108836190476 0
247 1.90681391501 .10593410638944444444 .04978903000303888888 0
248 2.67660018167 .07647429090485714285 .04206085999767142856 0
249 0.828840038302 .02673677542909677419 .01497259424029419354 0
250 2.6237097677 .87456992256666666666 .32359087134966666666 0
251 1.96004794002 .04611877505929411764 .01475800801897411764 0
252 1.329433495 .04664678929824561403 .01912518361228070175 0
253 1.55613334467 .04095087749131578947 .02006592997074473684 0
254 1.26131382545 .04349358018793103448 .01435288146201724137 0
255 2.35027730352 .06439115900054794520 .03927860699033424657 0
256 1.83533203032 .17479352669714285714 .10138024548434285714 0
257 1.95279756284 .24409969535500000000 .15866480198075000000 0
258 2.14426304303 .04611318372107526881 .01521735062795483870 0
259 1.96451927215 .04791510419878048780 .03306142189715853658 0
260 1.84423053823 .05122862606194444444 .01588087407920277777 0
261 2.01936246075 .07343136220909090909 .03598136748245454545 0
262 1.98713057721 .05299014872560000000 .01589704461768000000 0
263 2.49348566306 .15112034321575757575 .11182905397966060605 0
264 1.87059967323 .04562438227390243902 .01961848437777804877 0
265 1.31418499501 .04380616650033333333 .01138960329008666666 0
266 2.42421293422 .40403548903666666666 .25454235809309999999 0
267 1.99781531079 .49945382769750000000 .23474329901782500000 0
268 1.85571911881 .04366397926611764705 .02357854880370352940 0
269 1.51266759131 .07035663215395348837 .02743908654004186046 0
270 1.04259352913 .03066451556264705882 .02146516089385294117 0
271 2.13113001003 .30444714429000000000 .09437861472990000000 0
272 1.80237316173 .04096302640295454545 .02375855531371363636 0
273 2.1899507884 .04921237726741573033 .03543291163253932583 0
274 2.06546377901 .08099857956901960784 .04859914774141176470 0
275 1.91316236954 .06832722748357142857 .02254798506957857142 0
276 2.62441588209 .47716652401636363636 .24812659248850909090 0
277 2.07717936813 .08478283135224489795 .03306530422737551020 0
278 1.79596429426 .04988789706277777777 .01845852191322777777 0
279 2.21484908307 .05033747916068181818 .02214849083069999999 0
280 1.44945417071 .02928190243858585858 .01551940829245050504 0
281 1.49674673581 .04276419245171428571 .01539510928261714285 0
282 2.20927386249 .07126689879000000000 .02423074558860000000 0
283 1.79638600791 .03666093893693877551 .02199656336216326530 0
284 1.49547260291 .04334703196840579710 .02470780822199130434 0
285 2.65912885185 .07386469032916666666 .01846617258229166666 0
286 1.16740581942 1.16740581942000000000 .67709537526360000000 0
287 1.67060307563 .12374837597259259259 .06063670422657037036 0
288 3.06747650489 .15730648743025641025 .04247275160616923076 0
289 1.87602438256 .09873812539789473684 .06812930652454736841 0
290 1.70893365713 .18988151745888888888 .12152417117368888888 0
291 1.53692780982 .06986035499181818181 .02445112424713636363 0
292 2.21168482172 .04468050144888888888 .02859552092728888888 0
293 1.99494269585 .08673663895000000000 .05377671614900000000 0
294 2.01306587773 .05515248980082191780 .03419454367650958903 0
295 2.68963708923 .41379032142000000000 .20275725749580000000 0
296 2.34766524827 .07452905550063492063 .02086813554017777777 0
297 1.58008238209 .04450936287577464788 .02180958780912957746 0
298 2.69613516493 .16340213120787878787 .09804127872472727272 0
299 1.03513715131 .03764135095672727272 .02258481057403636363 0
300 1.21299317248 .05273883358608695652 .01318470839652173913 0
301 2.21092605842 .19225443986260869565 .11150757512031304347 0
302 2.38297048147 .06907160815855072463 .04696869354781449274 0
303 2.33924967341 .06880146098264705882 .03784080354045588235 0
304 1.28393765012 .03131555244195121951 .01722355384307317073 0
305 2.74626659327 .06386666495976744186 .03768133232626279069 0
306 1.43944909807 .03510851458707317073 .01860751273114878048 0
307 2.15953993495 .05836594418783783783 .02626467488452702702 0
308 1.53089457434 .11339959809925925925 .03515387541077037036 0
309 3.19336796614 .37569034895764705882 .24044182333289411764 0
310 1.60933556808 .16940374400842105263 .07453764736370526315 0
311 2.05644926715 .04782440156162790697 .02773815290574418604 0
312 1.55117025806 .03649812371905882352 .02591366784053176469 0
313 1.94633518488 .05190227159680000000 .02387504493452800000 0
314 2.00631377561 .07039697458280701754 .03590245703723157894 0
315 1.72050639532 .06036864544982456140 .01629953427145263157 0
316 1.68569379272 .03586582537702127659 .01829157094228085106 0
317 2.44278605457 .06344898843038961038 .02982102456228311687 0
318 1.1884590411 .04244496575357142857 .01528018767128571428 0
319 2.975924106 .06613164680000000000 .02446870931600000000 0
320 2.58627919475 .07285293506338028169 .03132676207725352112 0
321 1.78669331685 .03573386633700000000 .00893346658425000000 0
322 2.06408186245 .06351021115230769230 .04509224991813846153 0
323 2.77416764086 .13870838204300000000 .06103168809892000000 0
324 2.7709796383 .11083918553200000000 .04987763348940000000 0
325 1.80605847936 .05643932748000000000 .03612116958720000000 0
326 2.45512024058 .54558227568444444444 .26187949232853333333 0
327 1.68454235036 .05183207231876923076 .02125114965069538461 0
328 2.08800401738 .16061569364461538461 .04657855115693846153 0
329 2.61309416726 .08710313890866666666 .06010116584697999999 0
330 2.39538679791 .05703301899785714285 .02965716987888571428 0
331 1.81444190407 .07115458447333333333 .02988492547879999999 0
332 1.88393125567 .04769446216886075949 .03529390200495696202 0
333 2.1252508906 .08855212044166666666 .03719189058549999999 0
334 1.00282765037 .02993515374238805970 .01347081918407462686 0
335 2.08927535033 .06850083115836065573 .02329028259384262294 0
336 2.21229770302 .14272888406580645161 .09705564116474838709 0
337 2.29134190383 .05951537412545454545 .03273345576899999999 0
338 0.716017250037 .02105933088344117647 .01558390485374647058 0
339 2.52476811587 .05315301296568421052 .02870262700146947368 0
340 1.05200599534 .08416047962720000000 .05217949736886400000 0
341 2.01898008278 .06212246408553846153 .03044000740191384614 0
342 1.46503397955 .09766893197000000000 .03516081550920000000 0
343 1.88878858093 .03815734506929292929 .02289440704157575757 0
344 1.9864539046 .05595644801690140845 .01790606336540845070 0
345 2.59860173439 .06261690926240963855 .04070099102056626505 0
346 1.80356747229 .10019819290500000000 .04308522294915000000 0
347 1.03378264414 .06461141525875000000 .04393576237595000000 0
348 2.07380048208 .06190449200238805970 .04395218932169552238 0
349 2.24929720326 .06079181630432432432 .03829884427172432432 0
350 1.71926034328 .04646649576432432432 .02462724275509189188 0
351 2.62390038635 .08199688707343750000 .05411794546846875000 0
352 1.2616903623 .09705310479230769230 .05920239392330769230 0
353 1.3211447951 .12010407228181818181 .05164475108118181817 0
354 1.71432322972 .12245165926571428571 .03918453096502857142 0
355 1.77387158859 .22173394857375000000 .11308431377261250000 0
356 1.7254625849 .07502011238695652173 .03751005619347826086 0
357 1.7496155857 .04928494607605633802 .03449946225323943661 0
358 0.760966068843 .02238135496597058823 .01029542328434647058 0
359 2.33639324585 .51919849907777777777 .25440726454811111110 0
360 2.26470484046 .34841612930153846153 .19162887111584615384 0
361 1.90086103759 .05509742137942028985 .03471137546903478260 0
362 1.62997234401 .06036934607444444444 .03803268802689999999 0
363 2.50077150612 .05320790438553191489 .03671345402601702127 0
364 1.75869265799 .09506446799945945945 .06559448291962702702 0
365 2.44138440347 .07398134555969696969 .02515365749029696969 0
366 0.737091514414 .04913943429426666666 .02555250583301866666 0
367 1.92237737226 .04225005213758241758 .01267501564127472527 0
368 2.46161230315 .24616123031500000000 .16492802431105000000 0
369 2.68096591039 .06874271565102564102 .02062281469530769230 0
370 1.78981283902 .04365397168341463414 .01920774754070243902 0
371 2.09227726786 .38041404870181818181 .27389811506530909090 0
372 2.30830445204 .07102475237046153846 .03551237618523076923 0
373 1.47408397859 .03639713527382716049 .01128311193488641975 0
374 1.41389648188 .03250336739954022988 .01365141430780689654 0
375 2.5673620164 .06938816260540540540 .02081644878162162162 0
376 2.30782455773 .10490111626045454545 .02937231255292727272 0
377 1.92866695513 .11345099736058823529 .08395373804683529411 0
378 1.43202186462 .05207352234981818181 .01614279192844363636 0
379 2.37900246501 .36600037923230769230 .22692023512403076922 0
380 0.545807693939 .01819358979796666666 .01237164106261733332 0
381 2.51869608917 .12286322386195121951 .08477562446474634146 0
382 2.22034853725 .07790696621929824561 .04284883142061403508 0
383 2.24088931254 .05092930255772727272 .03514121876483181817 0
384 2.25808227949 .08064579569607142857 .03548415010627142857 0
385 1.98771361422 .33128560237000000000 .24183848973010000000 0
386 2.82098049587 .43399699936461538461 .20397858970136923076 0
387 1.77891776278 .08085989830818181818 .02749236542478181818 0
388 1.26688010643 .04780679646905660377 .02629373805798113207 0
389 1.64102966034 .03687707101887640449 .00995680917509662921 0
390 1.51312152147 .04034990723920000000 .01129797402697600000 0
391 0.550176480912 .01467137282432000000 .00704225895567360000 0
392 2.63152168451 .09074212705206896551 .06170464639540689654 0
393 3.08878284377 2.05918856251333333333 .80308353938019999999 0
394 1.65449706273 .07878557441571428571 .04805920039358571428 0
395 1.19918815868 .18449048595076923076 .10700448185144615384 0
396 2.27109468491 .32444209784428571428 .13951010207304285714 0
397 2.41539311287 .07001139457594202898 .04690763436588115941 0
398 1.40894046493 .93929364328666666666 .55418324953913333332 0
399 2.77058217314 .06926455432850000000 .04987047911652000000 0
400 2.27153256915 .37858876152500000000 .12114840368800000000 0
401 1.06749189216 .07362013049379310344 .04269967568639999999 0
402 2.62339603684 .08892867921491525423 .02490003018017627118 0
403 2.84538741249 .09983815482421052631 .03394497264023157894 0
404 2.26065289616 .11593091775179487179 .06955855065107692307 0
405 2.22095320396 .07658459324000000000 .05054583153840000000 0
406 2.49619305481 .06319476088126582278 .01959037587319240506 0
407 2.67289905669 .12149541166772727272 .03523366938364090908 0
408 2.41502193967 .05890297413829268292 .01767089224148780487 0
409 2.4016232867 .08141095887118644067 .03256438354847457626 0
410 1.90370225615 .04479299426235294117 .03135509598364705881 0
411 2.35607626093 .06544656280361111111 .04123133456627499999 0
412 2.52854231177 .10535592965708333333 .03055321960055416666 0
413 2.17409304138 .07128173906163934426 .04063059126513442622 0
414 2.17400335314 .07127879846360655737 .03421382326253114753 0
415 1.28881186467 .04225612671049180327 .01140915421183278688 0
416 1.93840623342 .04355969063865168539 .02570021747680449438 0
417 2.23776475684 .09729411986260869565 .04670117753405217391 0
418 1.6188512741 .08520269863684210526 .02641283657742105263 0
419 2.49855082008 .33314010934400000000 .14991304920480000000 0
420 2.73843212014 .60854047114222222222 .17647673663124444444 0
421 1.93252932413 .08052205517208333333 .03704014537915833333 0
422 1.60016193656 .03265636605224489795 .00947034615515102040 0
423 2.27997940066 .07728743731050847457 .03555222116283389830 0
424 1.50661682184 .04565505520727272727 .02647993202021818181 0
425 2.22165144998 .31737877856857142857 .10156120914194285714 0
426 1.98248310203 .09670649278195121951 .05415563595789268292 0
427 1.85026486778 .13216177627000000000 .09515647891440000000 0
428 1.81446193888 .04593574528810126582 .02296787264405063291 0
429 1.8680613653 .21977192532941176470 .13406087445094117646 0
430 1.59411023402 .04688559511823529411 .01547224638901764705 0
431 2.32309426309 .05597817501421686746 .02407061525611325300 0
432 1.44312585877 .04655244705709677419 .02886251717539999999 0
433 2.16731139168 .14448742611200000000 .03901160505024000000 0
434 1.74173344204 .06830327223686274509 .03415163611843137254 0
435 2.53591219276 1.69060812850666666666 1.11580136481439999999 0
436 2.17597584969 .14506505664600000000 .08268708228822000000 0
437 1.63015518263 .05344771090590163934 .01443088194459344262 0
438 2.15611465839 .04312229316780000000 .02501093003732400000 0
439 2.2854117424 .06094431313066666666 .02559661151487999999 0
440 2.12589209711 .22377811548526315789 .13426686929115789473 0
441 1.51736626305 .09196159170000000000 .03494540484600000000 0
442 1.68486419716 .07020267488166666666 .05124795266361666666 0
443 1.42008483027 .02958510063062500000 .02189297446666250000 0
444 1.75563427479 .03546735908666666666 .01028553413513333333 0
445 1.94651772979 .10521717458324324324 .06944333522494054053 0
446 1.78474078983 .03569481579660000000 .01106539289694600000 0
447 2.5862011647 .09759249678113207547 .04294069858369811320 0
448 1.98832596486 .09941629824300000000 .06064394192823000000 0
449 1.89724528777 .08073384203276595744 .05974304310424680850 0
450 2.04301299586 .05521656745567567567 .03202560912429189188 0
451 2.64829454872 .88276484957333333333 .54731420673546666666 0
452 2.40466515764 .19237321261120000000 .09426287417948800000 0
453 2.36413181061 .05139416979586956521 .02466920150201739130 0
454 1.96065073175 .05446252032638888888 .02178500813055555555 0
455 1.3565105877 .07979474045294117647 .03191789618117647058 0
456 1.8564485255 .04219201194318181818 .02573712728534090908 0
457 1.21026424474 .03457897842114285714 .02005580748426285714 0
458 2.58081433744 .07269899542084507042 .02617163835150422535 0
459 1.77978864833 .06356388029750000000 .04513035501122500000 0
460 1.46624203514 .03222509967340659340 .00934527890528791208 0
461 1.83054433833 .04257079856581395348 .02469106316817209301 0
462 2.38947690726 .08099921719525423728 .05102950683301016948 0
463 1.952571803 .05659628414492753623 .04074932458434782608 0
464 2.51688380448 .20974031704000000000 .15101302826880000000 0
465 2.53442625682 2.53442625682000000000 1.19118034070540000000 0
466 2.84903593275 1.42451796637500000000 .68376862386000000000 0
467 1.72391750247 .04925478578485714285 .02167210574533714285 0
468 1.65701413569 .08721127029947368421 .04971042407069999999 0
469 2.53527938914 .05121776543717171717 .02202363913798383838 0
470 3.17720557812 .21911762607724137931 .05477940651931034482 0
471 1.28652072762 .03524714322246575342 .02255817166237808218 0
472 2.32657543156 .05348449267954022988 .03209069560772413792 0
473 1.99584659577 .09979232978850000000 .06087332117098500000 0
474 2.0485085933 .04138401198585858585 .01572592455462626262 0
475 2.46583152875 .09669927563725490196 .03674572474215686274 0
476 1.74298055416 .06971922216640000000 .02231015109324800000 0
477 2.01563395262 .05447659331405405405 .03432025378785405405 0
478 2.62541941806 .47734898510181818181 .14320469553054545454 0
479 1.50788773073 .03916591508389610389 .02819945886040519480 0
480 2.60861625014 .07348214789126760563 .02130982288846760563 0
481 0.902810516768 .06448646548342857142 .02128053360953142856 0
482 2.10459221288 .05466473280207792207 .04045190227353766233 0
483 2.02754791749 .07798261221115384615 .05302817630358461538 0
484 2.20324999918 .12240277773222222222 .08445791663523333333 0
485 2.62376171591 1.04950468636400000000 .50376224945472000000 0
486 2.03690664882 .29098666411714285714 .11348479900568571428 0
487 1.68348740096 .10861209038451612903 .04561707796149677419 0
488 2.24869668039 .05996524481040000000 .03418018954192800000 0
489 2.83491278387 .11339651135480000000 .07824359283481200000 0
490 1.6887588613 .06622583769803921568 .02847711021015686274 0
491 2.47193351586 .10299722982750000000 .04428880882582500000 0
492 1.88455564559 .04434248577858823529 .03148316490279764705 0
493 2.31647950483 .25738661164777777777 .18274449426992222221 0
494 1.91761948906 .04854732883696202531 .01407872536271898733 0
495 2.16667455273 .18840648284608695652 .07724665796689565217 0
496 1.82571879678 .10142882204333333333 .05578585212383333333 0
497 2.02034351597 .05180367989666666666 .01709521436589999999 0
498 2.32686658417 .07506021239258064516 .04503612743554838709 0
499 2.11197365067 .24846748831411764705 .13914179345590588234 0
500 2.35657806708 .05818711276740740740 .02094736059626666666 0
501 1.93763557458 .05167028198880000000 .02841865509384000000 1,2,3,4,5,6,7,8,9,10,11,12,13,14,15,16,17,18,19,20,21,22,23,24,25,26,27,28,29,30,31,32,33,34,35,36,37,38,39,40,41,42,43,44,45,46,47,48,49,50,51,52,53,54,55,56,57,58,59,60,61,62,63,64,65,66,67,68,69,70,71,72,73,74,75,76,77,78,79,80,81,82,83,84,85,86,87,88,89,90,91,92,93,94,95,96,97,98,99,100,101,102,103,104,105,106,107,108,109,110,111,112,113,114,115,116,117,118,119,120,121,122,123,124,125,126,127,128,129,130,131,132,133,134,135,136,137,138,139,140,141,142,143,144,145,146,147,148,149,150,151,152,153,154,155,156,157,158,159,160,161,162,163,164,165,166,167,168,169,170,171,172,173,174,175,176,177,178,179,180,181,182,183,184,185,186,187,188,189,190,191,192,193,194,195,196,197,198,199,200,201,202,203,204,205,206,207,208,209,210,211,212,213,214,215,216,217,218,219,220,221,222,223,224,225,226,227,228,229,230,231,232,233,234,235,236,237,238,239,240,241,242,243,244,245,246,247,248,249,250,251,252,253,254,255,256,257,258,259,260,261,262,263,264,265,266,267,268,269,270,271,272,273,274,275,276,277,278,279,280,281,282,283,284,285,286,287,288,289,290,291,292,293,294,295,296,297,298,299,300,301,302,303,304,305,306,307,308,309,310,311,312,313,314,315,316,317,318,319,320,321,322,323,324,325,326,327,328,329,330,331,332,333,334,335,336,337,338,339,340,341,342,343,344,345,346,347,348,349,350,351,352,353,354,355,356,357,358,359,360,361,362,363,364,365,366,367,368,369,370,371,372,373,374,375,376,377,378,379,380,381,382,383,384,385,386,387,388,389,390,391,392,393,394,395,396,397,398,399,400,401,402,403,404,405,406,407,408,409,410,411,412,413,414,415,416,417,418,419,420,421,422,423,424,425,426,427,428,429,430,431,432,433,434,435,436,437,438,439,440,441,442,443,444,445,446,447,448,449,450,451,452,453,454,455,456,457,458,459,460,461,462,463,464,465,466,467,468,469,470,471,472,473,474,475,476,477,478,479,480,481,482,483,484,485,486,487,488,489,490,491,492,493,494,495,496,497,498,499,500
502 1.45329916701 14.53299167010000000000 4.35989750103000000000 501
503 2.87040732178 28.70407321780000000000 7.75009976880600000000 501
504 1.38206677174 6.91033385870000000000 2.41861685054500000000 501
505 2.23637072326 5.59092680815000000000 3.74592096146050000000 501
506 2.7911381468 5.58227629360000000000 1.50721459927200000000 501
507 1.72758596043 .07852663456500000000 .03455171920860000000 501
508 2.32051704384 .11319595335804878048 .06904953154840975609 501
509 1.68725588936 .05272674654250000000 .01739982635902500000 501
510 2.33339377906 .04964667615021276595 .01439753608356170212 501
511 1.83695576191 .07986764182217391304 .02955102747420434782 501
512 2.29085347428 .05390243468894117647 .03557560689470117647 501
513 2.08873453035 .05802040362083333333 .02959040584662499999 501
514 1.64793619528 1.64793619528000000000 .88988554545120000000 501
515 1.65364597978 .04240117896871794871 .01144831832155384615 501
516 1.93118325596 .64372775198666666666 .32830115351319999999 501
517 2.10741613452 .12042377911542857142 .08790935875426285713 501
518 1.49014749225 .02980294984500000000 .01519950442095000000 501
519 1.46626597497 .07519312692153846153 .04812360122978461537 501
520 2.45008009857 .09800320394280000000 .04998163401082800000 501
521 2.41330967987 .60332741996750000000 .30166370998375000000 501
522 1.70268618225 .07402983401086956521 .04737909376695652173 501
523 2.15463128675 .13900847011290322580 .05143313394177419354 501
524 1.94771286071 .04328250801577777777 .02943210545072888888 501
525 2.24063753533 .05035140528831460674 .01460190753361123595 501
526 1.74770782922 .05065819794840579710 .03394099262543188405 501
527 2.58912994714 1.29456497357000000000 .41426079154240000000 501
528 1.421572417 .56862896680000000000 .18196126937600000000 501
529 1.90484145663 .10025481350684210526 .02706879964684736842 501
530 1.41124203944 2.82248407888000000000 .81852038287520000000 501
531 1.43262808449 .06096289721234042553 .04084514113226808510 501
532 1.75823669296 .04041923432091954022 .02384734824934252872 501
533 3.1282326251 .52137210418333333333 .20854884167333333333 501
534 2.80584344495 .28058434449500000000 .14029217224750000000 501
535 1.98678155673 .10456745035421052631 .02718753709209473684 501
536 2.19941697946 .54985424486500000000 .25293295263790000000 501
537 2.25252517402 .28156564675250000000 .17175504451902500000 501
538 1.66023309469 .27670551578166666666 .11621631662829999999 501
539 2.16248851734 .11381518512315789473 .06259835181773684210 501
540 2.19435884847 .07699504731473684210 .01924876182868421052 501
541 1.865043369 .10081315508108108108 .06250415615027027026 501
542 2.07231588673 .05526175697946666666 .02044685008240266666 501
543 1.6140333664 .17933704071111111111 .12553592849777777777 501
544 2.36158963356 .06382674685297297297 .02680723367824864864 501
545 1.63373080626 .04356615483360000000 .02091175432012800000 501
546 1.98435642376 .10726250939243243243 .05148600450836756756 501
547 1.85455791123 .41212398027333333333 .18133455132026666666 501
548 2.91505881246 .07379895727746835443 .05461122838532658227 501
549 2.26147589174 .08223548697236363636 .03124948504949818181 501
550 2.8083306601 .07109697873670886075 .02843879149468354430 501
551 1.98042651732 .11002369540666666666 .04951066293299999999 501
552 1.56722437309 3.13444874618000000000 1.66125783547540000000 501
553 2.82081272381 .29692765513789473684 .09501684964412631578 501
554 2.32622922338 .04652458446760000000 .01628360456366000000 501
555 2.12962984302 .09062254651148936170 .02537431302321702127 501
556 1.85148615726 .19489327971157894736 .13642529579810526315 501
557 1.93261123053 .04342946585460674157 .01346313441492808988 501
558 2.33262999648 .08184666654315789473 .06056653324193684210 501
559 1.66784299677 .04276520504538461538 .01197425741270769230 501
560 2.13570079437 .05620265248342105263 .02416714056787105263 501
561 2.56444914795 .09677166596037735849 .03677323306494339622 501
562 1.45125892436 .03769503699636363636 .02525567478756363636 501
563 2.25226403342 .23708042457052631578 .17306870993648421051 501
564 2.34295453578 .07209090879323076923 .04902181797939692307 501
565 0.792294611452 .09903682643150000000 .06338356891616000000 501
566 1.14969349716 .02737365469428571428 .01505551008185714285 501
567 0.965356565866 .06228106876554838709 .03363177713339612902 501
568 2.05120279005 .07458919236545454545 .02834389309887272727 501
569 1.92277473527 .04867784139924050632 .02677281276958227847 501
570 2.191911722 .08767646888000000000 .03507058755200000000 501
571 2.81735111048 .11499392287673469387 .05289720452329795918 501
572 1.78903505003 .04969541805638888888 .02136902976424722221 501
573 1.71574145555 .05279204478615384615 .01372593164439999999 501
574 1.33777538103 .08918502540200000000 .06510506854346000000 501
575 2.15340303344 .04732753919648351648 .02697669734199560439 501
576 2.41451942809 .05365598729088888888 .03219359237453333332 501
577 2.54760648235 .63690162058750000000 .24839163202912500000 501
578 1.20966601688 .48386640675200000000 .31935182845632000000 501
579 1.85501704465 .09275085223250000000 .05379549429485000000 501
580 2.09657867954 .04193157359080000000 .01844989237995200000 501
581 2.88100691977 .06623004413264367816 .02185591456377241379 501
582 2.53166087421 .07671699618818181818 .05293472736984545454 501
583 2.02847017254 .06761567241800000000 .02907473913974000000 501
584 2.37471888178 .15831459211866666666 .09182246342882666666 501
585 2.06007083681 .04336991235389473684 .01864906231217473684 501
586 1.96841729323 .06151304041343750000 .03137165061085312500 501
587 1.78220075863 .12291039714689655172 .06391340651638620689 501
588 1.19001989765 .04327345082363636363 .02380039795299999999 501
589 2.34173960222 .07096180612787878787 .02625586826731515151 501
590 1.11576516704 .06198695372444444444 .04153125899537777777 501
591 1.56014735207 .13566498713652173913 .08953889151010434782 501
592 1.8036515383 .16396832166363636363 .08854289369836363636 501
593 2.04159446149 .04487020794483516483 .01166625406565714285 501
594 2.28236115412 .05187184441181818181 .01971130087649090908 501
595 2.9410100812 .09336539940317460317 .04108077573739682539 501
596 2.26245507943 .05953829156394736842 .02798299703505526315 501
597 2.40171475419 .06491120957270270270 .02466625963762702702 501
598 1.50232718899 .03065973855081632653 .01931563528701428571 501
599 1.37828955236 .03168481729563218390 .01235707874529655172 501
600 1.74476679235 .03634930817395833333 .00945082012522916666 501
601 1.89746534089 .06776661931750000000 .04540363494272500000 501
602 1.6675604978 .09264224987777777777 .02408698496822222222 501
603 1.86680071256 .04978135233493333333 .01941472741062399999 501
604 1.93227606607 .05855382018393939393 .03396121570668484847 501
605 2.09198157481 .08538700305346938775 .03073932109924897959 501
606 2.77622786342 .19830199024428571428 .09121891551237142856 501
607 1.5711553991 .06831110430869565217 .03757110736978260869 501
608 1.97248225815 .04641134725058823529 .02738269487784705882 501
609 1.75394134777 .06618646595358490566 .01787034580746792452 501
610 1.66173710051 .33234742010200000000 .12961549383978000000 501
611 2.40967500457 .17211964318357142857 .06884785727342857142 501
612 1.58039873501 .03718585258847058823 .01004018019888705882 501
613 1.62960089378 .03581540425890109890 .01754954808686153846 501
614 2.17743059727 .36290509954500000000 .15604919280435000000 501
615 1.7786247749 .04446561937250000000 .01333968581175000000 501
616 2.03282074018 .14520148144142857142 .07986081479278571428 501
617 2.41563227356 .34509032479428571428 .23121051761217142856 501
618 1.60872062862 .16933901353894736842 .09652323771719999999 501
619 1.12519260632 .02922578198233766233 .01636643791010909090 501
620 1.252076474 .02813654997752808988 .01463100598831460673 501
621 2.70644553044 .08591890572825396825 .05155134343695238095 501
622 2.20322331763 .05577780550962025316 .03012001497519493670 501
623 2.0157243615 .04156132704123711340 .02493679622474226804 501
624 2.02864352222 .04663548326942528735 .01538970947891034482 501
625 1.58786817906 .04410744941833333333 .01543760729641666666 501
626 1.72450358696 .05562914796645161290 .03170861434087741935 501
627 1.95395073583 1.95395073583000000000 1.01605438263160000000 501
628 2.59280731691 .14404485093944444444 .05185614633819999999 501
629 1.87617543864 .06948797920888888888 .02501567251519999999 501
630 1.16326218698 .09693851558166666666 .04749987263501666666 501
631 1.97302093476 .04484138488090909090 .02959531402139999999 501
632 2.48896546616 .21643177966608695652 .09522998305307826086 501
633 2.24484349322 .21379461840190476190 .08124195499272380952 501
634 2.25873942453 .37645657075500000000 .23340307386810000000 501
635 2.72292327091 .15127351505055555555 .08925137387982777777 501
636 2.43472238803 .05072338308395833333 .01775318407938541666 501
637 2.09713116176 .34952186029333333333 .10835177669093333333 501
638 1.74262603464 .03747582870193548387 .01686412291587096774 501
639 1.58686679 1.05791119333333333333 .33853158186666666666 501
640 1.38683729302 .04267191670830769230 .03157721836414769230 501
641 1.71835144552 .03542992671175257731 .02232085382840412370 501
642 1.76398572397 .15339006295391304347 .10583914343819999999 501
643 1.22321583622 .15290197952750000000 .10703138566925000000 501
644 1.75404292609 .04872341461361111111 .02582340974521388888 501
645 1.0002079345 .03774369564150943396 .01170054564886792452 501
646 2.22153723029 .44430744605800000000 .24881216979248000000 501
647 2.01086450064 .06283951564500000000 .02073704016285000000 501
648 2.12890710699 .14192714046600000000 .06244794180504000000 501
649 1.35325439261 .24604625320181818181 .15254867698512727272 501
650 1.98098843932 .49524710983000000000 .31200567919290000000 501
651 1.52668823743 .03469745994159090909 .01526688237429999999 501
652 1.46856695964 .03765556306769230769 .01581533648843076922 501
653 1.90498048649 .25399739819866666666 .14985846493721333332 501
654 1.8827610996 .08011749360000000000 .02563759795200000000 501
655 1.67758551091 .09068029788702702702 .05078096681673513513 501
656 2.81200320846 .06113050453173913043 .03973482794563043477 501
657 1.23633604639 .07492945735696969696 .02922248836921818181 501
658 2.09465916608 .09309596293688888888 .02513590999295999999 501
659 2.30440293202 .04608805864040000000 .03318340222108800000 501
660 3.22661241437 .09631678848865671641 .04912156212921492536 501
661 2.0104401735 .10867244181081081081 .04672914997864864864 501
662 1.81454264171 .12961018869357142857 .04147526038194285714 501
663 1.60178550946 .07450165160279069767 .04246594141359069767 501
664 2.95045034009 .28099527048476190476 .09272843925997142857 501
665 1.74997367244 .05302950522545454545 .02174209714243636363 501
666 2.70102029202 .14215896273789473684 .05544199546777894736 501
667 2.2235494575 .55588736437500000000 .28906142947500000000 501
668 1.85164811743 .05611054901303030303 .03254411842755757575 501
669 2.67601941814 .09557212207642857142 .07072337033655714285 501
670 1.41407456985 1.41407456985000000000 .79188175911600000000 501
671 1.67765488467 .07138956956042553191 .04354763743185957446 501
672 1.40774179906 .03656472205350649350 .01718541936514805194 501
673 2.7951923298 .10750739730000000000 .07418010413700000000 501
674 2.22958468408 .05372493214650602409 .01719197828688192770 501
675 2.80550696827 5.61101393654000000000 2.30051571398140000000 501
676 3.1066971821 .06753689526304347826 .01755959276839130434 501
677 1.42135616477 .07896423137611111111 .04658889651190555555 501
678 1.06167220128 .02144792325818181818 .00857916930327272727 501
679 2.42579974148 .08085999138266666666 .03881279586367999999 501
680 1.39551806993 .03283571929247058823 .01871635999670823529 501
681 1.88944267584 .04107484077913043478 .02546640128306086956 501
682 2.50325669663 .05960134991976190476 .02801263446228809523 501
683 2.91937135434 .08341061012400000000 .03253013794836000000 501
684 2.12108214968 .30301173566857142857 .21210821496799999999 501
685 2.29151943727 .12386591552810810810 .08918345918023783783 501
686 1.23144639074 .03731655729515151515 .01156813276149696969 501
687 2.04945282598 .14134157420551724137 .05936346116631724137 501
688 2.18986113072 .08587690708705882352 .05753752774832941175 501
689 2.64580680936 .25198160089142857142 .15370877654377142856 501
690 1.95056974267 .08300296777319148936 .05644201808577021276 501
691 2.36415110191 .08014071531898305084 .04568020773182033897 501
692 1.56093201255 .05676116409272727272 .03802997994212727272 501
693 1.39277610528 .08192800619294117647 .04342184328225882352 501
694 0.986464270237 .02098860149440425531 .00545703638854510638 501
695 1.97104726652 .65701575550666666666 .40077961085906666666 501
696 2.08236380219 .19832036211333333333 .09916018105666666666 501
697 2.23429911855 .04753827911808510638 .01711378048251063829 501
698 2.88685563778 .09785951314508474576 .07241603972736271186 501
699 2.40098597684 .05108480801787234042 .02962918865036595744 501
700 1.83329138961 .03859560820231578947 .01659611152699578947 501
701 1.71066801547 .07279438363702127659 .03785307949125106382 501
702 3.46805802899 .08257281021404761904 .02890048357491666666 501
703 2.50986731817 .05577482929266666666 .03290714928267333332 501
704 1.70890413216 .22785388428800000000 .13443379172992000000 501
705 2.17918379623 .05009617922367816091 .02855482215749655171 501
706 2.15940622221 .05608847330415584415 .02075273512253766233 501
707 1.49316163657 .03555146753738095238 .00888786688434523809 501
708 2.00499130847 .15423010065153846153 .06014973925409999999 501
709 2.26606301583 .45321260316600000000 .32631307427952000000 501
710 1.71335451419 1.71335451419000000000 .49687280911510000000 501
711 2.32828052689 .06748639208376811594 .04859020230031304347 501
712 1.71016777168 .05797178887050847457 .02376843343690847457 501
713 1.68318001993 .03435061265163265306 .00996167766897346938 501
714 1.7116878595 .38037507988888888888 .25104755272666666666 501
715 2.43301132179 .07372761581181818181 .01916918011107272727 501
716 2.06808942631 .05744692850861111111 .02757452568413333333 501
717 1.64308263024 .06572330520960000000 .01840252545868800000 501
718 2.4283609687 .32378146249333333333 .14246384349706666666 501
719 2.5589499485 .14622571134285714285 .08481091257885714285 501
720 2.83576265604 5.67152531208000000000 1.64474234050320000000 501
721 1.35979547235 .09065303149000000000 .05801794015360000000 501
722 1.762644058 1.17509603866666666666 .56404609855999999999 501
723 1.55715262965 .06228610518600000000 .02740588628184000000 501
724 2.64063812029 1.76042541352666666666 .49291911578746666666 501
725 2.25843860068 .04856857205763440860 .02331291458766451612 501
726 2.21544835841 4.43089671682000000000 2.74715596442840000000 501
727 2.50815417676 .16721027845066666666 .04681887796618666666 501
728 1.79395401932 .05053391603718309859 .03284704542416901408 501
729 1.49209558623 .03243686057021739130 .01427221865089565217 501
730 1.47446142595 .06857960120697674418 .02468865643451162790 501
731 2.2662988048 .17433067729230769230 .11505824701292307691 501
732 2.14045980623 .09306346983608695652 .06700569828198260869 501
733 1.28568589614 .04081542527428571428 .01142831907679999999 501
734 1.86143143767 .07755964323625000000 .04110661091521250000 501
735 2.80806791816 .09058283606967741935 .02717485082090322580 501
736 2.50795821737 .06192489425604938271 .04520517280691604937 501
737 1.75597990896 .06753768880615384615 .02093668352990769230 501
738 2.56541803321 .06108138174309523809 .03298394614127142856 501
739 1.47436855633 .05563654929547169811 .03115646760546415094 501
740 1.80642648036 .04516066200900000000 .02528997072504000000 501
741 1.95253360838 .13016890722533333333 .04165405031210666666 501
742 2.6979969063 .07194658416800000000 .03957062129240000000 501
743 0.711183603051 .05079882878935714285 .01473166034891357142 501
744 2.84614652774 1.89743101849333333333 .96768981943159999999 501
745 2.1559922769 .06954813796451612903 .03686051312119354838 501
746 1.82811958814 .04352665686047619047 .02742179382209999999 501
747 2.08572201474 .10428610073700000000 .02815724719899000000 501
748 1.9884288122 .06414286490967741935 .02758143191116129032 501
749 1.59691617706 .11829008718962962962 .08753466452032592591 501
750 1.53094218284 .04252617174555555555 .02679148819969999999 501
751 1.47995286104 .02959905722080000000 .00976768888286400000 501
752 2.28721402652 .41585709573090909090 .20376997690814545454 501
753 2.59375330009 .14020288108594594594 .03645274908234594594 501
754 2.28901366189 .22890136618900000000 .13734081971340000000 501
755 1.86566573723 .03969501568574468085 .01429020564686808510 501
756 2.11703093691 .11443410469783783783 .07895953224150810810 501
757 1.45817950641 .03102509588106382978 .01613304985815319148 501
758 1.45048321532 .11157563194769230769 .03793571486221538461 501
759 2.09366383077 1.04683191538500000000 .60716251092330000000 501
760 2.30097898509 .07422512855129032258 .02004078470884838709 501
761 1.51010487547 .04507775747671641791 .01712954784115223880 501
762 1.8030072454 .05547714601230769230 .02052654402455384615 501
763 2.2400821788 .08000293495714285714 .04720173162471428571 501
764 1.69757268329 .03464434047530612244 .01766861364240612244 501
765 1.14318782369 .09145502589520000000 .03018015854541600000 501
766 2.43211261476 .16773190446620689655 .07044739987580689655 501
767 2.02010956242 .06847829025152542372 .04177175705343050846 501
768 1.33645940596 .04530370867661016949 .02537007685890169491 501
769 2.33854043127 .08503783386436363636 .04336929527082545454 501
770 2.33859681992 .05376084643494252873 .01505303700178390804 501
771 2.36351392891 .08441121174678571428 .02701158775897142856 501
772 2.34672887244 .36103521114461538461 .19134866190664615384 501
773 1.46412658852 .04722988995225806451 .01605816258376774193 501
774 2.5368149657 .06422316368860759493 .02568926547544303797 501
775 2.33738601657 .29217325207125000000 .17822568376346250000 501
776 2.22237863628 .04779308895225806451 .02819792248183225806 501
777 1.71739640606 .04579723749493333333 .01877686737292266666 501
778 1.80134919041 .04868511325432432432 .01606608737392702702 501
779 1.42713322999 .04077523514257142857 .02568839813981999999 501
780 1.68567004665 .09111729981891891891 .04009161192032432432 501
781 1.07182665956 2.14365331912000000000 .96464399360400000000 501
782 1.73897872919 .03997652251011494252 .02038802648015862068 501
783 2.20432064728 .04844660763252747252 .01744077874770989010 501
784 2.72881188643 .54576237728600000000 .22376257468726000000 501
785 1.91614321537 .06082994334507936507 .03284816940634285713 501
786 2.05329936782 .10529740347794871794 .02737732490426666666 501
787 1.96777425095 .04277770110760869565 .01112220228797826086 501
788 2.02406852395 .08800297930217391304 .02200074482554347826 501
789 1.35729276232 .03016206138488888888 .01749399560323555555 501
790 2.04743163653 .19499348919333333333 .11114628884019999999 501
791 1.81139842449 .12938560174928571428 .08539449715452857142 501
792 1.2301900559 .13668778398888888888 .07381140335399999999 501
793 1.66495388011 .03432894598164948453 .02094065704880618556 501
794 1.40231027273 .04314800839169230769 .01941660377626153846 501
795 2.37790211105 .10808645959318181818 .07349879252336363636 501
796 2.28561630489 .08963201195647058823 .04481600597823529411 501
797 1.95961681764 .07125879336872727272 .03420422081698909090 501
798 2.29775201596 .14360950099750000000 .04451894530922500000 501
799 1.29560428476 .05288180754122448979 .02749853992143673469 501
800 1.9725516868 .08576311681739130434 .03516287789513043477 501
801 1.52709824596 .03249145204170212765 .00877269205125957446 501
802 2.21878342549 .04437566850980000000 .01153767381254800000 501
803 2.17004256297 .17360340503760000000 .07117739606541600000 501
804 2.04749290082 .08357113880897959183 .05348552883774693877 501
805 3.386260939 .32250104180952380952 .10320033337904761904 501
806 1.55769648829 .04581460259676470588 .02611432348015588235 501
807 2.02783786272 .06759459542400000000 .02703783816960000000 501
808 1.98336232423 .06397942981387096774 .02047341754043870967 501
809 2.08395537594 .04903424413976470588 .02500746451127999999 501
810 2.68639693185 .09106430277457627118 .06192372588671186440 501
811 1.1952210633 .04878453319591836734 .03073425591342857142 501
812 1.47887848148 .03439252282511627906 .02545046689058604650 501
813 2.14671106422 .22596958570736842105 .12880266385319999999 501
814 1.53252761037 .03784018791037037037 .01929849583428888888 501
815 1.12630665135 .05238635587674418604 .03090794996727906976 501
816 1.47436982605 .07020808695476190476 .03580612434692857142 501
817 1.40858169727 .04142887344911764705 .02071443672455882352 501
818 1.57116759889 .11222625706357142857 .05386860339051428571 501
819 2.30223330768 .20019420066782608695 .08808544829384347825 501
820 2.54067246396 .15879202899750000000 .11591818116817500000 501
821 1.93131768191 .06897563149678571428 .01793366418916428571 501
822 2.32224445381 .25802716153444444444 .07998842007567777777 501
823 1.77614051102 .04736374696053333333 .02273459854105599999 501
824 2.64120948331 2.64120948331000000000 1.58472568998600000000 501
825 1.65201254159 .33040250831800000000 .19824150499080000000 501
826 2.30503368987 .24263512524947368421 .06793783506985263157 501
827 1.82756323384 .10153129076888888888 .05888814864595555555 501
828 2.03462793319 .04787359842800000000 .01962817535548000000 501
829 2.05571495256 .45682554501333333333 .12791115260373333333 501
830 2.44901596242 .05210672260468085106 .02136375626791914893 501
831 1.19598608648 .06464789656648648648 .01616197414162162162 501
832 1.63755042593 .03599011925120879120 .01043713458285054944 501
833 2.4040867461 .22896064248571428571 .07784661844514285714 501
834 2.77926817694 .06463414364976744186 .02068292596792558139 501
835 2.08848047326 .37972372241090909090 .16328120063669090908 501
836 2.78904277128 .10937422632470588235 .03937472147689411764 501
837 2.7715927739 .09724886925964912280 .03987203639645614034 501
838 1.44201677101 .04120047917171428571 .02842833062848285713 501
839 1.52000415357 .03102049293000000000 .01085717252550000000 501
840 1.93736874698 .27676696385428571428 .09686843734899999999 501
841 2.92388811585 .12712557025434782608 .09153041058313043477 501
842 2.07939040461 .04158780809220000000 .01289222050858200000 501
843 1.99231257603 .28461608229000000000 .09676946797860000000 501
844 1.72655009443 .04371012897291139240 .01092753224322784810 501
845 2.34905432292 .09211977736941176470 .02487233988974117646 501
846 2.13814644911 .10181649757666666666 .06516255844906666666 501
847 2.40637390252 .06592805212383561643 .03362330658315616437 501
848 2.59468229749 .05349860407195876288 .02246941371022268040 501
849 2.73104834874 .06068996330533333333 .03520017871709333333 501
850 2.11174342641 .09822062448418604651 .06580781840440465116 501
851 3.14262384466 .15713119223300000000 .10999183456310000000 501
852 1.88302909573 .05380083130657142857 .03927460685379714285 501
853 1.80588974235 .17198949927142857142 .09803401458471428570 501
854 1.93523688719 .04553498558094117647 .01821399423237647058 501
855 1.7772464831 .06835563396538461538 .02050669018961538461 501
856 2.41894478783 .06627245994054794520 .01723083958454246575 501
857 1.99829206569 .04995730164225000000 .02847566193608250000 501
858 2.4102083588 .14177696228235294117 .05812855453576470587 501
859 1.80791645932 .05831988578451612903 .02449435202949677419 501
860 1.7872682486 .04468170621500000000 .01117042655375000000 501
861 2.05249287734 .05547278046864864864 .02218911218745945945 501
862 2.06843842193 .10607376522717948717 .07849458626811282050 501
863 3.08906938815 .21303926814827586206 .09586767066672413792 501
864 2.04677940881 .15161328954148148148 .11219383426069629629 501
865 1.52954149672 .03921901273641025641 .02078607675029743589 501
866 2.59654339685 .10818930820208333333 .06599547800327083333 501
867 2.56006419283 .06649517383974025974 .01994855215192207792 501
868 1.86529025271 .46632256317750000000 .28911998917005000000 501
869 2.52054245649 .11457011165863636363 .07905337704445909090 501
870 2.23543379135 .08941735165400000000 .03487276714506000000 501
871 2.10574153879 .70191384626333333333 .18951673849109999999 501
872 2.24458781374 .21377026797523809523 .05985567503306666666 501
873 2.02882076841 .12680129802562500000 .07608077881537500000 501
874 2.02157707129 .04813278741166666666 .01540249197173333333 501
875 1.97602762792 .17963887526545454545 .08083749386945454545 501
876 1.82419696943 .08898521802097560975 .02847526976671219512 501
877 1.00808616912 .25202154228000000000 .12853098656280000000 501
878 0.737738164409 .04339636261229411764 .01866043592328647058 501
879 2.01560277114 .04742594755623529411 .01280500584018352940 501
880 1.55823176319 .03387460354760869565 .02134100023499347825 501
881 2.95318444018 .06948669271011764705 .04238688255317176470 501
882 1.52602145179 .03963692082571428571 .01902572199634285714 501
883 2.49004840244 .13105517907578947368 .09173862535305263157 501
884 2.2146190194 .05091078205517241379 .03003736141255172413 501
885 2.07467586773 .06383618054553846153 .04660041179824307691 501
886 1.51516632999 .04329046657114285714 .02727299393981999999 501
887 1.02143231473 .03647972552607142857 .01459189021042857142 501
888 1.5166295726 .21666136751428571428 .14516311623457142856 501
889 1.2139103409 .07357032369090909090 .04929211687290909090 501
890 0.85795209279 .01733236551090909090 .00866618275545454545 501
891 2.097712838 .09120490600000000000 .05928318890000000000 501
892 1.20402916898 .02589310040817204301 .01087510217143225806 501
893 1.79183786946 1.79183786946000000000 1.25428650862200000000 501
894 1.31263943682 .11414255972347826086 .03195991672257391304 501
895 1.17994248649 .07374640540562500000 .03097349027036250000 501
896 1.14203415215 .03460709551969696969 .00899784483512121211 501
897 1.60063807819 .03369764375136842105 .02156649200087578947 501
898 1.44278295294 .03435197507000000000 .02061118504200000000 501
899 0.898915117459 .09462264394305263157 .06434339788127578946 501
900 2.10655073799 .05771371884904109589 .03520536849791506849 501
901 2.39024041536 .07243152773818181818 .04201028608814545454 501
902 2.07087325423 .05522328677946666666 .03258173919988533332 501
903 2.03260911799 .07008996958586206896 .03434408509707241379 501
904 2.2451361118 .12472978398888888888 .04365542439611111110 501
905 2.08423245058 .05413590780727272727 .02057164496676363636 501
906 2.09416377807 .04188327556140000000 .01424031369087600000 501
907 1.78263111803 .27425094123538461538 .09050281060767692307 501
908 2.14304217252 .04608692844129032258 .02212172565181935483 501
909 2.57834360194 .32229295024250000000 .23849678317945000000 501
910 2.16620321066 .07600713019859649122 .05168484853504561402 501
911 2.30578429944 .10247930219733333333 .06661154642826666666 501
912 2.39716757004 .04994099104250000000 .02546990543167500000 501
913 2.33932374878 .35989596135076923076 .12236462685926153845 501
914 1.79477597575 .08158072617045454545 .03344809772988636363 501
915 1.9594234373 .04779081554390243902 .02532913223826829268 501
916 1.76969222348 .12204773955034482758 .06834673414819310344 501
917 2.73408413429 .07594678150805555555 .05164381142547777777 501
918 1.48730619814 .04721606978222222222 .02738532047368888888 501
919 2.00130289741 .05266586572131578947 .01579975971639473684 501
920 2.05909738597 .09577197144046511627 .06799809972273023255 501
921 2.12702475667 .08681733700693877551 .02170433425173469387 501
922 1.23171422347 .03199257723298701298 .01055755048688571428 501
923 1.21898830823 .09029543023925925925 .02437976616459999999 501
924 2.28061880294 .05303764658000000000 .01856317630300000000 501
925 2.32788829789 .08313886778178571428 .02577304901235357142 501
926 2.28826080203 .13075776011600000000 .06014856965336000000 501
927 2.47600966076 .06602692428693333333 .03169292365772799999 501
928 2.45883786202 .04967349216202020202 .03626164927827474747 501
929 1.8467105616 .14205465858461538461 .09659716783753846153 501
930 2.95518930824 .08096409063671232876 .03643384078652054794 501
931 1.81244985712 .04214999667720930232 .01559549877056744185 501
932 2.30192222852 .06394228412555555555 .02110095376143333333 501
933 2.10097236324 .05457071073350649350 .02291969850807272727 501
934 0.840408155343 .02025079892392771084 .01093543141892096385 501
935 2.47729266953 .07741539592281250000 .02245046481761562500 501
936 1.35357307473 .10828584597840000000 .06497150758704000000 501
937 1.54726666328 .03728353405493975903 .02535280315735903614 501
938 2.168473041 .06285429104347826086 .04525508955130434781 501
939 2.36313256228 .06564257117444444444 .02953915702849999999 501
940 1.557261443 .05369867044827586206 .01825754795241379310 501
941 2.38132845295 .13229602516388888888 .03439696654261111110 501
942 2.10953181029 .07671024764690909090 .05369717335283636363 501
943 2.1784540828 .14523027218666666666 .07551974153706666666 501
944 1.83964206869 .09198210343450000000 .06530729343849500000 501
945 2.93044175219 .10656151826145454545 .05860883504379999999 501
946 1.2971888099 .64859440495000000000 .38915664297000000000 501
947 2.54745734364 .17568671335448275862 .08257275527660689655 501
948 1.94237861304 .19423786130400000000 .12819698846064000000 501
949 2.70544905867 .08198330480818181818 .03607265411559999999 501
950 2.00881514709 .05085607967316455696 .02542803983658227848 501
951 2.79456757909 .20700500585851851851 .13455325380803703703 501
952 1.71866432662 .07313465219659574468 .03803001914222978723 501
953 1.87018206679 .37403641335800000000 .27304658175134000000 501
954 2.81589373916 .11263574956640000000 .02928529488726400000 501
955 1.76453350882 .05347071238848484848 .03636008442416969696 501
956 2.08070891414 .08002726592846153846 .03521199700852307692 501
957 2.58471980425 .08205459696031746031 .03692456863214285713 501
958 2.07339044562 .06479345142562500000 .03239672571281250000 501
959 0.821324439991 .02607379174574603174 .01746944046964984126 501
960 2.59088891374 .07098325791068493150 .04471945248373150684 501
961 1.69609102912 .14134091909333333333 .04098886653706666666 501
962 2.59043135645 .07001165828243243243 .02870477989579729729 501
963 2.35924906937 .10973251485441860465 .07352078495246046511 501
964 2.42100525395 .05833747599879518072 .03266898655932530120 501
965 2.4824877354 .10563777597446808510 .06338266558468085106 501
966 2.51152330386 .22832030035090909090 .10959374416843636363 501
967 1.16622962088 .03588398833476923076 .02260691265090461537 501
968 1.65299025952 .04407974025386666666 .02468465454216533332 501
969 2.20122650176 .23170805281684210526 .07878073795772631578 501
970 2.23677093606 .06578738047235294117 .03026219501728235293 501
971 1.78400644516 .03795758393957446808 .01594218525462127659 501
972 1.75782994562 .05408707524984615384 .02001221784244307692 501
973 2.23868707943 .04866711042239130434 .02384688410697173912 501
974 2.45504397208 .16931337738482758620 .09989489265704827585 501
975 1.35936811624 .11328067635333333333 .04871069083193333333 501
976 1.88071789708 .08548717714000000000 .04188871679860000000 501
977 2.23251237199 .05016881734808988764 .03411479579670112359 501
978 2.17049060631 .05167834776928571428 .03514127648311428571 501
979 2.23005399037 .06463924609768115942 .03038044566591014492 501
980 2.15692597929 .07189753264300000000 .03451081566864000000 501
981 2.3018423978 .05546608187469879518 .01608516374366265060 501
982 1.33520780572 .03985694942447761194 .02072561370072835820 501
983 2.53271387486 .15829461717875000000 .11080623202512500000 501
984 2.11393375828 .06930930355016393442 .01940660499404590163 501
985 1.6856978133 .37459951406666666666 .20977572787733333332 501
986 2.28309187714 .07485547138163934426 .02769652441120655737 501
987 1.19843036182 .05210566790521739130 .03543185417554782608 501
988 1.37628174715 .05856518072978723404 .02342607229191489361 501
989 1.75264091176 .05007545462171428571 .03004527277302857142 501
990 2.19251776808 .13287986473212121212 .05049434859820606060 501
991 1.85320978978 .07267489371686274509 .03052345536108235293 501
992 2.13885408431 .14750717822827586206 .05605272772674482758 501
993 1.71947819836 .08597390991800000000 .05244408504998000000 501
994 1.79873972858 .22484246607250000000 .11242123303625000000 501
995 2.04313611424 .07858215824000000000 .02121718272480000000 501
996 2.30054944254 .09389997724653061224 .03474299158121632652 501
997 2.0391267497 .07031471550689655172 .02742273904768965517 501
998 2.49527458498 .23764519856952380952 .12119905127045714285 501
999 1.90216157164 .03881962391102040816 .02173898939017142856 501
1000 2.0804262544 .04334221363333333333 .02123768468033333333 501
1001 2.35711178576 .11785558928800000000 .07307046535856000000 501
1002 1.98866419437 .09469829497000000000 .05019009633410000000 502,503,504,505,506,507,508,509,510,511,512,513,514,515,516,517,518,519,520,521,522,523,524,525,526,527,528,529,530,531,532,533,534,535,536,537,538,539,540,541,542,543,544,545,546,547,548,549,550,551,552,553,554,555,556,557,558,559,560,561,562,563,564,565,566,567,568,569,570,571,572,573,574,575,576,577,578,579,580,581,582,583,584,585,586,587,588,589,590,591,592,593,594,595,596,597,598,599,600,601,602,603,604,605,606,607,608,609,610,611,612,613,614,615,616,617,618,619,620,621,622,623,624,625,626,627,628,629,630,631,632,633,634,635,636,637,638,639,640,641,642,643,644,645,646,647,648,649,650,651,652,653,654,655,656,657,658,659,660,661,662,663,664,665,666,667,668,669,670,671,672,673,674,675,676,677,678,679,680,681,682,683,684,685,686,687,688,689,690,691,692,693,694,695,696,697,698,699,700,701,702,703,704,705,706,707,708,709,710,711,712,713,714,715,716,717,718,719,720,721,722,723,724,725,726,727,728,729,730,731,732,733,734,735,736,737,738,739,740,741,742,743,744,745,746,747,748,749,750,751,752,753,754,755,756,757,758,759,760,761,762,763,764,765,766,767,768,769,770,771,772,773,774,775,776,777,778,779,780,781,782,783,784,785,786,787,788,789,790,791,792,793,794,795,796,797,798,799,800,801,802,803,804,805,806,807,808,809,810,811,812,813,814,815,816,817,818,819,820,821,822,823,824,825,826,827,828,829,830,831,832,833,834,835,836,837,838,839,840,841,842,843,844,845,846,847,848,849,850,851,852,853,854,855,856,857,858,859,860,861,862,863,864,865,866,867,868,869,870,871,872,873,874,875,876,877,878,879,880,881,882,883,884,885,886,887,888,889,890,891,892,893,894,895,896,897,898,899,900,901,902,903,904,905,906,907,908,909,910,911,912,913,914,915,916,917,918,919,920,921,922,923,924,925,926,927,928,929,930,931,932,933,934,935,936,937,938,939,940,941,942,943,944,945,946,947,948,949,950,951,952,953,954,955,956,957,958,959,960,961,962,963,964,965,966,967,968,969,970,971,972,973,974,975,976,977,978,979,980,981,982,983,984,985,986,987,988,989,990,991,992,993,994,995,996,997,998,999,1000,1001
