1 5.10739234986 .48641831903428571428 .26753007546885714285 
2 4.53540906543 45.35409065430000000000 19.50225898134900000000 0
3 5.16355896945 25.81779484725000000000 18.58881229002000000000 0
4 5.14715198134 12.86787995335000000000 8.62147956874450000000 0
5 6.47550230191 12.95100460382000000000 3.62628128906960000000 0
6 6.57860212806 13.15720425612000000000 9.21004297928400000000 0
7 4.7449429491 .18979771796400000000 .06832717846704000000 0
8 3.27792220782 1.09264073594000000000 .56817318268880000000 0
9 5.72978593165 1.43244648291250000000 .83081896008925000000 0
10 5.17225205359 .18808189285781818181 .13729978178620727272 0
11 4.16455334114 8.32910668228000000000 3.41493373973480000000 0
12 4.71735823798 1.04830183066222222222 .69187920823706666666 0
13 5.3722821602 .33576763501250000000 .12759170130475000000 0
14 5.45991610015 .35225265162258064516 .17260379929506451612 0
15 5.46404862388 .14767698983459459459 .07974557451068108107 0
16 4.33562293924 .10839057348100000000 .04444013512721000000 0
17 5.95210711619 .34012040663942857142 .15645538705413714285 0
18 6.47979406092 .25410957101647058823 .12705478550823529411 0
19 8.97324379574 .24925677210388888888 .18445001135687777777 0
20 7.19778051573 .28791122062920000000 .16986762017122800000 0
21 5.84841829325 .14806122261392405063 .09179795802063291139 0
22 4.72716082854 .11817902071350000000 .07090741242810000000 0
23 5.3282907806 .18695757124912280701 .08600048277459649122 0
24 6.39129084689 .21304302822966666666 .07243462959808666666 0
25 6.93441911899 .28893412995791666666 .20803257356969999999 0
26 5.33480028105 .14818889669583333333 .05631178074441666666 0
27 5.81977884108 .29845019697846153846 .21189963985470769230 0
28 4.67894756152 .13180133976112676056 .08567087084473239436 0
29 6.47722511102 .23553545858254545454 .14132127514952727272 0
30 3.22436803275 .13160685847959183673 .03948205754387755101 0
31 7.13715473531 7.13715473531000000000 2.99760498883020000000 0
32 5.81296488199 2.32518595279600000000 .88357066206248000000 0
33 4.44250123344 .13066180098352941176 .09407649670814117646 0
34 5.99580187413 .59958018741300000000 .18586985809803000000 0
35 5.28491748674 .18874705309785714285 .11702317292067142856 0
36 4.32467906107 .30890564721928571428 .08340452474920714285 0
37 5.67480634878 .47290052906500000000 .18443120633535000000 0
38 5.26304502953 .23922931952409090909 .10765319378584090909 0
39 5.94061088931 .13815374161186046511 .09670761912830232557 0
40 5.48218902924 1.56633972264000000000 .81449665577280000000 0
41 6.04493740341 .12861568943425531914 .03215392235856382978 0
42 4.27528860626 .17101154425040000000 .04959334783261600000 0
43 5.69772607332 .13566014460285714285 .03527163759674285714 0
44 5.71840718403 .81691531200428571428 .42479596224222857142 0
45 5.0616461942 .11635968262528735632 .03723509844009195402 0
46 5.7496600243 .76662133657333333333 .44464037521253333333 0
47 5.68369366099 .12917485593159090909 .05037819381332045454 0
48 5.81953373668 .19727233005694915254 .08877254852562711864 0
49 4.93806466769 .16190375959639344262 .06799957903048524590 0
50 4.95618473221 .11526011005139534883 .05878265612621162790 0
51 6.74732212242 1.68683053060500000000 .91088848652670000000 0
52 3.42396588904 1.71198294452000000000 1.07854925504760000000 0
53 5.00560595638 2.00224238255200000000 1.02114361510152000000 0
54 5.06754680572 .19122818134792452830 .11282462699527547169 0
55 6.35310411373 .17405764695150684931 .05395787055496712328 0
56 5.10069267097 .18547973348981818181 .09088506941001090908 0
57 4.9482265949 .10757014336739130434 .07099629462247826086 0
58 5.17400349942 .11247833694391304347 .07198613564410434782 0
59 4.39193262083 1.46397754027666666666 .76126832094386666666 0
60 6.25392342668 .33804991495567567567 .10141497448670270270 0
61 6.347613022 .15481982980487804878 .08050631149853658536 0
62 6.04912116605 .13593530710224719101 .08563924347441573033 0
63 3.78713456991 .25247563799400000000 .18430721573562000000 0
64 5.60219647177 .43093819013615384615 .11204392943539999999 0
65 4.61775803686 .09423995993591836734 .03486878517628979591 0
66 4.73867845094 .13348390002647887323 .09610840801906478872 0
67 3.83973441058 .10970669744514285714 .06033868359482857142 0
68 5.11348463803 .11238427775890109890 .07192593776569670329 0
69 3.909611308 .28960083762962962962 .21140861146962962962 0
70 5.65472470509 .11309449410180000000 .05654724705090000000 0
71 5.30707855269 .18300270871344827586 .13176195027368275861 0
72 4.82848234438 .53649803826444444444 .26288403874957777777 0
73 3.91643896286 .14241596228581818181 .07548046001148363635 0
74 5.65863282918 .23577636788250000000 .10845712922595000000 0
75 4.55624068798 .11990107073631578947 .03477131051353157894 0
76 4.85185253962 1.21296313490500000000 .89759271982970000000 0
77 5.89072977589 .24043795003632653061 .13224087251997959183 0
78 2.38685851186 .05188822851869565217 .01400982170004782608 0
79 6.52423718277 .14183124310369565217 .10211849503466086956 0
80 4.87701456832 .13547262689777777777 .04741541941422222221 0
81 4.78892667804 .11539582356722891566 .05192812060525301204 0
82 7.06445018519 .16428953919046511627 .08214476959523255813 0
83 4.55776357242 .11394408931050000000 .04557763572420000000 0
84 5.5110410384 .16450868771343283582 .09047977824238805970 0
85 6.86474797135 .32689276054047619047 .18305994590266666666 0
86 5.48464186076 2.74232093038000000000 1.20662120936720000000 0
87 4.28207934093 .10444095953487804878 .03968756462325365853 0
88 8.13233561902 .30119761551925925925 .16264671238039999999 0
89 5.35865708623 .13566220471468354430 .03527217322581772151 0
90 7.14430978073 .19845304946472222222 .08533481126983055555 0
91 6.79179358034 .29529537305826086956 .18898903875728695651 0
92 3.18369210028 .13547625958638297872 .05283574123868936170 0
93 7.18075252871 .49522431232482758620 .20304196805317931034 0
94 3.77214272615 .25147618174333333333 .17100380358546666666 0
95 3.94274993495 .13595689430862068965 .07477629186974137930 0
96 4.76155934269 .11903898356725000000 .07618494948304000000 0
97 3.57397667281 .07769514506108695652 .04894794138848478260 0
98 5.55278689186 .11690077667073684210 .08183054366951578947 0
99 2.96760958337 .19145868279806451612 .10913144919489677418 0
100 4.23947341146 .13458645750666666666 .09555638482973333332 0
101 4.29245192514 .10099886882682352941 .02625970589497411764 0
102 4.06999000159 .09465093026953488372 .06720216049136976744 0
103 6.40086531591 .16625624197168831168 .06151480952952467532 0
104 4.13717230352 .41371723035200000000 .29787640585344000000 0
105 4.81678252255 .25351486960789473684 .08112475827452631578 0
106 4.7905739892 .09581147978400000000 .06131934706176000000 0
107 6.77030528806 .79650650447764705882 .35046286197016470588 0
108 4.80519360546 1.92207744218400000000 .96103872109200000000 0
109 4.95742031033 .13964564254450704225 .09076966765392957746 0
110 3.26709846804 .40838730850500000000 .18377428882725000000 0
111 3.44365682922 .40513609755529411764 .21472213170430588234 0
112 4.92482606044 .21888115824177777777 .15759443393407999999 0
113 5.345445041 .76363500585714285714 .56508990433428571428 0
114 4.48037072004 .12620762591661971830 .05048305036664788732 0
115 6.44443060282 .40277691267625000000 .20541622546488750000 0
116 4.56267546821 .10253203299348314606 .03691153187765393258 0
117 3.98232564862 .88496125524888888888 .38938295230951111110 0
118 4.65772615948 .31051507729866666666 .19562449869815999999 0
119 4.53874431496 .18525486999836734693 .11300547069900408162 0
120 5.10981815341 .29198960876628571428 .14599480438314285714 0
121 4.4716756981 .37263964150833333333 .23103657773516666666 0
122 7.34949194571 .16703390785704545454 .10022034471422727272 0
123 5.06093162202 .17451488351793103448 .11692497195701379310 0
124 4.82680906159 .17877070598481481481 .05184350473559629629 0
125 6.80772664244 .64835491832761904761 .28527616406415238094 0
126 5.86750057875 .35560609568181818181 .12801819444545454545 0
127 5.65362985502 1.61532281572000000000 .61382266997360000000 0
128 6.26498412968 .16706624345813333333 .05847318521034666666 0
129 3.78090066364 .13503216655857142857 .06886640494487142857 0
130 6.48764948175 .13240100983163265306 .07944060589897959183 0
131 5.33817650552 .59313072283555555555 .41519150598488888888 0
132 5.01691843058 2.00676737223200000000 .86290997005976000000 0
133 6.82226988946 .62020635358727272727 .19226396961205454545 0
134 2.09691246147 .16775299691760000000 .10736191802726400000 0
135 3.74359963355 .10398887870972222222 .04159555148388888888 0
136 4.49472416507 .23656442974052631578 .16322945652096315788 0
137 4.6462438431 .14987883364838709677 .04496365009451612903 0
138 5.01071576095 .62633947011875000000 .30690634035818750000 0
139 6.57540705369 .45347634853034482758 .19046006638274482758 0
140 5.80298310449 1.93432770149666666666 1.08322351283813333332 0
141 4.39166241587 .16265416355074074074 .08295362341087777777 0
142 4.8890815978 .51464016818947368421 .14409924709305263157 0
143 4.1807367236 .25337798324848484848 .15202678994909090908 0
144 4.63802165997 .11175955807156626506 .05252699229363614457 0
145 3.09742555186 .08725142399605633802 .02443039871889577464 0
146 3.2685149015 .15943975129268292682 .06855909305585365853 0
147 5.93551036371 .16958601039171428571 .05087580311751428571 0
148 3.59951086107 .18459030056769230769 .13105911340306153845 0
149 5.8773706632 5.87737066320000000000 4.11415946424000000000 0
150 3.61792275408 .11485469060571428571 .07120990817554285714 0
151 4.5377480286 .12100661409600000000 .04477244721552000000 0
152 4.51696362267 .13687768553545454545 .08349538817662727272 0
153 6.00286686018 .15797018053105263157 .09952121373456315788 0
154 5.37919899522 .67239987440250000000 .20844396106477500000 0
155 5.51786312039 .34486644502437500000 .09656260460682500000 0
156 5.75818847806 .14577692349518987341 .04810638475341265822 0
157 4.55758207494 .12317789391729729729 .05296649438443783783 0
158 6.33212299694 .16663481570894736842 .04999044471268421052 0
159 7.1279364257 .79199293618888888888 .22175802213288888888 0
160 6.96231350795 .15645648332471910112 .06571172299638202247 0
161 5.65937225798 .87067265507384615384 .60947085855169230768 0
162 7.88031395262 .40411866423692307692 .28692425160821538461 0
163 3.4754831788 .49649759697142857142 .21349396669771428571 0
164 5.40969983436 .13695442618632911392 .04108632785589873417 0
165 2.5560590127 .21300491772500000000 .11502265557150000000 0
166 4.93897086079 .19368513179568627450 .13170588962106666666 0
167 5.12943759165 .18652500333272727272 .13802850246621818181 0
168 6.32432843764 .15239345632867469879 .06400525165804337349 0
169 5.94323134597 1.69806609884857142857 .62828445657397142857 0
170 4.54501464443 .09989043174571428571 .06492878063471428571 0
171 4.33079644076 .11704855245297297297 .07725204461896216216 0
172 5.68955342597 .42144840192370370370 .24865455713498518518 0
173 6.89623201312 .36295957963789473684 .25044210995014736841 0
174 5.36561787609 .59617976401000000000 .17289213156290000000 0
175 5.78234378991 .96372396498500000000 .62642057724025000000 0
176 3.68144644969 .28318818843769230769 .11327527537507692307 0
177 7.292775827 .21449340667647058823 .06434802200294117646 0
178 4.88601843362 .14585129652597014925 .06271605750616716417 0
179 8.48334044481 .70694503706750000000 .21915296149092500000 0
180 5.69132272348 .19292619401627118644 .05594859626471864406 0
181 4.01852751441 .08371932321687500000 .04855720746578750000 0
182 4.75906407454 .26439244858555555555 .08724950803323333333 0
183 5.46871072721 .26041479653380952380 .12499910233622857142 0
184 5.0045207668 .62556509585000000000 .24397038738150000000 0
185 5.28738043096 .23499468582044444444 .15979638635790222221 0
186 3.46038744614 .11534624820466666666 .03575733694344666666 0
187 4.00393156393 .40039315639300000000 .26025555165545000000 0
188 4.57162861286 9.14325722572000000000 4.84592632963160000000 0
189 5.03443678472 .10380282030350515463 .07058591780638350514 0
190 5.68264754816 .22284892345725490196 .11810992943234509803 0
191 2.58858962266 .10565671929224489795 .04437582210274285713 0
192 6.21713456953 .23912056036653846153 .13629871940892692307 0
193 6.52211123018 .23293254393500000000 .07686773949855000000 0
194 5.36122841819 .14108495837342105263 .04937973543069736842 0
195 5.19438622237 .10710074685298969072 .03748526139854639175 0
196 6.72599089127 2.69039635650800000000 1.77566159529528000000 0
197 4.13868279331 .10477677957746835443 .05343615758450886075 0
198 3.56783467862 1.18927822620666666666 .66599580667573333332 0
199 3.98021839371 .33168486614250000000 .20564461700835000000 0
200 4.75525553771 .19813564740458333333 .12086274491679583333 0
201 4.79794653219 .17135523329250000000 .11480800630597500000 0
202 6.21502258872 .18833401784000000000 .12806713213120000000 1,2,3,4,5,6,7,8,9,10,11,12,13,14,15,16,17,18,19,20,21,22,23,24,25,26,27,28,29,30,31,32,33,34,35,36,37,38,39,40,41,42,43,44,45,46,47,48,49,50,51,52,53,54,55,56,57,58,59,60,61,62,63,64,65,66,67,68,69,70,71,72,73,74,75,76,77,78,79,80,81,82,83,84,85,86,87,88,89,90,91,92,93,94,95,96,97,98,99,100,101,102,103,104,105,106,107,108,109,110,111,112,113,114,115,116,117,118,119,120,121,122,123,124,125,126,127,128,129,130,131,132,133,134,135,136,137,138,139,140,141,142,143,144,145,146,147,148,149,150,151,152,153,154,155,156,157,158,159,160,161,162,163,164,165,166,167,168,169,170,171,172,173,174,175,176,177,178,179,180,181,182,183,184,185,186,187,188,189,190,191,192,193,194,195,196,197,198,199,200
203 3.17174135366 10.57247117886666666666 4.75761203048999999999 201
204 3.35822590172 16.79112950860000000000 8.89929863955800000000 201
205 3.94953198072 39.49531980720000000000 20.53756629974400000000 201
206 7.42218152277 18.55545380692500000000 10.57660866994725000000 201
207 7.40433992127 14.80867984254000000000 6.81199272756840000000 201
208 4.66206047182 .38850503931833333333 .18259736847961666666 201
209 2.70323855324 .08191631979515151515 .02785154873035151515 201
210 4.74491782211 .23724589110550000000 .07829114406481500000 201
211 4.94282195422 .32952146361466666666 .20100809280494666666 201
212 5.33311878609 .19046852807464285714 .11999517268702499999 201
213 4.25638087059 .29354350831655172413 .21135132598791724137 201
214 5.36907991656 .32539878282181818181 .23103313580349090908 201
215 2.44375061364 .48875012272800000000 .21016255277304000000 201
216 4.44707569698 .34208274592153846153 .18130385533841538461 201
217 5.31301790305 .46200155678695652173 .28182094964004347825 201
218 3.27312097513 .29755645228454545454 .21126508112202727272 201
219 3.73448525975 .13831426887962962962 .06639084906222222221 201
220 1.87262962813 .09603228862205128205 .04225420699370256410 201
221 3.44237348892 .27538987911360000000 .20378851054406400000 201
222 6.55679068933 .43711937928866666666 .16173417033680666666 201
223 5.78879392745 .18979652221147540983 .12906163510380327868 201
224 3.77638908594 .11443603290727272727 .04577441316290909090 201
225 5.5238952396 .23016230165000000000 .14500225003950000000 201
226 4.19194363196 .09527144618090909090 .02762871939246363636 201
227 5.59842906785 .24881906968222222222 .11196858135699999999 201
228 7.27477178426 .17962399467308641975 .08621951744308148148 201
229 4.87312968935 .10368361041170212765 .04354711637291489361 201
230 5.23686059359 .52368605935900000000 .29850105383463000000 201
231 7.32686317652 .19802332909513513513 .09307096467471351351 201
232 4.34656832182 .13374056374830769230 .06954509314911999999 201
233 4.14886115922 2.76590743948000000000 2.01911243082040000000 201
234 5.96115462278 1.49028865569500000000 .40237793703765000000 201
235 6.0800223177 .30400111588500000000 .10336037940090000000 201
236 5.89270212836 .98211702139333333333 .50087968091059999999 201
237 6.28226211782 .96650186428000000000 .28028554064120000000 201
238 5.20971677596 .13892578069226666666 .03473144517306666666 201
239 4.17885895808 .17782378545021276595 .12092017410614468084 201
240 4.65099494028 .14093924061454545454 .04650994940279999999 201
241 5.83819700139 .44909207703000000000 .16616406850110000000 201
242 4.42740618929 .09521303632881720430 .03618095380495053763 201
243 6.30729781727 .28669535533045454545 .09460946725904999999 201
244 5.2008821628 .35868152846896551724 .25107706992827586206 201
245 4.7027177161 .17417473022592592592 .06792814478811111110 201
246 5.96370204678 .16338909717205479452 .05882007498193972602 201
247 3.29711131728 .23550795123428571428 .11539889610479999999 201
248 3.71222704251 .46402838031375000000 .20417248733805000000 201
249 6.1601351931 .14843699260481927710 .09203093541498795180 201
250 4.47656618823 .09135849363734693877 .05572868111878163264 201
251 3.99314291645 .10109222573291139240 .03336043449186075949 201
252 2.98700797369 .06222933278520833333 .04418282627749791666 201
253 4.20745097956 .10928444102753246753 .07212773107817142856 201
254 6.80767836754 .41258656772969696969 .21041914954214545454 201
255 3.38133666159 .15028162940400000000 .07664363099604000000 201
256 5.20322534839 .12242883172682352941 .03183149624897411764 201
257 6.49953942319 .35132645530756756756 .11593773025149729729 201
258 4.08823261138 .13627442037933333333 .07358818700483999999 201
259 6.27680101221 .13076668775437500000 .09676734893823750000 201
260 5.43068709225 .11083034882142857142 .05098196045785714285 201
261 6.90231306465 .13804626129300000000 .08420821938873000000 201
262 5.45640691177 .23218752816042553191 .06501250788491914893 201
263 5.3432802934 .71243737245333333333 .48445741326826666666 201
264 5.341410501 .13873793509090909090 .06243207079090909090 201
265 4.42856569627 .40259688147909090909 .10467518918456363636 201
266 4.25229289722 .11978289851323943661 .03353921158370704225 201
267 5.02921655091 .14166807185661971830 .05100050586838309858 201
268 4.52073918641 .12734476581436619718 .06621927822347042253 201
269 4.11016681358 .09558527473441860465 .06786554506143720930 201
270 8.64581503626 .72048458635500000000 .49713436458495000000 201
271 6.12265381057 1.11320978374000000000 .60113328321960000000 201
272 6.96593526906 .17414838172650000000 .10448902903590000000 201
273 4.14552609957 .09989219517036144578 .05394178539199518072 201
274 5.94160730882 .23300420818901960784 .16077290365042352940 201
275 6.64623065515 .88616408735333333333 .27471086707953333333 201
276 4.17327825849 .23847304334228571428 .13354490427167999999 201
277 6.98954434933 .14561550727770833333 .07135159856607708333 201
278 4.19960515976 .09031408945720430107 .02890050862630537634 201
279 4.1771673523 .14404025352758620689 .09218576225765517240 201
280 3.03110664448 .07577766611200000000 .04395104634496000000 201
281 4.36818079982 .22990425262210526315 .13104542399459999999 201
282 5.65701038599 .22184354454862745098 .16416422296598431372 201
283 6.16656305993 .12714563010164948453 .06484427135184123711 201
284 5.40938592447 .13694647910050632911 .05614805643120759493 201
285 3.94334937846 .43814993094000000000 .17525997237600000000 201
286 3.45173456748 .19176303152666666666 .10546966733966666666 201
287 5.60525492191 .17794460069555555555 .07829562430604444444 201
288 3.91091100323 1.95545550161500000000 1.19282785598515000000 201
289 5.03476743742 2.01390697496800000000 1.49029116147632000000 201
290 4.45253193919 .30707116822000000000 .12589917897020000000 201
291 4.07491219635 .30184534787777777777 .19619947612055555555 201
292 3.63162274562 .11714912082645161290 .07263245491239999999 201
293 4.61973407577 .41997582507000000000 .28558356104760000000 201
294 4.29419204412 .10735480110300000000 .03542708436399000000 201
295 6.46958751801 .19312201546298507462 .07724880618519402984 201
296 4.63089870701 .14033026384878787878 .06595522400893030302 201
297 4.74084516866 .12475908338578947368 .06237954169289473684 201
298 6.57868506129 .41116781633062500000 .20558390816531250000 201
299 4.38598220416 .23708011914378378378 .13039406552908108107 201
300 6.4748304736 .13489230153333333333 .04856122855199999999 201
301 5.30285464995 10.60570929990000000000 7.74216778892700000000 201
302 4.24386980409 .13262093137781250000 .04509111666845625000 201
303 4.33964312326 .08679286246520000000 .03037750186282000000 201
304 4.1842207393 .17805194635319148936 .05341558390595744680 201
305 5.51247113448 .52499725090285714285 .37274804814102857142 201
306 5.34446732852 .12286131789701149425 .03440116901116321839 201
307 7.18245132963 .19412030620621621621 .13200180822022702702 201
308 6.04330361229 .43166454373500000000 .13813265399520000000 201
309 7.08194042129 .17273025417780487804 .06909210167112195121 201
310 5.88782740146 .24532614172750000000 .10549024094282500000 201
311 5.60856725638 .37390448375866666666 .17947415220415999999 201
312 2.32379295741 .05467748135082352941 .02296454216734588235 201
313 5.43884162559 .24172629447066666666 .08943872895414666666 201
314 4.82436427046 .11090492575770114942 .07985154654554482758 201
315 6.4522611017 .24816388852692307692 .08189408321388461538 201
316 5.43894014417 .36259600961133333333 .25744316682404666666 201
317 5.89668527683 .39311235178866666666 .17296943478701333333 201
318 7.02766828417 .26028401052481481481 .09370224378893333333 201
319 4.44303176168 .13262781378149253731 .09549202592267462686 201
320 2.9433968178 .98113227260000000000 .38264158631400000000 201
321 6.45807072036 .71756341337333333333 .33007917015173333333 201
322 5.56738048182 .27836902409100000000 .20042569734552000000 201
323 5.16953406082 .16154793940062500000 .10823711939841875000 201
324 5.46336662619 .13831307914405063291 .05255897007473924050 201
325 6.46228373686 .14855824682436781609 .09359169549935172413 201
326 5.28186490254 .15091042578685714285 .11016461082440571428 201
327 5.78732527742 .38582168516133333333 .15818689091614666666 201
328 5.2534673191 .10506934638200000000 .06724438168448000000 201
329 5.39231169248 .43138493539840000000 .30628330413286400000 201
330 4.53737839147 .37811486595583333333 .26468040616908333333 201
331 6.47084694682 .47932199606074074074 .13900337885761481481 201
332 7.71213702885 .81180389777368421052 .38966587093136842104 201
333 4.67188522435 .13740838895147058823 .09618587226602941176 201
334 3.67220235909 .07571551255855670103 .02195749864198144329 201
335 5.07563091839 .15617325902738461538 .04060504734711999999 201
336 5.25238251667 .12810689065048780487 .06405344532524390243 201
337 5.55058545975 .20557723925000000000 .12334634355000000000 201
338 7.78815543391 .22574363576550724637 .08352514523323768115 201
339 3.98908470199 1.13973848628285714285 .54707447341577142856 201
340 4.79698848942 .41712943386260869565 .27113413201069565217 201
341 5.26816622222 .25698371815707317073 .15162039371267317073 201
342 6.13955438323 .18327028009641791044 .11546027646074328357 201
343 6.49764964129 .44811376836482758620 .12547185514215172413 201
344 3.62938407371 .30244867280916666666 .09375908857084166666 201
345 6.37289569045 .17224042406621621621 .11367867988370270269 201
346 2.07595566093 .29656509441857142857 .20166426420462857142 201
347 2.69972546309 .14209081384684210526 .06820359064648421052 201
348 4.48141797464 .16597844350518518518 .07966965288248888888 201
349 4.92997643355 1.40856469530000000000 .83105317022700000000 201
350 5.51569873563 1.10313974712600000000 .28681633425276000000 201
351 6.39706771151 .98416426330923076923 .35429913479132307692 201
352 3.32684994871 .11881606959678571428 .07723044523791071428 201
353 5.69289113636 .14232227840900000000 .03985023795452000000 201
354 5.67152189606 .12067067863957446808 .07119570039734893616 201
355 4.61016438295 .15897118561896551724 .05405020311044827586 201
356 5.29190465896 .23008281125913043478 .07822815582810434782 201
357 4.15680923654 .09780727615388235294 .07042123883079529411 201
358 3.15285553652 .42038073820266666666 .31108174626997333332 201
359 4.75507906844 9.51015813688000000000 6.84731385855360000000 201
360 4.89507215875 .11795354599397590361 .03184745741837349397 201
361 3.96971674328 .08821592762844444444 .03616853032766222222 201
362 5.16190445462 .12438323987036144578 .04850946354944096385 201
363 4.56162333882 .19006763911750000000 .11404058347050000000 201
364 5.12716949304 .16022404665750000000 .07690754239560000000 201
365 3.79960314912 .10409871641424657534 .04684442238641095890 201
366 6.1453166152 1.11733029367272727272 .32402578516509090908 201
367 3.42421650261 .12921571707962264150 .03618040078229433962 201
368 4.21220548593 .20547343833804878048 .06986096903493658536 201
369 6.70146648779 .29784295501288888888 .17274891390747555555 201
370 3.62503192507 .21969890454969696969 .08348558372888484848 201
371 6.69917772319 .78813855566941176470 .32313680782445882352 201
372 7.23483234444 .19553600930918918918 .05279472251348108107 201
373 5.26325325814 .11961939223045454545 .08612596240592727272 201
374 5.75232618645 .11739441196836734693 .06691481482196938775 201
375 4.05330783624 .13075186568516129032 .08629623135220645161 201
376 4.91817202073 .25221394978102564102 .07314204543649743589 201
377 8.34813746325 .17761994602659574468 .12966256059941489361 201
378 7.26624662183 .18631401594435897435 .11551468988550256409 201
379 4.80016034854 .40001336237833333333 .27200908641726666666 201
380 7.40260329833 .21150295138085714285 .05499076735902285714 201
381 6.10368641406 4.06912427604000000000 2.23801835182200000000 201
382 5.06880999237 .17478655146103448275 .08389754470129655172 201
383 3.36716278963 .19240930226457142857 .12891423251726285714 201
384 6.98399152246 .17244423512246913580 .09484432931735802469 201
385 4.7221303982 .28618972110303030303 .10302829959709090909 201
386 6.18345057041 .14722501358119047619 .08391825774127857142 201
387 5.74593023561 .14364825589025000000 .04165799420817250000 201
388 4.99099794401 .38392291877000000000 .13053379238180000000 201
389 7.558876275 .94485953437500000000 .28345786031250000000 201
390 5.49477039243 .37894968223655172413 .13263238878279310344 201
391 5.37784986118 .43022798889440000000 .21941627433614400000 201
392 4.68919537715 .13209001062394366197 .07925400637436619718 201
393 4.04967898798 .16529301991755102040 .06611720796702040816 201
394 4.16629678705 .11414511745342465753 .06620416812298630136 201
395 4.54718662071 .41338060188272727272 .22735933103549999999 201
396 5.8227319881 1.29394044180000000000 .55639438997400000000 201
397 4.85656720631 .35974571898592592592 .17267794511324444444 201
398 6.9406220815 .27762488326000000000 .07495871848020000000 201
399 5.73068572007 .25469714311422222222 .14263040014396444444 201
400 4.80436721162 .09905911776536082474 .03665187357318350515 201
401 3.74611087712 .08143719298086956521 .02443115789426086956 201
402 6.09772036287 1.74220581796285714285 .71430438536477142856 201
403 4.99543006065 .12808795027307692307 .05635869812015384615 202,203,204,205,206,207,208,209,210,211,212,213,214,215,216,217,218,219,220,221,222,223,224,225,226,227,228,229,230,231,232,233,234,235,236,237,238,239,240,241,242,243,244,245,246,247,248,249,250,251,252,253,254,255,256,257,258,259,260,261,262,263,264,265,266,267,268,269,270,271,272,273,274,275,276,277,278,279,280,281,282,283,284,285,286,287,288,289,290,291,292,293,294,295,296,297,298,299,300,301,302,303,304,305,306,307,308,309,310,311,312,313,314,315,316,317,318,319,320,321,322,323,324,325,326,327,328,329,330,331,332,333,334,335,336,337,338,339,340,341,342,343,344,345,346,347,348,349,350,351,352,353,354,355,356,357,358,359,360,361,362,363,364,365,366,367,368,369,370,371,372,373,374,375,376,377,378,379,380,381,382,383,384,385,386,387,388,389,390,391,392,393,394,395,396,397,398,399,400,401
404 3.92192212902 13.07307376340000000000 8.75895942147800000000 402
405 4.71609872034 15.72032906780000000000 5.03050530169600000000 402
406 5.08503570132 50.85035701320000000000 12.71258925330000000000 402
407 5.20350859831 26.01754299155000000000 11.18754348636650000000 402
408 4.90087295891 49.00872958910000000000 24.01427749865900000000 402
409 5.42089059664 .57062006280421052631 .35378443893861052631 402
410 3.55219639698 .44402454962250000000 .22645252030747500000 402
411 5.74959569552 .14555938469670886075 .08151325543015696202 402
412 5.33411510286 .16933698739238095238 .05080109621771428571 402
413 4.77434733675 .10379015949456521739 .02594753987364130434 402
414 5.54868987674 .13055740886447058823 .04177837083663058823 402
415 4.84379602101 .74519938784769230769 .51418757761490769230 402
416 4.6161381852 .17754377635384615384 .07456838606861538461 402
417 5.95848158013 .11916963160260000000 .03336749684872800000 402
418 4.74787701421 .25664200076810810810 .15141878045318378377 402
419 5.78325842202 3.85550561468000000000 1.73497752660600000000 402
420 3.98934197735 .21564010688378378378 .10782005344189189189 402
421 6.53329301106 .21420632823147540983 .13923411335045901638 402
422 5.76836828263 .38455788550866666666 .23842588901537333332 402
423 4.16281252187 1.38760417395666666666 .48566146088483333333 402
424 5.70222958354 .12671621296755555555 .06335810648377777777 402
425 5.56211544055 .12935152187325581395 .04397951743690697674 402
426 5.6282913738 .13400693747142857142 .07504388498399999999 402
427 7.15390557744 .18343347634461538461 .07153905577439999999 402
428 4.12219372212 .25763710763250000000 .09274935874770000000 402
429 4.52713978037 .14603676710870967741 .09054279560739999999 402
430 5.17467927699 .54470308178842105263 .23422232516902105263 402
431 7.03623444137 .19820378708084507042 .09513781779880563380 402
432 5.75666360944 .27412683854476190476 .18914751859588571428 402
433 4.46438869375 .15944245334821428571 .05261600960491071428 402
434 5.29580009463 .96287274447818181818 .39477782523605454545 402
435 6.5438459822 .13219890873131313131 .09386122519923232323 402
436 4.64380937299 .24441101963105263157 .13687017099338947367 402
437 2.39489120919 .25209381149368421052 .17646566804557894736 402
438 2.95319923136 .21875549861925925925 .07437686953054814814 402
439 6.0510880627 2.42043522508000000000 1.37964807829560000000 402
440 3.90048513737 .18573738749380952380 .04829172074839047618 402
441 3.34834239549 .13130754492117647058 .08272375330034117646 402
442 5.80479795533 .82925685076142857142 .24048448672081428571 402
443 5.30914201836 .21669967421877551020 .08667986968751020408 402
444 5.04674377578 .72096339654000000000 .35327206430460000000 402
445 5.77600921106 2.88800460553000000000 .80864128954840000000 402
446 4.79117590548 .13308821959666666666 .03726470148706666666 402
447 5.28725668315 .11620344358571428571 .02905086089642857142 402
448 4.27794601644 2.13897300822000000000 1.26199407484980000000 402
449 4.43165939315 .12845389545362318840 .07835687622671014492 402
450 3.59078289631 .42244504662470588235 .30416043356978823529 402
451 4.14829076183 1.38276358727666666666 .47013961967406666666 402
452 6.93306665033 .23907126380448275862 .11953563190224137931 402
453 4.33385372874 .16354165014113207547 .06378124355504150943 402
454 4.63619246579 .37089539726320000000 .23737305424844800000 402
455 5.1061860466 2.04247441864000000000 1.18463516281120000000 402
456 6.78867824507 .18103141986853333333 .11404979451717599999 402
457 6.22597707414 .15002354395518072289 .06451012390072771084 402
458 2.42460151896 .48492030379200000000 .33459500961648000000 402
459 4.40313422853 .10360315831835294117 .03729713699460705882 402
460 4.87824781367 .18762491591038461538 .08067871384146538461 402
461 5.21015196931 .24233264973534883720 .14539958984120930232 402
462 7.22320654594 .72232065459400000000 .24558902256196000000 402
463 3.48897996422 .14240734547836734693 .04841849746264489795 402
464 4.79030966171 .23367364203463414634 .12151029385800975609 402
465 5.3748829776 .97725145047272727272 .57657835577890909090 402
466 4.39404759864 .10338935526211764705 .03101680657863529411 402
467 3.58497872978 .13277698999185185185 .04381640669731111111 402
468 6.48525229523 .18014589708972222222 .12430066899190833333 402
469 6.15057561268 .19220548789625000000 .07688219515850000000 402
470 4.85740608537 .28572976972764705882 .07714703782646470588 402
471 5.31426756703 .15183621620085714285 .04403250269824857142 402
472 3.70252692559 .74050538511800000000 .23696172323776000000 402
473 4.73986237679 .18959449507160000000 .08531752278222000000 402
474 3.21010529248 .07829525103609756097 .02662038535227317072 402
475 2.38434230632 .05481246681195402298 .02411748539725977011 402
476 4.7600155229 .17000055438928571428 .08500027719464285714 402
477 4.99928936556 .43472081439652173913 .29561015378963478260 402
478 5.31698548704 .70893139827200000000 .20559010549888000000 402
479 10.5489539802 .24821068188705882352 .07694531138498823529 402
480 4.48050977046 .22402548852300000000 .12545427357288000000 402
481 6.56298743164 .18487288539830985915 .12756229092483380281 402
482 4.01705086849 .15450195648038461538 .06025576302734999999 402
483 4.52466846664 .11454856877569620253 .08132948383074430379 402
484 8.53879509066 .19188303574516853932 .10937333037474606741 402
485 5.10872199572 1.45963485592000000000 1.03634074770320000000 402
486 5.74655605046 .22102138655615384615 .10609026554695384615 402
487 4.84608753952 .57012794582588235294 .19954478103905882352 402
488 3.92791956825 .19160583259756097560 .05939780810524390243 402
489 3.5542243015 .08998036206329113924 .06118664620303797468 402
490 5.13011209747 .41040896779760000000 .29959854649224800000 402
491 5.52622621919 1.57892177691142857142 .74209323514837142856 402
492 5.7123655111 .27201740529047619047 .13600870264523809523 402
493 5.14937693396 .15371274429731343283 .11221030333703880596 402
494 5.33375740199 .16411561236892307692 .07221086944232615384 402
495 3.9854473588 .08303015330833333333 .05313929811733333333 402
496 5.87370997139 .19910881258949152542 .10950984692422033898 402
497 5.75496124472 .28072981681560975609 .11229192672624390243 402
498 4.71588100902 .14510403104676923076 .10012178142227076922 402
499 5.2740754937 .10654697967070707070 .05007708044523232322 402
500 5.8533859558 .16966336103768115942 .09501148218110144927 402
501 5.91177280967 .51406720084086956521 .19020486431112173912 402
502 6.6135402408 .44090268272000000000 .21163328770560000000 402
503 3.89291575491 .09494916475390243902 .04747458237695121951 402
504 5.02084697468 .91288126812363636363 .52034232283047272726 402
505 4.96900151288 .41408345940666666666 .10352086485166666666 402
506 4.47338057892 .18258696240489795918 .09129348120244897959 402
507 3.46381840271 1.73190920135500000000 .58884912846070000000 402
508 3.87365718315 .07905422822755102040 .03873657183149999999 402
509 5.55269646704 .12339325482311111111 .08390741327971555555 402
510 7.24922995591 .63036782225304347826 .42234644090953913043 402
511 5.99502543056 1.09000462373818181818 .38150161830836363636 402
512 7.13115300459 .89139412557375000000 .65963165292457500000 402
513 4.17898393048 .14924942608857142857 .07014723026162857142 402
514 6.84078947082 .15372560608584269662 .08916085152978876403 402
515 7.77065906728 3.88532953364000000000 1.55413181345600000000 402
516 6.02513715586 .25638881514297872340 .08973608530004255319 402
517 3.30637778236 .06817273778061855670 .04294882480178969072 402
518 5.4123370547 .13363795196790123456 .06949173502330864197 402
519 4.59565678675 .13718378467910447761 .08642578434783582089 402
520 4.45433355645 1.78173342258000000000 1.30066539848340000000 402
521 5.30704195783 .22112674824291666666 .13930985139303749999 402
522 5.85883976194 .14647099404850000000 .07909433678619000000 402
523 5.19909994327 10.39819988654000000000 3.63936996028900000000 402
524 6.37671103138 1.41704689586222222222 .66601204105524444444 402
525 4.76250238338 1.05833386297333333333 .61383364052453333333 402
526 6.24861298365 1.78531799532857142857 1.07119079719714285714 402
527 4.75141526669 .11588817723634146341 .06373849747998780487 402
528 6.3263964728 .55012143241739130434 .22004857296695652173 402
529 5.16904201538 .21098130675020408163 .13502803632013061224 402
530 3.75540739776 .09049174452433734939 .02805244080254457831 402
531 6.37817676856 .21620938198508474576 .06270072077567457627 402
532 5.17403865091 .20290347650627450980 .09130656442782352941 402
533 4.02581463399 .11669027924608695652 .08168319547226086956 402
534 4.56090477788 9.12180955576000000000 6.02039430680160000000 402
535 5.37058005444 2.14823202177600000000 .60150496609728000000 402
536 5.68874859438 .43759604572153846153 .24942974606127692307 402
537 3.119479004 .11553625940740740740 .06007885489185185184 402
538 3.88973764984 .22227072284800000000 .15114409153664000000 402
539 5.42926599623 .18721606883551724137 .07488642753420689654 402
540 5.52530404701 .11050608094020000000 .06740870937352200000 402
541 4.58149947631 .19919562940478260869 .13545302799525217390 402
542 5.99145011945 .31533947997105263157 .11667560758928947368 402
543 5.73404224374 .26669963924372093023 .06934190620336744185 402
544 5.98517727645 .36273801675454545454 .10882140502636363636 402
545 3.21682023679 1.60841011839500000000 .77203685682960000000 402
546 5.65600103762 .15082669433653333333 .09049601660191999999 402
547 5.14223393235 .24486828249285714285 .12243414124642857142 402
548 4.56677768962 .17564529575461538461 .09484845970749230768 402
549 6.67707879784 .26184622736627450980 .10212002867284705882 402
550 3.97850913322 .27437994022206896551 .13718997011103448275 402
551 4.40691582368 .16949676244923076923 .12203766896344615384 402
552 5.3753379453 .32577805729090909090 .18243571208290909090 402
553 2.64728118392 .66182029598000000000 .27796452431160000000 402
554 6.65521048487 .18747071788366197183 .10498360201485070422 402
555 5.41684255884 10.83368511768000000000 7.80025328472960000000 402
556 6.63888212318 .14753071384844444444 .07081474264725333333 402
557 3.90901747876 .07977586691346938775 .04467448547154285714 402
558 4.46437894701 .55804736837625000000 .31808699997446250000 402
559 4.89704924289 .81617487381500000000 .35095519574045000000 402
560 5.27192318228 .15737084126208955223 .05665350285435223880 402
561 5.63093341893 .40220952992357142857 .15283962137095714285 402
562 7.29952329107 .17379817359690476190 .11123083110201904761 402
563 3.85322082705 .16753134030652173913 .10722005779617391304 402
564 5.08218938057 .13200491897584415584 .03300122974396103896 402
565 7.18873260011 .17322247229180722891 .08314678670006746987 402
566 5.54614296979 1.10922859395800000000 .73209087201228000000 402
567 4.45203082927 .89040616585400000000 .40068277463430000000 402
568 7.38214485725 .19174402226623376623 .12271617425038961038 402
569 7.23881402253 .23351012975903225806 .09807425449879354838 402
570 5.34572621201 .33410788825062500000 .12027883977022500000 402
571 4.78528618759 .73619787501384615384 .52270049125983076922 402
572 5.03173023485 .67089736464666666666 .32203073503039999999 402
573 2.32589812718 .09691242196583333333 .06686957115642499999 402
574 2.91348351058 .17138138297529411764 .12682222340171764705 402
575 6.09280837254 2.03093612418000000000 .87330253339740000000 402
576 4.77192616479 .11929815411975000000 .07157889247185000000 402
577 5.66834242281 .53984213550571428571 .37249107349894285713 402
578 5.64843453304 .19147235705220338983 .04786808926305084745 402
579 6.28035105722 .52336258810166666666 .28261579757489999999 402
580 4.35398744078 .15832681602836363636 .10291243041843636363 402
581 4.57857387977 .11591326277898734177 .05911576401728354430 402
582 5.60664211105 .12888832439195402298 .04768868002502298850 402
583 6.36476673466 .15911916836650000000 .11456580122388000000 402
584 4.93847655368 .30865478460500000000 .22531799276165000000 402
585 5.2343939652 .12612997506506024096 .04288419152212048192 402
586 6.84700250539 .80552970651647058823 .32221188260658823529 402
587 2.8642144024 .19094762682666666666 .06301271685279999999 402
588 3.34418309355 .14863035971333333333 .09958234100793333333 402
589 6.34851061318 .16278232341487179487 .08953027787817948717 402
590 4.36230839615 .22959517874473684210 .12168544473471052631 402
591 5.17296955202 .11624650678696629213 .03487395203608988763 402
592 4.49287137039 .09559300788063829787 .04970836409793191489 402
593 4.92758162564 .10596949732559139784 .06782047828837849461 402
594 4.37373163464 2.91582108976000000000 1.16632843590400000000 402
595 5.01427761507 .21337351553489361702 .12589037416558723404 402
596 4.45643908859 .40513082623545454545 .28764288662717272726 402
597 7.09159615419 .25327129122107142857 .09624309066400714285 402
598 5.11664894695 .24959263155853658536 .08486149472990243902 402
599 4.99702216297 .10863091658630434782 .06191962245419347825 402
600 5.46823941133 1.56235411752285714285 .45308269408162857142 402
601 6.17143333003 .17142870361194444444 .04457146293910555555 402
602 4.89171716816 .48917171681600000000 .14675151504480000000 402
603 5.26249169221 .22880398661782608695 .05948903652063478260 402
604 5.4140484247 .20430371413962264150 .08376452279724528301 403,404,405,406,407,408,409,410,411,412,413,414,415,416,417,418,419,420,421,422,423,424,425,426,427,428,429,430,431,432,433,434,435,436,437,438,439,440,441,442,443,444,445,446,447,448,449,450,451,452,453,454,455,456,457,458,459,460,461,462,463,464,465,466,467,468,469,470,471,472,473,474,475,476,477,478,479,480,481,482,483,484,485,486,487,488,489,490,491,492,493,494,495,496,497,498,499,500,501,502,503,504,505,506,507,508,509,510,511,512,513,514,515,516,517,518,519,520,521,522,523,524,525,526,527,528,529,530,531,532,533,534,535,536,537,538,539,540,541,542,543,544,545,546,547,548,549,550,551,552,553,554,555,556,557,558,559,560,561,562,563,564,565,566,567,568,569,570,571,572,573,574,575,576,577,578,579,580,581,582,583,584,585,586,587,588,589,590,591,592,593,594,595,596,597,598,599,600,601,602
605 5.2140259526 52.14025952600000000000 19.81329861988000000000 603
606 4.60363527631 11.50908819077500000000 7.36581644209600000000 603
607 2.30986931205 4.61973862410000000000 2.77184317446000000000 603
608 4.89617723971 9.79235447942000000000 4.40655951573900000000 603
609 3.52670968339 11.75569894463333333333 4.58472258840699999999 603
610 5.01950529509 .10039010590180000000 .04818725083286400000 603
611 3.48998417736 .20529318690352941176 .13549350335632941176 603
612 2.60214439453 .08972911705275862068 .02602144394529999999 603
613 5.99662529515 .41356036518275862068 .19850897528772413792 603
614 4.03417951428 .18337179610363636363 .13202769319461818181 603
615 6.46364013027 3.23182006513500000000 .87259141758645000000 603
616 5.5975987369 .14730522991842105263 .05450293506981578947 603
617 4.00295716531 .08995409360247191011 .04587658773726067415 603
618 6.56915008286 .33687949142871794871 .14148938640006153845 603
619 6.58357365774 1.46301636838666666666 .95096063945133333332 603
620 3.72962967487 .10360082430194444444 .07562860174041944444 603
621 3.5637329685 .07919406596666666666 .03484538902533333333 603
622 4.32048725119 .66469034633692307692 .22599471775455384615 603
623 3.54939656357 .08450944198976190476 .03971943773518809523 603
624 6.27288853381 .39205553336312500000 .14113999201072500000 603
625 3.10770629731 .07769265743275000000 .05438486020292500000 603
626 5.72479402228 .12581964884131868131 .07800818228161758241 603
627 4.52440118501 .13921234415415384615 .09327227058328307692 603
628 5.17498982975 .14374971749305555555 .03737492654819444444 603
629 5.74586349202 .23941097883416666666 .06464096428522499999 603
630 4.99021369931 .30243719389757575757 .10887738980312727272 603
631 5.72394523073 1.43098630768250000000 .42929589230475000000 603
632 6.15205849807 .15005020727000000000 .07952660985310000000 603
633 6.50656893052 .39433751094060606060 .22082900612673939393 603
634 5.30169010013 .24098591364227272727 .17350985782243636363 603
635 3.81358195373 .16949253127688888888 .10508536939167111110 603
636 4.38722379551 .58496317273466666666 .21643637391182666666 603
637 4.33747630242 .72291271707000000000 .20964468795030000000 603
638 6.43340204193 .18381148691228571428 .09742008806351142856 603
639 6.27979427518 .22835615546109090909 .13016300861282181818 603
640 4.30355204967 .17214208198680000000 .06713541197485200000 603
641 6.32242018887 .22183930487263157894 .08208054280287368420 603
642 3.60441725333 .07431788151195876288 .02675443734430515463 603
643 5.02763746348 3.35175830898666666666 1.24015057432506666666 603
644 5.61266748224 .37417783214933333333 .18334713775317333333 603
645 4.69732092073 .31315472804866666666 .21920830963406666666 603
646 3.90577356823 .37197843506952380952 .25666512019797142856 603
647 4.38572776644 .19068381593217391304 .07627352637286956521 603
648 6.77959441197 .13696150327212121212 .04245806601435757575 603
649 1.69397168676 .24199595525142857142 .17907700688605714285 603
650 6.23574335843 .43005126609862068965 .13331589249057241379 603
651 5.39593458739 .12696316676211764705 .09014384840110352940 603
652 3.83306412848 .09236299104771084337 .03232704686669879517 603
653 2.40140202383 .08425972013438596491 .02949090204703508771 603
654 4.15075004259 .08558247510494845360 .03765628904617731958 603
655 4.849977544 2.42498877200000000000 .67899685616000000000 603
656 4.40281009943 .16306704071962962962 .07664150913822592592 603
657 6.58149189244 .16662004790987341772 .11663403353691139240 603
658 3.37703590041 .10553237188781250000 .03165971156634375000 603
659 5.60303224548 .12049531710709677419 .05663279904033548386 603
660 6.31224826025 .26860630894680851063 .17996622699436170212 603
661 4.88218933344 .75110605129846153846 .53328529642190769230 603
662 3.77228896733 .16401256379695652173 .11808904593380869564 603
663 3.02574626127 .16355385196054054054 .06869261782342702702 603
664 7.03795150633 .20699857371558823529 .08486941522339117646 603
665 7.29265250269 1.82316312567250000000 1.22151929420057500000 603
666 4.40412265062 .28413694520129032258 .07387560575233548387 603
667 4.55987387678 .13028211076514285714 .05862694984431428571 603
668 4.50734458117 .64390636873857142857 .20605003799634285714 603
669 6.34700154302 .14104447873377777777 .03526111968344444444 603
670 7.60874917261 .19021872931525000000 .10842467570969250000 603
671 6.99993543996 .38888530222000000000 .15166526786580000000 603
672 5.77060876178 .38470725078533333333 .11156510272774666666 603
673 7.68614985186 1.02481998024800000000 .57389918893888000000 603
674 5.68393108759 .56839310875900000000 .18188579480288000000 603
675 4.60294054705 .13538060432500000000 .05550604777325000000 603
676 5.53926210072 .12309471334933333333 .04800693820623999999 603
677 5.76299069672 1.15259813934400000000 .74918879057360000000 603
678 5.49340010343 .33293333960181818181 .12318533565267272726 603
679 2.32086233989 .09472907509755102040 .06536306181731020407 603
680 4.90685624859 .21334157602565217391 .13440519289616086956 603
681 6.08696958352 .34782683334400000000 .11478285500352000000 603
682 5.07346333778 .17494701164758620689 .08222509547436551723 603
683 3.05856805543 .08048863303763157894 .05634204312634210525 603
684 6.83945755289 .13678915105780000000 .04240463682791800000 603
685 4.11984866926 .16815708854122448979 .12107310374968163264 603
686 4.71321305027 .14069292687373134328 .07597418051181492537 603
687 3.12954532043 .08574096768301369863 .05744644834761917808 603
688 3.2522598586 .12508691763846153846 .09256431905246153846 603
689 5.63412539987 .25609660908500000000 .09987767754315000000 603
690 4.6892907755 .12023822501282051282 .08416675750897435897 603
691 5.37893625573 .23386679372739130434 .15902941973462608695 603
692 6.11834496588 .16995402683000000000 .04588758724410000000 603
693 5.11234944485 .17938068227543859649 .10942221618801754385 603
694 8.07599500169 .22126013703260273972 .11948047399760547944 603
695 5.61263553972 .13052640790046511627 .09006322145132093022 603
696 4.29560259351 .34364820748080000000 .14776872921674400000 603
697 6.19797581144 .12648930227428571428 .07842336741005714285 603
698 4.29315110424 .30665365030285714285 .08279648558177142856 603
699 5.02763837388 .12728198414886075949 .08273328969675949366 603
700 5.45645480568 .43651638445440000000 .15714589840358400000 603
701 4.66889630018 .24573138422000000000 .14006688900540000000 603
702 4.27039154903 .14001283767311475409 .03500320941827868852 603
703 7.54617398808 1.88654349702000000000 1.22625327306300000000 603
704 4.2580732731 .17379890910612244897 .11123130182791836734 603
705 5.54227271884 .19111285237379310344 .05160047014092413792 603
706 5.21069841936 .22173184763234042553 .10199664991087659574 603
707 5.10455832664 .29168904723657142857 .17793031881430857142 603
708 1.84933423128 .05604043125090909090 .01625172506276363636 603
709 6.65555014424 .17748133717973333333 .09761473544885333333 603
710 8.71585325795 .25634862523382352941 .15637266139263235294 603
711 3.49212605772 .99775030220571428571 .68844770852194285713 603
712 4.73966483518 .15539884705508196721 .07459144658643934426 603
713 5.42301775656 .17493605666322580645 .07872122549845161290 603
714 4.80350203554 .12982437933891891891 .08178935898351891891 603
715 5.28409911939 .15097426055400000000 .10870146759888000000 603
716 5.54501060693 .50409187335727272727 .34782339261651818181 603
717 5.36091435148 .10721828702960000000 .04288731481184000000 603
718 5.78720113314 .32151117406333333333 .23148804532559999999 603
719 3.69569920761 .14492938069058823529 .04782669562789411764 603
720 3.37681324812 .09126522292216216216 .06206035158707027026 603
721 6.66275060351 .25142455107584905660 .11314104798413207547 603
722 5.53006249894 .17555753964888888888 .12289027775422222221 603
723 4.09701931391 8.19403862782000000000 5.65388665319580000000 603
724 5.16994117638 .22977516339466666666 .10799432679549333333 603
725 6.94817308524 .22057692334095238095 .15881538480548571428 603
726 5.14090735919 .10281814718380000000 .06785997714130800000 603
727 4.21615376281 .10038461340023809523 .06524999871015476189 603
728 4.09235548589 .19487407075666666666 .12082192386913333332 603
729 4.32003523799 .15158018378912280701 .09852711946292982455 603
730 3.76189787997 .09523792101189873417 .03333327235416455695 603
731 3.78121406591 7.56242813182000000000 4.23495975381920000000 603
732 6.66764836219 .22991890904103448275 .07127486180272068965 603
733 3.98858461177 .22158803398722222222 .06426052985629444444 603
734 3.161474418 .12159516992307692307 .07660495705153846153 603
735 5.94264817701 .21609629734581818181 .13181874138094909090 603
736 5.29405513176 .19251109570036363636 .09240532593617454545 603
737 3.44634093846 .06962304926181818181 .04734367349803636363 603
738 3.16512343414 .11304012264785714285 .04069444415322857142 603
739 5.75887387053 1.04706797646000000000 .35600311199640000000 603
740 5.15584970066 .38191479264148148148 .15276591705659259259 603
741 4.93797840347 .17027511736103448275 .05619078872914137930 603
742 6.08779138318 .19638036719935483870 .12961104235157419354 603
743 5.38667243126 .33666702695375000000 .20200021617225000000 603
744 5.44629663478 .27929726332205128205 .11171890532882051282 603
745 4.18847321056 .17451971710666666666 .10471183026399999999 603
746 3.26973393327 .24220251357555555555 .13563340760231111110 603
747 4.90787363582 .20032137289061224489 .09815747271639999999 603
748 5.57662833138 .12256326003032967032 .08701991462153406592 603
749 5.16664447132 .64583055891500000000 .34874850181410000000 603
750 5.30947341306 .24695225177023255813 .15557991861524651162 603
751 2.50581757748 .23864929309333333333 .10261919603013333333 603
752 5.75655223543 .13233453414781609195 .06616726707390804597 603
753 5.98622432958 .23475389527764705882 .15259003193047058823 603
754 6.05613979982 .67290442220222222222 .38355552065526666666 603
755 6.8736264294 .19638932655428571428 .07659183735617142856 603
756 4.26626717698 .29422532255034482758 .13828590159866206896 603
757 5.69847137743 .47487261478583333333 .20419522435790833333 603
758 5.713998023 .43953830946153846153 .22416453782538461538 603
759 6.55268396401 .23827941687309090909 .09054617841177454545 603
760 2.76410075432 .46068345905333333333 .19809388739293333333 603
761 4.25226700803 1.41742233601000000000 1.04889252864740000000 603
762 6.33922071876 .32508824198769230769 .18204941551310769230 603
763 4.94044963195 .21023189923191489361 .11142290659291489361 603
764 5.59706478521 2.23882591408400000000 1.56717813985880000000 603
765 3.74788713765 .09994365700400000000 .02898366053116000000 603
766 4.11251896897 .08308119129232323232 .03323247651692929292 603
767 6.55323613547 13.10647227094000000000 5.11152418566660000000 603
768 4.77719893474 .20328506105276595744 .09757682930532765957 603
769 4.81118258606 .18867382690431372549 .06226236287842352941 603
770 7.02428768982 .17343920221777777777 .05723493673186666666 603
771 5.01703492985 .38592576383461538461 .27014803468423076922 603
772 6.45228766789 1.61307191697250000000 .96784315018350000000 603
773 3.58657630888 .26567231917629629629 .14611977554696296295 603
774 5.10832360467 .48650700996857142857 .16541238338931428571 603
775 4.55846964562 .15452439476677966101 .08962414896473220338 603
776 5.9295034398 .38254860901935483870 .17214687405870967741 603
777 4.15179426881 .27678628458733333333 .17437535929001999999 603
778 5.49863349149 .18639435564372881355 .08014957292680338982 603
779 3.21915828886 .08254252022717948717 .05365263814766666666 603
780 2.74343618811 .07951988951043478260 .05168792818178260869 603
781 4.14480623463 .09314171313775280898 .04005093664923370786 603
782 5.44007659539 .54400765953900000000 .37536528508191000000 603
783 4.38578092429 .09855687470314606741 .04632173111047865168 603
784 3.96031724815 1.98015862407500000000 1.04948407075975000000 603
785 5.99318908607 .49943242383916666666 .34960269668741666666 603
786 5.87958358318 .45227566024461538461 .31659296217123076922 603
787 4.40655276635 .08813105532700000000 .04318421711023000000 603
788 5.2620312701 .11077960568631578947 .06757555946865263157 603
789 4.65996499242 .09914819132808510638 .06940373392965957446 603
790 5.68206292152 .22282599692235294117 .09358691870738823529 603
791 2.75096738454 .14478775708105263157 .09845567481511578946 603
792 4.64307182414 .46430718241400000000 .25536895032770000000 603
793 5.70846301473 .32619788655600000000 .19571873193360000000 603
794 5.22258074083 .19707851852188679245 .10051004444616226414 603
795 3.92614479709 .14541277026259259259 .03780732026827407407 603
796 6.7859579724 .18591665677808219178 .09853582809238356164 603
797 4.03623965888 .26040255863741935483 .17967776545981935483 603
798 3.85168349822 .25677889988133333333 .15406733992879999999 603
799 5.14133506091 .12097258966847058823 .05806684304086588235 603
800 4.41269694301 .23224720752684210526 .07896405055912631578 603
801 6.15621633418 .20520721113933333333 .11696811034941999999 603
802 5.26147653323 2.63073826661500000000 .89445101064910000000 603
803 4.56973938534 .27695390214181818181 .10247294379247272726 603
804 6.05218935987 .14761437463097560975 .05756960610608048780 603
805 7.05955027307 .14707396402229166666 .04706366848713333333 604,605,606,607,608,609,610,611,612,613,614,615,616,617,618,619,620,621,622,623,624,625,626,627,628,629,630,631,632,633,634,635,636,637,638,639,640,641,642,643,644,645,646,647,648,649,650,651,652,653,654,655,656,657,658,659,660,661,662,663,664,665,666,667,668,669,670,671,672,673,674,675,676,677,678,679,680,681,682,683,684,685,686,687,688,689,690,691,692,693,694,695,696,697,698,699,700,701,702,703,704,705,706,707,708,709,710,711,712,713,714,715,716,717,718,719,720,721,722,723,724,725,726,727,728,729,730,731,732,733,734,735,736,737,738,739,740,741,742,743,744,745,746,747,748,749,750,751,752,753,754,755,756,757,758,759,760,761,762,763,764,765,766,767,768,769,770,771,772,773,774,775,776,777,778,779,780,781,782,783,784,785,786,787,788,789,790,791,792,793,794,795,796,797,798,799,800,801,802,803
806 6.35657713181 31.78288565905000000000 15.25578511634400000000 804
807 5.3767181681 13.44179542025000000000 7.39298748113750000000 804
808 4.31817023739 43.18170237390000000000 28.49992356677400000000 804
809 4.46179282954 44.61792829540000000000 24.53986056247000000000 804
810 6.10146296371 30.50731481855000000000 13.42321852016200000000 804
811 4.08984465652 .09975230869560975609 .04189596965215609755 804
812 5.85879272345 .12079984996804123711 .05556793098529896907 804
813 3.69930133912 .18045372385951219512 .04511343096487804878 804
814 4.02832069854 .73242194518909090909 .18310548629727272727 804
815 3.51459748758 .13782735245411764705 .06064403507981176470 804
816 6.7562942451 .13512588490200000000 .04729405971570000000 804
817 7.62551095073 .72623913816476190476 .45026826566215238095 804
818 3.98938173718 .20996745985157894736 .14487754729758947367 804
819 5.72425894607 .95404315767833333333 .69645150510518333333 804
820 2.910438177 .13229264440909090909 .04497949909909090909 804
821 6.01655291654 .44567058641037037037 .19609505802056296296 804
822 5.97866608821 .14946665220525000000 .05081866174978500000 804
823 3.94356360389 .09858909009725000000 .04140741784084500000 804
824 2.04407360901 .06593785835516129032 .04549712226506129032 804
825 6.24137832863 .16643675543013333333 .04993102662903999999 804
826 7.90065667476 .15801313349520000000 .10270853677188000000 804
827 8.38463809549 .21499072039717948717 .09459591697475897435 804
828 5.56432830761 1.58980808788857142857 1.03337525712757142857 804
829 4.40347276946 .13549146982953846153 .07316539370795076922 804
830 6.09128807814 .19649316381096774193 .05894794914329032257 804
831 4.74094625069 .20612809785608695652 .05565458642114347826 804
832 5.94750738808 .12262901831092783505 .08338773245143092783 804
833 5.26035168923 .23379340841022222222 .15664158363484888888 804
834 5.32384126809 .20089967049396226415 .13661177593589433962 804
835 6.86568929132 .80772815192000000000 .47655960963280000000 804
836 3.67673429879 .19351233151526315789 .14319912532129473683 804
837 8.80828104708 .33238796404075471698 .10968802813344905660 804
838 5.32166607606 .66520825950750000000 .43238536867987500000 804
839 6.09468474894 1.21893694978800000000 .32911297644276000000 804
840 2.90489100948 .25259921821565217391 .10609167165057391304 804
841 4.59234299922 .12085113155842105263 .05800854314804210526 804
842 4.96786589539 .10918386583274725274 .05350009425804615384 804
843 5.93232402621 .20815172021789473684 .11448344611984210526 804
844 8.38974074795 .30508148174363636363 .19830296313336363635 804
845 3.23218846693 .29383531517545454545 .09990400715965454545 804
846 1.97034957843 .39406991568600000000 .10639887723522000000 804
847 5.17555812749 .12322757446404761904 .09118840510339523808 804
848 5.33800786085 .18406923658103448275 .10860084958281034482 804
849 4.88869973118 .88885449657818181818 .55997833284425454545 804
850 5.55499909884 .17919351931741935483 .06450966695427096773 804
851 5.30721861034 .26536093051700000000 .10349076290163000000 804
852 6.37000058362 .15166668056238095238 .04398333736309047619 804
853 5.62505574982 .15000148666186666666 .05700056493150933333 804
854 3.77944375558 .30235550044640000000 .09675376014284800000 804
855 1.82877737877 .06901046712339622641 .02898439619182641509 804
856 6.30723424724 .37101377924941176470 .17808661403971764705 804
857 4.42184073983 .19652625510355555555 .09629786500074222221 804
858 4.55008665505 .56876083188125000000 .22181672443368750000 804
859 5.42249715008 .11180406495010309278 .05254791052654845360 804
860 2.62658675881 .87552891960333333333 .23639280829289999999 804
861 4.22006650191 .13187707818468750000 .09627026707482187500 804
862 5.84379011652 .55655143966857142857 .37845497897462857142 804
863 4.90155104959 .11398955929279069767 .05927457083225116278 804
864 4.58485559928 .14789856771870967741 .09317609766278709676 804
865 3.29797126536 .38799661945411764705 .15519864778164705882 804
866 4.89094589042 .15777244807806451612 .06784215267356774193 804
867 3.43145510309 .07379473339978494623 .04796657670986021504 804
868 5.11051899655 .10221037993100000000 .02555259498275000000 804
869 3.02753411447 .28833658233047619047 .07785087722922857142 804
870 2.26849116954 .09259147630775510204 .03148110194463673469 804
871 3.33892693354 .39281493335764705882 .27889860268392941176 804
872 4.70422265219 .12714115276189189189 .04068516888380540540 804
873 5.85923917762 1.46480979440500000000 .74705299514655000000 804
874 4.27240331741 .71206721956833333333 .49844705369783333333 804
875 6.28089864062 .18205503306144927536 .12561797281239999999 804
876 5.66540818738 1.25897959719555555555 .84351633012102222221 804
877 4.2441146807 4.24411468070000000000 1.18835211059600000000 804
878 4.80424452421 .11576492829421686746 .03009888135649638553 804
879 3.94185372821 .37541464078190476190 .27405268777079047618 804
880 3.98185369825 .09260124879651162790 .05741277425383720929 804
881 3.59933338176 .79985186261333333333 .27994815191466666666 804
882 4.27862573727 .14262085790900000000 .09412976621994000000 804
883 5.75207454337 .27390831158904761904 .08765065970849523809 804
884 6.62325134267 1.10387522377833333333 .71751889545591666666 804
885 5.35651155462 .32463706391636363636 .19478223834981818181 804
886 4.52703663167 .18862652631958333333 .07922314105422499999 804
887 4.01128764983 1.33709588327666666666 .46798355914683333333 804
888 6.64784171852 .29545963193422222222 .08863788958026666666 804
889 4.33043590415 4.33043590415000000000 1.90539179782600000000 804
890 3.86230392729 .12459044926741935483 .06229522463370967741 804
891 3.12724099283 .10600816924847457627 .03286253246702711864 804
892 4.93867226222 .26695525741729729729 .12279941841195675675 804
893 5.87050306005 .83864329429285714285 .58705030600499999999 804
894 4.42910483254 .46622156132000000000 .25175964311280000000 804
895 4.02713049553 .23012174260171428571 .06903652278051428571 804
896 5.23528767182 .23267945208088888888 .11168613699882666666 804
897 5.39899360285 .16871855008906250000 .12147735606412500000 804
898 6.5178815002 .14016949462795698924 .06447796752886021505 804
899 4.89977205485 .24498860274250000000 .11269475726155000000 804
900 5.66163645512 .34312948212848484848 .14754567731524848484 804
901 4.44700423265 .46810570870000000000 .13575065552300000000 804
902 3.82455199508 .08499004433511111111 .02124751108377777777 804
903 6.35925942468 6.35925942468000000000 2.67088895836560000000 804
904 3.56754211248 .16593219127813953488 .08296609563906976744 804
905 5.93256228137 .26966192188045454545 .15640391469066363636 804
906 5.32970919934 .13159775800839506172 .04079530498260246913 804
907 5.61677019399 .19707965592947368421 .11627699699838947368 804
908 4.79128695257 .30911528726258064516 .08036997468827096774 804
909 3.26300174524 2.17533449682666666666 .89188714369893333333 804
910 4.39012297182 .13508070682523076923 .08915326650465230769 804
911 4.09224799424 .20461239971200000000 .12072131583008000000 804
912 5.40690796292 .18328501569220338983 .11363670972916610169 804
913 5.69466728219 .14236668205475000000 .04413367143697250000 804
914 2.99567403684 1.99711602456000000000 .61910596761360000000 804
915 4.2135298153 .10533824538250000000 .06636309459097500000 804
916 3.24959755578 .16664602850153846153 .08998885539083076922 804
917 5.39825024772 .18299153382101694915 .06770686751377627118 804
918 4.90150107035 .14207249479275362318 .09945074635492753622 804
919 3.78314818086 .16098502897276595744 .08210236477611063829 804
920 6.3446219546 .63446219546000000000 .16496017081960000000 804
921 5.61205429432 .13362034034095238095 .03474128848864761904 804
922 4.90276176462 .17828224598618181818 .06061596363530181818 804
923 4.22168495413 .64948999294307692307 .44814809513072307691 804
924 6.17665462483 6.17665462483000000000 4.44719132987760000000 804
925 2.09029187111 .04400614465494736842 .01364190484303368421 804
926 6.50069572504 .13266725969469387755 .05837359426566530612 804
927 5.02579311069 .14567516262869565217 .08157809107206956521 804
928 2.76830375836 1.84553583890666666666 .68284826039546666666 804
929 6.54203393055 .13216230162727272727 .05815141271599999999 804
930 4.56921989845 .11282024440617283950 .05076910998277777777 804
931 7.95484413671 .25253473449873015873 .08838715707455555555 804
932 3.72450496446 1.06414427556000000000 .34052616817920000000 804
933 3.31240998756 .09887791007641791044 .02471947751910447761 804
934 5.44263777117 .17556896036032258064 .07022758414412903225 804
935 3.92035425471 .10182738323922077922 .06313297760831688311 804
936 4.00489373082 .18627412701488372093 .06147046191491162790 804
937 5.57347036903 .15699916532478873239 .08006957431564225351 804
938 5.23385679942 .11135865530680851063 .05345215454726808510 804
939 2.29971297314 .17034910912148148148 .07495360801345185185 804
940 6.17260440629 .34292246701611111111 .15774433482741111111 804
941 5.29732837594 .26486641879700000000 .10329790333083000000 804
942 5.74704518443 .27366881830619047619 .11767759187166190476 804
943 3.75835103602 1.25278367867333333333 .36330726681526666666 804
944 4.23504635901 .13030911873876923076 .09251947430452615383 804
945 5.34949210062 1.52842631446285714285 .38210657861571428571 804
946 6.71501673897 .30522803358954545454 .18313682015372727272 804
947 5.05382034781 .25269101739050000000 .10360331713010500000 804
948 5.06597973226 .12664949330650000000 .07472320105083500000 804
949 4.74915731011 .32752809035241379310 .22271910143964137930 804
950 4.74598031786 .24338360604410256410 .06814740969234871794 804
951 3.44487240672 .08402127821268292682 .05629425640249756096 804
952 4.66692075203 .12281370400078947368 .06386312608041052631 804
953 2.90274443585 .12352103982340425531 .08646472787638297871 804
954 3.55479912764 .88869978191000000000 .59542885387970000000 804
955 6.20402364135 .32652756007105263157 .17959015803907894736 804
956 2.92441091012 .83554597432000000000 .22559741306640000000 804
957 4.17710274899 .24571192641117647058 .11548460541325294117 804
958 4.07768540223 .09482989307511627906 .03793195723004651162 804
959 6.34061619692 .24386985372769230769 .06096746343192307692 804
960 4.75867543813 .33990538843785714285 .20734228694709285713 804
961 4.01430796378 .42255873302947368421 .27466317646915789473 804
962 2.84747962438 .07593278998346666666 .05163429718875733332 804
963 5.71742792888 .11788511193567010309 .06837336492268865979 804
964 9.00322716899 .27702237443046153846 .08587693607344307692 804
965 5.60023889079 .21961721140352941176 .13177032684211764705 804
966 4.23899875491 .08924207905073684210 .02677262371522105263 804
967 4.6385918962 4.63859189620000000000 1.76266492055600000000 804
968 7.21464581196 .40081365622000000000 .15230918936360000000 804
969 4.31387309112 .09916949634758620689 .02776745897732413792 804
970 2.87459342194 .38327912292533333333 .10348536318983999999 804
971 5.18271878839 .14807767966828571428 .06219262546067999999 804
972 4.51672050542 .17372001943923076923 .09554601069157692307 804
973 3.57000622275 .24620732570689655172 .12310366285344827586 804
974 6.44053775745 .75771032440588235294 .37127805895888235294 804
975 6.01212782593 .30060639129650000000 .19840021825569000000 804
976 4.19483951069 1.04870987767250000000 .61873882782677500000 804
977 7.03842403256 .14817734805389473684 .04889852485778526315 804
978 4.76702593438 .10035844072378947368 .02508961018094736842 804
979 4.27169429767 .09492653994822222222 .04936180077307555555 804
980 3.94505946305 .07890118926100000000 .02130332110047000000 804
981 4.3830627205 .12346655550704225352 .08272259218971830985 804
982 4.80229127194 .41759054538608695652 .26725794904709565217 804
983 3.40386465849 .26183574296076923076 .10473429718430769230 804
984 5.27832338353 2.63916169176500000000 .92370659211775000000 804
985 5.5226881796 .36817921197333333333 .25036186414186666666 804
986 4.98495296874 .26945691722918918918 .14820130447605405404 804
987 4.3386542505 .12221561269014084507 .05010840120295774647 804
988 4.08725802174 .16349032086960000000 .05722161230436000000 804
989 5.94935801483 .22450407603132075471 .05612601900783018867 804
990 5.67616433911 .17738013559718750000 .06740445152693125000 804
991 4.66193745656 .16952499842036363636 .05933374944712727272 804
992 5.87828326337 .41987737595500000000 .16795095038200000000 804
993 5.7399391476 .16399826136000000000 .10331890465680000000 804
994 4.23981083537 .09421801856377777777 .04805118946752666666 804
995 4.52019369924 .41092669993090909090 .23833748595992727272 804
996 3.9861133472 .18118697032727272727 .12139527011927272727 804
997 5.92864507837 .17697447995134328358 .05132259918588955223 804
998 4.45902123677 1.11475530919250000000 .32327903966582500000 804
999 3.25142433149 .08670464883973333333 .03728299900108533333 804
1000 2.46720230546 .05874291203476190476 .03289603073946666666 804
1001 3.66454802946 .07403127332242424242 .02813188386252121211 804
1002 4.19703302103 .13760764003377049180 .10182965362499016393 804
1003 6.28941312983 .14133512651303370786 .08762777843808089887 804
1004 3.2107621326 .09173606093142857142 .05687635777748571428 804
1005 5.60378763838 .12182147039956521739 .04751037345583043478 804
1006 5.37652077825 .13964989034415584415 .05167045942733766233 805,806,807,808,809,810,811,812,813,814,815,816,817,818,819,820,821,822,823,824,825,826,827,828,829,830,831,832,833,834,835,836,837,838,839,840,841,842,843,844,845,846,847,848,849,850,851,852,853,854,855,856,857,858,859,860,861,862,863,864,865,866,867,868,869,870,871,872,873,874,875,876,877,878,879,880,881,882,883,884,885,886,887,888,889,890,891,892,893,894,895,896,897,898,899,900,901,902,903,904,905,906,907,908,909,910,911,912,913,914,915,916,917,918,919,920,921,922,923,924,925,926,927,928,929,930,931,932,933,934,935,936,937,938,939,940,941,942,943,944,945,946,947,948,949,950,951,952,953,954,955,956,957,958,959,960,961,962,963,964,965,966,967,968,969,970,971,972,973,974,975,976,977,978,979,980,981,982,983,984,985,986,987,988,989,990,991,992,993,994,995,996,997,998,999,1000,1001,1002,1003,1004
