0 2.65935695764 .08058657447393939393 .05479887064227878787 
1 2.41643417701 4.83286835402000000000 2.22311944284920000000 0
2 2.2613163167 7.53772105566666666666 4.14574658061666666666 0
3 2.67848657849 6.69621644622500000000 2.94633523633900000000 0
4 2.74733970306 9.15779901020000000000 4.02943156448800000000 0
5 2.08661776907 20.86617769070000000000 14.18900082967600000000 0
6 1.88163091314 .05376088323257142857 .03010609461023999999 0
7 1.21933887937 .03751811936523076923 .02363641520009538461 0
8 2.32181500793 .66337571655142857142 .20564647213094285714 0
9 2.85866331094 .09075121622031746031 .02813287702829841269 0
10 2.44000346138 .07746042734539682539 .03253337948506666666 0
11 1.2050404567 .03089847324871794871 .00896055724212820512 0
12 2.31507068946 .11872157381846153846 .06410964986196923076 0
13 2.14402552525 .10209645358333333333 .07453041111583333333 0
14 2.09793759217 .18242935584086956521 .12587625553019999999 0
15 1.67330272534 .03380409546141414141 .01825421154916363636 0
16 2.11547651649 .07555273273178571428 .03475425705662142856 0
17 2.53581055354 .12075288350190476190 .03984845155562857142 0
18 1.77690598873 .05384563602212121212 .03069201253260909090 0
19 1.68986255517 .03755250122600000000 .01727415056396000000 0
20 1.69035655176 .05122292581090909090 .03636827732574545453 0
21 1.9647768713 .05953869306969696969 .03989092435669696969 0
22 2.43133219283 4.86266438566000000000 2.18819897354700000000 0
23 1.30476505603 .65238252801500000000 .16961945728390000000 0
24 2.38621674939 .12559035523105263157 .05023614209242105262 0
25 1.58225582869 .04944549464656250000 .03411739130612812500 0
26 1.73526118199 .04627363151973333333 .01804671629269599999 0
27 1.63898531468 .20487316433500000000 .14750867832120000000 0
28 1.81035423214 .72414169285600000000 .21000109092824000000 0
29 2.09156310116 .06639882860825396825 .01726369543814603174 0
30 2.27744697314 .11109497429951219512 .04665988920579512195 0
31 2.1574993303 .23972214781111111111 .09828608060255555555 0
32 1.1781820746 .10245061518260869565 .03585771531391304347 0
33 3.10039727559 .11072847412821428571 .06532979973564642856 0
34 1.89198824504 .05647726104597014925 .01694317831379104477 0
35 1.98675156138 .19867515613800000000 .05364229215726000000 0
36 2.66704301328 .06350102412571428571 .01841529699645714285 0
37 1.96028267346 .13519190851448275862 .05272484432064827586 0
38 2.67198062883 .09057561453661016949 .03713600196001016949 0
39 2.11138277318 .04589962550391304347 .01376988765117391304 0
40 0.964759262339 .04194605488430434782 .01300327701413434782 0
41 1.65992172426 .07545098746636363636 .01961725674125454545 0
42 2.81132906541 .05856935552937500000 .03338453265174375000 0
43 1.41684623187 .15742735909666666666 .11019915136766666666 0
44 1.57583935926 .19697991990750000000 .08273156636115000000 0
45 2.96166103368 .15587689650947368421 .07482091032454736842 0
46 2.60778437038 .22676385829391304347 .09524082048344347825 0
47 1.45535718711 .26461039765636363636 .06615259941409090909 0
48 2.13297260606 .06771341606539682539 .03047103722942857142 0
49 1.89879640766 .04415805599209302325 .01545531959723255813 0
50 2.39089904288 .04879385801795918367 .02049342036754285714 0
51 1.55597784295 .28290506235454545454 .07355531621218181818 0
52 1.8538194773 .05222026696619718309 .01462167475053521126 0
53 2.19410737718 .09539597292086956521 .04102026835597391304 0
54 3.13535990428 .20228128414709677419 .09911782923207741935 0
55 2.2400890441 .06310109983380281690 .02776448392687323943 0
56 2.12226660757 .05305666518925000000 .03289513241733500000 0
57 2.68469846188 1.34234923094000000000 .69802160008880000000 0
58 1.6253023463 .05000930296307692307 .01750325603707692307 0
59 1.89997093618 .04175760299296703296 .02672486591549890109 0
60 1.04923712231 .11658190247888888888 .07344659856169999999 0
61 1.45711422221 .03736190313358974358 .01830733253545897435 0
62 2.78892044912 .34861505614000000000 .25100284042080000000 0
63 2.21578864934 .15281301029931034482 .08251902556162758620 0
64 2.81012101298 .16057834359885714285 .04335615277169142856 0
65 2.24465023846 1.12232511923000000000 .46015329888430000000 0
66 2.14214074934 .04371715814979591836 .03060201070485714285 0
67 1.78650678002 .04522801974734177215 .01447296631914936708 0
68 1.67016423544 .05061103743757575757 .01417109048252121211 0
69 1.7194867343 .11463244895333333333 .03095076121739999999 0
70 2.6222020155 .11654231180000000000 .03845896289400000000 0
71 1.38402943758 .07481240203135135135 .04713181327975135135 0
72 2.61467592474 .07262988679833333333 .03558864453118333333 0
73 1.76773046527 .04419326163175000000 .03049335052590750000 0
74 2.57564174984 .07154560416222222222 .04221190645571111110 0
75 2.03447389826 .05983746759588235294 .03829597926136470588 0
76 2.2334991365 .13959369603125000000 .09631965026156250000 0
77 2.33996572419 .77998857473000000000 .49139280207990000000 0
78 1.41013183118 .07421746479894736842 .02523393803164210526 0
79 1.75794735591 .09766374199500000000 .06152815745685000000 0
80 1.90648401624 .05223243880109589041 .01984832674441643835 0
81 1.87962891004 .04371230023348837209 .01223944406537674418 0
82 2.63089019217 .08221531850531250000 .06001718250887812500 0
83 0.937591551215 .18751831024300000000 .08063287340449000000 0
84 2.06540255679 4.13080511358000000000 1.40447373861720000000 0
85 2.20181640399 .08006605105418181818 .04643830961142545454 0
86 2.39515406425 .06746912857042253521 .01889135599971830985 0
87 2.22187301562 .06087323330465753424 .03348027831756164383 0
88 2.37546476995 .10797567136136363636 .07990199680740909090 0
89 1.66191612986 .03864921232232558139 .02473549588628837208 0
90 2.97570738471 .16531707692833333333 .05124829384778333333 0
91 2.20582314891 .23219191041157894736 .13931514624694736841 0
92 1.20070846134 .02425673659272727272 .01358377249192727272 0
93 2.90794271566 .10385509698785714285 .03738783491562857142 0
94 2.44992657008 .14848039818666666666 .03860490352853333333 0
95 2.27092692177 .04634544738306122448 .03336872211580408162 0
96 1.41066396389 .06881287628731707317 .04679275587537560975 0
97 1.13671457076 .02841786426900000000 .01392475349181000000 0
98 2.73801663607 .14041110954205128205 .03510277738551282051 0
99 2.64421508953 .44070251492166666666 .22916530775926666666 0
100 1.47013430175 .03920358138000000000 .02430622045560000000 0
101 2.14361512687 .10992898086512820512 .07365241717963589743 0
102 2.00004049131 .21053057803263157894 .09684406589501052631 0
103 2.300863857 .76695461900000000000 .27610366284000000000 0
104 1.81104829551 .03853294245765957446 .02427575374832553190 0
105 2.6809381923 .06702345480750000000 .03217125830760000000 0
106 1.68706361063 .04820181744657142857 .01301449071057428571 0
107 1.79601395835 .05131468452428571428 .02360475488117142856 0
108 1.35529434848 .07325915397189189189 .03443180236678918918 0
109 2.31574027067 4.63148054134000000000 1.62101818946900000000 0
110 1.80861594823 .05094692811915492957 .02751134118434366196 0
111 2.21817321253 .04984658904561797752 .02193249918007191010 0
112 1.52100291181 .03621435504309523809 .02245290012671904761 0
113 1.98312807067 .08622295959434782608 .02672911747424782608 0
114 1.53406474502 .03447336505662921348 .02206295363624269662 0
115 1.31227577652 .06906714613263157894 .04351230206355789473 0
116 1.32219671507 .04722131125250000000 .01558303271332500000 0
117 1.55686486964 .03663211457976470588 .02710776478902588235 0
118 2.09804508439 .14986036317071428571 .06593855979511428571 0
119 2.93615999826 1.95743999884000000000 .93957119944320000000 0
120 2.3045422942 .11241669727804878048 .06857418533960975609 0
121 1.43353597475 .22054399611538461538 .15879167720307692307 0
122 1.86325909695 .12021026431935483870 .03726518193899999999 0
123 1.61054001763 .03320701067278350515 .02291283736422061855 0
124 1.66045708118 .05188928378687500000 .03839807000228750000 0
125 1.96567274991 .04625112352729411764 .03191327523383294117 0
126 3.22213079244 .06712772484250000000 .03020747617912500000 0
127 2.84809633278 .37974617770400000000 .26582232439280000000 0
128 2.70643524335 .21651481946800000000 .11258770612336000000 0
129 3.01151939996 .27377449090545454545 .15878920472516363636 0
130 1.93959996151 .14367407122296296296 .08189422059708888888 0
131 2.00083743253 .05972649052328358208 .02687692073547761193 0
132 2.4794034755 .09536167213461538461 .05721700328076923076 0
133 1.97339878197 .09626335521804878048 .06353381444391219511 0
134 2.41022491546 .06514121393135135135 .03647907980155675675 0
135 1.89492746198 .42109499155111111111 .16001609678942222222 0
136 1.44759985167 .16084442796333333333 .05951243834643333333 0
137 1.76577712831 .50450775094571428571 .29261449554851428571 0
138 2.47336172208 .14990071042909090909 .06595631258879999999 0
139 1.93594053539 .06792773808385964912 .03056748213773684210 0
140 3.55983266619 .08475792062357142857 .06272086126144285714 0
141 2.4902758126 .07905637500317460317 .04980551625199999999 0
142 1.8995919718 .42213154928888888888 .22795103661599999999 0
143 2.0114953328 .06818628246779661016 .03204755275986440677 0
144 1.69337094469 .05131427105121212121 .01282856776280303030 0
145 1.65850471726 .12285220127851851851 .04914088051140740740 0
146 2.51957928578 .23995993197904761904 .11278116803015238094 0
147 3.210639883 .07296908825000000000 .05107836177500000000 0
148 1.72957017247 .13304385942076923076 .08248719284087692307 0
149 2.75943656593 .34492957074125000000 .15521830683356250000 0
150 1.43399808062 .04944820967655172413 .02620755112857241378 0
151 2.53960011085 .06194146611829268292 .04026195297689024389 0
152 2.98409375313 .10470504396947368421 .04816432022595789473 0
153 2.10160240047 .06466468924523076923 .04138540111694769230 0
154 1.36789918811 .05471596752440000000 .03173526116415200000 0
155 1.39841758107 .03452882916222222222 .02071729749733333333 0
156 2.13539690381 .07626417513607142857 .02516717779490357142 0
157 3.27852321109 .18214017839388888888 .08924868741300555555 0
158 2.93538171898 .08895096118121212121 .04536499020241818181 0
159 2.20800135573 .25976486538000000000 .17664010845840000000 0
160 2.49037644617 .08301254820566666666 .05395815633368333332 0
161 0.972576369483 .03969699467277551020 .02223031701675428571 0
162 2.53577983062 1.01431193224800000000 .48686972747904000000 0
163 0.954339367508 .23858484187700000000 .15030845038251000000 0
164 2.02226620248 .08254147765224489795 .03714366494351020407 0
165 1.70367802388 .56789267462666666666 .25555170358199999999 0
166 2.15719680937 .15408548638357142857 .07087932373644285714 0
167 2.08555754812 .06620817613079365079 .01655204403269841269 0
168 2.25095247294 .18007619783520000000 .08103428902584000000 0
169 1.51829851091 .03530926769558139534 .01412370707823255813 0
170 1.85644275328 .15470356277333333333 .07425771013119999999 0
171 1.98759735916 .04320863824260869565 .01641928253219130434 0
172 2.38162114137 .05880546028074074074 .04351604060774814814 0
173 1.2119027767 .03147799420000000000 .01573899710000000000 0
174 2.71055606726 .15944447454470588235 .10842224269039999999 0
175 2.13666691361 .26708336420125000000 .12285834753257500000 0
176 2.7716259667 .79189313334285714285 .39594656667142857142 0
177 1.12983785913 .04035135211178571428 .01977216253477499999 0
178 2.43278919046 .81092973015333333333 .56765081110733333333 0
179 2.58777051762 .06018070971209302325 .03911746131286046511 0
180 2.36087710743 .21462519158454545454 .08370382471797272727 0
181 2.6300422767 .18786016262142857142 .09580868293692857142 0
182 2.60997445085 .12428449765952380952 .07208500864252380952 0
183 1.41788274324 .03731270376947368421 .01828322484704210526 0
184 2.30091343702 .05229348720500000000 .01621098103355000000 0
185 1.3889161197 .10683970151538461538 .07478779106076923076 0
186 2.84072372684 .21851720975692307692 .07211067921978461538 0
187 1.90792949698 .05227204101315068493 .01881793476473424657 0
188 2.49976421504 .35710917357714285714 .16069912810971428571 0
189 1.98430846496 .05087970422974358974 .02798383732635897435 0
190 2.44742986519 .13596832584388888888 .08022131224789444443 0
191 2.27492789892 .08124742496142857142 .03331144423418571428 0
192 2.16360970226 .07727177508071428571 .05486296030730714285 0
193 1.93038652293 .05515390065514285714 .03805619145204857142 0
194 2.12841779789 .04677841314043956043 .02479255896443296702 0
195 3.21706212281 .18923894840058823529 .07380318987622941176 0
196 1.43061260459 1.43061260459000000000 .80114305857040000000 0
197 2.01988256622 .22443139624666666666 .06059647698659999999 0
198 1.61166928418 .03792163021600000000 .01365178687776000000 0
199 1.02459229262 .07589572537925925925 .02656350388274074073 0
200 2.42835574078 .11294677864093023255 .06550913161173953487 0
201 1.09546981923 .03713457014338983050 .01559651946022372881 0
202 1.82519814713 .08903405595756097560 .03472328182344878048 0
203 1.91007601684 .14692892437230769230 .07052588369870769230 0
204 0.432300976851 .01516845532810526315 .00940444230342526315 0
205 1.98479815313 .44106625625111111111 .22935445325057777777 0
206 2.38898646091 .04977055126895833333 .02737380319792708333 0
207 1.68743314409 1.68743314409000000000 1.23182619518570000000 0
208 1.7782831516 .06710502458867924528 .02818411032724528301 0
209 1.52022396277 .04343497036485714285 .01172744199851142856 0
210 2.22262878459 .07169770272870967741 .02581117298233548386 0
211 2.23207447697 2.23207447697000000000 1.51781064433960000000 0
212 1.94833971931 .05904059755484848484 .02243542707084242423 0
213 1.9187718976 .04737708389135802469 .01752952103980246913 0
214 2.41421828382 .07664185028000000000 .03142315861480000000 0
215 2.81636066959 .20116861925642857142 .12673623013154999999 0
216 2.21614781605 .06518081811911764705 .04367114813980882352 0
217 1.92345304923 .05495580140657142857 .03022569077361428571 0
218 2.0547984079 .04193466138571428571 .01174170518799999999 0
219 1.83767479716 .11137423013090909090 .03452601134058181817 0
220 1.48647666803 .21235380971857142857 .06795321910994285714 0
221 2.74874358371 .06623478514963855421 .03444208827781204818 0
222 2.79553541382 .16444325963647058823 .04111081490911764705 0
223 2.19581791908 .09149241329500000000 .04940590317930000000 0
224 2.61726076106 .18694719721857142857 .07290940691524285714 0
225 1.33805173326 .03716810370166666666 .01635396562873333333 0
226 2.27974792083 .07124212252593750000 .03633348248822812500 0
227 2.35801137186 .13870655128588235294 .09570752038725882352 0
228 1.61873927631 .46249693608857142857 .32374785526199999999 0
229 1.94198249881 .04221701084369565217 .02195284563872173912 0
230 2.66539499098 .06663487477450000000 .02665394990980000000 0
231 2.27529458693 .04790093867221052631 .03209362891038105262 0
232 2.46428481285 .04978353157272727272 .02987011894363636363 0
233 1.55909460077 .04519114784840579710 .03027806905843188405 0
234 1.51541652958 .04041110745546666666 .01414388760941333333 0
235 2.23985947194 .04977465493200000000 .01742112922620000000 0
236 1.77651425122 .04497504433468354430 .01574126551713924050 0
237 2.59929818805 .14440545489166666666 .08519921838608333332 0
238 3.09213538736 .10307117957866666666 .04122847183146666666 0
239 1.27294047231 .04106259588096774193 .02422693156977096773 0
240 1.45229752547 .29045950509400000000 .18879867831110000000 0
241 2.25136155385 .04894264247500000000 .02936558548500000000 0
242 1.30404238862 .02804392233591397849 .01318064349787956989 0
243 1.80592380996 .04947736465643835616 .03364460796637808218 0
244 1.56907879407 .03486841764600000000 .01359868288194000000 0
245 2.39212202004 .16497393241655172413 .04289322242830344827 0
246 1.70062113669 .04858917533400000000 .01506264435354000000 0
247 2.10237760366 .04946770832141176470 .01780837499570823529 0
248 1.38787524287 .07930715673542857142 .01982678918385714285 0
249 2.45898116714 .07806289419492063492 .02576075508432380952 0
250 0.928980165861 .01857960331722000000 .01374890645474280000 0
251 2.00629994439 .33438332406500000000 .21066149416095000000 0
252 2.2786749886 .04797210502315789473 .01247274730602105262 0
253 2.72929234581 .06202937149568181818 .03845821032732272727 0
254 2.66396602044 .07504129635042253521 .05027766855478309859 0
255 1.77820128727 .05230003786088235294 .03347202423096470588 0
256 2.1078571605 .04684127023333333333 .02248380971199999999 0
257 1.77786301055 .20916035418235294117 .06483970979652941176 0
258 1.25597624336 .04406934187228070175 .01101733546807017543 0
259 1.97178949527 .06572631650900000000 .02694778976869000000 0
260 1.92200869111 .12012554319437500000 .06366653789301875000 0
261 2.61676250771 .34890166769466666666 .21980805064763999999 0
262 2.24710790578 .04781080650595744680 .01386513388672765957 0
263 1.95010221896 .05821200653611940298 .04191264470600597014 0
264 1.82872082817 3.65744165634000000000 2.52363474287460000000 0
265 1.35696499268 .12923476120761904761 .09175668045740952380 0
266 2.79174349556 .06492426733860465116 .02661894960882790697 0
267 2.18007973657 .05069952875744186046 .03701065599293255813 0
268 1.87042442859 .05667952813909090909 .02947335463232727272 0
269 2.1134659611 .15096185436428571428 .05283664902749999999 0
270 1.39407581414 .46469193804666666666 .32063743725219999999 0
271 2.2933915231 .05040420929890109890 .03276273604428571428 0
272 2.41641406053 .43934801100545454545 .23724792594294545454 0
273 0.562784223833 .03310495434311764705 .01489722945440294117 0
274 2.46611067855 .21444440683043478260 .13295553223486956521 0
275 1.25758773472 .04745614093283018867 .03511754429029433961 0
276 1.84792793961 .06159759798700000000 .03511063085259000000 0
277 1.95170102588 .26022680345066666666 .13531793779434666666 0
278 2.76918150593 .13845907529650000000 .10107512496644500000 0
279 1.976202062 .65873402066666666666 .38206573198666666666 0
280 1.47408164679 .09510204172838709677 .03328571460493548386 0
281 0.572704813895 .05206407399045454545 .02967652217455909090 0
282 2.25052825471 .06251467374194444444 .04000939119484444444 0
283 1.81351724124 .04477820348740740740 .02686692209244444444 0
284 1.64618618099 .05310278003193548387 .03292372361979999999 0
285 1.92107216571 .06298597264622950819 .04409018085236065573 0
286 1.94268588965 .27752655566428571428 .20536965119157142856 0
287 1.69816457578 .06408168210490566037 .03268165787350188678 0
288 2.3977086281 .79923620936666666666 .20780141443533333333 0
289 2.00590919369 .06078512708151515151 .02796115845749696969 0
290 2.01899925868 .15530763528307692307 .09007842846418461538 0
291 2.64689027876 .07562543653600000000 .04083773572944000000 0
292 2.70581592298 .06937989546102564102 .03746514354895384615 0
293 2.41104306046 .20092025503833333333 .14667178617798333333 0
294 0.835576035671 .05570506904473333333 .01392626726118333333 0
295 1.90940679631 .04196498453428571428 .02308074149385714285 0
296 0.611517744363 .01825426102576119402 .01332561054880567163 0
297 1.59514977534 .04143246169714285714 .02071623084857142857 0
298 1.74944081501 .04165335273833333333 .02249281047869999999 0
299 1.39203665037 .34800916259250000000 .19488513105180000000 0
300 2.14886254653 .47752501034000000000 .34859325754820000000 0
301 2.48576511538 .12747513412205128205 .07521032913201025640 1,2,3,4,5,6,7,8,9,10,11,12,13,14,15,16,17,18,19,20,21,22,23,24,25,26,27,28,29,30,31,32,33,34,35,36,37,38,39,40,41,42,43,44,45,46,47,48,49,50,51,52,53,54,55,56,57,58,59,60,61,62,63,64,65,66,67,68,69,70,71,72,73,74,75,76,77,78,79,80,81,82,83,84,85,86,87,88,89,90,91,92,93,94,95,96,97,98,99,100,101,102,103,104,105,106,107,108,109,110,111,112,113,114,115,116,117,118,119,120,121,122,123,124,125,126,127,128,129,130,131,132,133,134,135,136,137,138,139,140,141,142,143,144,145,146,147,148,149,150,151,152,153,154,155,156,157,158,159,160,161,162,163,164,165,166,167,168,169,170,171,172,173,174,175,176,177,178,179,180,181,182,183,184,185,186,187,188,189,190,191,192,193,194,195,196,197,198,199,200,201,202,203,204,205,206,207,208,209,210,211,212,213,214,215,216,217,218,219,220,221,222,223,224,225,226,227,228,229,230,231,232,233,234,235,236,237,238,239,240,241,242,243,244,245,246,247,248,249,250,251,252,253,254,255,256,257,258,259,260,261,262,263,264,265,266,267,268,269,270,271,272,273,274,275,276,277,278,279,280,281,282,283,284,285,286,287,288,289,290,291,292,293,294,295,296,297,298,299,300
302 2.02217047921 4.04434095842000000000 1.29418910669440000000 301
303 2.00056787459 5.00141968647500000000 1.30036911848350000000 301
304 1.93768743203 19.37687432030000000000 6.00683103929300000000 301
305 1.19388651309 3.97962171030000000000 2.62655032879800000000 301
306 1.63526880877 4.08817202192500000000 2.08496773118175000000 301
307 2.23905782758 .09139011541142857142 .03655604616457142856 301
308 1.44387939373 .04310087742477611940 .01077521935619402985 301
309 1.24687423815 .49874969526000000000 .29426232020340000000 301
310 2.7221232715 .05499238932323232323 .03574505306010101009 301
311 1.93383276118 .11375486830470588235 .08076595649634117646 301
312 1.22239465195 .61119732597500000000 .20780709083150000000 301
313 2.42900750504 .09342336557846153846 .02335584139461538461 301
314 1.68608507281 .08028976537190476190 .05620283576033333333 301
315 1.98311642505 .04358497637472527472 .02702268535232967032 301
316 1.8608272043 .06416645532068965517 .02245825936224137930 301
317 2.08333970839 .46296437964222222222 .26851934019248888888 301
318 2.24752462529 .09173569899142857142 .03027278066717142856 301
319 1.63207536518 .03795524105069767441 .00948881026267441860 301
320 3.30791379823 .33079137982300000000 .23816979347256000000 301
321 2.65610084228 .11302556775659574468 .08363892013988085106 301
322 2.07946348679 .46210299706444444444 .26339870832673333333 301
323 2.25515718007 .08510027094603773584 .02297707315543018867 301
324 1.73266622663 .09119295929631578947 .02644595819593157894 301
325 2.04101281554 .05516250852810810810 .02537475392292972972 301
326 1.44580452636 .03285919378090909090 .01938692433073636363 301
327 2.45382646723 .05706573179604651162 .01769037685677441860 301
328 1.8284084373 .05377671874411764705 .03334156562135294117 301
329 0.450149646508 .01364089837903030303 .00722967614088606060 301
330 1.86705076653 .09107564714780487804 .02641193767286341463 301
331 1.75229282262 3.50458564524000000000 1.82238453552480000000 301
332 1.88858631912 .05995512124190476190 .02817890698369523809 301
333 2.10385604908 .09562982041272727272 .04398971738985454545 301
334 1.95995726331 .09799786316550000000 .04997891021440500000 301
335 2.85110180268 .18394205178580645161 .09564986692861935483 301
336 1.52909313574 3.05818627148000000000 1.68200244931400000000 301
337 1.23078469556 .02735077101244444444 .01312837008597333333 301
338 1.94923760782 .09746188039100000000 .07212179148934000000 301
339 2.59767385459 .10602750426897959183 .06043567743331836734 301
340 2.43905538943 .13184083186108108108 .08569654070970270270 301
341 1.62134335959 .12009950811777777777 .06965771470831111110 301
342 2.2725392783 .08263779193818181818 .04627716348538181818 301
343 2.20923063041 .29456408405466666666 .13255383782459999999 301
344 2.08418083055 .05276407165949367088 .02216091009698734176 301
345 1.62842260541 .05252976146483870967 .01733482128339677419 301
346 1.70546636963 .11369775797533333333 .05798585656741999999 301
347 2.47086118824 .06417821268155844155 .01925346380446753246 301
348 1.479168449 .24652807483333333333 .07642370319833333333 301
349 1.706845492 .17068454920000000000 .05973959222000000000 301
350 1.96604080956 .05538143125521126760 .03710555894099154929 301
351 0.718212198229 .02992550825954166666 .02064860069908374999 301
352 1.38552631814 .03379332483268292682 .01216559693976585365 301
353 1.97562279838 .05199007364157894736 .02807463976645263157 301
354 1.75919399903 .14073551992240000000 .05347949757051200000 301
355 2.77882053478 .15437891859888888888 .05557641069559999999 301
356 1.73676742168 .07390499666723404255 .02217149900017021276 301
357 1.46228298245 .02924565964900000000 .01140580726311000000 301
358 2.27481728342 .05229465019356321839 .01568839505806896551 301
359 2.11915527079 .06520477756276923076 .03847081876203384614 301
360 2.18308572161 .05900231680027027027 .03953155225618108108 301
361 1.92097205949 .03960767132969072164 .02455675622440824741 301
362 2.02721558121 .13514770541400000000 .06757385270700000000 301
363 2.65068421359 1.32534210679500000000 .46386973737825000000 301
364 1.87523047873 .15001843829840000000 .04050497834056800000 301
365 1.81262067854 .05178916224400000000 .01346518218344000000 301
366 1.58685090219 .05379155600644067796 .03980575144476610169 301
367 1.17532821053 .10684801913909090909 .03846528689007272727 301
368 1.91316015811 .04159043821978260869 .01372484461252826086 301
369 1.40837773248 .18778369766400000000 .05821294627584000000 301
370 0.968676699648 .09686766996480000000 .03777839128627200000 301
371 1.10916652075 .07922618005357142857 .02693690121821428571 301
372 1.34366094734 .03732391520388888888 .01007745710504999999 301
373 1.21012734555 .03102890629615384615 .01179098439253846153 301
374 1.80414101111 .06939003888884615384 .02428651361109615384 301
375 1.63354188162 .03403212253375000000 .01837734616822500000 301
376 1.68254485251 .05022521947791044776 .01858333120682686567 301
377 1.32875573628 .06180259238511627906 .03460945173566511627 301
378 2.35532470231 .22431663831523809523 .10991515277446666666 301
379 2.09957602254 .06883855811606557377 .02340510975946229508 301
380 2.56145495574 .06922851231729729729 .04569081812941621621 301
381 2.30906005954 .09825787487404255319 .05797214617568510638 301
382 2.36965249634 2.36965249634000000000 1.11373667327980000000 301
383 1.82854142005 .09142707100250000000 .06491322041177500000 301
384 1.10077611827 .03439925369593750000 .02167152982844062500 301
385 2.20324411631 .09579322244826086956 .03831728897930434782 301
386 2.51773186841 .06539563294571428571 .03335177280231428571 301
387 2.23429032968 .08431284262943396226 .05564647613542641509 301
388 2.00123515734 .17402044846434782608 .12007410944039999999 301
389 1.42300993586 .05369848814566037735 .01342462203641509433 301
390 1.33500881722 .03141197216988235294 .01413538747644705882 301
391 1.91565833303 .07095030863074074074 .03263714197014074074 301
392 1.39011543092 .09587002971862068965 .04122411277900689654 301
393 2.30342099346 .12796783297000000000 .09341651806810000000 301
394 2.02565079898 .17614354773739130434 .08631033839132173912 301
395 1.4353124425 .04949353250000000000 .02078728365000000000 301
396 1.43567122699 .04101917791400000000 .01148536981592000000 301
397 1.74998182501 1.16665455000666666666 .47832836550273333333 301
398 1.98243470423 .04087494235525773195 .01716747578920824741 301
399 2.13091424096 .14695960282482758620 .08670616566664827585 301
400 2.15474813695 .08618992547800000000 .04395686199378000000 301
401 2.08645849998 .04585623076879120879 .03209936153815384615 301
402 1.81429201941 .15119100161750000000 .08164314087345000000 301
403 1.94065094389 .05106976168131578947 .02553488084065789473 301
404 1.60897539991 .08468291578473684210 .05080974947084210526 301
405 1.81770349219 .05863559652225806451 .03752678177424516128 301
406 3.00614902831 .12525620951291666666 .08893190875417083332 301
407 1.50722860369 .05582328161814814814 .02288754546344074073 301
408 2.80862530521 .15181758406540540540 .06376338530747027026 301
409 2.309471717 .07572038416393442622 .02498772677409836065 301
410 1.7400408055 1.16002720366666666666 .67281577812666666666 301
411 2.15273193225 .08123516725471698113 .03980523195481132075 301
412 3.02565300902 .07290730142216867469 .03572457769686265059 301
413 1.06238051121 .03427033907129032258 .00993839833067419354 301
414 1.93688435429 .07308997563358490566 .01973429342106792452 301
415 1.57854836474 .03628846815494252873 .01669269535127356321 301
416 2.16638560339 .06189673152542857142 .03590010428474857142 301
417 1.64963627966 .29993386902909090909 .08698082201843636363 301
418 2.36119662763 .07741628287311475409 .05573972366864262294 301
419 1.80654852015 .15054571001250000000 .04365825590362500000 301
420 2.05135119136 .06837837304533333333 .03829188890538666666 301
421 2.27127943809 .04588443309272727272 .01422417425874545454 301
422 1.62651983853 .04117771743113924050 .01482397827521012658 301
423 2.26425920214 .09844605226695652173 .07285007867754782608 301
424 1.63559221599 .23365603085571428571 .09112585203372857142 301
425 2.29917982484 .08676150282415094339 .05639497683569811320 301
426 1.42513102124 .03202541620764044943 .01665321642797303370 301
427 2.29801490677 .22980149067700000000 .10111265589788000000 301
428 1.06116267657 .53058133828500000000 .23876160222825000000 301
429 2.14136695292 .09959846292651162790 .04282733905839999999 301
430 1.8799535934 .05150557790136986301 .03347862563589041095 301
431 2.50112572146 .05684376639681818181 .01534781692714090908 301
432 2.17610039504 .04679785795784946236 .02433488613808172042 301
433 2.08283525474 .13885568364933333333 .09303330804505333333 301
434 1.55596007746 .31119201549200000000 .10891720542220000000 301
435 2.46078719597 .27342079955222222222 .09843148783879999999 301
436 2.17913599252 .72637866417333333333 .31234282559453333333 301
437 1.98589410183 .07221433097563636363 .03033001900976727272 301
438 1.63290604302 .06047800159333333333 .02177208057359999999 301
439 1.49650074627 .04676564832093750000 .01777094636195625000 301
440 1.30383149141 .06064332518186046511 .03699242836093488371 301
441 2.18371839247 .06422701154323529411 .04752798854199411764 301
442 2.04204624907 .19448059514952380952 .07001301425382857142 301
443 1.74578360874 .05371641873046153846 .03652716473671384615 301
444 1.99111199127 .09481485672714285714 .03223705128722857142 301
445 1.8555908492 .21830480578823529411 .13971507570447058823 301
446 2.59544554711 .20763564376880000000 .08513061394520800000 301
447 2.2148761339 .15275007820000000000 .04582502346000000000 301
448 1.56600358219 .13050029851583333333 .09396021493139999999 301
449 1.66169281972 .06646771278880000000 .03323385639440000000 301
450 2.12540182507 .04885981207057471264 .02540710227669885057 301
451 2.72341530652 .09231916293288135593 .04523638983711186440 301
452 1.7776196643 .16160178766363636363 .07918487595518181817 301
453 2.32406109223 .14525381826437500000 .09005736732391250000 301
454 1.85110996235 .03897073604947368421 .01792653858275789473 301
455 1.10608127009 .07373875133933333333 .03023288804912666666 301
456 2.31298660262 .05083487038725274725 .01423376370843076923 301
457 1.53723755225 .30744751045000000000 .12297900418000000000 301
458 1.95240058535 .04540466477558139534 .02542661227432558139 301
459 2.12065310663 .06525086481938461538 .02675285457594769230 301
460 1.99052074587 .44233794352666666666 .21674559232806666666 301
461 2.11470073914 .06042002111828571428 .03987721393806857142 301
462 1.44112751563 .16012527951444444444 .10248017888924444444 301
463 1.73555022686 1.15703348457333333333 .79835310435559999999 301
464 2.77588096856 .09409765995118644067 .05175371297315254236 301
465 1.96413523858 3.92827047716000000000 2.47481040061080000000 301
466 2.07176702881 .10106180628341463414 .03031854188502439024 301
467 1.89570859623 .11489143007454545454 .05399897213503636363 301
468 2.04044519182 .04916735401975903614 .03245045365304096385 301
469 2.41607035849 .07212150323850746268 .05120626729934029850 301
470 2.14135229294 .06797943787111111111 .03942807396524444444 301
471 2.67202188133 .16700136758312500000 .05845047865409375000 301
472 1.97868532804 .32978088800666666666 .18797510616379999999 301
473 3.24194896943 .07811925227542168674 .04452797379699036144 301
474 1.49195849045 .06216493710208333333 .03916391037431249999 301
475 2.67076507548 .06211081570883720930 .04037203021074418604 301
476 2.08129506224 .46251001383111111111 .33763231009671111111 301
477 1.55035020019 .07382620000904761904 .05167834000633333332 301
478 1.80648985783 .04105658767795454545 .02175999146931590908 301
479 1.33385771982 .02868511225419354838 .01290830051438709677 301
480 2.35179006656 .15678600443733333333 .05801082164181333333 301
481 2.26813258689 .04825814014659574468 .02075100026303617021 301
482 1.41713548716 .15745949857333333333 .09447569914399999999 301
483 1.66079440714 .08303972035700000000 .03238549093923000000 301
484 2.82621415267 .07246702955564102564 .05362560187117435897 301
485 1.8772430062 .12111245201290322580 .05692285244606451612 301
486 2.28348809724 .06618806078956521739 .02779898553161739130 301
487 2.57913140506 .05158262810120000000 .02321218264554000000 301
488 1.94027465253 .10487971094756756756 .05034226125483243242 301
489 1.55649422475 .07411877260714285714 .02668275813857142857 301
490 1.10408378171 .02208167563420000000 .00750776971562800000 301
491 2.44671218057 .44485676010363636363 .31139973207254545454 301
492 2.38821771226 .05619335793552941176 .02641087822969882352 301
493 2.51665893476 .05592575410577777777 .01509995360855999999 301
494 1.93396197936 .18418685517714285714 .09209342758857142857 301
495 2.53974558072 .63493639518000000000 .26667328597560000000 301
496 1.88635344049 .03929903001020833333 .01375466050357291666 301
497 2.65627199354 2.65627199354000000000 1.59376319612400000000 301
498 1.27983871334 .15056926039294117647 .06022770415717647058 301
499 2.57026475427 .06119677986357142857 .04161381030722857142 301
500 2.80177644146 .06090818351000000000 .01522704587750000000 301
501 1.62866627327 .10179164207937500000 .02951957620301875000 301
502 2.7842277461 .46403795768333333333 .17633442391966666666 301
503 2.50873231244 .83624410414666666666 .31777275957573333333 301
504 1.43355607115 .03116426241630434782 .01402391808733695651 301
505 1.701422871 .05671409570000000000 .03516273933400000000 301
506 2.29709615977 .13921794907696969696 .05568717963078787878 301
507 2.16345281246 .24038364582888888888 .06730742083208888888 301
508 2.45467281725 .11688918177380952380 .06545794179333333332 301
509 2.04400111451 .08342861691877551020 .03086858825994693877 301
510 3.09093699239 .23776438403000000000 .08559517825080000000 301
511 1.70829845509 .13666387640720000000 .08336496460839200000 301
512 1.79395637341 .03899905159586956521 .02066949734581086956 301
513 2.41992381023 .06540334622243243243 .03073957272454324324 301
514 1.74574457157 .05542046258952380952 .02604761741707619047 301
515 1.61173943373 .05756212263321428571 .03856662216425357142 301
516 1.10925584815 2.21851169630000000000 1.64169865526200000000 301
517 0.977367539521 .07518211842469230769 .02481009908014846153 301
518 1.46248734277 .04178535265057142857 .02005696927227428571 301
519 1.54041199814 .04053715784578947368 .01824172103060526315 301
520 2.00148096727 .08702091162043478260 .04960191962364782608 301
521 1.69155340567 .09666019460971428571 .05412970898143999999 301
522 1.93254057807 .05294631720739726027 .03282671666858630136 301
523 1.87367944026 .07347762510823529411 .03233015504762352940 301
524 2.46305834732 .08956575808436363636 .02686972742530909090 301
525 1.92604249032 3.85208498064000000000 1.42527144283680000000 301
526 1.9579421141 .05594120326000000000 .01902000910840000000 301
527 2.45930699203 .05855492838166666666 .01756647851449999999 301
528 1.04740251471 .03035949318000000000 .01760850604440000000 301
529 1.94651402663 .05561468647514285714 .04059872112685428571 301
530 2.88887735577 .19259182371800000000 .12133284894234000000 301
531 1.06352502385 .05317625119250000000 .03296927573935000000 301
532 0.911923357102 .02399798308163157894 .01415881001816263157 301
533 2.08952307866 .08706346161083333333 .02524840386714166666 301
534 2.9811850273 .06276179004842105263 .02259424441743157894 301
535 2.23419896554 .06038375582540540540 .04468397931079999999 301
536 2.22894250991 .06278711295521126760 .04646246358685633802 301
537 2.31466005193 .05260591027113636363 .03261566436810454545 301
538 1.90225617271 .08847703128883720930 .02300402813509767441 301
539 1.04107061627 .05338823673179487179 .01441482391758461538 301
540 2.79143388092 .07863194030760563380 .04717916418456338028 301
541 2.41720746716 .05312543883868131868 .03825031596385054944 301
542 2.52638474802 .07218242137200000000 .02742932012136000000 301
543 1.79756292021 .17975629202100000000 .06111713928714000000 301
544 2.7784363568 .14248391573333333333 .05414388797866666666 301
545 2.36601303729 .36400200573692307692 .23296128367163076922 301
546 2.01416677963 .07324242835018181818 .03295909275758181818 301
547 2.71420485937 .18094699062466666666 .11399660409353999999 301
548 2.11825174744 .84730069897600000000 .49143440540608000000 301
549 1.61595036783 .16159503678300000000 .10665272427678000000 301
550 2.58061123871 .06371879601753086419 .02421314248666172839 301
551 2.19175590026 .29223412003466666666 .11104896561317333333 301
552 1.39828809541 .05378031136192307692 .03603280861248846153 301
553 2.17674387925 .14043508898387096774 .09830456228870967741 301
554 2.51516478347 .10479853264458333333 .02829560381403749999 301
555 1.51114189199 .04444534976441176470 .01911150039869705882 301
556 1.44325980262 .03563604450913580246 .01781802225456790123 301
557 1.91833876571 .07239014210226415094 .03764287389317735848 301
558 2.36212857317 .08913692728943396226 .04100298655313962263 301
559 2.46581876604 .24658187660400000000 .13068839460012000000 301
560 1.79698189572 .06534479620800000000 .02875171033152000000 301
561 2.22065876635 .04486179325959595959 .02422536836018181817 301
562 1.94956172303 .97478086151500000000 .31192987568480000000 301
563 2.44779978004 .16318665200266666666 .08975265860146666666 301
564 2.16466377528 .07730942054571428571 .03788161606739999999 301
565 1.85318194184 .11582387136500000000 .05675369696885000000 301
566 1.84270095804 .23033761975500000000 .08983167170445000000 301
567 2.00046379414 .04124667616783505154 .01237400285035051546 301
568 2.19524191989 .04824707516241758241 .02846577434582637362 301
569 1.78417393908 .04198056327247058823 .02686756049438117646 301
570 1.22839275904 .02506923998040816326 .01804985278589387754 301
571 1.77662595794 .08263376548558139534 .02644280495538604650 301
572 1.90940867734 .04546211136523809523 .01636636009148571428 301
573 2.19544160471 .48787591215777777777 .15612029189048888888 301
574 1.4039460512 .15599400568888888888 .05771778210488888888 301
575 1.73016757968 .03604515791000000000 .01622032105950000000 301
576 1.79752784613 .09986265811833333333 .04593682273443333333 301
577 1.56709655722 .03687286016988235294 .01401168686455529411 301
578 2.7029967706 .06286039001395348837 .03331600670739534883 301
579 2.29167015367 .05801696591569620253 .04119204580014430379 301
580 3.08083092679 .44011870382714285714 .25526884821974285714 301
581 1.81527530852 .09309104146256410256 .03909823741427692307 301
582 2.2403302654 .10928440319024390243 .04589944933990243902 301
583 2.30497891097 .05488045026119047619 .02798902963320714285 301
584 2.78434547899 .06551401127035294117 .04258410732572941176 301
585 1.69195628052 .10915846971096774193 .06003715834103225806 301
586 1.71941849006 .49126242573142857142 .27510695840959999999 301
587 1.52054213514 .25342368919000000000 .14698573973020000000 301
588 1.47196753796 .12266396149666666666 .07605165612793333332 301
589 2.22782247359 .26209676159882352941 .17822579788719999999 301
590 2.1210807289 .07713020832363636363 .03702249999534545454 301
591 1.86250540887 .12844864888758620689 .08349162177693103447 301
592 1.43816576794 .11505326143520000000 .03336544581620800000 301
593 2.99389692178 .10323782488896551724 .06503982968004827586 301
594 1.98350982834 .17247911550782608695 .06036769042773913043 301
595 1.02577867356 .06838524490400000000 .03692803224816000000 301
596 3.14423296879 .08497926942675675675 .06288465937579999999 301
597 1.37493848889 .14473036725157894736 .06802327260824210525 301
598 1.80739015588 .05648094237125000000 .03727742196502500000 301
599 2.3166342967 1.54442286446666666666 .89576526139066666666 301
600 1.98667730585 .12040468520303030303 .07705899852993939393 301
601 1.94985490578 .08297254918212765957 .06056996090295319148 301
602 1.72482340747 .05073010021970588235 .01775553507689705882 302,303,304,305,306,307,308,309,310,311,312,313,314,315,316,317,318,319,320,321,322,323,324,325,326,327,328,329,330,331,332,333,334,335,336,337,338,339,340,341,342,343,344,345,346,347,348,349,350,351,352,353,354,355,356,357,358,359,360,361,362,363,364,365,366,367,368,369,370,371,372,373,374,375,376,377,378,379,380,381,382,383,384,385,386,387,388,389,390,391,392,393,394,395,396,397,398,399,400,401,402,403,404,405,406,407,408,409,410,411,412,413,414,415,416,417,418,419,420,421,422,423,424,425,426,427,428,429,430,431,432,433,434,435,436,437,438,439,440,441,442,443,444,445,446,447,448,449,450,451,452,453,454,455,456,457,458,459,460,461,462,463,464,465,466,467,468,469,470,471,472,473,474,475,476,477,478,479,480,481,482,483,484,485,486,487,488,489,490,491,492,493,494,495,496,497,498,499,500,501,502,503,504,505,506,507,508,509,510,511,512,513,514,515,516,517,518,519,520,521,522,523,524,525,526,527,528,529,530,531,532,533,534,535,536,537,538,539,540,541,542,543,544,545,546,547,548,549,550,551,552,553,554,555,556,557,558,559,560,561,562,563,564,565,566,567,568,569,570,571,572,573,574,575,576,577,578,579,580,581,582,583,584,585,586,587,588,589,590,591,592,593,594,595,596,597,598,599,600,601
