4171,3771
4191,4192
4192,4171
4173,4171 3771 3773
4175,4171 3771 3775
4174,4171 3771 3774
4172,4171 3771 3772
4176,4171 3771 3776
4183,4171 3783
4189,4171 3789
4186,4171 3786
4212,4213
4213,4172
4184,4171 3784
4185,4171 3785
4207,4172 4186 3786 3806
4190,4171 3790
4177,4171 3771 3777
4214,4173 3813
4193,4172 3772 3792
4205,4172 4184 3784 3804
4217,4173 4176 3816
4187,4171 3787
4204,4172 4183 3783 3803
4211,4172 4190 3790 3810
4194,4172 3772 4173 3773 3793
4218,4173 4177 3817
4232,4233
4233,4173
4178,4171 3771 3778
4225,4173 4184 3824
4195,4172 3772 4174 3774 3794
4215,4173 4174 3814
4196,4172 3772 4175 3775 3795
4210,4172 4189 3809
4208,4172 4187 3787 3807
4228,4173 4187 3827
4206,4172 4185 3785 3805
4230,4173 4189 3829
4226,4173 4185 3825
4234,4174 3834
4237,4174 4177 3837
4179,4171 3771 3779
4231,4173 4190 3830
4224,4173 4183 3823
4238,4174 4178 3838
4251,4252
4244,4174 4184 3844
4252,4174
4235,4174 4175 3835
4247,4174 4187 3847
4245,4174 4185 3845
4243,4174 4183 3843
4249,4174 4189 3849
4256,4175 4178 3858
4253,4175 3855
4254,4175 4176 3856
4180,4171 3771 3780
4257,4175 4179 3859
4250,4174 4190 3850
4261,4175 4183 3863
4262,4175 4184 3864
4269,4270
4270,4175
4263,4175 4185 3865
4265,4175 4187 3867
4197,4172 3772 4176 3776 3796
4268,4175 4190 3870
4267,4175 4189 3869
4271,4176 3876
4182,4171 3771 3782
4188,4171 3788
4181,4171 3771 3781
4274,4176 4179 3879
4279,4176 4184 3884
4275,4176 4180 3880
4286,4287
4287,4176
4216,4173 4175 3815
4278,4176 4183 3883
4282,4176 4187 3887
4280,4176 4185 3885
4272,4176 4177 3877
4283,4176 4188 3888
4198,4172 3772 4177 3777 3797
4229,4173 4188 3788 3828
4209,4172 4188 3788 3808
4285,4176 4190 3890
4290,4177 4179 3899
4291,4177 4180 3900
4227,4173 4186 3826
4202,4172 4181 3781 3801
4248,4174 4188 3788 3848
4302,4303
4293,4177 4182 3902
4303,4177
4296,4177 4185 3905
4297,4177 4186 3906
4199,4172 3772 4178 3778 3798
4266,4175 4188 3788 3868
4299,4177 4188 3908
4304,4178 3918
4222,4173 4181 3781 3821
4305,4178 4179 3919
4307,4178 4181 3921
4292,4177 4181 3901
4284,4176 4189 3889
4219,4173 4178 3778 3818
4317,4318
4318,4178
4241,4174 4181 3781 3841
4310,4178 4184 3924
4313,4178 4187 3927
4311,4178 4185 3925
4298,4177 4187 3907
4236,4174 4176 3836
4316,4178 4190 3930
4276,4176 4181 3781 3881
4319,4179 3939
4259,4175 4181 3781 3861
4306,4178 4180 3920
4246,4174 4186 3846
4324,4179 4184 3944
4331,4332
4332,4179
4321,4179 4181 3941
4325,4179 4185 3945
4288,4177 3897
4312,4178 4186 3926
4320,4179 4180 3940
4200,4172 4179 3779 3799
4327,4179 4187 3947
4333,4180 3960
4330,4179 4190 3950
4326,4179 4186 3946
4335,4180 4182 3962
4220,4173 4179 3779 3819
4344,4345
4294,4177 4183 3903
4345,4180
4334,4180 4181 3961
4338,4180 4185 3965
4341,4180 4188 3968
4340,4180 4187 3967
4346,4181 3981
4239,4174 4179 3779 3839
4339,4180 4186 3966
4300,4177 4189 3909
4308,4178 4182 3922
4347,4181 4182 3982
4348,4181 4183 3983
4356,4357
4357,4181
4255,4175 4177 3857
4349,4181 4184 3984
4322,4179 4182 3942
4352,4181 4187 3987
4314,4178 4188 3928
4354,4181 4189 3989
4355,4181 4190 3990
4201,4172 4180 3780 3800
4353,4181 4188 3988
4367,4368
4360,4182 4184 4004
4368,4182
4362,4182 4186 4006
4328,4179 4188 3948
4366,4182 4190 4010
4363,4182 4187 4007
4361,4182 4185 4005
4221,4173 4180 3780 3820
4377,4378
4378,4183
4369,4183 4023
4370,4183 4184 4024
4371,4183 4185 4025
4342,4180 4189 3969
4336,4180 4183 3963
4240,4174 4180 3780 3840
4374,4183 4188 4028
4379,4184 4044
4376,4183 4190 4030
4386,4387
4387,4184
4382,4184 4187 4047
4375,4183 4189 4029
4358,4182 4002
4258,4175 4180 3780 3860
4350,4181 4185 3985
4384,4184 4189 4049
4394,4395
4395,4185
4383,4184 4188 4048
4364,4182 4188 4008
4385,4184 4190 4050
4264,4175 4186 3866
4392,4185 4189 4069
4401,4402
4390,4185 4187 4067
4402,4186
4372,4183 4186 4026
4393,4185 4190 4070
4391,4185 4188 4068
4407,4408
4273,4176 4178 3878
4408,4187
4398,4186 4188 4088
4400,4186 4190 4090
4403,4187 4107
4412,4413
4413,4188
4399,4186 4189 4089
4380,4184 4185 4045
4406,4187 4190 4110
4396,4186 4086
4388,4185 4065
4416,4417
4417,4189
4203,4172 4182 3782 3802
4419,4420
4420,4190
4409,4188 4128
4410,4188 4189 4129
4411,4188 4190 4130
4414,4189 4149
4404,4187 4188 4108
4223,4173 4182 3782 3822
4418,4190 4170
4242,4174 4182 3782 3842
4260,4175 4182 3782 3862
4289,4177 4178 3898
4421,4193
4281,4176 4186 3886
4277,4176 4182 3782 3882
4295,4177 4184 3904
4440,4441
4441,4421
4301,4177 4190 3910
4422,4421 4193 4194
4432,4421 4204
4423,4421 4193 4195
4433,4421 4205
4309,4178 4183 3923
4436,4421 4208
4434,4421 4206
4315,4178 4189 3929
4460,4461
4442,4422 4194 4214
4461,4422
4439,4421 4211
4438,4421 4210
4456,4422 4436 4228
4424,4421 4193 4196
4323,4179 4183 3943
4452,4422 4432 4224
4459,4422 4439 4211 4231
4458,4422 4438 4210 4230
4329,4179 4189 3949
4337,4180 4184 3964
4425,4421 4193 4197
4454,4422 4434 4206 4226
4471,4423 4432 4243
4479,4480
4480,4423
4472,4423 4433 4244
4343,4180 4190 3970
4426,4421 4193 4198
4445,4422 4425 4197 4217
4351,4181 4186 3986
4473,4423 4434 4245
4359,4182 4183 4003
4464,4423 4425 4197 4236
4365,4182 4189 4009
4481,4424 4253
4482,4424 4425 4254
4477,4423 4438 4249
4483,4424 4426 4255
4373,4183 4187 4027
4427,4421 4193 4199
4497,4498
4498,4424
4381,4184 4186 4046
4490,4424 4433 4262
4389,4185 4186 4066
4405,4187 4189 4109
4495,4424 4438 4267
4493,4424 4436 4265
4397,4186 4187 4087
4429,4421 4193 4201
4415,4189 4190 4150
4496,4424 4439 4268
4506,4425 4432 4278
4428,4421 4193 4200
4514,4515
4515,4425
4500,4425 4426 4272
4507,4425 4433 4279
4453,4422 4433 4225
4508,4425 4434 4280
4449,4422 4429 4201 4221
4517,4426 4427 4289
4516,4426 4288
4468,4423 4429 4201 4240
4475,4423 4436 4247
4430,4421 4193 4202
4518,4426 4428 4290
4530,4531
4531,4426
4486,4424 4429 4201 4258
4524,4426 4434 4296
4489,4424 4432 4261
4435,4421 4207
4526,4426 4436 4298
4503,4425 4429 4201 4275
4528,4426 4438 4300
4499,4425 4271
4535,4427 4430 4307
4512,4425 4438 4284
4431,4421 4193 4203
4455,4422 4435 4207 4227
4534,4427 4429 4306
4545,4546
4546,4427
4522,4426 4432 4294
4474,4423 4435 4207 4246
4510,4425 4436 4282
4532,4427 4304
4541,4427 4436 4313
4543,4427 4438 4315
4492,4424 4435 4207 4264
4519,4426 4429 4291
4539,4427 4434 4311
4551,4428 4432 4323
4550,4428 4431 4322
4559,4560
4560,4428
4437,4421 4209
4548,4428 4429 4320
4529,4426 4439 4301
4509,4425 4435 4207 4281
4525,4426 4435 4207 4297
4557,4428 4438 4329
4443,4422 4194 4423 4195 4215
4554,4428 4435 4326
4558,4428 4439 4330
4538,4427 4433 4310
4537,4427 4432 4309
4462,4423 4234
4565,4429 4433 4337
4572,4573
4563,4429 4431 4335
4573,4429
4566,4429 4434 4338
4547,4428 4319
4569,4429 4437 4341
4571,4429 4439 4343
4444,4422 4194 4424 4196 4216
4574,4430 4346
4544,4427 4439 4316
4553,4428 4434 4325
4577,4430 4433 4349
4561,4429 4333
4584,4585
4585,4430
4552,4428 4433 4324
4463,4423 4424 4196 4235
4583,4430 4439 4355
4580,4430 4436 4352
4567,4429 4435 4339
4562,4429 4430 4334
4579,4430 4435 4351
4478,4423 4439 4250
4446,4422 4426 4198 4218
4588,4431 4433 4360
4595,4596
4596,4431
4568,4429 4436 4340
4587,4431 4432 4359
4575,4430 4431 4347
4465,4423 4426 4198 4237
4591,4431 4436 4363
4594,4431 4439 4366
4576,4430 4432 4348
4599,4432 4434 4371
4593,4431 4438 4365
4605,4606
4606,4432
4491,4424 4434 4263
4589,4431 4434 4361
4581,4430 4437 4353
4447,4422 4427 4199 4219
4601,4432 4436 4373
4582,4430 4438 4354
4602,4432 4437 4374
4466,4423 4427 4199 4238
4614,4615
4607,4433 4379
4615,4433
4597,4432 4369
4610,4433 4436 4382
4609,4433 4435 4381
4613,4433 4439 4385
4484,4424 4427 4199 4256
4590,4431 4435 4362
4622,4623
4623,4434
4603,4432 4438 4375
4618,4434 4436 4390
4501,4425 4427 4273
4617,4434 4435 4389
4448,4422 4428 4200 4220
4598,4432 4433 4370
4629,4630
4630,4435
4621,4434 4439 4393
4619,4434 4437 4391
4625,4435 4436 4397
4611,4433 4437 4383
4635,4636
4636,4436
4467,4423 4428 4200 4239
4631,4436 4403
4604,4432 4439 4376
4626,4435 4437 4398
4640,4641
4641,4437
4633,4436 4438 4405
4502,4425 4428 4200 4274
4644,4645
4485,4424 4428 4200 4257
4645,4438
4627,4435 4438 4399
4634,4436 4439 4406
4612,4433 4438 4384
4647,4648
4648,4439
4637,4437 4409
4639,4437 4439 4411
4628,4435 4439 4400
4513,4425 4439 4285
4638,4437 4438 4410
4620,4434 4438 4392
4523,4426 4433 4295
4643,4438 4439 4415
4646,4439 4418
4450,4422 4430 4202 4222
4487,4424 4430 4202 4259
4469,4423 4430 4202 4241
4520,4426 4430 4202 4292
4504,4425 4430 4202 4276
4533,4427 4428 4305
4540,4427 4435 4312
4667,4668
4470,4423 4431 4203 4242
4451,4422 4431 4203 4223
4668,4649 4442
4649,4442
4488,4424 4431 4203 4260
4505,4425 4431 4203 4277
4521,4426 4431 4203 4293
4536,4427 4431 4203 4308
4549,4428 4430 4321
4650,4649 4442 4443
4555,4428 4436 4327
4686,4687
4687,4650
4658,4649 4442 4451 4223
4652,4649 4442 4445
4669,4650 4443 4462
4457,4422 4437 4209 4229
4476,4423 4437 4209 4248
4651,4649 4442 4444
4671,4650 4443 4652 4445 4464
4677,4650 4443 4658 4451 4470
4494,4424 4437 4209 4266
4653,4649 4442 4446
4654,4649 4442 4447
4695,4651 4658 4488
4704,4705
4705,4651
4511,4425 4437 4209 4283
4672,4650 4443 4653 4446 4465
4673,4650 4443 4654 4447 4466
4691,4651 4444 4654 4447 4484
4656,4649 4442 4449
4706,4652 4499
4527,4426 4437 4209 4299
4690,4651 4444 4653 4446 4483
4655,4649 4442 4448
4708,4652 4654 4501
4556,4428 4437 4209 4328
4542,4427 4437 4209 4314
4564,4429 4432 4336
4712,4652 4658 4505
4721,4722
4722,4652
4570,4429 4438 4342
4675,4650 4443 4656 4449 4468
4586,4431 4358
4578,4430 4434 4350
4725,4653 4655 4518
4693,4651 4444 4656 4449 4486
4659,4649 4442 4452
4592,4431 4437 4364
4724,4653 4654 4517
4657,4649 4442 4450 4222
4600,4432 4435 4372
4737,4738
4738,4653
4678,4650 4443 4659 4452 4471
4710,4652 4656 4449 4503
4624,4435 4396
4608,4433 4434 4380
4616,4434 4388
4696,4651 4659 4452 4489
4632,4436 4437 4404
4728,4653 4658 4521
4642,4438 4414
4741,4654 4656 4534
4752,4753
4753,4654
4742,4654 4657 4535
4713,4652 4659 4452 4506
4744,4654 4659 4537
4660,4649 4442 4453
4707,4652 4653 4500
4726,4653 4656 4519
4729,4653 4659 4452 4522
4739,4654 4532
4664,4649 4442 4457 4229
4754,4655 4547
4757,4655 4658 4550
4756,4655 4657 4549
4766,4767
4767,4655
4759,4655 4660 4552
4758,4655 4659 4551
4763,4655 4664 4556
4743,4654 4658 4536
4683,4650 4443 4664 4229 4476 4248
4770,4656 4658 4563
4701,4651 4664 4229 4494
4779,4780
4780,4656
4661,4649 4442 4454
4718,4652 4664 4229 4511
4769,4656 4657 4562
4663,4649 4442 4456
4662,4649 4442 4455
4734,4653 4664 4229 4527
4749,4654 4664 4229 4542
4771,4656 4659 4564
4776,4656 4664 4569
4772,4656 4660 4565
4783,4657 4659 4576
4791,4792
4784,4657 4660 4577
4792,4657
4782,4657 4658 4575
4682,4650 4443 4663 4456 4475
4699,4651 4662 4455 4492
4681,4650 4443 4662 4455 4474
4716,4652 4662 4455 4509
4665,4649 4442 4458
4793,4658 4586
4700,4651 4663 4456 4493
4802,4803
4803,4658
4788,4657 4664 4581
4732,4653 4662 4455 4525
4794,4658 4659 4587
4799,4658 4664 4592
4717,4652 4663 4456 4510
4798,4658 4663 4591
4747,4654 4662 4455 4540
4761,4655 4662 4455 4554
4812,4813
4800,4658 4665 4593
4813,4659
4733,4653 4663 4456 4526
4808,4659 4663 4601
4807,4659 4662 4600
4774,4656 4662 4455 4567
4809,4659 4664 4602
4748,4654 4663 4456 4541
4821,4822
4822,4660
4666,4649 4442 4459
4817,4660 4663 4610
4785,4657 4661 4578
4762,4655 4663 4456 4555
4816,4660 4662 4609
4818,4660 4664 4611
4795,4658 4660 4588
4829,4830
4830,4661
4804,4659 4597
4670,4650 4443 4651 4444 4463
4775,4656 4663 4456 4568
4810,4659 4665 4603
4825,4661 4663 4618
4824,4661 4662 4617
4836,4837
4837,4662
4786,4657 4662 4579
4819,4660 4665 4612
4833,4662 4664 4626
4688,4651 4444 4481
4826,4661 4664 4619
4832,4662 4663 4625
4842,4843
4843,4663
4796,4658 4661 4589
4834,4662 4665 4627
4827,4661 4665 4620
4847,4848
4848,4664
4835,4662 4666 4628
4840,4663 4665 4633
4689,4651 4444 4652 4445 4482
4851,4852
4852,4665
4805,4659 4660 4598
4841,4663 4666 4634
4854,4855
4855,4666
4845,4664 4665 4638
4844,4664 4637
4814,4660 4607
4853,4666 4646
4850,4665 4666 4643
4674,4650 4443 4655 4448 4467
4838,4663 4631
4820,4660 4666 4613
4828,4661 4666 4621
4856,4669
4846,4664 4666 4639
4709,4652 4655 4448 4502
4723,4653 4516
4676,4650 4443 4657 4450 4469
4692,4651 4444 4655 4448 4485
4873,4874
4874,4856
4859,4856 4669 4672
4694,4651 4657 4450 4487
4857,4856 4669 4670
4869,4856 4682
4858,4856 4669 4671
4868,4856 4681
4711,4652 4657 4450 4504
4891,4892
4892,4857
4860,4856 4669 4673
4727,4653 4657 4450 4520
4876,4857 4670 4858 4671 4689
4863,4856 4669 4676 4469
4887,4857 4869 4700
4861,4856 4669 4674 4467
4755,4655 4656 4548
4740,4654 4655 4533
4886,4857 4868 4699
4895,4858 4860 4708
4878,4857 4670 4860 4673 4691
4894,4858 4859 4707
4881,4857 4670 4863 4676 4694 4487
4908,4909
4909,4858
4679,4650 4443 4660 4453 4472
4862,4856 4669 4675
4714,4652 4660 4453 4507
4697,4651 4660 4453 4490
4865,4856 4669 4678
4864,4856 4669 4677
4875,4857 4670 4688
4730,4653 4660 4453 4523
4904,4858 4869 4717
4912,4859 4861 4725
4911,4859 4860 4724
4903,4858 4868 4716
4768,4656 4561
4883,4857 4865 4678 4696
4924,4925
4925,4859
4877,4857 4670 4859 4672 4690
4745,4654 4660 4453 4538
4680,4650 4443 4661 4454 4473
4900,4858 4865 4678 4713
4698,4651 4661 4454 4491
4914,4859 4863 4727
4893,4858 4706
4920,4859 4869 4733
4916,4859 4865 4729
4926,4860 4739
4715,4652 4661 4454 4508
4879,4857 4670 4861 4674 4692
4882,4857 4670 4864 4677 4695
4939,4940
4940,4860
4929,4860 4863 4742
4934,4860 4868 4747
4896,4858 4861 4674 4709
4910,4859 4723
4899,4858 4864 4677 4712
4731,4653 4661 4454 4524
4746,4654 4661 4454 4539
4867,4856 4680 4473
4942,4861 4862 4755
4880,4857 4670 4862 4675 4693
4945,4861 4865 4758
4915,4859 4864 4677 4728
4953,4954
4954,4861
4760,4655 4661 4454 4553
4897,4858 4862 4675 4710
4931,4860 4865 4744
4919,4859 4868 4732
4773,4656 4661 4454 4566
4955,4862 4768
4928,4860 4862 4741
4781,4657 4574
4944,4861 4864 4757
4958,4862 4865 4771
4930,4860 4864 4743
4943,4861 4863 4756
4966,4967
4941,4861 4754
4967,4862
4885,4857 4867 4473 4698 4491
4962,4862 4869 4775
4797,4658 4662 4590
4787,4657 4663 4580
4956,4862 4863 4769
4949,4861 4869 4762
4968,4863 4781
4970,4863 4865 4783
4902,4858 4867 4473 4715 4508
4978,4979
4979,4863
4918,4859 4867 4473 4731 4524
4974,4863 4869 4787
4684,4650 4443 4665 4458 4477
4961,4862 4868 4774
4702,4651 4665 4458 4495
4933,4860 4867 4473 4746 4539
4980,4864 4793
4957,4862 4864 4770
4735,4653 4665 4458 4528
4973,4863 4868 4786
4989,4990
4990,4864
4981,4864 4865 4794
4719,4652 4665 4458 4512
4969,4863 4864 4782
4983,4864 4867 4796
4750,4654 4665 4458 4543
4764,4655 4665 4458 4557
4985,4864 4869 4798
4789,4657 4665 4458 4582
4999,5000
5000,4865
4777,4656 4665 4458 4570
4806,4659 4661 4599
4815,4660 4661 4608
4991,4865 4804
4994,4865 4868 4807
4995,4865 4869 4808
4703,4651 4666 4459 4496
4720,4652 4666 4459 4513
4993,4865 4867 4806 4599
4685,4650 4666 4459 4478
4736,4653 4666 4459 4529
4765,4655 4666 4459 4558
4778,4656 4666 4459 4571
4751,4654 4666 4459 4544
5016,5017
5017,4867
4790,4657 4666 4459 4583
4811,4659 4666 4459 4604
4823,4661 4616
4801,4658 4666 4459 4594
5011,4867 4868 4824
4831,4662 4624
5023,5024
5024,4868
4839,4663 4664 4632
4849,4665 4642
5010,4867 4823 4616
5029,5030
5030,4869
5018,4868 4831 4624
5025,4869 4838
5019,4868 4869 4832
4898,4858 4863 4711
4927,4860 4861 4740
4913,4859 4862 4726
4935,4860 4869 4748
4948,4861 4868 4761
4947,4861 4867 4473 4760 4553
5008,5009
5009,4866 4472
4866,4856 4679 4472
4960,4862 4867 4773
5034,5035
4884,4857 4866 4472 4697 4490
5035,4870 4683
4870,4856 4683
4901,4858 4866 4472 4714 4507
4917,4859 4866 4472 4730 4523
5043,4875
4932,4860 4866 4472 4745
5059,5060
5060,5043
4959,4862 4866 4472 4772
4946,4861 4866 4472 4759
4971,4863 4866 4472 4784
4972,4863 4867 4785
4982,4864 4866 4472 4795
5001,4866 4472 4814
4992,4865 4866 4472 4805
5002,4866 4472 4867 4815
5055,5043 4887
5003,4866 4472 4868 4816
5044,5043 4875 4876
5004,4866 4472 4869 4817
4984,4864 4868 4797
5076,5077
5077,5044
5012,4867 4869 4825
4905,4858 4870 4683 4718
4888,4857 4870 4683 4701
4921,4859 4870 4683 4734
5038,5039
5039,4871 4477
4871,4856 4684 4477
4936,4860 4870 4683 4749
5045,5043 4875 4877
5041,5042
4950,4861 4870 4683 4763
5042,4872 4478
4872,4856 4685 4478
5092,5093
5093,5045
4975,4863 4870 4683 4788
4963,4862 4870 4683 4776
4986,4864 4870 4683 4799
5056,5043 4888 4701
4907,4858 4872 4478 4720 4513
4890,4857 4872 4478 4703 4496
5089,5045 4877 5056 4701 4921
5005,4866 4472 4870 4683 4818
5073,5044 4876 5056 4701 4905 4718
4996,4865 4870 4683 4809
4923,4859 4872 4478 4736 4529
5107,5108
5108,5046
5046,5043 4875 4878
4938,4860 4872 4478 4751 4544
5013,4867 4870 4683 4826
4952,4861 4872 4478 4765 4558
4965,4862 4872 4478 4778 4571
5020,4868 4870 4683 4833
4977,4863 4872 4478 4790 4583
5026,4869 4870 4683 4839
4988,4864 4872 4478 4801 4594
4998,4865 4872 4478 4811 4604
5007,4866 4472 4872 4478 4820
4889,4857 4871 4477 4702 4495
5031,4870 4683 4844
5121,5122
5122,5047 4879
5047,5043 4875 4879
5015,4867 4872 4478 4828
5028,4869 4872 4478 4841
5022,4868 4872 4478 4835
4906,4858 4871 4477 4719 4512
5037,4871 4477 4872 4478 4850
5033,4870 4683 4872 4478 4846
5040,4872 4478 4853
5057,5043 4889 4702
5074,5044 5057 4702 4906 4719
4937,4860 4871 4477 4750 4543
4951,4861 4871 4477 4764 4557
4922,4859 4871 4477 4735 4528
5134,5135
5135,5048 4880
5048,5043 4875 4880
5058,5043 4890 4703
4964,4862 4871 4477 4777 4570
5119,5047 4879 5057 4702 4951 4764
5105,5046 4878 5057 4702 4937 4750
5075,5044 5058 4703 4907 4720
4976,4863 4871 4477 4789 4582
5132,5048 4880 5057 4702 4964 4777
4987,4864 4871 4477 4800
4997,4865 4871 4477 4810
5091,5045 5058 4703 4923 4736
5014,4867 4871 4477 4827
5006,4866 4472 4871 4477 4819
5106,5046 4878 5058 4703 4938 4751
5021,4868 4871 4477 4834
5027,4869 4871 4477 4840
5146,5147
5147,5049 4881
5049,5043 4875 4881
5032,4870 4683 4871 4477 4845
5120,5047 4879 5058 4703 4952
5090,5045 5057 4702 4922 4735
5036,4871 4477 4849
5133,5048 4880 5058 4703 4965
5061,5044 4876 4893
5176,5177
5177,5052 4884
5052,5043 4875 4884 4697
5157,5158
5158,5050 4882
5050,5043 4875 4882
5167,5168
5168,5051 4883
5067,5044 4876 5050 4882 4899
5051,5043 4875 4883
5069,5044 4876 5052 4884 4901
5197,5198
5198,5055
5184,5185
5185,5053 4885
5053,5043 4875 4885
5083,5045 4877 5050 4882 4915
5098,5046 4878 5050 4882 4930
5202,5203
5085,5045 4877 5052 4884 4917
5203,5056
5072,5044 4876 5055 4887 4904
5206,5207
5191,5192
5207,5057
5192,5054 4886
5054,5043 4875 4886
5196,5055 5058 5028
5112,5047 4879 5050 4882 4944
5070,5044 4876 5053 4885 4902
5209,5210
5210,5058
5100,5046 4878 5052 4884 4932
5062,5044 4876 5045 4877 4894
5125,5048 4880 5050 4882 4957
5137,5049 4881 5050 4882 4969
5086,5045 4877 5053 4885 4918
5114,5047 4879 5052 4884 4946
5194,5055 5056 5026
5208,5058 5040
5078,5045 4877 4910
5148,5050 4882 4980
5127,5048 4880 5052 4884 4959
5101,5046 4878 5053 4885 4933
5150,5050 4882 5052 4884 4982
5071,5044 4876 5054 4886 4903
5088,5045 4877 5055 4920
5139,5049 4881 5052 4884 4971
5153,5050 4882 5055 4985
5154,5050 4882 5056 4986
5115,5047 4879 5053 4885 4947
5169,5052 4884 5001
5156,5050 4882 5058 4988
5063,5044 4876 5046 4878 4895
5087,5045 4877 5054 4886 4919
5155,5050 4882 5057 4987 4800
5128,5048 4880 5053 4885 4960
5172,5052 4884 5055 5004
5199,5056 5031
5079,5045 4877 5046 4878 4911
5140,5049 4881 5053 4885 4972
5173,5052 4884 5056 5005
5102,5046 4878 5054 4886 4934
5151,5050 4882 5053 4885 4983
5226,5227
5227,5211 5061
5211,5061
5094,5046 4878 4926
5174,5052 4884 5057 5006
5161,5051 4883 5053 4885 4993
5116,5047 4879 5054 4886 4948
5175,5052 4884 5058 5007
5242,5243
5243,5212 5062
5212,5211 5061 5062 4894
5170,5052 4884 5053 4885 5002
5103,5046 4878 5055 4935
5193,5055 5025
5257,5258
5228,5212 5062 5078
5258,5213 4895
5129,5048 4880 5054 4886 4961
5213,5211 5061 5063 4895
5178,5053 4885 5010
5104,5046 4878 5056 4936
5201,5056 5058 5033
5180,5053 4885 5055 5012
5141,5049 4881 5054 4886 4973
5152,5050 4882 5054 4886 4984
5064,5044 4876 5047 4879 4896
5217,5211 5061 5067
5181,5053 4885 5056 5013
5219,5211 5061 5069
5171,5052 4884 5054 4886 5003
5233,5212 5062 5217 5067 5083
5162,5051 4883 5054 4886 4994
5080,5045 4877 5047 4879 4912
5204,5057 5036
5182,5053 4885 5057 5014
5248,5213 4895 5217 5067 5098
5095,5046 4878 5047 4879 4927
5186,5054 4886 5018
5179,5053 4885 5054 4886 5011
5183,5053 4885 5058 5015
5220,5211 5061 5070
5109,5047 4879 4941
5187,5054 4886 5055 5019
5221,5211 5061 5071 4903
5200,5056 5057 5032
5188,5054 4886 5056 5020
5189,5054 4886 5057 5021
5237,5212 5062 5221 5071 5087
5117,5047 4879 5055 4949
5298,5217 5148
5307,5308
5308,5217
5190,5054 4886 5058 5022
5300,5217 5219 5150
5222,5211 5061 5072
5252,5213 4895 5221 5071 5102
5118,5047 4879 5056 4950
5301,5217 5220 5151
5065,5044 4876 5048 4880 4897
5081,5045 4877 5048 4880 4913
5110,5047 4879 5048 4880 4942
5096,5046 4878 5048 4880 4928
5224,5211 5061 5074
5326,5327
5327,5219
5223,5211 5061 5073
5319,5219 5169
5123,5048 4880 4955
5321,5219 5221 5171
5130,5048 4880 5055 4962
5284,5285
5285,5215 4897
5215,5211 5061 5065 4897
5240,5212 5062 5224 5074 5090
5334,5335
5335,5220
5322,5219 5222 5172
5231,5212 5062 5215 4897 5081 4913
5324,5219 5224 5174
5131,5048 4880 5056 4963
5255,5213 4895 5224 5074 5105
5341,5342
5342,5221
5331,5220 5223 5181
5225,5211 5061 5075
5246,5213 4895 5215 4897 5096 4928
5305,5217 5224 5074 5155
5336,5221 5186
5066,5044 4876 5049 4881 4898
5347,5348
5348,5222
5343,5222 5193
5273,5215 4897 5123 4955
5329,5220 5221 5179
5229,5212 5062 5213 4895 5079 4911
5352,5353
5353,5223
5356,5357
5357,5224
5082,5045 4877 5049 4881 4914
5277,5215 4897 5219 5069 5127
5097,5046 4878 5049 4881 4929
5275,5215 4897 5217 5067 5125
5359,5360
5338,5221 5223 5188
5360,5225
5244,5213 4895 5094 4926
5278,5215 4897 5220 5070 5128
5354,5224 5204
5350,5223 5224 5200
5111,5047 4879 5049 4881 4943
5346,5222 5225 5196
5235,5212 5062 5219 5069 5085
5279,5215 4897 5221 5071 5129
5250,5213 4895 5219 5069 5100
5280,5215 4897 5222 5072 5130 4962
5236,5212 5062 5220 5070 5086
5124,5048 4880 5049 4881 4956
5282,5215 4897 5224 5074 5132
5251,5213 4895 5220 5070 5101
5332,5220 5224 5182
5375,5376
5376,5361 5228
5361,5228
5136,5049 4881 4968
5238,5212 5062 5222 5072 5088
5344,5222 5223 5194
5253,5213 4895 5222 5072 5103 4935
5358,5225 5208
5320,5219 5220 5170
5303,5217 5222 5072 5153
5142,5049 4881 5055 4974
5364,5361 5228 5231
5239,5212 5062 5223 5073 5089
5254,5213 4895 5223 5073 5104 4936
5143,5049 4881 5056 4975
5366,5361 5228 5233
5390,5391
5391,5362 5229
5362,5361 5228 5229
5304,5217 5223 5073 5154
5144,5049 4881 5057 4976 4789
5372,5361 5228 5239 5089
5368,5361 5228 5235
5323,5219 5223 5073 5173
5387,5362 5229 5372 5089 5254 5104
5145,5049 4881 5058 4703 4977
5383,5362 5229 5368 5235 5250
5369,5361 5228 5236 5086
5330,5220 5222 5180
5408,5364 5366 5275
5417,5418
5418,5364
5068,5044 4876 5051 4883 4900
5370,5361 5228 5237
5384,5362 5229 5369 5236 5251
5241,5212 5062 5225 5075 5091
5339,5221 5224 5189
5373,5361 5228 5240
5084,5045 4877 5051 4883 4916
5411,5364 5369 5236 5278
5377,5362 5229 5244
5256,5213 4895 5225 5075 5106
5388,5362 5229 5373 5240 5255
5374,5361 5228 5241 5091
5415,5364 5373 5240 5282
5381,5362 5229 5366 5233 5248
5099,5046 4878 5051 4883 4931
5283,5215 4897 5225 5075 5133
5379,5362 5229 5364 5231 5246
5389,5362 5229 5374 5091 5256 5106
5440,5441
5441,5366
5431,5366 5298
5433,5366 5368 5300
5113,5047 4879 5051 4883 4945
5306,5217 5225 5075 5156
5438,5366 5373 5305
5385,5362 5229 5370 5237 5252
5434,5366 5369 5301
5412,5364 5370 5237 5279
5325,5219 5225 5075 5175
5333,5220 5225 5075 5183
5126,5048 4880 5051 4883 4958
5149,5050 4882 5051 4883 4981
5159,5051 4883 4991
5340,5221 5225 5075 5190
5138,5049 4881 5051 4883 4970
5459,5460
5460,5368
5351,5223 5225 5201
5454,5368 5370 5321
5160,5051 4883 5052 4884 4992
5453,5368 5369 5320
5467,5468
5163,5051 4883 5055 4995
5468,5369
5456,5368 5372 5323
5410,5364 5368 5277
5371,5361 5228 5238 5088
5164,5051 4883 5056 4996
5165,5051 4883 5057 4997
5465,5369 5373 5332
5474,5475
5475,5370
5416,5364 5374 5091 5283 5133
5458,5368 5374 5325
5464,5369 5372 5331
5466,5369 5374 5333
5166,5051 4883 5058 4998
5195,5055 5057 5027
5480,5481
5481,5371
5386,5362 5229 5371 5238 5253
5439,5366 5374 5306 5156
5485,5486
5473,5370 5374 5340
5486,5372
5476,5371 5343
5205,5057 5058 5037
5477,5371 5372 5344
5413,5364 5371 5238 5280
5489,5490
5490,5373
5452,5368 5319
5492,5493
5493,5374
5345,5222 5224 5195 5027
5436,5366 5371 5238 5303
5328,5220 5178
5462,5369 5370 5329
5302,5217 5221 5152
5487,5373 5354
5455,5368 5371 5238 5322
5271,5272
5272,5214 4896
5214,5211 5061 5064 4896
5472,5370 5373 5339
5337,5221 5222 5187
5463,5369 5371 5238 5330
5491,5374 5358
5478,5371 5373 5345 5027
5507,5508
5508,5494 5377
5494,5377
5484,5372 5374 5351
5471,5370 5372 5338
5230,5212 5062 5214 4896 5080 4912
5281,5215 4897 5223 5073 5131 4963
5245,5213 4895 5214 4896 5095 4927
5259,5214 4896 5109 4941
5483,5372 5373 5350
5461,5369 5328 5178
5260,5214 4896 5215 4897 5110 4942
5262,5214 4896 5217 5067 5112
5265,5214 4896 5220 5070 5115
5264,5214 4896 5219 5069 5114
5266,5214 4896 5221 5071 5116
5267,5214 4896 5222 5072 5117 4949
5268,5214 4896 5223 5073 5118 4950
5270,5214 4896 5225 5075 5120
5269,5214 4896 5224 5074 5119
5296,5297
5297,5216 4898
5216,5211 5061 5066 4898
5534,5535
5535,5496 5379
5496,5494 5377 5379
5349,5223 5199
5498,5494 5377 5381
5500,5494 5377 5383
5404,5405
5405,5363 5080
5363,5361 5228 5230 5080
5501,5494 5377 5384
5406,5364 5273
5525,5496 5379 5498 5381 5408
5527,5496 5379 5500 5383 5410
5392,5363 5080 5259 5109
5378,5362 5229 5363 5080 5245 5095
5528,5496 5379 5501 5384 5411
5557,5558
5558,5498
5550,5498 5500 5433
5502,5494 5377 5385
5393,5363 5080 5364 5231 5260 5110
5551,5498 5501 5434
5503,5494 5377 5386
5395,5363 5080 5366 5233 5262 5112
5317,5318
5318,5218 4900
5218,5211 5061 5068 4900
5397,5363 5080 5368 5235 5264 5114
5530,5496 5379 5503 5386 5413
5398,5363 5080 5369 5236 5265 5115
5399,5363 5080 5370 5237 5266 5116
5576,5577
5577,5500
5553,5498 5503 5386 5436
5402,5363 5080 5373 5240 5269 5119
5400,5363 5080 5371 5238 5267 5117
5437,5366 5372 5304
5401,5363 5080 5372 5089 5268 5118
5504,5494 5377 5387
5403,5363 5080 5374 5091 5270 5120
5570,5500 5501 5453
5569,5500 5452
5584,5585
5585,5501
5457,5368 5373 5324
5578,5501 5461
5581,5501 5504 5464
5591,5592
5592,5502
5580,5501 5503 5463
5469,5370 5336
5579,5501 5502 5462
5521,5522
5522,5495 5095
5495,5494 5377 5378 5095
5597,5598
5598,5503
5529,5496 5379 5502 5385 5412
5594,5503 5504 5477
5602,5603
5603,5504
5479,5371 5374 5346
5509,5495 5095 5392 5109
5506,5494 5377 5389
5606,5607
5505,5494 5377 5388
5607,5505
5571,5500 5502 5454
5609,5610
5510,5495 5095 5496 5379 5393 5110
5610,5506
5512,5495 5095 5498 5381 5395 5112
5520,5495 5095 5506 5389 5403 5120
5355,5224 5225 5205 5037
5608,5506 5491
5514,5495 5095 5500 5383 5397 5114
5554,5498 5504 5387 5437 5304
5533,5496 5379 5506 5389 5416
5515,5495 5095 5501 5384 5398 5115
5516,5495 5095 5502 5385 5399 5116
5435,5366 5370 5302 5152
5556,5498 5506 5389 5439
5575,5500 5506 5389 5458
5573,5500 5504 5387 5456
5517,5495 5095 5503 5386 5400 5117
5518,5495 5095 5504 5387 5401 5118
5583,5501 5506 5389 5466
5470,5370 5371 5337 5187
5590,5502 5506 5389 5473
5604,5505 5487
5596,5503 5506 5389 5479 5346
5588,5502 5504 5471
5601,5504 5506 5389 5484
5414,5364 5372 5281 5131
5519,5495 5095 5505 5388 5402 5119
5532,5496 5379 5505 5388 5415
5623,5624
5624,5611 5509
5611,5509
5555,5498 5505 5388 5438
5574,5500 5505 5388 5457 5324
5232,5212 5062 5216 4898 5082 4914
5636,5637
5637,5612 5510
5612,5611 5509 5510
5616,5611 5509 5514
5582,5501 5505 5388 5465
5247,5213 4895 5216 4898 5097 4929
5614,5611 5509 5512
5659,5660
5660,5614
5617,5611 5509 5515 5398
5261,5214 4896 5216 4898 5111 4943
5618,5611 5509 5516 5399
5627,5612 5510 5614 5512 5525
5589,5502 5505 5388 5472
5619,5611 5509 5517 5400
5630,5612 5510 5617 5515 5528
5631,5612 5510 5618 5516 5529
5652,5614 5512 5616 5514 5550
5274,5215 4897 5216 4898 5124 4956
5595,5503 5505 5388 5478
5653,5614 5512 5617 5515 5551
5678,5679
5679,5616
5286,5216 4898 5136 4968
5620,5611 5509 5518 5401
5621,5611 5509 5519 5402
5629,5612 5510 5616 5514 5527
5600,5504 5505 5388 5483
5632,5612 5510 5619 5517 5530
5287,5216 4898 5217 5137
5686,5687
5687,5617
5622,5611 5509 5520
5673,5616 5618 5571
5681,5617 5618 5579
5671,5616 5569
5655,5614 5512 5619 5517 5553
5634,5612 5510 5621 5402 5532 5415
5680,5617 5578
5693,5694
5694,5618
5289,5216 4898 5219 5139
5656,5614 5620 5518 5554
5675,5616 5620 5518 5573
5657,5614 5621 5402 5555
5699,5700
5700,5619
5683,5617 5620 5581
5635,5612 5510 5622 5520 5533
5290,5216 4898 5220 5070 5140
5704,5705
5705,5620
5692,5618 5622 5590
5682,5617 5619 5580
5676,5616 5621 5402 5574
5708,5709
5709,5621
5658,5614 5622 5520 5556
5711,5712
5712,5622
5697,5619 5621 5595
5690,5618 5620 5588
5292,5216 4898 5222 5072 5142 4974
5291,5216 4898 5221 5071 5141
5696,5619 5620 5594
5677,5616 5622 5520 5575
5710,5622 5608
5702,5620 5621 5600
5706,5621 5604
5293,5216 4898 5223 5073 5143 4975
5294,5216 4898 5224 5074 5144 4976
5685,5617 5622 5520 5583
5691,5618 5621 5589
5295,5216 4898 5225 5075 5145 4977
5482,5372 5349 5199
5523,5496 5379 5406 5273
5548,5498 5431
5234,5212 5062 5218 4900 5084 4916
5703,5620 5622 5601
5249,5213 4895 5218 4900 5099 4931
5599,5504 5482 5349
5263,5214 4896 5218 4900 5113 4945
5288,5216 4898 5218 4900 5138 4970
5650,5614 5512 5548 5431
5276,5215 4897 5218 4900 5126 4958
5701,5620 5599 5349
5450,5451
5451,5367 4916
5367,5361 5228 5234 4916
5310,5218 4900 5219 5160 4992
5299,5217 5218 4900 5149 4981
5311,5218 4900 5220 5161
5309,5218 4900 5159 4991
5312,5218 4900 5221 5162
5382,5362 5229 5367 4916 5249 4931
5443,5367 4916 5368 5310 4992
5444,5367 4916 5369 5311 5161
5445,5367 4916 5370 5312 5162
5313,5218 4900 5222 5163 4995
5442,5367 4916 5309 4991
5396,5363 5080 5367 4916 5263 4945
5314,5218 4900 5223 5073 5164 4996
5409,5364 5367 4916 5276 4958
5315,5218 4900 5224 5074 5165 4997
5316,5218 4900 5225 5075 5166 4998
5593,5503 5476
5572,5500 5503 5455
5447,5367 4916 5372 5314 4996
5448,5367 4916 5373 5315 4997
5449,5367 4916 5374 5316 4998
5586,5502 5469 5336
5488,5373 5374 5355 5205
5695,5619 5593 5476
5567,5568
5568,5499 4931
5499,5494 5377 5382 4931
5605,5505 5506 5488 5205
5552,5498 5502 5385 5435 5302
5587,5502 5503 5470 5337
5531,5496 5379 5504 5387 5414 5281
5513,5495 5095 5499 4931 5396 4945
5707,5621 5622 5605 5205
5654,5614 5512 5618 5516 5552 5435
5689,5618 5619 5587 5470
5526,5496 5379 5499 4931 5409 4958
5672,5616 5617 5570
5684,5617 5621 5582
5559,5499 4931 5442 4991
5625,5612 5510 5523 5406
5698,5619 5622 5596
5429,5430
5432,5366 5367 4916 5299 4981
5430,5365 5082
5365,5361 5228 5232 5082
5446,5367 4916 5371 5238 5313 4995
5560,5499 4931 5500 5443 4992
5380,5362 5229 5365 5082 5247 5097
5724,5725
5725,5713 5406
5563,5499 4931 5503 5386 5446 4995
5713,5625 5406
5561,5499 4931 5501 5444 5161
5674,5616 5619 5572 5455
5394,5363 5080 5365 5082 5261 5111
5407,5364 5365 5082 5274 5124
5562,5499 4931 5502 5445 5162
5688,5618 5586 5469
5419,5365 5082 5286 5136
5420,5365 5082 5366 5287 5137
5564,5499 4931 5504 5387 5447 4996
5546,5547
5547,5497 5097
5497,5494 5377 5380 5097
5747,5748
5748,5715 5627
5715,5713 5406 5627
5633,5612 5510 5620 5518 5531 5281
5565,5499 4931 5505 5388 5448 4997
5422,5365 5082 5368 5289 5139
5421,5365 5082 5367 4916 5288 4970
5511,5495 5095 5497 5097 5394 5111
5566,5499 4931 5506 5389 5449 4998
5539,5497 5097 5500 5383 5422 5139
5549,5498 5499 4931 5432 4981
5524,5496 5379 5497 5097 5407 5124
5424,5365 5082 5370 5291 5141
5423,5365 5082 5369 5290 5140
5766,5767
5767,5717 5629
5717,5713 5406 5629
5536,5497 5097 5419 5136
5541,5497 5097 5502 5385 5424 5141
5669,5670
5670,5615 4945
5615,5611 5509 5513 4945
5425,5365 5082 5371 5238 5292 5142
5537,5497 5097 5498 5381 5420 5137
5792,5793
5426,5365 5082 5372 5293 5143
5793,5721 5281
5721,5713 5406 5633 5281
5628,5612 5510 5615 4945 5526 4958
5774,5775
5775,5718 5630
5718,5713 5406 5630
5543,5497 5097 5504 5387 5426 5143
5651,5614 5512 5615 4945 5549 4981
5427,5365 5082 5373 5294 5144
5744,5715 5627 5721 5281 5656
5661,5615 4945 5559 4991
5428,5365 5082 5374 5091 5295 5145
5648,5649
5649,5613 5111
5613,5611 5509 5511 5111
5538,5497 5097 5499 4931 5421 4970
5763,5717 5629 5721 5281 5675
5662,5615 4945 5616 5560 4992
5545,5497 5097 5506 5389 5428 5145
5781,5782
5782,5719 5631
5719,5713 5406 5631
5626,5612 5510 5613 5111 5524 5124
5663,5615 4945 5617 5561 5161
5789,5721 5281 5701
5647,5613 5111 5622 5520 5545 5145
5540,5497 5097 5501 5384 5423 5140
5638,5613 5111 5536 5136
5664,5615 4945 5618 5562 5162
5542,5497 5097 5503 5386 5425 5142
5665,5615 4945 5619 5517 5563 4995
5666,5615 4945 5620 5518 5564 4996
5544,5497 5097 5505 5388 5427 5144
5639,5613 5111 5614 5512 5537 5137
5644,5613 5111 5619 5517 5542 5142
5787,5788
5788,5720 5632
5720,5713 5406 5632
5667,5615 4945 5621 5402 5565 4997
5668,5615 4945 5622 5520 5566 4998
5641,5613 5111 5616 5514 5539 5139
5642,5613 5111 5617 5515 5540 5140
5640,5613 5111 5615 4945 5538 4970
5643,5613 5111 5618 5516 5541 5141
5645,5613 5111 5620 5518 5543 5143
5646,5613 5111 5621 5402 5544 5144
5738,5715 5627 5650 5548
5796,5797
5797,5722 5634
5722,5713 5406 5634
5740,5715 5627 5717 5629 5652
5757,5758
5758,5716 4958
5799,5800
5716,5713 5406 5628 4958
5759,5717 5629 5671
5800,5723 5635
5723,5713 5406 5635
5741,5715 5627 5718 5630 5653
5760,5717 5629 5718 5630 5672 5570
5749,5716 4958 5661 4991
5746,5715 5627 5723 5635 5658
5736,5737
5737,5714 5124
5714,5713 5406 5626 5124
5739,5715 5627 5716 4958 5651 4981
5768,5718 5630 5680
5726,5714 5124 5638 5136
5771,5718 5630 5721 5281 5683
5765,5717 5629 5723 5635 5677
5742,5715 5627 5719 5631 5654 5435
5727,5714 5124 5715 5627 5639 5137
5750,5716 4958 5717 5629 5662 4992
5773,5718 5630 5723 5635 5685
5811,5812
5812,5801 5136
5801,5726 5136
5761,5717 5629 5719 5631 5673
5769,5718 5630 5719 5631 5681
5780,5719 5631 5723 5635 5692
5751,5716 4958 5718 5630 5663 5161
5776,5719 5631 5688 5586
5728,5714 5124 5716 4958 5640 4970
5778,5719 5631 5721 5281 5690
5786,5720 5632 5723 5635 5698 5596
5822,5823
5823,5802 5137
5802,5801 5136 5727 5137
5743,5715 5627 5720 5632 5655
5752,5716 4958 5719 5631 5664 5162
5729,5714 5124 5717 5629 5641 5139
5791,5721 5281 5723 5635 5703
5813,5802 5137 5738 5650
5762,5717 5629 5720 5632 5674 5455
5770,5718 5630 5720 5632 5682
5753,5716 4958 5720 5632 5665 4995
5795,5722 5634 5723 5635 5707
5885,5886
5886,5876 5650
5876,5813 5650
5777,5719 5631 5720 5632 5689 5470
5730,5714 5124 5718 5630 5642 5140
5783,5720 5632 5695
5798,5723 5635 5710
5754,5716 4958 5721 5281 5666 4996
5731,5714 5124 5719 5631 5643 5141
5784,5720 5632 5721 5281 5696
5764,5717 5629 5722 5634 5676
5745,5715 5627 5722 5634 5657
5732,5714 5124 5720 5632 5644 5142
5755,5716 4958 5722 5634 5667 4997
5772,5718 5630 5722 5634 5684 5582
5779,5719 5631 5722 5634 5691
5785,5720 5632 5722 5634 5697
5733,5714 5124 5721 5281 5645 5143
5856,5857
5857,5806 5141
5806,5801 5136 5731 5141
5794,5722 5634 5706
5790,5721 5281 5722 5634 5702
5756,5716 4958 5723 5635 5668 4998
5734,5714 5124 5722 5634 5646 5144
5851,5806 5141 5776 5688
5817,5802 5137 5806 5141 5742 5654
5735,5714 5124 5723 5635 5647 5145
5832,5833
5833,5803 4970
5803,5801 5136 5728 4970
5849,5850
5850,5805 5140
5805,5801 5136 5730 5140
5919,5920
5920,5880 5654
5880,5876 5650 5817 5654
5871,5872
5872,5809 5144
5809,5801 5136 5734 5144
5841,5842
5842,5804 5139
5804,5801 5136 5729 5139
5914,5880 5654 5851 5688
5816,5802 5137 5805 5140 5741 5653
5814,5802 5137 5803 4970 5739 4981
5820,5802 5137 5809 5144 5745 5657
5815,5802 5137 5804 5139 5740 5652
5826,5803 4970 5805 5140 5751 5161
5862,5863
5863,5807 5142
5807,5801 5136 5732 5142
5824,5803 4970 5749 4991
5843,5805 5140 5768 5680
5830,5803 4970 5809 5144 5755 4997
5825,5803 4970 5804 5139 5750 4992
5867,5868
5868,5808 5143
5808,5801 5136 5733 5143
5827,5803 4970 5806 5141 5752 5162
5844,5805 5140 5806 5141 5769 5681
5847,5805 5140 5809 5144 5772 5684
5834,5804 5139 5759 5671
5819,5802 5137 5808 5143 5744 5656
5854,5806 5141 5809 5144 5779 5691
5829,5803 4970 5808 5143 5754 4996
5874,5875
5835,5804 5139 5805 5140 5760 5672
5875,5810 5145
5810,5801 5136 5735 5145
5912,5913
5913,5879 5653
5879,5876 5650 5816 5653
5895,5896
5896,5877 4981
5877,5876 5650 5814 4981
5869,5809 5144 5794 5706
5838,5804 5139 5808 5143 5763 5675
5906,5879 5653 5843 5680
5836,5804 5139 5806 5141 5761 5673
5887,5877 4981 5824 4991
5818,5802 5137 5807 5142 5743 5655
5846,5805 5140 5808 5143 5771 5683
5907,5879 5653 5880 5654 5844 5681
5889,5877 4981 5879 5653 5826 5161
5853,5806 5141 5808 5143 5778 5690
5839,5804 5139 5809 5144 5764 5676
5890,5877 4981 5880 5654 5827 5162
5934,5935
5935,5883 5657
5828,5803 4970 5807 5142 5753 4995
5883,5876 5650 5820 5657
5859,5807 5142 5808 5143 5784 5696
5864,5808 5143 5789 5701
5947,5948
5948,5939 4991
5939,5887 4991
5893,5877 4981 5883 5657 5830 4997
5837,5804 5139 5807 5142 5762 5674
5865,5808 5143 5809 5144 5790 5702
5910,5879 5653 5883 5657 5847 5684
5932,5883 5657 5869 5706
5917,5880 5654 5883 5657 5854 5691
5904,5905
5905,5878 5652
5878,5876 5650 5815 5652
5845,5805 5140 5807 5142 5770 5682
5964,5965
5965,5941 5161
5941,5939 4991 5889 5161
5930,5931
5931,5882 5744
5882,5876 5650 5819 5744
5888,5877 4981 5878 5652 5825 4992
5852,5806 5141 5807 5142 5777 5689
5986,5987
5958,5941 5161 5906 5680
5987,5945 4997
5945,5939 4991 5893 4997
5892,5877 4981 5882 5744 5829 4996
5897,5878 5652 5834 5671
5971,5972
5972,5942 5162
5942,5939 4991 5890 5162
5962,5941 5161 5945 4997 5910 5684
5858,5807 5142 5783 5695
5901,5878 5652 5882 5744 5838 5763
5898,5878 5652 5879 5653 5835 5672
5909,5879 5653 5882 5744 5846 5683
5959,5941 5161 5942 5162 5907 5681
5984,5945 4997 5932 5706
5927,5882 5744 5864 5789
5899,5878 5652 5880 5654 5836 5673
5916,5880 5654 5882 5744 5853 5690
5860,5807 5142 5809 5144 5785 5697
5966,5942 5162 5914 5688
5969,5942 5162 5945 4997 5917 5691
5902,5878 5652 5883 5657 5839 5676
5928,5882 5744 5883 5657 5865 5702
5840,5804 5139 5810 5145 5765 5677
5831,5803 4970 5810 5145 5756 4998
5821,5802 5137 5810 5145 5746 5658
5848,5805 5140 5810 5145 5773 5685
5855,5806 5141 5810 5145 5780 5692
5982,5983
5983,5944 4996
5944,5939 4991 5892 4996
5861,5807 5142 5810 5145 5786 5698
5870,5809 5144 5810 5145 5795 5707
5956,5957
5957,5940 4992
5940,5939 4991 5888 4992
5873,5810 5145 5798 5710
5866,5808 5143 5810 5145 5791 5703
5949,5940 4992 5897 5671
5961,5941 5161 5944 4996 5909 5683
5968,5942 5162 5944 4996 5916 5690
5979,5944 4996 5927 5789
5950,5940 4992 5941 5161 5898 5672
5953,5940 4992 5944 4996 5901 5763
5951,5940 4992 5942 5162 5899 5673
5980,5944 4996 5945 4997 5928 5702
5925,5926
5926,5881 5655
5881,5876 5650 5818 5655
5954,5940 4992 5945 4997 5902 5676
5891,5877 4981 5881 5655 5828 4995
5915,5880 5654 5881 5655 5852 5689
5900,5878 5652 5881 5655 5837 5674
5908,5879 5653 5881 5655 5845 5682
5937,5938
5938,5884 5658
5884,5876 5650 5821 5658
5921,5881 5655 5858 5695
5998,5999
5999,5991 5671
5991,5949 5671
5923,5881 5655 5883 5657 5860 5697
5922,5881 5655 5882 5744 5859 5696
5903,5878 5652 5884 5658 5840 5677
5977,5978
5978,5943 4995
5943,5939 4991 5891 4995
5894,5877 4981 5884 5658 5831 4998
5911,5879 5653 5884 5658 5848 5685
5918,5880 5654 5884 5658 5855 5692
5924,5881 5655 5884 5658 5861 5698
6006,6007
5952,5940 4992 5943 4995 5900 5674
6007,5992 5672
5992,5991 5671 5950 5672
5936,5884 5658 5873 5710
5933,5883 5657 5884 5658 5870 5707
5929,5882 5744 5884 5658 5866 5703
5960,5941 5161 5943 4995 5908 5682
5967,5942 5162 5943 4995 5915 5689
6013,6014
6014,5993 5673
5993,5991 5671 5951 5673
6000,5992 5672 5958 5680
5989,5990
5990,5946 4998
5946,5939 4991 5894 4998
5973,5943 4995 5921 5695
6024,6025
6025,5995 5763
6001,5992 5672 5993 5673 5959 5681
5995,5991 5671 5953 5763
6028,6029
5955,5940 4992 5946 4998 5903 5677
6029,5996 5676
5996,5991 5671 5954 5676
5974,5943 4995 5944 4996 5922 5696
6008,5993 5673 5966 5688
6039,6040
6040,6033 5680
6033,6000 5680
5963,5941 5161 5946 4998 5911 5685
6003,5992 5672 5995 5763 5961 5683
5975,5943 4995 5945 4997 5923 5697
6004,5992 5672 5996 5676 5962 5684
5970,5942 5162 5946 4998 5918 5692
6021,5995 5763 5979 5789
6010,5993 5673 5995 5763 5968 5690
6011,5993 5673 5996 5676 5969 5691
6019,6020
6020,5994 5674
5994,5991 5671 5952 5674
5976,5943 4995 5946 4998 5924 5698
6026,5996 5676 5984 5706
6022,5995 5763 5996 5676 5980 5702
6002,5992 5672 5994 5674 5960 5682
5981,5944 4996 5946 4998 5929 5703
6057,6058
6058,6036 5683
6036,6033 5680 6003 5683
6046,6047
6047,6034 5681
6034,6033 5680 6001 5681
5985,5945 4997 5946 4998 5933 5707
5988,5946 4998 5936 5710
6009,5993 5673 5994 5674 5967 5689
6054,6036 5683 6021 5789
6041,6034 5681 6008 5688
6015,5994 5674 5973 5695
6043,6034 5681 6036 5683 6010 5690
6016,5994 5674 5995 5763 5974 5696
6061,6062
6062,6037 5684
6037,6033 5680 6004 5684
6017,5994 5674 5996 5676 5975 5697
6044,6034 5681 6037 5684 6011 5691
6055,6036 5683 6037 5684 6022 5702
6059,6037 5684 6026 5706
6071,6072
6031,6032
6072,6066 5688
6032,5997 5677
6066,6041 5688
5997,5991 5671 5955 5677
6052,6053
6053,6035 5682
6035,6033 5680 6002 5682
6005,5992 5672 5997 5677 5963 5685
6018,5994 5674 5997 5677 5976 5698
6012,5993 5673 5997 5677 5970 5692
6023,5995 5763 5997 5677 5981 5703
6042,6034 5681 6035 5682 6009 5689
6027,5996 5676 5997 5677 5985 5707
6048,6035 5682 6015 5695
6030,5997 5677 5988 5710
6049,6035 5682 6036 5683 6016 5696
6064,6065
6065,6038 5685
6038,6033 5680 6005 5685
6050,6035 5682 6037 5684 6017 5697
6082,6083
6083,6068 5690
6068,6066 5688 6043 5690
6045,6034 5681 6038 5685 6012 5692
6051,6035 5682 6038 5685 6018 5698
6056,6036 5683 6038 5685 6023 5703
6077,6078
6078,6067 5689
6079,6068 5690 6054 5789
6063,6038 5685 6030 5710
6067,6066 5688 6042 5689
6060,6037 5684 6038 5685 6027 5707
6086,6087
6087,6069 5691
6069,6066 5688 6044 5691
6073,6067 5689 6048 5695
6089,6090
6080,6068 5690 6069 5691 6055 5702
6090,6070 5692
6070,6066 5688 6045 5692
6084,6069 5691 6059 5706
6074,6067 5689 6068 5690 6049 5696
6075,6067 5689 6069 5691 6050 5697
6095,6096
6096,6091 5695
6091,6073 5695
6081,6068 5690 6070 5692 6056 5703
6076,6067 5689 6070 5692 6051 5698
6088,6070 5692 6063 5710
6085,6069 5691 6070 5692 6060 5707
6104,6105
6105,6093 5697
6093,6091 5695 6075 5697
6107,6108
6108,6094 5698
6094,6091 5695 6076 5698
6102,6093 5697 6084 5706
6106,6094 5698 6088 5710
6100,6101
6101,6092 5696
6092,6091 5695 6074 5696
6103,6093 5697 6094 5698 6085 5707
6097,6092 5696 6079 5789
6099,6092 5696 6094 5698 6081 5703
6098,6092 5696 6093 5697 6080 5702
6112,6113
6113,6109 5789
6109,6097 5789
6119,6120
6120,6111 5703
6111,6109 5789 6099 5703
6116,6117
6117,6110 5702
6110,6109 5789 6098 5702
6118,6111 5703 6106 5710
6114,6110 5702 6102 5706
6115,6110 5702 6111 5703 6103 5707
6123,6124
6124,6121 5706
6121,6114 5706
6126,6127
6127,6122 5707
6122,6121 5706 6115 5707
6125,6122 5707 6118 5710
6129,6130
6130,6128 5710
6128,6125 5710
6132,4171
6131,6132
6134,3791
6133,6134
6136,3811
6135,6136
6138,3831
6137,6138
6140,3851
6139,6140
6142,3871
6141,6142
6144,3891
6143,6144
6146,3911
6145,6146
6148,3931
6147,6148
6150,3951
6149,6150
6152,3971
6151,6152
6154,3991
6153,6154
6156,4011
6155,6156
6158,4031
6157,6158
6160,4051
6159,6160
6162,4071
6161,6162
6164,4091
6163,6164
6166,4111
6165,6166
6168,4131
6167,6168
6170,4151
6169,6170
6172,4172
6171,6172
6174,4421
6173,6174
6176,3812
6175,6176
6178,3832
6177,6178
6180,3852
6179,6180
6182,3872
6181,6182
6184,3892
6183,6184
6186,3912
6185,6186
6188,3932
6187,6188
6190,3952
6189,6190
6192,3972
6191,6192
6194,3992
6193,6194
6196,4012
6195,6196
6198,4032
6197,6198
6200,4052
6199,6200
6202,4072
6201,6202
6204,4092
6203,6204
6206,4112
6205,6206
6208,4132
6207,6208
6210,4152
6209,6210
6212,4173
6211,6212
6214,4422
6213,6214
6216,4649
6215,6216
6218,3833
6217,6218
6220,3853
6219,6220
6222,3873
6221,6222
6224,3893
6223,6224
6226,3913
6225,6226
6228,3933
6227,6228
6230,3953
6229,6230
6232,3973
6231,6232
6234,3993
6233,6234
6236,4013
6235,6236
6238,4033
6237,6238
6240,4053
6239,6240
6242,4073
6241,6242
6244,4093
6243,6244
6246,4113
6245,6246
6248,4133
6247,6248
6250,4153
6249,6250
6252,4174
6251,6252
6254,4423
6253,6254
6256,4650
6255,6256
6258,4856
6257,6258
6260,3854
6259,6260
6262,3874
6261,6262
6264,3894
6263,6264
6266,3914
6265,6266
6268,3934
6267,6268
6270,3954
6269,6270
6272,3974
6271,6272
6274,3994
6273,6274
6276,4014
6275,6276
6278,4034
6277,6278
6280,4054
6279,6280
6282,4074
6281,6282
6284,4094
6283,6284
6286,4114
6285,6286
6288,4134
6287,6288
6290,4154
6289,6290
6292,4175
6291,6292
6294,4424
6293,6294
6296,4651
6295,6296
6298,4857
6297,6298
6300,5043
6299,6300
6302,3875
6301,6302
6304,3895
6303,6304
6306,3915
6305,6306
6308,3935
6307,6308
6310,3955
6309,6310
6312,3975
6311,6312
6314,3995
6313,6314
6316,4015
6315,6316
6318,4035
6317,6318
6320,4055
6319,6320
6322,4075
6321,6322
6324,4095
6323,6324
6326,4115
6325,6326
6328,4135
6327,6328
6330,4155
6329,6330
6332,4176
6331,6332
6334,4425
6333,6334
6336,4652
6335,6336
6338,4858
6337,6338
6340,5044
6339,6340
6342,5211
6341,6342
6344,3896
6343,6344
6346,3916
6345,6346
6348,3936
6347,6348
6350,3956
6349,6350
6352,3976
6351,6352
6354,3996
6353,6354
6356,4016
6355,6356
6358,4036
6357,6358
6360,4056
6359,6360
6362,4076
6361,6362
6364,4096
6363,6364
6366,4116
6365,6366
6368,4136
6367,6368
6370,4156
6369,6370
6372,4177
6371,6372
6374,4426
6373,6374
6376,4653
6375,6376
6378,4859
6377,6378
6380,5045
6379,6380
6382,5212
6381,6382
6384,5361
6383,6384
6386,3917
6385,6386
6388,3937
6387,6388
6390,3957
6389,6390
6392,3977
6391,6392
6394,3997
6393,6394
6396,4017
6395,6396
6398,4037
6397,6398
6400,4057
6399,6400
6402,4077
6401,6402
6404,4097
6403,6404
6406,4117
6405,6406
6408,4137
6407,6408
6410,4157
6409,6410
6412,4178
6411,6412
6414,4427
6413,6414
6416,4654
6415,6416
6418,4860
6417,6418
6420,5046
6419,6420
6422,5213
6421,6422
6424,5362
6423,6424
6426,5494
6425,6426
6428,3938
6427,6428
6430,3958
6429,6430
6432,3978
6431,6432
6434,3998
6433,6434
6436,4018
6435,6436
6438,4038
6437,6438
6440,4058
6439,6440
6442,4078
6441,6442
6444,4098
6443,6444
6446,4118
6445,6446
6448,4138
6447,6448
6450,4158
6449,6450
6452,4179
6451,6452
6454,4428
6453,6454
6456,4655
6455,6456
6458,4861
6457,6458
6460,5047
6459,6460
6462,5214
6461,6462
6464,5363
6463,6464
6466,5495
6465,6466
6468,5611
6467,6468
6470,3959
6469,6470
6472,3979
6471,6472
6474,3999
6473,6474
6476,4019
6475,6476
6478,4039
6477,6478
6480,4059
6479,6480
6482,4079
6481,6482
6484,4099
6483,6484
6486,4119
6485,6486
6488,4139
6487,6488
6490,4159
6489,6490
6492,4180
6491,6492
6494,4429
6493,6494
6496,4656
6495,6496
6498,4862
6497,6498
6500,5048
6499,6500
6502,5215
6501,6502
6504,5364
6503,6504
6506,5496
6505,6506
6508,5612
6507,6508
6510,5713
6509,6510
6512,3980
6511,6512
6514,4000
6513,6514
6516,4020
6515,6516
6518,4040
6517,6518
6520,4060
6519,6520
6522,4080
6521,6522
6524,4100
6523,6524
6526,4120
6525,6526
6528,4140
6527,6528
6530,4160
6529,6530
6532,4181
6531,6532
6534,4430
6533,6534
6536,4657
6535,6536
6538,4863
6537,6538
6540,5049
6539,6540
6542,5216
6541,6542
6544,5365
6543,6544
6546,5497
6545,6546
6548,5613
6547,6548
6550,5714
6549,6550
6552,5801
6551,6552
6554,4001
6553,6554
6556,4021
6555,6556
6558,4041
6557,6558
6560,4061
6559,6560
6562,4081
6561,6562
6564,4101
6563,6564
6566,4121
6565,6566
6568,4141
6567,6568
6570,4161
6569,6570
6572,4182
6571,6572
6574,4431
6573,6574
6576,4658
6575,6576
6578,4864
6577,6578
6580,5050
6579,6580
6582,5217
6581,6582
6584,5366
6583,6584
6586,5498
6585,6586
6588,5614
6587,6588
6590,5715
6589,6590
6592,5802
6591,6592
6594,5876
6593,6594
6596,4022
6595,6596
6598,4042
6597,6598
6600,4062
6599,6600
6602,4082
6601,6602
6604,4102
6603,6604
6606,4122
6605,6606
6608,4142
6607,6608
6610,4162
6609,6610
6612,4183
6611,6612
6614,4432
6613,6614
6616,4659
6615,6616
6618,4865
6617,6618
6620,5051
6619,6620
6622,5218
6621,6622
6624,5367
6623,6624
6626,5499
6625,6626
6628,5615
6627,6628
6630,5716
6629,6630
6632,5803
6631,6632
6634,5877
6633,6634
6636,5939
6635,6636
6638,4043
6637,6638
6640,4063
6639,6640
6642,4083
6641,6642
6644,4103
6643,6644
6646,4123
6645,6646
6648,4143
6647,6648
6650,4163
6649,6650
6652,4184
6651,6652
6654,4433
6653,6654
6656,4660
6655,6656
6658,4866
6657,6658
6660,5052
6659,6660
6662,5219
6661,6662
6664,5368
6663,6664
6666,5500
6665,6666
6668,5616
6667,6668
6670,5717
6669,6670
6672,5804
6671,6672
6674,5878
6673,6674
6676,5940
6675,6676
6678,5991
6677,6678
6680,4064
6679,6680
6682,4084
6681,6682
6684,4104
6683,6684
6686,4124
6685,6686
6688,4144
6687,6688
6690,4164
6689,6690
6692,4185
6691,6692
6694,4434
6693,6694
6696,4661
6695,6696
6698,4867
6697,6698
6700,5053
6699,6700
6702,5220
6701,6702
6704,5369
6703,6704
6706,5501
6705,6706
6708,5617
6707,6708
6710,5718
6709,6710
6712,5805
6711,6712
6714,5879
6713,6714
6716,5941
6715,6716
6718,5992
6717,6718
6720,6033
6719,6720
6722,4085
6721,6722
6724,4105
6723,6724
6726,4125
6725,6726
6728,4145
6727,6728
6730,4165
6729,6730
6732,4186
6731,6732
6734,4435
6733,6734
6736,4662
6735,6736
6738,4868
6737,6738
6740,5054
6739,6740
6742,5221
6741,6742
6744,5370
6743,6744
6746,5502
6745,6746
6748,5618
6747,6748
6750,5719
6749,6750
6752,5806
6751,6752
6754,5880
6753,6754
6756,5942
6755,6756
6758,5993
6757,6758
6760,6034
6759,6760
6762,6066
6761,6762
6764,4106
6763,6764
6766,4126
6765,6766
6768,4146
6767,6768
6770,4166
6769,6770
6772,4187
6771,6772
6774,4436
6773,6774
6776,4663
6775,6776
6778,4869
6777,6778
6780,5055
6779,6780
6782,5222
6781,6782
6784,5371
6783,6784
6786,5503
6785,6786
6788,5619
6787,6788
6790,5720
6789,6790
6792,5807
6791,6792
6794,5881
6793,6794
6796,5943
6795,6796
6798,5994
6797,6798
6800,6035
6799,6800
6802,6067
6801,6802
6804,6091
6803,6804
6806,4127
6805,6806
6808,4147
6807,6808
6810,4167
6809,6810
6812,4188
6811,6812
6814,4437
6813,6814
6816,4664
6815,6816
6818,4870
6817,6818
6820,5056
6819,6820
6822,5223
6821,6822
6824,5372
6823,6824
6826,5504
6825,6826
6828,5620
6827,6828
6830,5721
6829,6830
6832,5808
6831,6832
6834,5882
6833,6834
6836,5944
6835,6836
6838,5995
6837,6838
6840,6036
6839,6840
6842,6068
6841,6842
6844,6092
6843,6844
6846,6109
6845,6846
6848,4148
6847,6848
6850,4168
6849,6850
6852,4189
6851,6852
6854,4438
6853,6854
6856,4665
6855,6856
6858,4871
6857,6858
6860,5057
6859,6860
6862,5224
6861,6862
6864,5373
6863,6864
6866,5505
6865,6866
6868,5621
6867,6868
6870,5722
6869,6870
6872,5809
6871,6872
6874,5883
6873,6874
6876,5945
6875,6876
6878,5996
6877,6878
6880,6037
6879,6880
6882,6069
6881,6882
6884,6093
6883,6884
6886,6110
6885,6886
6888,6121
6887,6888
6890,4169
6889,6890
6892,4190
6891,6892
6894,4439
6893,6894
6896,4666
6895,6896
6898,4872
6897,6898
6900,5058
6899,6900
6902,5225
6901,6902
6904,5374
6903,6904
6906,5506
6905,6906
6908,5622
6907,6908
6910,5723
6909,6910
6912,5810
6911,6912
6914,5884
6913,6914
6916,5946
6915,6916
6918,5997
6917,6918
6920,6038
6919,6920
6922,6070
6921,6922
6924,6094
6923,6924
6926,6111
6925,6926
6928,6122
6927,6928
6930,6128
6929,6930
