4191,4192
4192,4171 3771
4171,3771
4176,4171 3771 3776
4251,4252
4252,4174 3774
4174,4171 3771 3774
4232,4233
4233,4173 3773
4173,4171 3771 3773
4177,4171 3771 3777
4212,4213
4213,4172 3772
4172,4171 3771 3772
4234,4174 3774 3834
4214,4173 3773 3813
4269,4270
4270,4175 3775
4175,4171 3771 3775
4193,4172 3772 3792
4286,4287
4287,4176
4302,4303
4303,4177
4178,4171 3771 3778
4236,4174 3774 4176 3776 3836
4215,4173 3773 4174 3774 3814
4179,4171 3771 3779
4271,4176 3876
4194,4172 3772 4173 3773 3793
4317,4318
4318,4178
4331,4332
4332,4179
4272,4176 4177 3877
4217,4173 3773 4176 3776 3816
4195,4172 3772 4174 3774 3794
4196,4172 3772 4175 3775 3795
4319,4179 3939
4356,4357
4357,4181 3781
4181,4171 3771 3781
4344,4345
4345,4180 3780
4180,4171 3771 3780
4199,4172 3772 4178 3778 3798
4197,4172 3772 4176 3776 3796
4201,4172 3772 4180 3780 3800
4219,4173 3773 4178 3778 3818
4216,4173 3773 4175 3775 3815
4198,4172 3772 4177 3777 3797
4367,4368
4368,4182 3782
4182,4171 3771 3782
4377,4378
4378,4183 3783
4183,4171 3771 3783
4221,4173 3773 4180 3780 3820
4238,4174 3774 4178 3778 3838
4288,4177 3897
4203,4172 3772 4182 3782 3802
4235,4174 3774 4175 3775 3835
4240,4174 3774 4180 3780 3840
4256,4175 3775 4178 3778 3858
4223,4173 3773 4182 3782 3822
4386,4387
4387,4184 3784
4184,4171 3771 3784
4242,4174 3774 4182 3782 3842
4253,4175 3775 3855
4258,4175 3775 4180 3780 3860
4273,4176 4178 3778 3878
4260,4175 3775 4182 3782 3862
4277,4176 4182 3782 3882
4275,4176 4180 3780 3880
4254,4175 3775 4176 3856
4289,4177 4178 3778 3898
4293,4177 4182 3782 3902
4394,4395
4395,4185 3785
4185,4171 3771 3785
4308,4178 4182 3782 3922
4304,4178 3778 3918
4291,4177 4180 3780 3900
4322,4179 4182 3782 3942
4255,4175 3775 4177 3777 3857
4335,4180 3780 4182 3782 3962
4347,4181 3781 4182 3782 3982
4358,4182 3782 4002
4306,4178 4180 3780 3920
4401,4402
4402,4186 3786
4186,4171 3771 3786
4333,4180 3780 3960
4334,4180 3780 4181 3781 3961
4440,4441
4441,4421 4193
4421,4193
4320,4179 4180 3780 3940
4407,4408
4408,4187 3787
4187,4171 3771 3787
4412,4413
4413,4188 3788
4188,4171 3771 3788
4416,4417
4417,4189 3789
4189,4171 3771 3789
4479,4480
4480,4423 4195
4423,4421 4193 4195
4460,4461
4461,4422 4194
4422,4421 4193 4194
4208,4172 3772 4187 3787 3807
4210,4172 3772 4189 3789 3809
4462,4423 4195 4234
4497,4498
4498,4424 4196
4424,4421 4193 4196
4419,4420
4420,4190 3790
4190,4171 3771 3790
4228,4173 3773 4187 3787 3827
4230,4173 3773 4189 3789 3829
4514,4515
4515,4425 4197
4425,4421 4193 4197
4218,4173 3773 4177 3777 3817
4247,4174 3774 4187 3787 3847
4444,4422 4194 4424 4196 4216
4530,4531
4531,4426 4198
4426,4421 4193 4198
4249,4174 3774 4189 3789 3849
4237,4174 3774 4177 3777 3837
4446,4422 4194 4426 4198 4218 3817
4265,4175 3775 4187 3787 3867
4267,4175 3775 4189 3789 3869
4545,4546
4546,4427 4199
4427,4421 4193 4199
4463,4423 4195 4424 4196 4235
4200,4172 3772 4179 3779 3799
4483,4424 4196 4426 4198 4255 3857
4282,4176 4187 3787 3887
4284,4176 4189 3789 3889
4481,4424 4196 4253 3855
4220,4173 3773 4179 3779 3819
4572,4573
4573,4429 4201
4429,4421 4193 4201
4500,4425 4197 4426 4198 4272
4298,4177 4187 3787 3907
4300,4177 4189 3789 3909
4516,4426 4198 4288
4442,4422 4194 4214
4239,4174 3774 4179 3779 3839
4313,4178 4187 3787 3927
4315,4178 4189 3789 3929
4667,4668
4668,4649 4214
4649,4442 4214
4595,4596
4596,4431 3802
4431,4421 4193 4203 3802
4257,4175 3775 4179 3779 3859
4443,4422 4194 4423 4195 4215
4327,4179 4187 3787 3947
4329,4179 4189 3789 3949
4445,4422 4194 4425 4197 4217
4274,4176 4179 3779 3879
4340,4180 3780 4187 3787 3967
4342,4180 3780 4189 3789 3969
4704,4705
4705,4651 4216
4651,4649 4214 4444 4216
4464,4423 4195 4425 4197 4236
4290,4177 4179 3779 3899
4352,4181 3781 4187 3787 3987
4354,4181 3781 4189 3789 3989
4686,4687
4687,4650 4215
4650,4649 4214 4443 4215
4482,4424 4196 4425 4197 4254 3856
4305,4178 3778 4179 3779 3919
4737,4738
4738,4653 3817
4653,4649 4214 4446 3817
4365,4182 3782 4189 3789 4009
4363,4182 3782 4187 3787 4007
4669,4650 4215 4462 4234
4499,4425 4197 4271
4688,4651 4216 4481 4253
4202,4172 3772 4181 3781 3801
4375,4183 3783 4189 3789 4029
4373,4183 3783 4187 3787 4027
4447,4422 4194 4427 4199 4219
4690,4651 4216 4653 3817 4483 4255
4670,4650 4215 4651 4216 4463 4235
4222,4173 3773 4181 3781 3821
4384,4184 3784 4189 3789 4049
4382,4184 3784 4187 3787 4047
4723,4653 3817 4516 4288
4466,4423 4195 4427 4199 4238
4241,4174 3774 4181 3781 3841
4873,4874
4874,4856 4462
4856,4669 4462
4392,4185 3785 4189 3789 4069
4390,4185 3785 4187 3787 4067
4484,4424 4196 4427 4199 4256
4501,4425 4197 4427 4199 4273
4259,4175 3775 4181 3781 3861
4399,4186 3786 4189 3789 4089
4532,4427 4199 4304 3918
4397,4186 3786 4187 3787 4087
4517,4426 4198 4427 4199 4289 3898
4403,4187 3787 4107
4276,4176 4181 3781 3881
4405,4187 3787 4189 3789 4109
4468,4423 4195 4429 4201 4240
4449,4422 4194 4429 4201 4221
4891,4892
4892,4857 4463
4857,4856 4462 4670 4463
4292,4177 4181 3781 3901
4410,4188 3788 4189 3789 4129
4486,4424 4196 4429 4201 4258 3860
4503,4425 4197 4429 4201 4275 3880
4875,4857 4463 4688 4481
4635,4636
4636,4436 3807
4436,4421 4193 4208 3807
4414,4189 3789 4149
4307,4178 4181 3781 3921
4534,4427 4199 4429 4201 4306 3920
4519,4426 4198 4429 4201 4291 3900
4456,4422 4194 4436 3807 4228 3827
5059,5060
5060,5043 4688
5043,4875 4688
4561,4429 4201 4333 3960
4321,4179 4181 3781 3941
4451,4422 4194 4431 3802 4223 3822
4644,4645
4645,4438 3809
4438,4421 4193 4210 3809
4475,4423 4195 4436 3807 4247 3847
4346,4181 3781 3981
4488,4424 4196 4431 3802 4260 3862
4470,4423 4195 4431 3802 4242 3842
4458,4422 4194 4438 3809 4230 3829
4493,4424 4196 4436 3807 4265 3867
4204,4172 3772 4183 3783 3803
4505,4425 4197 4431 3802 4277 3882
4802,4803
4803,4658 4223
4658,4649 4214 4451 4223
4477,4423 4195 4438 3809 4249 3849
4510,4425 4197 4436 3807 4282 3887
4521,4426 4198 4431 3802 4293 3902
4224,4173 3773 4183 3783 3823
4536,4427 4199 4431 3802 4308 3922
4677,4650 4215 4658 4223 4470 4242
4495,4424 4196 4438 3809 4267 3869
4526,4426 4198 4436 3807 4298 3907
4243,4174 3774 4183 3783 3843
4695,4651 4216 4658 4223 4488 4260
4563,4429 4201 4431 3802 4335 3962
4728,4653 3817 4658 4223 4521 4293
4512,4425 4197 4438 3809 4284 3889
4586,4431 3802 4358
4541,4427 4199 4436 3807 4313 3927
4261,4175 3775 4183 3783 3863
4528,4426 4198 4438 3809 4300 3909
4989,4990
4990,4864 4242
4864,4856 4462 4677 4242
4568,4429 4201 4436 3807 4340 3967
4278,4176 4183 3783 3883
4752,4753
4753,4654 4219
4654,4649 4214 4447 4219
4543,4427 4199 4438 3809 4315 3929
4882,4857 4463 4864 4242 4695 4260
4591,4431 3802 4436 3807 4363 4007
4721,4722
4722,4652 4217
4652,4649 4214 4445 4217
4294,4177 4183 3783 3903
4631,4436 3807 4403 4107
4570,4429 4201 4438 3809 4342 3969
4309,4178 4183 3783 3923
4779,4780
4780,4656 4221
4656,4649 4214 4449 4221
5157,5158
5158,5050 4260
4671,4650 4215 4652 4217 4464 4236
5050,5043 4688 4882 4260
4593,4431 3802 4438 3809 4365 4009
4793,4658 4223 4586 4358
4323,4179 4183 3783 3943
4842,4843
4843,4663 3827
4663,4649 4214 4456 3827
4673,4650 4215 4654 4219 4466 4238
4633,4436 3807 4438 3809 4405 4109
4689,4651 4216 4652 4217 4482 4254
4691,4651 4216 4654 4219 4484 4256
4336,4180 3780 4183 3783 3963
4682,4650 4215 4663 3827 4475 3847
4642,4438 3809 4414 4149
4706,4652 4217 4499 4271
4724,4653 3817 4654 4219 4517 4289
4939,4940
4940,4860 4238
4860,4856 4462 4673 4238
4348,4181 3781 4183 3783 3983
4700,4651 4216 4663 3827 4493 3867
4739,4654 4219 4532 4304
4878,4857 4463 4860 4238 4691 4256
4851,4852
4852,4665 3829
4665,4649 4214 4458 3829
4359,4182 3782 4183 3783 4003
4717,4652 4217 4663 3827 4510 3887
4707,4652 4217 4653 3817 4500 4272
4743,4654 4219 4658 4223 4536 4308
4369,4183 3783 4023
4684,4650 4215 4665 3829 4477 3849
4733,4653 3817 4663 3827 4526 3907
4675,4650 4215 4656 4221 4468 4240
5107,5108
5108,5046 4256
5046,5043 4688 4878 4256
4708,4652 4217 4654 4219 4501 4273
4205,4172 3772 4184 3784 3804
4702,4651 4216 4665 3829 4495 3869
4748,4654 4219 4663 3827 4541 3927
4693,4651 4216 4656 4221 4486 4258
4710,4652 4217 4656 4221 4503 4275
4225,4173 3773 4184 3784 3824
4719,4652 4217 4665 3829 4512 3889
4775,4656 4221 4663 3827 4568 3967
4712,4652 4217 4658 4223 4505 4277
4726,4653 3817 4656 4221 4519 4291
4741,4654 4219 4656 4221 4534 4306
4735,4653 3817 4665 3829 4528 3909
4244,4174 3774 4184 3784 3844
4798,4658 4223 4663 3827 4591 4007
4768,4656 4221 4561 4333
4770,4656 4221 4658 4223 4563 4335
4838,4663 3827 4631 4107
4750,4654 4219 4665 3829 4543 3929
4980,4864 4242 4793 4358
4262,4175 3775 4184 3784 3864
4926,4860 4238 4739 4304
4908,4909
4909,4858 4236
4858,4856 4462 4671 4236
4777,4656 4221 4665 3829 4570 3969
5094,5046 4256 4926 4304
4930,4860 4238 4864 4242 4743 4308
4279,4176 4184 3784 3884
5029,5030
5030,4869 3847
4869,4856 4462 4682 3847
5148,5050 4260 4980 4358
4800,4658 4223 4665 3829 4593 4009
4295,4177 4184 3784 3904
4876,4857 4463 4858 4236 4689 4254
5098,5046 4256 5050 4260 4930 4308
4887,4857 4463 4869 3847 4700 3867
4966,4967
4967,4862 4240
4862,4856 4462 4675 4240
4840,4663 3827 4665 3829 4633 4109
4310,4178 4184 3784 3924
4893,4858 4236 4706 4271
4849,4665 3829 4642 4149
4904,4858 4236 4869 3847 4717 3887
4880,4857 4463 4862 4240 4693 4258
4324,4179 4184 3784 3944
4935,4860 4238 4869 3847 4748 3927
4985,4864 4242 4869 3847 4798 4007
5038,5039
5039,4871 3849
4871,4856 4462 4684 3849
4897,4858 4236 4862 4240 4710 4275
4895,4858 4236 4860 4238 4708 4273
5025,4869 3847 4838 4107
4337,4180 3780 4184 3784 3964
4928,4860 4238 4862 4240 4741 4306
4889,4857 4463 4871 3849 4702 3869
4906,4858 4236 4871 3849 4719 3889
4349,4181 3781 4184 3784 3984
4899,4858 4236 4864 4242 4712 4277
4955,4862 4240 4768 4333
5197,5198
5198,5055 3867
5055,5043 4688 4887 3867
4937,4860 4238 4871 3849 4750 3929
4964,4862 4240 4871 3849 4777 3969
4360,4182 3782 4184 3784 4004
4957,4862 4240 4864 4242 4770 4335
5103,5046 4256 5055 3867 4935 3927
4987,4864 4242 4871 3849 4800 4009
5027,4869 3847 4871 3849 4840 4109
4370,4183 3783 4184 3784 4024
5036,4871 3849 4849 4149
4962,4862 4240 4869 3847 4775 3967
5153,5050 4260 5055 3867 4985 4007
5076,5077
5077,5044 4254
5044,5043 4688 4876 4254
4379,4184 3784 4044
5193,5055 3867 5025 4107
4206,4172 3772 4185 3785 3805
5206,5207
5207,5057 3869
5057,5043 4688 4889 3869
5061,5044 4254 4893 4271
4226,4173 3773 4185 3785 3825
4245,4174 3774 4185 3785 3845
5134,5135
5135,5048 4258
5048,5043 4688 4880 4258
5074,5044 4254 5057 3869 4906 3889
5063,5044 4254 5046 4256 4895 4273
4263,4175 3775 4185 3785 3865
5065,5044 4254 5048 4258 4897 4275
4280,4176 4185 3785 3885
4622,4623
4623,4434 3805
4434,4421 4193 4206 3805
5105,5046 4256 5057 3869 4937 3929
5067,5044 4254 5050 4260 4899 4277
5096,5046 4256 5048 4258 4928 4306
4296,4177 4185 3785 3905
4311,4178 4185 3785 3925
4454,4422 4194 4434 3805 4226 3825
5155,5050 4260 5057 3869 4987 4009
5123,5048 4258 4955 4333
5072,5044 4254 5055 3867 4904 3887
4539,4427 4199 4434 3805 4311 3925
4325,4179 4185 3785 3945
4473,4423 4195 4434 3805 4245 3845
5195,5055 3867 5057 3869 5027 4109
5125,5048 4258 5050 4260 4957 4335
5226,5227
5227,5211 4271
5211,5061 4271
4491,4424 4196 4434 3805 4263 3865
4508,4425 4197 4434 3805 4280 3885
4338,4180 3780 4185 3785 3965
5204,5057 3869 5036 4149
5130,5048 4258 5055 3867 4962 3967
4618,4434 3805 4436 3807 4390 4067
4620,4434 3805 4438 3809 4392 4069
4350,4181 3781 4185 3785 3985
5257,5258
5258,5213 4273
5213,5211 4271 5063 4273
5132,5048 4258 5057 3869 4964 3969
4829,4830
4830,4661 3825
4661,4649 4214 4454 3825
4361,4182 3782 4185 3785 4005
4371,4183 3783 4185 3785 4025
4380,4184 3784 4185 3785 4045
4388,4185 3785 4065
4680,4650 4215 4661 3825 4473 3845
4616,4434 3805 4388 4065
4589,4431 3802 4434 3805 4361 4005
5284,5285
5285,5215 4275
4227,4173 3773 4186 3786 3826
4207,4172 3772 4186 3786 3806
5215,5211 4271 5065 4275
4823,4661 3825 4616 4065
4698,4651 4216 4661 3825 4491 3865
4796,4658 4223 4661 3825 4589 4005
4246,4174 3774 4186 3786 3846
4715,4652 4217 4661 3825 4508 3885
4746,4654 4219 4661 3825 4539 3925
4629,4630
4630,4435 3806
4435,4421 4193 4207 3806
5307,5308
5308,5217 4277
5217,5211 4271 5067 4277
4264,4175 3775 4186 3786 3866
4281,4176 4186 3786 3886
4825,4661 3825 4663 3827 4618 4067
4827,4661 3825 4665 3829 4620 4069
4455,4422 4194 4435 3806 4227 3826
4492,4424 4196 4435 3806 4264 3866
4297,4177 4186 3786 3906
5347,5348
5348,5222 3887
5222,5211 4271 5072 3887
4474,4423 4195 4435 3806 4246 3846
4625,4435 3806 4436 3807 4397 4087
4627,4435 3806 4438 3809 4399 4089
5016,5017
5017,4867 3845
4867,4856 4462 4680 3845
4312,4178 4186 3786 3926
4326,4179 4186 3786 3946
4339,4180 3780 4186 3786 3966
4885,4857 4463 4867 3845 4698 3865
4836,4837
4351,4181 3781 4186 3786 3986
4837,4662 3826
4662,4649 4214 4455 3826
5356,5357
5357,5224 3889
5224,5211 4271 5074 3889
4567,4429 4201 4435 3806 4339 3966
4362,4182 3782 4186 3786 4006
5244,5213 4273 5094 4304
4902,4858 4236 4867 3845 4715 3885
4681,4650 4215 4662 3826 4474 3846
4372,4183 3783 4186 3786 4026
4774,4656 4221 4662 3826 4567 3966
4590,4431 3802 4435 3806 4362 4006
4933,4860 4238 4867 3845 4746 3925
5246,5213 4273 5215 4275 5096 4306
4699,4651 4216 4662 3826 4492 3866
4381,4184 3784 4186 3786 4046
5273,5215 4275 5123 4333
4797,4658 4223 4662 3826 4590 4006
4389,4185 3785 4186 3786 4066
4396,4186 3786 4086
4983,4864 4242 4867 3845 4796 4005
4832,4662 3826 4663 3827 4625 4087
5010,4867 3845 4823 4065
5248,5213 4273 5217 4277 5098 4308
4617,4434 3805 4435 3806 4389 4066
4209,4172 3772 4188 3788 3808
4229,4173 3773 4188 3788 3828
4834,4662 3826 4665 3829 4627 4089
4824,4661 3825 4662 3826 4617 4066
5012,4867 3845 4869 3847 4825 4067
5275,5215 4275 5217 4277 5125 4335
4248,4174 3774 4188 3788 3848
5298,5217 4277 5148 4358
4640,4641
4641,4437 3808
4437,4421 4193 4209 3808
4266,4175 3775 4188 3788 3868
5014,4867 3845 4871 3849 4827 4069
5023,5024
5024,4868 3846
4868,4856 4462 4681 3846
4283,4176 4188 3788 3888
5253,5213 4273 5222 3887 5103 3927
4457,4422 4194 4437 3808 4229 3828
4494,4424 4196 4437 3808 4266 3868
4886,4857 4463 4868 3846 4699 3866
4299,4177 4188 3788 3908
5280,5215 4275 5222 3887 5130 3967
4476,4423 4195 4437 3808 4248 3848
5184,5185
5185,5053 3865
5053,5043 4688 4885 3865
4638,4437 3808 4438 3809 4410 4129
4961,4862 4240 4868 3846 4774 3966
4314,4178 4188 3788 3928
5303,5217 4277 5222 3887 5153 4007
5070,5044 4254 5053 3865 4902 3885
4328,4179 4188 3788 3948
4984,4864 4242 4868 3846 4797 4006
5343,5222 3887 5193 4107
4341,4180 3780 4188 3788 3968
4847,4848
4848,4664 3828
4664,4649 4214 4457 3828
5101,5046 4256 5053 3865 4933 3925
4353,4181 3781 4188 3788 3988
5011,4867 3845 4868 3846 4824 4066
5255,5213 4273 5224 3889 5105 3929
4683,4650 4215 4664 3828 4476 3848
4364,4182 3782 4188 3788 4008
5151,5050 4260 5053 3865 4983 4005
4701,4651 4216 4664 3828 4494 3868
5019,4868 3846 4869 3847 4832 4087
5282,5215 4275 5224 3889 5132 3969
4845,4664 3828 4665 3829 4638 4129
4374,4183 3783 4188 3788 4028
5178,5053 3865 5010 4065
5021,4868 3846 4871 3849 4834 4089
5305,5217 4277 5224 3889 5155 4009
4383,4184 3784 4188 3788 4048
4391,4185 3785 4188 3788 4068
5180,5053 3865 5055 3867 5012 4067
5034,5035
5035,4870 3848
4870,4856 4462 4683 3848
5345,5222 3887 5224 3889 5195 4109
4398,4186 3786 4188 3788 4088
5182,5053 3865 5057 3869 5014 4069
4404,4187 3787 4188 3788 4108
4888,4857 4463 4870 3848 4701 3868
5191,5192
5192,5054 3866
5054,5043 4688 4886 3866
5354,5224 3889 5204 4149
4409,4188 3788 4128
4626,4435 3806 4437 3808 4398 4088
5032,4870 3848 4871 3849 4845 4129
5129,5048 4258 5054 3866 4961 3966
5152,5050 4260 5054 3866 4984 4006
5334,5335
5335,5220 3885
5220,5211 4271 5070 3885
4211,4172 3772 4190 3790 3810
4833,4662 3826 4664 3828 4626 4088
5179,5053 3865 5054 3866 5011 4066
5187,5054 3866 5055 3867 5019 4087
5202,5203
5203,5056 3868
5056,5043 4688 4888 3868
4231,4173 3773 4190 3790 3830
5251,5213 4273 5220 3885 5101 3925
5020,4868 3846 4870 3848 4833 4088
5189,5054 3866 5057 3869 5021 4089
5328,5220 3885 5178 4065
5301,5217 4277 5220 3885 5151 4005
5200,5056 3868 5057 3869 5032 4129
5188,5054 3866 5056 3868 5020 4088
4250,4174 3774 4190 3790 3850
4268,4175 3775 4190 3790 3870
5330,5220 3885 5222 3887 5180 4067
5332,5220 3885 5224 3889 5182 4069
4285,4176 4190 3790 3890
4301,4177 4190 3790 3910
4316,4178 4190 3790 3930
4330,4179 4190 3790 3950
4343,4180 3780 4190 3790 3970
4355,4181 3781 4190 3790 3990
4366,4182 3782 4190 3790 4010
4376,4183 3783 4190 3790 4030
4385,4184 3784 4190 3790 4050
4393,4185 3785 4190 3790 4070
4400,4186 3786 4190 3790 4090
4406,4187 3787 4190 3790 4110
4418,4190 3790 4170
4411,4188 3788 4190 3790 4130
4415,4189 3789 4190 3790 4150
4465,4423 4195 4426 4198 4237 3837
4524,4426 4198 4434 3805 4296 3905
4559,4560
4560,4428 3799
4428,4421 4193 4200 3799
4605,4606
4606,4432 3803
4432,4421 4193 4204 3803
4584,4585
4585,4430 3801
4430,4421 4193 4202 3801
4614,4615
4615,4433 3804
4433,4421 4193 4205 3804
4672,4650 4215 4653 3817 4465 3837
4731,4653 3817 4661 3825 4524 3905
4448,4422 4194 4428 3799 4220 3819
4450,4422 4194 4430 3801 4222 3821
4566,4429 4201 4434 3805 4338 3965
4453,4422 4194 4433 3804 4225 3824
4509,4425 4197 4435 3806 4281 3886
4924,4925
4925,4859 3837
4859,4856 4462 4672 3837
4467,4423 4195 4428 3799 4239 3839
4469,4423 4195 4430 3801 4241 3841
4525,4426 4198 4435 3806 4297 3906
4472,4423 4195 4433 3804 4244 3844
4716,4652 4217 4662 3826 4509 3886
4877,4857 4463 4859 3837 4690 4483
4487,4424 4196 4430 3801 4259 3861
4485,4424 4196 4428 3799 4257 3859
4490,4424 4196 4433 3804 4262 3864
4540,4427 4199 4435 3806 4312 3926
4903,4858 4236 4868 3846 4716 3886
4624,4435 3806 4396 4086
4894,4858 4236 4859 3837 4707 4500
4502,4425 4197 4428 3799 4274 3879
4504,4425 4197 4430 3801 4276 3881
4507,4425 4197 4433 3804 4279 3884
4910,4859 3837 4723 4516
5071,5044 4254 5054 3866 4903 3886
4511,4425 4197 4437 3808 4283 3888
4520,4426 4198 4430 3801 4292 3901
4518,4426 4198 4428 3799 4290 3899
4523,4426 4198 4433 3804 4295 3904
4911,4859 3837 4860 4238 4724 4289
4527,4426 4198 4437 3808 4299 3908
4538,4427 4199 4433 3804 4310 3924
4535,4427 4199 4430 3801 4307 3921
4533,4427 4199 4428 3799 4305 3919
5341,5342
5342,5221 3886
5221,5211 4271 5071 3886
4913,4859 3837 4862 4240 4726 4291
4547,4428 3799 4319
4542,4427 4199 4437 3808 4314 3928
4552,4428 3799 4433 3804 4324 3944
4549,4428 3799 4430 3801 4321 3941
5279,5215 4275 5221 3886 5129 3966
4915,4859 3837 4864 4242 4728 4293
4548,4428 3799 4429 4201 4320 3940
4569,4429 4201 4437 3808 4341 3968
4562,4429 4201 4430 3801 4334 3961
4565,4429 4201 4433 3804 4337 3964
5302,5217 4277 5221 3886 5152 4006
4918,4859 3837 4867 3845 4731 3905
4574,4430 3801 4346 3981
4550,4428 3799 4431 3802 4322 3942
4592,4431 3802 4437 3808 4364 4008
4577,4430 3801 4433 3804 4349 3984
5329,5220 3885 5221 3886 5179 4066
4920,4859 3837 4869 3847 4733 3907
4575,4430 3801 4431 3802 4347
4551,4428 3799 4432 3803 4323 3943
4619,4434 3805 4437 3808 4391 4068
4588,4431 3802 4433 3804 4360 4004
5337,5221 3886 5222 3887 5187 4087
4922,4859 3837 4871 3849 4735 3909
4576,4430 3801 4432 3803 4348 3983
4553,4428 3799 4434 3805 4325 3945
4632,4436 3807 4437 3808 4404 4108
4598,4432 3803 4433 3804 4370 4024
5339,5221 3886 5224 3889 5189 4089
4637,4437 3808 4409 4128
4578,4430 3801 4434 3805 4350 3985
4607,4433 3804 4379 4044
4554,4428 3799 4435 3806 4326 3946
5092,5093
5093,5045 4690
5045,5043 4688 4877 4690
4452,4422 4194 4432 3803 4224 3823
4579,4430 3801 4435 3806 4351 3986
4608,4433 3804 4434 3805 4380 4045
4555,4428 3799 4436 3807 4327 3947
4647,4648
4648,4439 3810
4439,4421 4193 4211 3810
5062,5044 4254 5045 4690 4894 4500
4580,4430 3801 4436 3807 4352 3987
4609,4433 3804 4435 3806 4381 4046
4471,4423 4195 4432 3803 4243 3843
4556,4428 3799 4437 3808 4328 3948
5078,5045 4690 4910 4723
4459,4422 4194 4439 3810 4231 3830
4581,4430 3801 4437 3808 4353 3988
4610,4433 3804 4436 3807 4382 4047
4489,4424 4196 4432 3803 4261 3863
4557,4428 3799 4438 3809 4329 3949
5079,5045 4690 5046 4256 4911 4289
4478,4423 4195 4439 3810 4250 3850
4611,4433 3804 4437 3808 4383 4048
4582,4430 3801 4438 3809 4354 3989
4506,4425 4197 4432 3803 4278 3883
5081,5045 4690 5048 4258 4913 4291
4496,4424 4196 4439 3810 4268 3870
4766,4767
4612,4433 3804 4438 3809 4384 4049
4767,4655 3819
4655,4649 4214 4448 3819
4522,4426 4198 4432 3803 4294 3903
5083,5045 4690 5050 4260 4915 4293
4513,4425 4197 4439 3810 4285 3890
4791,4792
4792,4657 3821
4657,4649 4214 4450 3821
4674,4650 4215 4655 3819 4467 3839
4537,4427 4199 4432 3803 4309 3923
5086,5045 4690 5053 3865 4918 3905
4529,4426 4198 4439 3810 4301 3910
4821,4822
4822,4660 3824
4660,4649 4214 4453 3824
4676,4650 4215 4657 3821 4469 3841
4692,4651 4216 4655 3819 4485 3859
4564,4429 4201 4432 3803 4336 3963
5088,5045 4690 5055 3867 4920 3907
4544,4427 4199 4439 3810 4316 3930
4679,4650 4215 4660 3824 4472 3844
4694,4651 4216 4657 3821 4487 3861
4709,4652 4217 4655 3819 4502 3879
4587,4431 3802 4432 3803 4359 4003
5090,5045 4690 5057 3869 4922 3909
4558,4428 3799 4439 3810 4330 3950
4697,4651 4216 4660 3824 4490 3864
4711,4652 4217 4657 3821 4504 3881
4597,4432 3803 4369 4023
4725,4653 3817 4655 3819 4518 3899
4571,4429 4201 4439 3810 4343 3970
4714,4652 4217 4660 3824 4507 3884
4727,4653 3817 4657 3821 4520 3901
4599,4432 3803 4434 3805 4371 4025
4740,4654 4219 4655 3819 4533 3919
5242,5243
5243,5212 4500
5212,5211 4271 5062 4500
4583,4430 3801 4439 3810 4355 3990
4730,4653 3817 4660 3824 4523 3904
4742,4654 4219 4657 3821 4535 3921
4754,4655 3819 4547 4319
4600,4432 3803 4435 3806 4372 4026
5228,5212 4500 5078 4723
4594,4431 3802 4439 3810 4366 4010
4745,4654 4219 4660 3824 4538 3924
4756,4655 3819 4657 3821 4549 3941
4755,4655 3819 4656 4221 4548 4320
4601,4432 3803 4436 3807 4373 4027
5229,5212 4500 5213 4273 5079 4289
4604,4432 3803 4439 3810 4376 4030
4759,4655 3819 4660 3824 4552 3944
4769,4656 4221 4657 3821 4562 4334
4757,4655 3819 4658 4223 4550 4322
4602,4432 3803 4437 3808 4374 4028
5231,5212 4500 5215 4275 5081 4291
4781,4657 3821 4574 3981
4613,4433 3804 4439 3810 4385 4050
4772,4656 4221 4660 3824 4565 3964
4760,4655 3819 4661 3825 4553 3945
4603,4432 3803 4438 3809 4375 4029
5233,5212 4500 5217 4277 5083 4293
4782,4657 3821 4658 4223 4575 4347
4621,4434 3805 4439 3810 4393 4070
4784,4657 3821 4660 3824 4577 3984
4761,4655 3819 4662 3826 4554 3946
4773,4656 4221 4661 3825 4566 3965
5236,5212 4500 5220 3885 5086 3905
4785,4657 3821 4661 3825 4578 3985
4628,4435 3806 4439 3810 4400 4090
4795,4658 4223 4660 3824 4588 4004
4762,4655 3819 4663 3827 4555 3947
4732,4653 3817 4662 3826 4525 3906
5238,5212 4500 5222 3887 5088 3907
4814,4660 3824 4607 4044
4786,4657 3821 4662 3826 4579 3986
4634,4436 3807 4439 3810 4406 4110
4763,4655 3819 4664 3828 4556 3948
4747,4654 4219 4662 3826 4540 3926
5240,5212 4500 5224 3889 5090 3909
4815,4660 3824 4661 3825 4608 4045
4787,4657 3821 4663 3827 4580 3987
4639,4437 3808 4439 3810 4411 4130
4831,4662 3826 4624 4086
4764,4655 3819 4665 3829 4557 3949
5375,5376
5376,5361 4723
5361,5228 4723
4816,4660 3824 4662 3826 4609 4046
4788,4657 3821 4664 3828 4581 3988
4643,4438 3809 4439 3810 4415 4150
4718,4652 4217 4664 3828 4511 3888
4817,4660 3824 4663 3827 4610 4047
4646,4439 3810 4418 4170
4789,4657 3821 4665 3829 4582 3989
5390,5391
5391,5362 4289
5362,5361 4723 5229 4289
4734,4653 3817 4664 3828 4527 3908
4953,4954
4954,4861 3839
4861,4856 4462 4674 3839
4818,4660 3824 4664 3828 4611 4048
4749,4654 4219 4664 3828 4542 3928
4879,4857 4463 4861 3839 4692 3859
4854,4855
4855,4666 3830
4666,4649 4214 4459 3830
4978,4979
4979,4863 3841
4863,4856 4462 4676 3841
4819,4660 3824 4665 3829 4612 4049
5417,5418
5418,5364 4291
5364,5361 4723 5231 4291
4776,4656 4221 4664 3828 4569 3968
4896,4858 4236 4861 3839 4709 3879
4881,4857 4463 4863 3841 4694 3861
4685,4650 4215 4666 3830 4478 3850
4799,4658 4223 4664 3828 4592 4008
4912,4859 3837 4861 3839 4725 3899
5440,5441
5441,5366 4293
5366,5361 4723 5233 4293
5008,5009
5009,4866 3844
4866,4856 4462 4679 3844
4898,4858 4236 4863 3841 4711 3881
4703,4651 4216 4666 3830 4496 3870
4826,4661 3825 4664 3828 4619 4068
4927,4860 4238 4861 3839 4740 3919
4884,4857 4463 4866 3844 4697 3864
4914,4859 3837 4863 3841 4727 3901
4720,4652 4217 4666 3830 4513 3890
4941,4861 3839 4754 4319
5467,5468
5468,5369 3905
5369,5361 4723 5236 3905
4839,4663 3827 4664 3828 4632 4108
4901,4858 4236 4866 3844 4714 3884
4929,4860 4238 4863 3841 4742 3921
4736,4653 3817 4666 3830 4529 3910
4844,4664 3828 4637 4128
4942,4861 3839 4862 4240 4755 4320
4917,4859 3837 4866 3844 4730 3904
4943,4861 3839 4863 3841 4756 3941
4751,4654 4219 4666 3830 4544 3930
5480,5481
5481,5371 3907
5371,5361 4723 5238 3907
4944,4861 3839 4864 4242 4757 4322
4932,4860 4238 4866 3844 4745 3924
4956,4862 4240 4863 3841 4769 4334
4812,4813
4813,4659 3823
4659,4649 4214 4452 3823
4765,4655 3819 4666 3830 4558 3950
4947,4861 3839 4867 3845 4760 3945
4968,4863 3841 4781 3981
4946,4861 3839 4866 3844 4759 3944
5489,5490
5490,5373 3909
5373,5361 4723 5240 3909
4960,4862 4240 4867 3845 4773 3965
4778,4656 4221 4666 3830 4571 3970
4948,4861 3839 4868 3846 4761 3946
5377,5362 4289 5244 4304
4969,4863 3841 4864 4242 4782 4347
4959,4862 4240 4866 3844 4772 3964
4919,4859 3837 4868 3846 4732 3906
4790,4657 3821 4666 3830 4583 3990
4949,4861 3839 4869 3847 4762 3947
5379,5362 4289 5364 4291 5246 4306
4972,4863 3841 4867 3845 4785 3985
4971,4863 3841 4866 3844 4784 3984
4934,4860 4238 4868 3846 4747 3926
4801,4658 4223 4666 3830 4594 4010
5406,5364 4291 5273 4333
4950,4861 3839 4870 3848 4763 3948
4973,4863 3841 4868 3846 4786 3986
5018,4868 3846 4831 4086
4982,4864 4242 4866 3844 4795 4004
4820,4660 3824 4666 3830 4613 4050
5381,5362 4289 5366 4293 5248 4308
5001,4866 3844 4814 4044
4951,4861 3839 4871 3849 4764 3949
4974,4863 3841 4869 3847 4787 3987
4905,4858 4236 4870 3848 4718 3888
4828,4661 3825 4666 3830 4621 4070
5408,5364 4291 5366 4293 5275 4335
5002,4866 3844 4867 3845 4815 4045
4975,4863 3841 4870 3848 4788 3988
4921,4859 3837 4870 3848 4734 3908
5431,5366 4293 5298 4358
5121,5122
5122,5047 3859
4835,4662 3826 4666 3830 4628 4090
5047,5043 4688 4879 3859
5003,4866 3844 4868 3846 4816 4046
4976,4863 3841 4871 3849 4789 3989
4936,4860 4238 4870 3848 4749 3928
5384,5362 4289 5369 3905 5251 3925
4841,4663 3827 4666 3830 4634 4110
5064,5044 4254 5047 3859 4896 3879
5004,4866 3844 4869 3847 4817 4047
4963,4862 4240 4870 3848 4776 3968
5434,5366 4293 5369 3905 5301 4005
4846,4664 3828 4666 3830 4639 4130
5080,5045 4690 5047 3859 4912 3899
5005,4866 3844 4870 3848 4818 4048
5146,5147
5147,5049 3861
5049,5043 4688 4881 3861
5461,5369 3905 5328 4065
4986,4864 4242 4870 3848 4799 4008
5095,5046 4256 5047 3859 4927 3919
4850,4665 3829 4666 3830 4643 4150
5006,4866 3844 4871 3849 4819 4049
5066,5044 4254 5049 3861 4898 3881
5386,5362 4289 5371 3907 5253 3927
5013,4867 3845 4870 3848 4826 4068
4853,4666 3830 4646 4170
5109,5047 3859 4941 4319
5082,5045 4690 5049 3861 4914 3901
5413,5364 4291 5371 3907 5280 3967
5026,4869 3847 4870 3848 4839 4108
5110,5047 3859 5048 4258 4942 4320
5176,5177
5177,5052 3864
5052,5043 4688 4884 3864
5097,5046 4256 5049 3861 4929 3921
5031,4870 3848 4844 4128
5436,5366 4293 5371 3907 5303 4007
5041,5042
5042,4872 3850
4872,4856 4462 4685 3850
5112,5047 3859 5050 4260 4944 4322
5069,5044 4254 5052 3864 4901 3884
5111,5047 3859 5049 3861 4943 3941
4678,4650 4215 4659 3823 4471 3843
5463,5369 3905 5371 3907 5330 4067
4890,4857 4463 4872 3850 4703 3870
5115,5047 3859 5053 3865 4947 3945
5085,5045 4690 5052 3864 4917 3904
5476,5371 3907 5343 4107
5124,5048 4258 5049 3861 4956 4334
4696,4651 4216 4659 3823 4489 3863
4907,4858 4236 4872 3850 4720 3890
5116,5047 3859 5054 3866 4948 3946
5136,5049 3861 4968 3981
5100,5046 4256 5052 3864 4932 3924
5388,5362 4289 5373 3909 5255 3929
4713,4652 4217 4659 3823 4506 3883
4923,4859 3837 4872 3850 4736 3910
5117,5047 3859 5055 3867 4949 3947
5114,5047 3859 5052 3864 4946 3944
5137,5049 3861 5050 4260 4969 4347
5415,5364 4291 5373 3909 5282 3969
4729,4653 3817 4659 3823 4522 3903
4938,4860 4238 4872 3850 4751 3930
5127,5048 4258 5052 3864 4959 3964
5118,5047 3859 5056 3868 4950 3948
5140,5049 3861 5053 3865 4972 3985
5438,5366 4293 5373 3909 5305 4009
4744,4654 4219 4659 3823 4537 3923
4952,4861 3839 4872 3850 4765 3950
5139,5049 3861 5052 3864 4971 3984
5141,5049 3861 5054 3866 4973 3986
5119,5047 3859 5057 3869 4951 3949
5465,5369 3905 5373 3909 5332 4069
4758,4655 3819 4659 3823 4551 3943
4965,4862 4240 4872 3850 4778 3970
5150,5050 4260 5052 3864 4982 4004
5142,5049 3861 5055 3867 4974 3987
5478,5371 3907 5373 3909 5345 4109
4771,4656 4221 4659 3823 4564 3963
5169,5052 3864 5001 4044
5271,5272
5272,5214 3879
5214,5211 4271 5064 3879
4977,4863 3841 4872 3850 4790 3990
5487,5373 3909 5354 4149
5143,5049 3861 5056 3868 4975 3988
4783,4657 3821 4659 3823 4576 3983
5170,5052 3864 5053 3865 5002 4045
5507,5508
5508,5494 4304
5494,5377 4304
5230,5212 4500 5214 3879 5080 3899
4988,4864 4242 4872 3850 4801 4010
5144,5049 3861 5057 3869 4976 3989
4794,4658 4223 4659 3823 4587 4003
5171,5052 3864 5054 3866 5003 4046
5007,4866 3844 4872 3850 4820 4050
5245,5213 4273 5214 3879 5095 3919
4804,4659 3823 4597 4023
5534,5535
5535,5496 4306
5496,5494 4304 5379 4306
5259,5214 3879 5109 4319
5172,5052 3864 5055 3867 5004 4047
5296,5297
5297,5216 3881
5216,5211 4271 5066 3881
5015,4867 3845 4872 3850 4828 4070
4805,4659 3823 4660 3824 4598 4024
5260,5214 3879 5215 4275 5110 4320
5173,5052 3864 5056 3868 5005 4048
5232,5212 4500 5216 3881 5082 3901
5022,4868 3846 4872 3850 4835 4090
5557,5558
5558,5498 4308
5498,5494 4304 5381 4308
4806,4659 3823 4661 3825 4599 4025
5262,5214 3879 5217 4277 5112 4322
5174,5052 3864 5057 3869 5006 4049
5247,5213 4273 5216 3881 5097 3921
5028,4869 3847 4872 3850 4841 4110
4807,4659 3823 4662 3826 4600 4026
5265,5214 3879 5220 3885 5115 3945
5584,5585
5585,5501 3925
5501,5494 4304 5384 3925
5261,5214 3879 5216 3881 5111 3941
5033,4870 3848 4872 3850 4846 4130
4808,4659 3823 4663 3827 4601 4027
5326,5327
5327,5219 3884
5219,5211 4271 5069 3884
5266,5214 3879 5221 3886 5116 3946
5274,5215 4275 5216 3881 5124 4334
5037,4871 3849 4872 3850 4850 4150
4809,4659 3823 4664 3828 4602 4028
5597,5598
5235,5212 4500 5219 3884 5085 3904
5598,5503 3927
5503,5494 4304 5386 3927
5286,5216 3881 5136 3981
5040,4872 3850 4853 4170
5267,5214 3879 5222 3887 5117 3947
4810,4659 3823 4665 3829 4603 4029
5250,5213 4273 5219 3884 5100 3924
5287,5216 3881 5217 4277 5137 4347
5269,5214 3879 5224 3889 5119 3949
5606,5607
5607,5505 3929
5505,5494 4304 5388 3929
5209,5210
5210,5058 3870
5058,5043 4688 4890 3870
5264,5214 3879 5219 3884 5114 3944
4811,4659 3823 4666 3830 4604 4030
5290,5216 3881 5220 3885 5140 3985
5523,5496 4306 5406 4333
5404,5405
5405,5363 3899
5363,5361 4723 5230 3899
5277,5215 4275 5219 3884 5127 3964
5075,5044 4254 5058 3870 4907 3890
5291,5216 3881 5221 3886 5141 3986
5128,5048 4258 5053 3865 4960 3965
5525,5496 4306 5498 4308 5408 4335
5289,5216 3881 5219 3884 5139 3984
5378,5362 4289 5363 3899 5245 3919
5091,5045 4690 5058 3870 4923 3910
5292,5216 3881 5222 3887 5142 3987
5548,5498 4308 5431 4358
5087,5045 4690 5054 3866 4919 3906
5392,5363 3899 5259 4319
5300,5217 4277 5219 3884 5150 4004
5106,5046 4256 5058 3870 4938 3930
5102,5046 4256 5054 3866 4934 3926
5294,5216 3881 5224 3889 5144 3989
5551,5498 4308 5501 3925 5434 4005
5319,5219 3884 5169 4044
5393,5363 3899 5364 4291 5260 4320
5186,5054 3866 5018 4086
5578,5501 3925 5461 4065
5120,5047 3859 5058 3870 4952 3950
5320,5219 3884 5220 3885 5170 4045
5395,5363 3899 5366 4293 5262 4322
5530,5496 4306 5503 3927 5413 3967
5073,5044 4254 5056 3868 4905 3888
5429,5430
5430,5365 3901
5365,5361 4723 5232 3901
5133,5048 4258 5058 3870 4965 3970
5321,5219 3884 5221 3886 5171 4046
5398,5363 3899 5369 3905 5265 3945
5553,5498 4308 5503 3927 5436 4007
5089,5045 4690 5056 3868 4921 3908
5380,5362 4289 5365 3901 5247 3921
5145,5049 3861 5058 3870 4977 3990
5322,5219 3884 5222 3887 5172 4047
5400,5363 3899 5371 3907 5267 3947
5580,5501 3925 5503 3927 5463 4067
5104,5046 4256 5056 3868 4936 3928
5394,5363 3899 5365 3901 5261 3941
5156,5050 4260 5058 3870 4988 4010
5593,5503 3927 5476 4107
5324,5219 3884 5224 3889 5174 4049
5402,5363 3899 5373 3909 5269 3949
5131,5048 4258 5056 3868 4963 3968
5407,5364 4291 5365 3901 5274 4334
5175,5052 3864 5058 3870 5007 4050
5532,5496 4306 5505 3929 5415 3969
5419,5365 3901 5286 3981
5154,5050 4260 5056 3868 4986 4008
5183,5053 3865 5058 3870 5015 4070
5459,5460
5460,5368 3904
5368,5361 4723 5235 3904
5555,5498 4308 5505 3929 5438 4009
5521,5522
5522,5495 3919
5495,5494 4304 5378 3919
5420,5365 3901 5366 4293 5287 4347
5181,5053 3865 5056 3868 5013 4068
5190,5054 3866 5058 3870 5022 4090
5509,5495 3919 5392 4319
5383,5362 4289 5368 3904 5250 3924
5582,5501 3925 5505 3929 5465 4069
5423,5365 3901 5369 3905 5290 3985
5194,5055 3867 5056 3868 5026 4108
5196,5055 3867 5058 3870 5028 4110
5510,5495 3919 5496 4306 5393 4320
5397,5363 3899 5368 3904 5264 3944
5199,5056 3868 5031 4128
5595,5503 3927 5505 3929 5478 4109
5425,5365 3901 5371 3907 5292 3987
5201,5056 3868 5058 3870 5033 4130
5604,5505 3929 5487 4149
5512,5495 3919 5498 4308 5395 4322
5410,5364 4291 5368 3904 5277 3964
5427,5365 3901 5373 3909 5294 3989
5205,5057 3869 5058 3870 5037 4150
5422,5365 3901 5368 3904 5289 3984
5515,5495 3919 5501 3925 5398 3945
4999,5000
5000,4865 3843
4865,4856 4462 4678 3843
5433,5366 4293 5368 3904 5300 4004
5208,5058 3870 5040 4170
5452,5368 3904 5319 4044
5517,5495 3919 5503 3927 5400 3947
5546,5547
5547,5497 3921
5497,5494 4304 5380 3921
5453,5368 3904 5369 3905 5320 4045
5278,5215 4275 5220 3885 5128 3965
5455,5368 3904 5371 3907 5322 4047
5519,5495 3919 5505 3929 5402 3949
5511,5495 3919 5497 3921 5394 3941
5457,5368 3904 5373 3909 5324 4049
5237,5212 4500 5221 3886 5087 3906
5359,5360
5360,5225 3890
5225,5211 4271 5075 3890
5336,5221 3886 5186 4086
5524,5496 4306 5497 3921 5407 4334
5252,5213 4273 5221 3886 5102 3926
5623,5624
5624,5611 4319
5611,5509 4319
5576,5577
5577,5500 3924
5500,5494 4304 5383 3924
5241,5212 4500 5225 3890 5091 3910
5536,5497 3921 5419 3981
5256,5213 4273 5225 3890 5106 3930
5514,5495 3919 5500 3924 5397 3944
5270,5214 3879 5225 3890 5120 3950
5352,5353
5353,5223 3888
5223,5211 4271 5073 3888
5537,5497 3921 5498 4308 5420 4347
5636,5637
5637,5612 4320
5612,5611 4319 5510 4320
5283,5215 4275 5225 3890 5133 3970
5527,5496 4306 5500 3924 5410 3964
5295,5216 3881 5225 3890 5145 3990
4883,4857 4463 4865 3843 4696 3863
5540,5497 3921 5501 3925 5423 3985
5306,5217 4277 5225 3890 5156 4010
5539,5497 3921 5500 3924 5422 3984
5325,5219 3884 5225 3890 5175 4050
5648,5649
5649,5613 3941
5613,5611 4319 5511 3941
5542,5497 3921 5503 3927 5425 3987
4900,4858 4236 4865 3843 4713 3883
5333,5220 3885 5225 3890 5183 4070
5550,5498 4308 5500 3924 5433 4004
5340,5221 3886 5225 3890 5190 4090
5544,5497 3921 5505 3929 5427 3989
4916,4859 3837 4865 3843 4729 3903
5569,5500 3924 5452 4044
5346,5222 3887 5225 3890 5196 4110
5659,5660
5660,5614 4322
5614,5611 4319 5512 4322
5355,5224 3889 5225 3890 5205 4150
4931,4860 4238 4865 3843 4744 3923
5358,5225 3890 5208 4170
5570,5500 3924 5501 3925 5453 4045
5686,5687
5687,5617 3945
5617,5611 4319 5515 3945
4945,4861 3839 4865 3843 4758 3943
4958,4862 4240 4865 3843 4771 3963
5572,5500 3924 5503 3927 5455 4047
5699,5700
5700,5619 3947
5619,5611 4319 5517 3947
5492,5493
5493,5374 3910
5374,5361 4723 5241 3910
5642,5613 3941 5617 3945 5540 3985
4970,4863 3841 4865 3843 4783 3983
4981,4864 4242 4865 3843 4794 4003
5574,5500 3924 5505 3929 5457 4049
5389,5362 4289 5374 3910 5256 3930
5653,5614 4322 5617 3945 5551 4005
4991,4865 3843 4804 4023
5708,5709
5709,5621 3949
5621,5611 4319 5519 3949
5403,5363 3899 5374 3910 5270 3950
5680,5617 3945 5578 4065
5416,5364 4291 5374 3910 5283 3970
5625,5612 4320 5523 4333
4992,4865 3843 4866 3844 4805 4024
5678,5679
5679,5616 3944
5616,5611 4319 5514 3944
5428,5365 3901 5374 3910 5295 3990
5638,5613 3941 5536 3981
5626,5612 4320 5613 3941 5524 4334
5439,5366 4293 5374 3910 5306 4010
4993,4865 3843 4867 3845 4806 4025
5629,5612 4320 5616 3944 5527 3964
5458,5368 3904 5374 3910 5325 4050
5639,5613 3941 5614 4322 5537 4347
5627,5612 4320 5614 4322 5525 4335
5466,5369 3905 5374 3910 5333 4070
4994,4865 3843 4868 3846 4807 4026
5641,5613 3941 5616 3944 5539 3984
5650,5614 4322 5548 4358
5479,5371 3907 5374 3910 5346 4110
5632,5612 4320 5619 3947 5530 3967
5488,5373 3909 5374 3910 5355 4150
4995,4865 3843 4869 3847 4808 4027
5652,5614 4322 5616 3944 5550 4004
5491,5374 3910 5358 4170
5644,5613 3941 5619 3947 5542 3987
5655,5614 4322 5619 3947 5553 4007
5671,5616 3944 5569 4044
4996,4865 3843 4870 3848 4809 4028
4997,4865 3843 4871 3849 4810 4029
5682,5617 3945 5619 3947 5580 4067
5695,5619 3947 5593 4107
5609,5610
5610,5506 3930
5506,5494 4304 5389 3930
5672,5616 3944 5617 3945 5570 4045
4998,4865 3843 4872 3850 4811 4030
5411,5364 4291 5369 3905 5278 3965
5646,5613 3941 5621 3949 5544 3989
5634,5612 4320 5621 3949 5532 3969
5520,5495 3919 5506 3930 5403 3950
5674,5616 3944 5619 3947 5572 4047
5528,5496 4306 5501 3925 5411 3965
5676,5616 3944 5621 3949 5574 4049
5657,5614 4322 5621 3949 5555 4009
5533,5496 4306 5506 3930 5416 3970
5545,5497 3921 5506 3930 5428 3990
5474,5475
5475,5370 3906
5370,5361 4723 5237 3906
5630,5612 4320 5617 3945 5528 3965
5684,5617 3945 5621 3949 5582 4069
5697,5619 3947 5621 3949 5595 4109
5556,5498 4308 5506 3930 5439 4010
5575,5500 3924 5506 3930 5458 4050
5239,5212 4500 5223 3888 5089 3908
5706,5621 3949 5604 4149
5583,5501 3925 5506 3930 5466 4070
5724,5725
5725,5713 4333
5713,5625 4333
5608,5506 3930 5491 4170
5596,5503 3927 5506 3930 5479 4110
5605,5505 3929 5506 3930 5488 4150
5254,5213 4273 5223 3888 5104 3928
5268,5214 3879 5223 3888 5118 3948
5281,5215 4275 5223 3888 5131 3968
5736,5737
5737,5714 4334
5714,5713 4333 5626 4334
5711,5712
5712,5622 3950
5622,5611 4319 5520 3950
5293,5216 3881 5223 3888 5143 3988
5747,5748
5748,5715 4335
5715,5713 4333 5627 4335
5304,5217 4277 5223 3888 5154 4008
5323,5219 3884 5223 3888 5173 4048
5635,5612 4320 5622 3950 5533 3970
5331,5220 3885 5223 3888 5181 4068
5727,5714 4334 5715 4335 5639 4347
5766,5767
5767,5717 3964
5717,5713 4333 5629 3964
5338,5221 3886 5223 3888 5188 4088
5658,5614 4322 5622 3950 5556 4010
5647,5613 3941 5622 3950 5545 3990
5738,5715 4335 5650 4358
5344,5222 3887 5223 3888 5194 4108
5349,5223 3888 5199 4128
5677,5616 3944 5622 3950 5575 4050
5685,5617 3945 5622 3950 5583 4070
5350,5223 3888 5224 3889 5200 4129
5774,5775
5775,5718 3965
5718,5713 4333 5630 3965
5351,5223 3888 5225 3890 5201 4130
5698,5619 3947 5622 3950 5596 4110
5787,5788
5707,5621 3949 5622 3950 5605 4150
5788,5720 3967
5720,5713 4333 5632 3967
5710,5622 3950 5608 4170
5385,5362 4289 5370 3906 5252 3926
5732,5714 4334 5720 3967 5644 3987
5167,5168
5168,5051 3863
5051,5043 4688 4883 3863
5796,5797
5797,5722 3969
5722,5713 4333 5634 3969
5399,5363 3899 5370 3906 5266 3946
5799,5800
5800,5723 3970
5723,5713 4333 5635 3970
5726,5714 4334 5638 3981
5743,5715 4335 5720 3967 5655 4007
5412,5364 4291 5370 3906 5279 3966
5591,5592
5592,5502 3926
5502,5494 4304 5385 3926
5735,5714 4334 5723 3970 5647 3990
5424,5365 3901 5370 3906 5291 3986
5729,5714 4334 5717 3964 5641 3984
5762,5717 3964 5720 3967 5674 4047
5435,5366 4293 5370 3906 5302 4006
5516,5495 3919 5502 3926 5399 3946
5746,5715 4335 5723 3970 5658 4010
5541,5497 3921 5502 3926 5424 3986
5740,5715 4335 5717 3964 5652 4004
5770,5718 3965 5720 3967 5682 4067
5454,5368 3904 5370 3906 5321 4046
5529,5496 4306 5502 3926 5412 3966
5765,5717 3964 5723 3970 5677 4050
5759,5717 3964 5671 4044
5783,5720 3967 5695 4107
5469,5370 3906 5336 4086
5462,5369 3905 5370 3906 5329 4066
5693,5694
5694,5618 3946
5618,5611 4319 5516 3946
5773,5718 3965 5723 3970 5685 4070
5730,5714 4334 5718 3965 5642 3985
5741,5715 4335 5718 3965 5653 4005
5586,5502 3926 5469 4086
5470,5370 3906 5371 3907 5337 4087
5631,5612 4320 5618 3946 5529 3966
5768,5718 3965 5680 4065
5688,5618 3946 5586 4086
5786,5720 3967 5723 3970 5698 4110
5760,5717 3964 5718 3965 5672 4045
5643,5613 3941 5618 3946 5541 3986
5472,5370 3906 5373 3909 5339 4089
5734,5714 4334 5722 3969 5646 3989
5473,5370 3906 5374 3910 5340 4090
5795,5722 3969 5723 3970 5707 4150
5745,5715 4335 5722 3969 5657 4009
5798,5723 3970 5710 4170
5764,5717 3964 5722 3969 5676 4049
5590,5502 3926 5506 3930 5473 4090
5772,5718 3965 5722 3969 5684 4069
5781,5782
5782,5719 3966
5719,5713 4333 5631 3966
5485,5486
5486,5372 3908
5372,5361 4723 5239 3908
5794,5722 3969 5706 4149
5068,5044 4254 5051 3863 4900 3883
5785,5720 3967 5722 3969 5697 4109
5692,5618 3946 5622 3950 5590 4090
5731,5714 4334 5719 3966 5643 3986
5776,5719 3966 5688 4086
5811,5812
5812,5801 3981
5801,5726 3981
5084,5045 4690 5051 3863 4916 3903
5780,5719 3966 5723 3970 5692 4090
5317,5318
5318,5218 3883
5218,5211 4271 5068 3883
5099,5046 4256 5051 3863 4931 3923
5113,5047 3859 5051 3863 4945 3943
5126,5048 4258 5051 3863 4958 3963
5822,5823
5823,5802 4347
5802,5801 3981 5727 4347
5841,5842
5842,5804 3984
5804,5801 3981 5729 3984
5234,5212 4500 5218 3883 5084 3903
5249,5213 4273 5218 3883 5099 3923
5138,5049 3861 5051 3863 4970 3983
5276,5215 4275 5218 3883 5126 3963
5813,5802 4347 5738 4358
5149,5050 4260 5051 3863 4981 4003
5159,5051 3863 4991 4023
5885,5886
5886,5876 4358
5876,5813 4358
5160,5051 3863 5052 3864 4992 4024
5450,5451
5451,5367 3903
5367,5361 4723 5234 3903
5849,5850
5850,5805 3985
5805,5801 3981 5730 3985
5299,5217 4277 5218 3883 5149 4003
5161,5051 3863 5053 3865 4993 4025
5310,5218 3883 5219 3884 5160 4024
5382,5362 4289 5367 3903 5249 3923
5432,5366 4293 5367 3903 5299 4003
5856,5857
5857,5806 3986
5806,5801 3981 5731 3986
5162,5051 3863 5054 3866 4994 4026
5862,5863
5863,5807 3987
5807,5801 3981 5732 3987
5443,5367 3903 5368 3904 5310 4024
5409,5364 4291 5367 3903 5276 3963
5851,5806 3986 5776 4086
5163,5051 3863 5055 3867 4995 4027
5164,5051 3863 5056 3868 4996 4028
5165,5051 3863 5057 3869 4997 4029
5313,5218 3883 5222 3887 5163 4027
5871,5872
5872,5809 3989
5809,5801 3981 5734 3989
5166,5051 3863 5058 3870 4998 4030
5567,5568
5568,5499 3923
5499,5494 4304 5382 3923
5874,5875
5315,5218 3883 5224 3889 5165 4029
5875,5810 3990
5810,5801 3981 5735 3990
5446,5367 3903 5371 3907 5313 4027
5815,5802 4347 5804 3984 5740 4004
5526,5496 4306 5499 3923 5409 3963
5552,5498 4308 5502 3926 5435 4006
5448,5367 3903 5373 3909 5315 4029
5821,5802 4347 5810 3990 5746 4010
5834,5804 3984 5759 4044
5563,5499 3923 5503 3927 5446 4027
5549,5498 4308 5499 3923 5432 4003
5571,5500 3924 5502 3926 5454 4046
5565,5499 3923 5505 3929 5448 4029
5840,5804 3984 5810 3990 5765 4050
5816,5802 4347 5805 3985 5741 4005
5579,5501 3925 5502 3926 5462 4066
5560,5499 3923 5500 3924 5443 4024
5587,5502 3926 5503 3927 5470 4087
5589,5502 3926 5505 3929 5472 4089
5848,5805 3985 5810 3990 5773 4070
5835,5804 3984 5805 3985 5760 4045
5681,5617 3945 5618 3946 5579 4066
5387,5362 4289 5372 3908 5254 3928
5401,5363 3899 5372 3908 5268 3948
5691,5618 3946 5621 3949 5589 4089
5843,5805 3985 5768 4065
5855,5806 3986 5810 3990 5780 4090
5769,5718 3965 5719 3966 5681 4066
5818,5802 4347 5807 3987 5743 4007
5779,5719 3966 5722 3969 5691 4089
5414,5364 4291 5372 3908 5281 3968
5861,5807 3987 5810 3990 5786 4110
5602,5603
5603,5504 3928
5504,5494 4304 5387 3928
5844,5805 3985 5806 3986 5769 4066
5854,5806 3986 5809 3989 5779 4089
5837,5804 3984 5807 3987 5762 4047
5426,5365 3901 5372 3908 5293 3988
5870,5809 3989 5810 3990 5795 4150
5518,5495 3919 5504 3928 5401 3948
5437,5366 4293 5372 3908 5304 4008
5873,5810 3990 5798 4170
5456,5368 3904 5372 3908 5323 4048
5845,5805 3985 5807 3987 5770 4067
5464,5369 3905 5372 3908 5331 4068
5531,5496 4306 5504 3928 5414 3968
5554,5498 4308 5504 3928 5437 4008
5858,5807 3987 5783 4107
5573,5500 3924 5504 3928 5456 4048
5471,5370 3906 5372 3908 5338 4088
5477,5371 3907 5372 3908 5344 4108
5937,5938
5938,5884 4010
5884,5876 4358 5821 4010
5482,5372 3908 5349 4128
5820,5802 4347 5809 3989 5745 4009
5704,5705
5705,5620 3948
5620,5611 4319 5518 3948
5483,5372 3908 5373 3909 5350 4129
5936,5884 4010 5873 4170
5599,5504 3928 5482 4128
5594,5503 3927 5504 3928 5477 4108
5839,5804 3984 5809 3989 5764 4049
5701,5620 3948 5599 4128
5633,5612 4320 5620 3948 5531 3968
5847,5805 3985 5809 3989 5772 4069
5484,5372 3908 5374 3910 5351 4130
5696,5619 3947 5620 3948 5594 4108
5860,5807 3987 5809 3989 5785 4109
5869,5809 3989 5794 4149
5656,5614 4322 5620 3948 5554 4008
5263,5214 3879 5218 3883 5113 3943
5309,5218 3883 5159 4023
5288,5216 3881 5218 3883 5138 3983
5442,5367 3903 5309 4023
5675,5616 3944 5620 3948 5573 4048
5396,5363 3899 5367 3903 5263 3943
5311,5218 3883 5220 3885 5161 4025
5904,5905
5559,5499 3923 5442 4023
5905,5878 4004
5878,5876 4358 5815 4004
5912,5913
5913,5879 4005
5879,5876 4358 5816 4005
5513,5495 3919 5499 3923 5396 3943
5312,5218 3883 5221 3886 5162 4026
5314,5218 3883 5223 3888 5164 4028
5898,5878 4004 5879 4005 5835 4045
5792,5793
5793,5721 3968
5721,5713 4333 5633 3968
5925,5926
5926,5881 4007
5881,5876 4358 5818 4007
5906,5879 4005 5843 4065
5316,5218 3883 5225 3890 5166 4030
5447,5367 3903 5372 3908 5314 4028
5744,5715 4335 5721 3968 5656 4008
5669,5670
5670,5615 3943
5615,5611 4319 5513 3943
5911,5879 4005 5884 4010 5848 4070
5564,5499 3923 5504 3928 5447 4028
5654,5614 4322 5618 3946 5552 4006
5763,5717 3964 5721 3968 5675 4048
5628,5612 4320 5615 3943 5526 3963
5934,5935
5935,5883 4009
5883,5876 4358 5820 4009
5897,5878 4004 5834 4044
5666,5615 3943 5620 3948 5564 4028
5673,5616 3944 5618 3946 5571 4046
5784,5720 3967 5721 3968 5696 4108
5651,5614 4322 5615 3943 5549 4003
5903,5878 4004 5884 4010 5840 4050
5661,5615 3943 5559 4023
5900,5878 4004 5881 4007 5837 4047
5789,5721 3968 5701 4128
5689,5618 3946 5619 3947 5587 4087
5921,5881 4007 5858 4107
5662,5615 3943 5616 3944 5560 4024
5908,5879 4005 5881 4007 5845 4067
5665,5615 3943 5619 3947 5563 4027
5667,5615 3943 5621 3949 5565 4029
5543,5497 3921 5504 3928 5426 3988
5924,5881 4007 5884 4010 5861 4110
5902,5878 4004 5883 4009 5839 4049
5581,5501 3925 5504 3928 5464 4068
5588,5502 3926 5504 3928 5471 4088
5757,5758
5758,5716 3963
5716,5713 4333 5628 3963
5600,5504 3928 5505 3929 5483 4129
5910,5879 4005 5883 4009 5847 4069
5923,5881 4007 5883 4009 5860 4109
5683,5617 3945 5620 3948 5581 4068
5932,5883 4009 5869 4149
5690,5618 3946 5620 3948 5588 4088
5739,5715 4335 5716 3963 5651 4003
5601,5504 3928 5506 3930 5484 4130
5933,5883 4009 5884 4010 5870 4150
5771,5718 3965 5721 3968 5683 4068
5749,5716 3963 5661 4023
5778,5719 3966 5721 3968 5690 4088
5750,5716 3963 5717 3964 5662 4024
5421,5365 3901 5367 3903 5288 3983
5753,5716 3963 5720 3967 5665 4027
5754,5716 3963 5721 3968 5666 4028
5755,5716 3963 5722 3969 5667 4029
5444,5367 3903 5369 3905 5311 4025
5445,5367 3903 5370 3906 5312 4026
5449,5367 3903 5374 3910 5316 4030
5761,5717 3964 5719 3966 5673 4046
5777,5719 3966 5720 3967 5689 4087
5742,5715 4335 5719 3966 5654 4006
5561,5499 3923 5501 3925 5444 4025
5562,5499 3923 5502 3926 5445 4026
5645,5613 3941 5620 3948 5543 3988
5836,5804 3984 5806 3986 5761 4046
5817,5802 4347 5806 3986 5742 4006
5852,5806 3986 5807 3987 5777 4087
5663,5615 3943 5617 3945 5561 4025
5664,5615 3943 5618 3946 5562 4026
5702,5620 3948 5621 3949 5600 4129
5538,5497 3921 5499 3923 5421 3983
5703,5620 3948 5622 3950 5601 4130
5751,5716 3963 5718 3965 5663 4025
5752,5716 3963 5719 3966 5664 4026
5919,5920
5920,5880 4006
5880,5876 4358 5817 4006
5566,5499 3923 5506 3930 5449 4030
5640,5613 3941 5615 3943 5538 3983
5791,5721 3968 5723 3970 5703 4130
5733,5714 4334 5721 3968 5645 3988
5790,5721 3968 5722 3969 5702 4129
5668,5615 3943 5622 3950 5566 4030
5899,5878 4004 5880 4006 5836 4046
5728,5714 4334 5716 3963 5640 3983
5907,5879 4005 5880 4006 5844 4066
5914,5880 4006 5851 4086
5756,5716 3963 5723 3970 5668 4030
5915,5880 4006 5881 4007 5852 4087
5917,5880 4006 5883 4009 5854 4089
5867,5868
5868,5808 3988
5808,5801 3981 5733 3988
5918,5880 4006 5884 4010 5855 4090
5832,5833
5833,5803 3983
5803,5801 3981 5728 3983
5838,5804 3984 5808 3988 5763 4048
5819,5802 4347 5808 3988 5744 4008
5846,5805 3985 5808 3988 5771 4068
5853,5806 3986 5808 3988 5778 4088
5859,5807 3987 5808 3988 5784 4108
5814,5802 4347 5803 3983 5739 4003
5824,5803 3983 5749 4023
5864,5808 3988 5789 4128
5865,5808 3988 5809 3989 5790 4129
5825,5803 3983 5804 3984 5750 4024
5826,5803 3983 5805 3985 5751 4025
5827,5803 3983 5806 3986 5752 4026
5866,5808 3988 5810 3990 5791 4130
5930,5931
5931,5882 4008
5882,5876 4358 5819 4008
5828,5803 3983 5807 3987 5753 4027
5829,5803 3983 5808 3988 5754 4028
5830,5803 3983 5809 3989 5755 4029
5831,5803 3983 5810 3990 5756 4030
5901,5878 4004 5882 4008 5838 4048
5909,5879 4005 5882 4008 5846 4068
5916,5880 4006 5882 4008 5853 4088
5922,5881 4007 5882 4008 5859 4108
5927,5882 4008 5864 4128
5928,5882 4008 5883 4009 5865 4129
5929,5882 4008 5884 4010 5866 4130
5895,5896
5896,5877 4003
5877,5876 4358 5814 4003
5887,5877 4003 5824 4023
5888,5877 4003 5878 4004 5825 4024
5890,5877 4003 5880 4006 5827 4026
5889,5877 4003 5879 4005 5826 4025
5891,5877 4003 5881 4007 5828 4027
5892,5877 4003 5882 4008 5829 4028
5947,5948
5948,5939 4023
5939,5887 4023
5893,5877 4003 5883 4009 5830 4029
5894,5877 4003 5884 4010 5831 4030
5956,5957
5957,5940 4024
5940,5939 4023 5888 4024
5971,5972
5964,5965
5972,5942 4026
5942,5939 4023 5890 4026
5965,5941 4025
5941,5939 4023 5889 4025
5977,5978
5978,5943 4027
5943,5939 4023 5891 4027
5989,5990
5990,5946 4030
5946,5939 4023 5894 4030
5986,5987
5987,5945 4029
5945,5939 4023 5893 4029
5949,5940 4024 5897 4044
5951,5940 4024 5942 4026 5899 4046
5950,5940 4024 5941 4025 5898 4045
5955,5940 4024 5946 4030 5903 4050
5954,5940 4024 5945 4029 5902 4049
5998,5999
5999,5991 4044
5991,5949 4044
5966,5942 4026 5914 4086
5958,5941 4025 5906 4065
5982,5983
5983,5944 4028
5944,5939 4023 5892 4028
5963,5941 4025 5946 4030 5911 4070
5962,5941 4025 5945 4029 5910 4069
5970,5942 4026 5946 4030 5918 4090
5959,5941 4025 5942 4026 5907 4066
5952,5940 4024 5943 4027 5900 4047
6006,6007
6007,5992 4045
5992,5991 4044 5950 4045
5988,5946 4030 5936 4170
5976,5943 4027 5946 4030 5924 4110
5969,5942 4026 5945 4029 5917 4089
5960,5941 4025 5943 4027 5908 4067
5967,5942 4026 5943 4027 5915 4087
5973,5943 4027 5921 4107
5953,5940 4024 5944 4028 5901 4048
5975,5943 4027 5945 4029 5923 4109
5968,5942 4026 5944 4028 5916 4088
5961,5941 4025 5944 4028 5909 4068
6013,6014
6014,5993 4046
5993,5991 4044 5951 4046
5974,5943 4027 5944 4028 5922 4108
5984,5945 4029 5932 4149
5979,5944 4028 5927 4128
5980,5944 4028 5945 4029 5928 4129
5981,5944 4028 5946 4030 5929 4130
6024,6025
6025,5995 4048
5995,5991 4044 5953 4048
5985,5945 4029 5946 4030 5933 4150
6028,6029
6029,5996 4049
5996,5991 4044 5954 4049
6000,5992 4045 5958 4065
6003,5992 4045 5995 4048 5961 4068
6019,6020
6020,5994 4047
5994,5991 4044 5952 4047
6001,5992 4045 5993 4046 5959 4066
6008,5993 4046 5966 4086
6031,6032
6032,5997 4050
5997,5991 4044 5955 4050
6039,6040
6040,6033 4065
6033,6000 4065
6010,5993 4046 5995 4048 5968 4088
6002,5992 4045 5994 4047 5960 4067
6004,5992 4045 5996 4049 5962 4069
6011,5993 4046 5996 4049 5969 4089
6005,5992 4045 5997 4050 5963 4070
6021,5995 4048 5979 4128
6009,5993 4046 5994 4047 5967 4087
6046,6047
6047,6034 4066
6034,6033 4065 6001 4066
6022,5995 4048 5996 4049 5980 4129
6015,5994 4047 5973 4107
6012,5993 4046 5997 4050 5970 4090
6061,6062
6062,6037 4069
6037,6033 4065 6004 4069
6026,5996 4049 5984 4149
6016,5994 4047 5995 4048 5974 4108
6017,5994 4047 5996 4049 5975 4109
6018,5994 4047 5997 4050 5976 4110
6059,6037 4069 6026 4149
6044,6034 4066 6037 4069 6011 4089
6057,6058
6058,6036 4068
6036,6033 4065 6003 4068
6030,5997 4050 5988 4170
6023,5995 4048 5997 4050 5981 4130
6027,5996 4049 5997 4050 5985 4150
6041,6034 4066 6008 4086
6052,6053
6053,6035 4067
6035,6033 4065 6002 4067
6054,6036 4068 6021 4128
6043,6034 4066 6036 4068 6010 4088
6055,6036 4068 6037 4069 6022 4129
6071,6072
6072,6066 4086
6066,6041 4086
6048,6035 4067 6015 4107
6064,6065
6065,6038 4070
6038,6033 4065 6005 4070
6042,6034 4066 6035 4067 6009 4087
6049,6035 4067 6036 4068 6016 4108
6050,6035 4067 6037 4069 6017 4109
6045,6034 4066 6038 4070 6012 4090
6051,6035 4067 6038 4070 6018 4110
6082,6083
6083,6068 4088
6068,6066 4086 6043 4088
6056,6036 4068 6038 4070 6023 4130
6077,6078
6078,6067 4087
6067,6066 4086 6042 4087
6060,6037 4069 6038 4070 6027 4150
6079,6068 4088 6054 4128
6086,6087
6087,6069 4089
6069,6066 4086 6044 4089
6063,6038 4070 6030 4170
6073,6067 4087 6048 4107
6089,6090
6090,6070 4090
6070,6066 4086 6045 4090
6074,6067 4087 6068 4088 6049 4108
6084,6069 4089 6059 4149
6075,6067 4087 6069 4089 6050 4109
6080,6068 4088 6069 4089 6055 4129
6095,6096
6096,6091 4107
6091,6073 4107
6076,6067 4087 6070 4090 6051 4110
6088,6070 4090 6063 4170
6081,6068 4088 6070 4090 6056 4130
6085,6069 4089 6070 4090 6060 4150
6104,6105
6100,6101
6105,6093 4109
6093,6091 4107 6075 4109
6101,6092 4108
6092,6091 4107 6074 4108
6107,6108
6108,6094 4110
6094,6091 4107 6076 4110
6102,6093 4109 6084 4149
6097,6092 4108 6079 4128
6106,6094 4110 6088 4170
6098,6092 4108 6093 4109 6080 4129
6099,6092 4108 6094 4110 6081 4130
6103,6093 4109 6094 4110 6085 4150
6112,6113
6113,6109 4128
6109,6097 4128
6119,6120
6120,6111 4130
6111,6109 4128 6099 4130
6116,6117
6117,6110 4129
6110,6109 4128 6098 4129
6118,6111 4130 6106 4170
6114,6110 4129 6102 4149
6115,6110 4129 6111 4130 6103 4150
6123,6124
6124,6121 4149
6121,6114 4149
6126,6127
6127,6122 4150
6122,6121 4149 6115 4150
6125,6122 4150 6118 4170
6129,6130
6130,6128 4170
6128,6125 4170
6132,4171
6131,6132
6134,3791
6133,6134
6136,3811
6135,6136
6138,3831
6137,6138
6140,3851
6139,6140
6142,3871
6141,6142
6144,3891
6143,6144
6146,3911
6145,6146
6148,3931
6147,6148
6150,3951
6149,6150
6152,3971
6151,6152
6154,3991
6153,6154
6156,4011
6155,6156
6158,4031
6157,6158
6160,4051
6159,6160
6162,4071
6161,6162
6164,4091
6163,6164
6166,4111
6165,6166
6168,4131
6167,6168
6170,4151
6169,6170
6172,4172
6171,6172
6174,4421
6173,6174
6176,3812
6175,6176
6178,3832
6177,6178
6180,3852
6179,6180
6182,3872
6181,6182
6184,3892
6183,6184
6186,3912
6185,6186
6188,3932
6187,6188
6190,3952
6189,6190
6192,3972
6191,6192
6194,3992
6193,6194
6196,4012
6195,6196
6198,4032
6197,6198
6200,4052
6199,6200
6202,4072
6201,6202
6204,4092
6203,6204
6206,4112
6205,6206
6208,4132
6207,6208
6210,4152
6209,6210
6212,4173
6211,6212
6214,4422
6213,6214
6216,4649
6215,6216
6218,3833
6217,6218
6220,3853
6219,6220
6222,3873
6221,6222
6224,3893
6223,6224
6226,3913
6225,6226
6228,3933
6227,6228
6230,3953
6229,6230
6232,3973
6231,6232
6234,3993
6233,6234
6236,4013
6235,6236
6238,4033
6237,6238
6240,4053
6239,6240
6242,4073
6241,6242
6244,4093
6243,6244
6246,4113
6245,6246
6248,4133
6247,6248
6250,4153
6249,6250
6252,4174
6251,6252
6254,4423
6253,6254
6256,4650
6255,6256
6258,4856
6257,6258
6260,3854
6259,6260
6262,3874
6261,6262
6264,3894
6263,6264
6266,3914
6265,6266
6268,3934
6267,6268
6270,3954
6269,6270
6272,3974
6271,6272
6274,3994
6273,6274
6276,4014
6275,6276
6278,4034
6277,6278
6280,4054
6279,6280
6282,4074
6281,6282
6284,4094
6283,6284
6286,4114
6285,6286
6288,4134
6287,6288
6290,4154
6289,6290
6292,4175
6291,6292
6294,4424
6293,6294
6296,4651
6295,6296
6298,4857
6297,6298
6300,5043
6299,6300
6302,3875
6301,6302
6304,3895
6303,6304
6306,3915
6305,6306
6308,3935
6307,6308
6310,3955
6309,6310
6312,3975
6311,6312
6314,3995
6313,6314
6316,4015
6315,6316
6318,4035
6317,6318
6320,4055
6319,6320
6322,4075
6321,6322
6324,4095
6323,6324
6326,4115
6325,6326
6328,4135
6327,6328
6330,4155
6329,6330
6332,4176
6331,6332
6334,4425
6333,6334
6336,4652
6335,6336
6338,4858
6337,6338
6340,5044
6339,6340
6342,5211
6341,6342
6344,3896
6343,6344
6346,3916
6345,6346
6348,3936
6347,6348
6350,3956
6349,6350
6352,3976
6351,6352
6354,3996
6353,6354
6356,4016
6355,6356
6358,4036
6357,6358
6360,4056
6359,6360
6362,4076
6361,6362
6364,4096
6363,6364
6366,4116
6365,6366
6368,4136
6367,6368
6370,4156
6369,6370
6372,4177
6371,6372
6374,4426
6373,6374
6376,4653
6375,6376
6378,4859
6377,6378
6380,5045
6379,6380
6382,5212
6381,6382
6384,5361
6383,6384
6386,3917
6385,6386
6388,3937
6387,6388
6390,3957
6389,6390
6392,3977
6391,6392
6394,3997
6393,6394
6396,4017
6395,6396
6398,4037
6397,6398
6400,4057
6399,6400
6402,4077
6401,6402
6404,4097
6403,6404
6406,4117
6405,6406
6408,4137
6407,6408
6410,4157
6409,6410
6412,4178
6411,6412
6414,4427
6413,6414
6416,4654
6415,6416
6418,4860
6417,6418
6420,5046
6419,6420
6422,5213
6421,6422
6424,5362
6423,6424
6426,5494
6425,6426
6428,3938
6427,6428
6430,3958
6429,6430
6432,3978
6431,6432
6434,3998
6433,6434
6436,4018
6435,6436
6438,4038
6437,6438
6440,4058
6439,6440
6442,4078
6441,6442
6444,4098
6443,6444
6446,4118
6445,6446
6448,4138
6447,6448
6450,4158
6449,6450
6452,4179
6451,6452
6454,4428
6453,6454
6456,4655
6455,6456
6458,4861
6457,6458
6460,5047
6459,6460
6462,5214
6461,6462
6464,5363
6463,6464
6466,5495
6465,6466
6468,5611
6467,6468
6470,3959
6469,6470
6472,3979
6471,6472
6474,3999
6473,6474
6476,4019
6475,6476
6478,4039
6477,6478
6480,4059
6479,6480
6482,4079
6481,6482
6484,4099
6483,6484
6486,4119
6485,6486
6488,4139
6487,6488
6490,4159
6489,6490
6492,4180
6491,6492
6494,4429
6493,6494
6496,4656
6495,6496
6498,4862
6497,6498
6500,5048
6499,6500
6502,5215
6501,6502
6504,5364
6503,6504
6506,5496
6505,6506
6508,5612
6507,6508
6510,5713
6509,6510
6512,3980
6511,6512
6514,4000
6513,6514
6516,4020
6515,6516
6518,4040
6517,6518
6520,4060
6519,6520
6522,4080
6521,6522
6524,4100
6523,6524
6526,4120
6525,6526
6528,4140
6527,6528
6530,4160
6529,6530
6532,4181
6531,6532
6534,4430
6533,6534
6536,4657
6535,6536
6538,4863
6537,6538
6540,5049
6539,6540
6542,5216
6541,6542
6544,5365
6543,6544
6546,5497
6545,6546
6548,5613
6547,6548
6550,5714
6549,6550
6552,5801
6551,6552
6554,4001
6553,6554
6556,4021
6555,6556
6558,4041
6557,6558
6560,4061
6559,6560
6562,4081
6561,6562
6564,4101
6563,6564
6566,4121
6565,6566
6568,4141
6567,6568
6570,4161
6569,6570
6572,4182
6571,6572
6574,4431
6573,6574
6576,4658
6575,6576
6578,4864
6577,6578
6580,5050
6579,6580
6582,5217
6581,6582
6584,5366
6583,6584
6586,5498
6585,6586
6588,5614
6587,6588
6590,5715
6589,6590
6592,5802
6591,6592
6594,5876
6593,6594
6596,4022
6595,6596
6598,4042
6597,6598
6600,4062
6599,6600
6602,4082
6601,6602
6604,4102
6603,6604
6606,4122
6605,6606
6608,4142
6607,6608
6610,4162
6609,6610
6612,4183
6611,6612
6614,4432
6613,6614
6616,4659
6615,6616
6618,4865
6617,6618
6620,5051
6619,6620
6622,5218
6621,6622
6624,5367
6623,6624
6626,5499
6625,6626
6628,5615
6627,6628
6630,5716
6629,6630
6632,5803
6631,6632
6634,5877
6633,6634
6636,5939
6635,6636
6638,4043
6637,6638
6640,4063
6639,6640
6642,4083
6641,6642
6644,4103
6643,6644
6646,4123
6645,6646
6648,4143
6647,6648
6650,4163
6649,6650
6652,4184
6651,6652
6654,4433
6653,6654
6656,4660
6655,6656
6658,4866
6657,6658
6660,5052
6659,6660
6662,5219
6661,6662
6664,5368
6663,6664
6666,5500
6665,6666
6668,5616
6667,6668
6670,5717
6669,6670
6672,5804
6671,6672
6674,5878
6673,6674
6676,5940
6675,6676
6678,5991
6677,6678
6680,4064
6679,6680
6682,4084
6681,6682
6684,4104
6683,6684
6686,4124
6685,6686
6688,4144
6687,6688
6690,4164
6689,6690
6692,4185
6691,6692
6694,4434
6693,6694
6696,4661
6695,6696
6698,4867
6697,6698
6700,5053
6699,6700
6702,5220
6701,6702
6704,5369
6703,6704
6706,5501
6705,6706
6708,5617
6707,6708
6710,5718
6709,6710
6712,5805
6711,6712
6714,5879
6713,6714
6716,5941
6715,6716
6718,5992
6717,6718
6720,6033
6719,6720
6722,4085
6721,6722
6724,4105
6723,6724
6726,4125
6725,6726
6728,4145
6727,6728
6730,4165
6729,6730
6732,4186
6731,6732
6734,4435
6733,6734
6736,4662
6735,6736
6738,4868
6737,6738
6740,5054
6739,6740
6742,5221
6741,6742
6744,5370
6743,6744
6746,5502
6745,6746
6748,5618
6747,6748
6750,5719
6749,6750
6752,5806
6751,6752
6754,5880
6753,6754
6756,5942
6755,6756
6758,5993
6757,6758
6760,6034
6759,6760
6762,6066
6761,6762
6764,4106
6763,6764
6766,4126
6765,6766
6768,4146
6767,6768
6770,4166
6769,6770
6772,4187
6771,6772
6774,4436
6773,6774
6776,4663
6775,6776
6778,4869
6777,6778
6780,5055
6779,6780
6782,5222
6781,6782
6784,5371
6783,6784
6786,5503
6785,6786
6788,5619
6787,6788
6790,5720
6789,6790
6792,5807
6791,6792
6794,5881
6793,6794
6796,5943
6795,6796
6798,5994
6797,6798
6800,6035
6799,6800
6802,6067
6801,6802
6804,6091
6803,6804
6806,4127
6805,6806
6808,4147
6807,6808
6810,4167
6809,6810
6812,4188
6811,6812
6814,4437
6813,6814
6816,4664
6815,6816
6818,4870
6817,6818
6820,5056
6819,6820
6822,5223
6821,6822
6824,5372
6823,6824
6826,5504
6825,6826
6828,5620
6827,6828
6830,5721
6829,6830
6832,5808
6831,6832
6834,5882
6833,6834
6836,5944
6835,6836
6838,5995
6837,6838
6840,6036
6839,6840
6842,6068
6841,6842
6844,6092
6843,6844
6846,6109
6845,6846
6848,4148
6847,6848
6850,4168
6849,6850
6852,4189
6851,6852
6854,4438
6853,6854
6856,4665
6855,6856
6858,4871
6857,6858
6860,5057
6859,6860
6862,5224
6861,6862
6864,5373
6863,6864
6866,5505
6865,6866
6868,5621
6867,6868
6870,5722
6869,6870
6872,5809
6871,6872
6874,5883
6873,6874
6876,5945
6875,6876
6878,5996
6877,6878
6880,6037
6879,6880
6882,6069
6881,6882
6884,6093
6883,6884
6886,6110
6885,6886
6888,6121
6887,6888
6890,4169
6889,6890
6892,4190
6891,6892
6894,4439
6893,6894
6896,4666
6895,6896
6898,4872
6897,6898
6900,5058
6899,6900
6902,5225
6901,6902
6904,5374
6903,6904
6906,5506
6905,6906
6908,5622
6907,6908
6910,5723
6909,6910
6912,5810
6911,6912
6914,5884
6913,6914
6916,5946
6915,6916
6918,5997
6917,6918
6920,6038
6919,6920
6922,6070
6921,6922
6924,6094
6923,6924
6926,6111
6925,6926
6928,6122
6927,6928
6930,6128
6929,6930
