886,786
888,886 786 788
893,886 793
896,897
897,886
889,886 786 789
892,886 786 792
894,886 794
887,886 786 787
890,886 786 790
891,886 786 791
898,887 787 797
899,887 787 888 798
895,886 795
900,887 889 799
901,887 890 800
902,887 891 801
903,887 892 802
907,908
908,887
904,887 893 803
905,887 894 804
906,887 895 805
909,888 808
910,888 889 809
911,888 890 810
912,888 891 811
913,888 892 812
914,888 893 813
917,918
918,888
915,888 894 814
916,888 895 815
919,889 819
920,889 890 820
921,889 891 821
922,889 892 822
926,927
923,889 893 823
927,889
924,889 894 824
925,889 895 825
928,890 830
929,890 891 831
930,890 892 832
934,935
931,890 893 833
935,890
932,890 894 834
933,890 895 835
936,891 841
937,891 892 842
938,891 893 843
941,942
942,891
939,891 894 844
940,891 895 845
943,892 852
947,948
944,892 893 853
948,892
945,892 894 854
946,892 895 855
949,893 863
952,953
953,893
950,893 894 864
951,893 895 865
956,957
957,894
954,894 874
959,960
955,894 895 875
960,895
958,895 885
961,898
962,961 898 899
963,961 898 900
970,971
971,961
965,961 898 902
968,961 905
969,961 906
964,961 898 901
967,961 904
966,961 898 903
973,962 963 910
972,962 909
974,962 964 911
975,962 965 912
976,962 966 913
980,981
977,962 967 914
981,962
978,962 968 915
979,962 969 916
982,963 919
983,963 964 920
984,963 965 921
985,963 966 922
986,963 967 923
989,990
987,963 968 924
990,963
988,963 969 925
992,964 965 929
991,964 928
993,964 966 930
994,964 967 931
997,998
995,964 968 932
998,964
996,964 969 933
999,965 936
1000,965 966 937
1004,1005
1005,965
1001,965 967 938
1002,965 968 939
1003,965 969 940
1006,966 943
1010,1011
1007,966 967 944
1008,966 968 945
1011,966
1009,966 969 946
1012,967 949
1015,1016
1013,967 968 950
1016,967
1014,967 969 951
1019,1020
1020,968
1017,968 954
1018,968 969 955
1022,1023
1023,969
1021,969 958
1032,1033
1033,1024 972
1024,972
1041,1042
1042,1025 973
1025,1024 972 973
1049,1050
1050,1026 974
1026,1024 972 974
1034,1025 973 982
1035,1025 973 1026 974 983
1030,1024 972 978
1028,1024 972 976
1043,1026 974 991
1029,1024 972 977
1056,1057
1057,1027 975
1027,1024 972 975
1058,1028 1006
1039,1025 973 1030 978 987
1031,1024 972 979
1038,1025 973 1029 977 986
1037,1025 973 1028 976 985
1062,1063
1044,1026 974 1027 975 992
1040,1025 973 1031 979 988
1063,1028
1047,1026 974 1030 978 995
1036,1025 973 1027 975 984
1051,1027 975 999
1048,1026 974 1031 979 996
1046,1026 974 1029 977 994
1045,1026 974 1028 976 993
1052,1027 975 1028 976 1000
1059,1028 1029 1007
1055,1027 975 1031 979 1003
1067,1068
1053,1027 975 1029 977 1001
1068,1029
1064,1029 1012
1060,1028 1030 1008
1066,1029 1031 1014
1065,1029 1030 1013
1061,1028 1031 1009
1071,1072
1054,1027 975 1030 978 1002
1072,1030
1069,1030 1017
1070,1030 1031 1018
1074,1075
1075,1031
1073,1031 1021
1083,1084
1076,1034
1084,1076
1079,1076 1034 1037
1080,1076 1034 1038
1078,1076 1034 1036
1082,1076 1040
1077,1076 1034 1035
1081,1076 1034 1039
1087,1077 1035 1079 1045
1086,1077 1035 1078 1036 1044
1085,1077 1035 1043
1091,1092
1092,1077
1088,1077 1035 1080 1046
1089,1077 1081 1039 1047
1090,1077 1082 1048
1093,1078 1051
1094,1078 1079 1052
1095,1078 1080 1053
1098,1099
1099,1078
1096,1078 1081 1054
1097,1078 1082 1055
1100,1079 1058
1104,1105
1101,1079 1080 1059
1105,1079
1102,1079 1081 1060
1103,1079 1082 1061
1109,1110
1110,1080
1106,1080 1064
1107,1080 1081 1065
1108,1080 1082 1066
1113,1114
1114,1081
1111,1081 1069
1116,1117
1117,1082
1112,1081 1082 1070
1115,1082 1073
1118,1085
1124,1125
1125,1118
1120,1118 1085 1087
1121,1118 1085 1088
1123,1118 1090
1119,1118 1085 1086
1131,1132
1122,1118 1085 1089
1132,1119
1126,1119 1086 1093
1130,1119 1123 1097
1128,1119 1086 1121 1095
1127,1119 1086 1120 1087 1094
1129,1119 1086 1122 1089 1096
1133,1120 1100
1134,1120 1121 1101
1135,1120 1122 1102
1137,1138
1138,1120
1136,1120 1123 1103
1139,1121 1106
1142,1143
1140,1121 1122 1107
1143,1121
1141,1121 1123 1108
1146,1147
1147,1122
1144,1122 1111
1145,1122 1123 1112
1149,1150
1150,1123
1148,1123 1115
1151,1126
1156,1157
1157,1151
1152,1151 1126 1127
1154,1151 1126 1129
1162,1163
1163,1152
1160,1152 1154 1135
1153,1151 1126 1128
1158,1152 1127 1133
1155,1151 1130
1159,1152 1127 1153 1128 1134
1161,1152 1155 1130 1136
1164,1153 1139
1165,1153 1154 1140
1167,1168
1168,1153
1166,1153 1155 1141
1171,1172
1172,1154
1169,1154 1144
1170,1154 1155 1145
1174,1175
1175,1155
1173,1155 1148
1180,1181
1181,1176 1158
1176,1158
1178,1176 1158 1160
1189,1190
1190,1178
1185,1186
1187,1178 1160 1169
1186,1177 1159
1177,1176 1158 1159
1182,1177 1159 1164
1192,1193
1183,1177 1159 1178 1160 1165
1193,1179 1161
1179,1176 1158 1161
1184,1177 1159 1179 1161 1166
1191,1179 1161 1173
1188,1178 1179 1161 1170
1197,1198
1198,1194 1182
1194,1182 1164
1201,1202
1202,1195 1183
1195,1194 1182 1183 1165
1199,1195 1183 1187
1204,1205
1205,1196 1184
1196,1194 1182 1184 1166
1208,1209
1209,1206 1187
1206,1199 1187
1203,1196 1184 1191
1200,1195 1183 1196 1184 1188
1211,1212
1212,1207 1188
1207,1206 1187 1200 1188
1210,1207 1188 1203 1191
1214,1215
1215,1213 1191
1213,1210 1191
1217,886
1216,1217
1219,796
1218,1219
1221,806
1220,1221
1223,816
1222,1223
1225,826
1224,1225
1227,836
1226,1227
1229,846
1228,1229
1231,856
1230,1231
1233,866
1232,1233
1235,876
1234,1235
1237,887
1236,1237
1239,961
1238,1239
1241,807
1240,1241
1243,817
1242,1243
1245,827
1244,1245
1247,837
1246,1247
1249,847
1248,1249
1251,857
1250,1251
1253,867
1252,1253
1255,877
1254,1255
1257,888
1256,1257
1259,962
1258,1259
1261,1024
1260,1261
1263,818
1262,1263
1265,828
1264,1265
1267,838
1266,1267
1269,848
1268,1269
1271,858
1270,1271
1273,868
1272,1273
1275,878
1274,1275
1277,889
1276,1277
1279,963
1278,1279
1281,1025
1280,1281
1283,1076
1282,1283
1285,829
1284,1285
1287,839
1286,1287
1289,849
1288,1289
1291,859
1290,1291
1293,869
1292,1293
1295,879
1294,1295
1297,890
1296,1297
1299,964
1298,1299
1301,1026
1300,1301
1303,1077
1302,1303
1305,1118
1304,1305
1307,840
1306,1307
1309,850
1308,1309
1311,860
1310,1311
1313,870
1312,1313
1315,880
1314,1315
1317,891
1316,1317
1319,965
1318,1319
1321,1027
1320,1321
1323,1078
1322,1323
1325,1119
1324,1325
1327,1151
1326,1327
1329,851
1328,1329
1331,861
1330,1331
1333,871
1332,1333
1335,881
1334,1335
1337,892
1336,1337
1339,966
1338,1339
1341,1028
1340,1341
1343,1079
1342,1343
1345,1120
1344,1345
1347,1152
1346,1347
1349,1176
1348,1349
1351,862
1350,1351
1353,872
1352,1353
1355,882
1354,1355
1357,893
1356,1357
1359,967
1358,1359
1361,1029
1360,1361
1363,1080
1362,1363
1365,1121
1364,1365
1367,1153
1366,1367
1369,1177
1368,1369
1371,1194
1370,1371
1373,873
1372,1373
1375,883
1374,1375
1377,894
1376,1377
1379,968
1378,1379
1381,1030
1380,1381
1383,1081
1382,1383
1385,1122
1384,1385
1387,1154
1386,1387
1389,1178
1388,1389
1391,1195
1390,1391
1393,1206
1392,1393
1395,884
1394,1395
1397,895
1396,1397
1399,969
1398,1399
1401,1031
1400,1401
1403,1082
1402,1403
1405,1123
1404,1405
1407,1155
1406,1407
1409,1179
1408,1409
1411,1196
1410,1411
1413,1207
1412,1413
1415,1213
1414,1415
