1797,1795 1695 1715
1798,1795 1695 1725
1802,1795 1765
1799,1795 1695 1735
1795,1695
1803,1795 1775
1800,1795 1695 1745
1796,1795 1695 1705
1805,1806
1801,1795 1755
1806,1795
1804,1795 1785
1807,1796 1706
1808,1797 1796 1716
1809,1798 1796 1726
1810,1799 1796 1736
1811,1800 1796 1746
1812,1801 1796 1756
1813,1802 1796 1766
1814,1803 1796 1776
1816,1817
1817,1796
1815,1804 1796 1786
1818,1797 1717
1819,1798 1797 1727
1820,1799 1797 1737
1821,1800 1797 1747
1822,1801 1797 1757
1823,1802 1797 1767
1824,1803 1797 1777
1826,1827
1827,1797
1825,1804 1797 1787
1828,1798 1728
1829,1799 1798 1738
1830,1800 1798 1748
1831,1801 1798 1758
1832,1802 1798 1768
1833,1803 1798 1778
1835,1836
1836,1798
1834,1804 1798 1788
1837,1799 1739
1838,1800 1799 1749
1839,1801 1799 1759
1840,1802 1799 1769
1841,1803 1799 1779
1843,1844
1844,1799
1842,1804 1799 1789
1845,1800 1750
1846,1801 1800 1760
1847,1802 1800 1770
1848,1803 1800 1780
1850,1851
1851,1800
1849,1804 1800 1790
1852,1801 1761
1853,1802 1801 1771
1854,1803 1801 1781
1856,1857
1857,1801
1855,1804 1801 1791
1858,1802 1772
1859,1803 1802 1782
1861,1862
1862,1802
1860,1804 1802 1792
1863,1803 1783
1865,1866
1866,1803
1864,1804 1803 1793
1868,1869
1869,1804
1867,1804 1794
1871,1870 1807 1808
1876,1870 1813
1873,1870 1807 1810
1870,1807
1879,1880
1875,1870 1807 1812
1880,1870
1872,1870 1807 1809
1878,1870 1815
1889,1890
1890,1871
1898,1899
1899,1872
1906,1907
1907,1873
1919,1920
1920,1875
1881,1871 1818
1882,1872 1871 1819
1886,1876 1871 1823
1885,1875 1871 1822
1883,1873 1871 1820
1895,1876 1872 1832
1916,1876 1875 1853
1918,1878 1875 1855
1905,1878 1873 1842
1884,1874 1811 1871 1821
1893,1874 1811 1872 1830
1921,1876 1858
1924,1925
1925,1876
1901,1874 1811 1873 1838
1908,1874 1811 1845
1923,1878 1876 1860
1909,1875 1874 1811 1846
1913,1914
1914,1874 1811
1874,1870 1807 1811
1931,1932
1910,1876 1874 1811 1847
1932,1878
1912,1878 1874 1811 1849
1930,1878 1867
1941,1942
1942,1933
1896,1877 1814 1872 1833
1911,1877 1814 1874 1811 1848
1935,1933 1881 1883
1917,1877 1814 1875 1854
1958,1959
1959,1935
1937,1933 1881 1885
1936,1933 1881 1884
1933,1881
1928,1929
1929,1877 1814
1877,1870 1814
1938,1933 1881 1886
1926,1877 1814 1863
1922,1877 1814 1876 1859
1953,1936 1884 1935 1901
1960,1936 1908
1887,1877 1814 1871 1824
1927,1878 1877 1814 1864
1950,1951
1951,1934 1882
1934,1933 1881 1882
1945,1936 1884 1934 1882 1893
1947,1938 1886 1934 1882 1895
1904,1877 1814 1873 1841
1962,1938 1936 1910
1939,1933 1887 1824
1965,1966
1948,1939 1824 1934 1882 1896
1966,1936
1956,1939 1824 1935 1904 1841
1961,1937 1936 1909
1963,1939 1936 1911
1968,1938 1937 1916
1971,1972
1972,1937
1969,1939 1937 1917
1973,1938 1921
1976,1977
1977,1938
1974,1939 1938 1922
1980,1981
1981,1939
1978,1939 1926
2126,1815 1816 1814 1813 1812 1811 1810 1809 1808 1807
2128,1825 1826 1824 1823 1822 1821 1820 1819 1818 1808
2125,1795 2126 1796
2130,1834 1835 1833 1832 1831 1830 1829 1828 1819 1809
2127,1795 2128 1797
2132,1842 1843 1841 1840 1839 1838 1837 1829 1820 1810
1897,1878 1872 1834
2134,1849 1850 1848 1847 1846 1845 1838 1830 1821 1811
2136,1855 1856 1854 1853 1852 1846 1839 1831 1822 1812
2138,1860 1861 1859 1858 1853 1847 1840 1832 1823 1813
2140,1864 1865 1863 1859 1854 1848 1841 1833 1824 1814
2142,1867 1868 1864 1860 1855 1849 1842 1834 1825 1815
2143,2144
2144,2125
2145,2146
2146,2127
2161,2162
2162,1795
2172,1911 1912 1910 1913 1909 1908 1901 1893 1884
2178,1904 1927 1887 1922 1926 1928 1917 1911 1896
2205,2206
2206,2125
2209,2210
2210,1870
2270,2271
2271,1933
2155,2156
2153,2154
2157,2158
2156,2137 2138
2147,2148
2149,2150
2154,2135 2136
2151,2152
2158,2139 2140
2137,1795 2138 1802
2139,1795 2140 1803
2191,2192
2148,2129 2130
2159,2160
2150,2131 2132
2135,1795 2136 1801
2192,2171 2172
2129,1795 2130 1798
2160,2141 2142
2131,1795 2132 1799
2171,1870 2172 1874
2141,1795 2142 1804
2152,2133 2134
1900,1873 1837
1891,1872 1828
1915,1875 1852
2239,2191 2190
2200,2201
1892,1873 1872 1829
2201,2177 2178
1902,1875 1873 1839
2164,2141 2139 2137 2135 2133 2131 2129 2161 2127 2125 1804 1801 1805 1796 1800 1803 1799 1802 1798 1797
2190,2171 2172 2125 2151 2134
2177,1870 2178 1877
2166,1888 1887 1884 1883 1885 1886 1882 1881 1889
2133,1795 2134 1800
2168,1894 1892 1891 1897 1896 1893 1895 1882 1898
2170,1903 1902 1900 1892 1904 1901 1905 1883 1906
2180,1888 1897 1927 1930 1912 1931 1923 1905 1918
2665,2666
1888,1878 1871 1825
2174,1915 1902 1894 1917 1909 1918 1916 1885 1919
1894,1875 1872 1831
1943,1934 1882 1891 1828
2176,1903 1922 1910 1923 1924 1921 1916 1895 1886
2666,2163 1795
1903,1876 1873 1840
2163,2164 1795
2185,2186
2186,2167 1872
2167,1870 2168 1872
1952,1935 1900 1837
2229,2185 2184
2184,2167 1872 2125 2147 2130
2194,2195
2195,2173 1875
2182,2183
2173,1870 2174 1875
1967,1937 1915 1852
2183,2165 1871
2266,2267
2267,2165 1871
2165,1870 2166 1871
2188,2189
2244,2194 2193
2189,2169 1873
2193,2173 1875 2125 2153 2136
2169,1870 2170 1873
1944,1935 1883 1934 1882 1892 1829
2262,2263
2234,2188 2187
2263,2181 2145
2187,2169 1873 2125 2149 2132
2181,2165 1871 2125 2145
2203,2204
2204,2179 1878
2179,1870 2180 1878
2259,2203 2202
2202,2179 1878 2125 2159 2142
2000,2001
2001,1986 1829
1986,1985 1828 1944 1829
1992,1993
1993,1985 1828
2334,2335
2335,1985 1828
1985,1943 1828
2018,2019
2019,1989 1947
1989,1985 1828 1947
2015,1989 1947 1973
2197,2198
2198,2175 1876
2175,1870 2176 1876
1994,1986 1829 1952 1837
1998,1990 1948 1986 1829 1956
1995,1987 1945 1986 1829 1953
1983,1984
2249,2197 2196
2007,2008
2667,2665 1795
2022,2023
1984,1940 1825
2008,1987 1945
2196,2175 1876 2125 2155 2138
2023,1990 1948
1940,1933 1888 1825
1987,1985 1828 1945
1990,1985 1828 1948
1957,1940 1825 1935 1905
2002,1987 1945 1960
1970,1940 1825 1937 1918
2020,1990 1948 1978
1982,1940 1825 1930
1975,1940 1825 1938 1923
2005,1990 1948 1987 1945 1963
2218,1964 1963 1961 1965 1962 1945 1960 1953
1949,1940 1825 1934 1882 1897 1834
1964,1940 1825 1936 1912
2214,1949 1946 1944 1943 1948 1947 1945 1950
1946,1937 1885 1934 1882 1894 1831
2033,2034
2034,2027 1837
2399,2400
2400,2027 1837
2027,1994 1837
2003,1988 1831 1987 1945 1961
2004,1989 1947 1987 1945 1962
2009,1988 1831 1967 1852
2230,2231
2231,2213 1934
2330,2331
2331,2213 1934
2220,1970 1967 1954 1946 1969 1971 1968 1961
2213,1933 2214 1934
1954,1937 1885 1935 1902 1839
2013,2014
2016,1990 1948 1989 1947 1974
2014,1988 1831
1988,1985 1828 1946 1831
2322,2323
2326,2327
2323,2227 2130
2327,2228 1872
2227,2213 1934 2181 2145 2184 2130
2228,2213 1934 2165 1871 2229 1872
1996,1988 1831 1986 1829 1954 1839
2011,1990 1948 1988 1831 1969
2055,2056
2056,2031 1956
2031,2027 1837 1998 1956
2010,1989 1947 1988 1831 1968
2224,1979 1978 1980 1974 1969 1963 1956 1948
2053,2031 1956 2020 1978
2216,1957 1955 1954 1952 1944 1956 1953 1958
2226,1983 1982 1979 1975 1970 1964 1957 1949
2245,2246
2046,2047
1979,1940 1825 1939 1927
2246,2219 1937
2222,1975 1955 1974 1976 1973 1968 1962 1947
2047,2029 1839
2219,1933 2220 1937
1955,1938 1886 1935 1903 1840
2029,2027 1837 1996 1839
2040,2041
2041,2028 1953
2035,2028 1953 2002 1960
2028,2027 1837 1995 1953
2042,2029 1839 2009 1852
2243,2219 1937 2165 1871 2244 1875
2065,2066
2066,2060 1960
2463,2464
2464,2060 1960
2208,2202 2199 2196 2193 2190 2187 2184 2181 2205 2143
2254,2200 2199
2060,2035 1960
2199,2177 2178 2125 2157 2140
1997,1989 1947 1986 1829 1955 1840
2036,2029 1839 2028 1953 2003 1961
2260,2261
2261,2225 1825
2225,1933 2226 1825
2277,2007 2006 2005 2004 2003 2002 1995
2006,1991 1834 1987 1945 1964 1912
2275,2000 1999 1998 1997 1996 1995 1994
1999,1991 1834 1986 1829 1957 1905
2258,2225 1825 2165 1871 2259 1878
2255,2256
2256,2223 1939
2296,2297
2223,1933 2224 1939
2297,2276 1945
2276,1985 1828 2277 1945
2071,2072
2072,2061 1961
2061,2060 1960 2036 1961
2025,2026
2058,2059
2026,1991 1834
2301,2245 2243 2242
2059,2032 1905
2253,2223 1939 2165 1871 2254 2178
2250,2251
2251,2221 1938
1991,1985 1828 1949 1834
2032,2027 1837 1999 1905
2242,2219 1937 2181 2145 2193 2136
2221,1933 2222 1938
2313,2255 2253 2252
2252,2223 1939 2181 2145 2199 2140
2319,2260 2258 2257
2257,2225 1825 2181 2145 2202 2142
2290,2291
2291,2274 1829
2247,2221 1938 2181 2145 2196 2138
2395,2396
2396,2274 1829
2274,1985 1828 2275 1829
2067,2061 1961 2042 1852
2043,2030 1840 2029 1839 2010 1968
2038,2031 1956 2028 1953 2005 1963
2089,2090
2090,2085 1852
2524,2525
2525,2085 1852
2085,2067 1852
2240,2241
2241,2217 1936
2217,1933 2218 1936
2044,2031 1956 2029 1839 2011 1969
2235,2236
2236,2215 1935
2215,1933 2216 1935
2279,2013 2012 2011 2010 2009 2003 1996
2012,1991 1834 1988 1831 1970 1918
2024,1991 1834 1982 1930
2048,2030 1840 2015 1973
2051,2052
2052,2030 1840
2030,2027 1837 1997 1840
2283,2022 2021 2020 2016 2011 2005 1998
2021,1991 1834 1990 1948 1979 1927
2238,2217 1936 2165 1871 2239 2172
2212,2207 2179 2177 2175 2173 2171 2169 2167 2165 2209 1877 1874 1878 1872 1879 1875 1873 1876 1871
2037,2030 1840 2028 1953 2004 1962
2080,2081
2669,2670
2081,2063 1963
2670,2207 2125
2302,2303
2063,2060 1960 2038 1963
2207,1870 2208 2125
2233,2215 1935 2165 1871 2234 1873
2303,2278 1831
2278,1985 1828 2279 1831
2078,2063 1963 2053 1978
2057,2032 1905 2024 1930
2049,2031 1956 2030 1840 2016 1974
2314,2315
2315,2282 1948
2269,2266 2258 2253 2248 2243 2238 2233 2228 2182 2181
2307,2250 2248 2247
2282,1985 1828 2283 1948
2310,2282 1948 2227 2130 2252 2140
2248,2221 1938 2165 1871 2249 1876
2672,2669 2668
2312,2282 1948 2213 1934 2313 1939
2295,2240 2238 2237
2668,2207 2125 2667 1795
2237,2217 1936 2181 2145 2190 2134
2298,2278 1831 2227 2130 2242 2136
2343,2051 2050 2049 2048 2043 2037
2292,2276 1945 2227 2130 2237 2134
2050,2032 1905 2030 1840 2017 1923
2076,2077
2077,2062 1962
2684,2685
2685,2268 1871
2062,2060 1960 2037 1962
2073,2062 1962 2048 1973
2268,1933 2269 1871
2293,2276 1945 2228 1872 2238 2172
2300,2278 1831 2213 1934 2301 1937
2265,2262 2257 2252 2247 2242 2237 2232 2227
2339,2040 2039 2038 2037 2036 2035
2039,2032 1905 2028 1953 2006 1912
2352,2296 2294 2293 2292
2294,2276 1945 2213 1934 2295 1936
2387,2388
2388,2287 1873
2345,2055 2054 2053 2049 2044 2038
2068,2062 1962 2061 1961 2043 1968
2287,2274 1829 2228 1872 2233 1873
2054,2032 1905 2031 1956 2021 1927
2673,2674
2674,2211 1870
2211,2212 1870
2367,2368
2368,2342 1840
2342,2027 1837 2343 1840
2289,2235 2233 2232
2232,2215 1935 2181 2145 2187 2132
2383,2384
2384,2286 2132
2286,2274 1829 2227 2130 2232 2132
2359,2302 2300 2299 2298
2094,2095
2299,2278 1831 2228 1872 2243 1875
2095,2086 1968
2086,2085 1852 2068 1968
2391,2392
2392,2288 1935
2288,2274 1829 2213 1934 2289 1935
2079,2064 1912 2063 1963 2054 1927
2083,2084
2273,2268 2264 2225 2223 2221 2219 2217 2215 2213 1940 2270 1939 1934 1938 1937 1936 1935 1941
2084,2064 1912
2069,2063 1963 2061 1961 2044 1969
2064,2060 1960 2039 1912
2341,2046 2045 2044 2043 2042 2036
2091,2086 1968 2073 1973
2680,2681
2681,2264 2145
2264,1933 2265 2145
2347,2058 2057 2054 2050 2045 2039
2045,2032 1905 2029 1839 2012 1918
2688,2689
2689,2272 1933
2272,2273 1933
2082,2064 1912 2057 1930
2408,2080 2079 2078 2074 2069
2406,2076 2075 2074 2073 2068
2074,2063 1963 2062 1962 2049 1974
2106,2107
2075,2064 1912 2062 1962 2050 1923
2107,2103 1973
2580,2581
2581,2103 1973
2103,2091 1973
2433,2434
2434,2407 1963
2407,2060 1960 2408 1963
2425,2426
2426,2405 1962
2447,2448
2405,2060 1960 2406 1962
2448,2349 2172
2404,2071 2070 2069 2068 2067
2349,2338 1953 2287 1873 2293 2172
2353,2354
2354,2338 1953
2098,2099
2459,2460
2099,2087 1969
2460,2338 1953
2087,2085 1852 2069 1969
2338,2027 1837 2339 1953
2417,2418
2443,2444
2418,2403 1961
2444,2348 2134
2410,2083 2082 2079 2075 2070
2520,2521
2348,2338 1953 2286 2132 2292 2134
2521,2403 1961
2070,2064 1912 2061 1961 2045 1918
2455,2456
2403,2060 1960 2404 1961
2456,2351 1945
2351,2338 1953 2274 1829 2352 1945
2441,2442
2442,2409 1912
2409,2060 1960 2410 1912
2451,2452
2452,2350 1936
2350,2338 1953 2288 1935 2294 1936
2096,2087 1969 2078 1978
2374,2375
2375,2344 1956
2344,2027 1837 2345 1956
2360,2361
2361,2340 1839
2340,2027 1837 2341 1839
2371,2344 1956 2288 1935 2312 1939
2357,2340 1839 2288 1935 2300 1937
2101,2102
2102,2088 1918
2088,2085 1852 2070 1918
2508,2509
2509,2413 1937
2413,2403 1961 2350 1936 2357 1937
2369,2344 1956 2286 2132 2310 2140
2356,2340 1839 2287 1873 2299 1875
2358,2340 1839 2274 1829 2359 1831
2093,2088 1918 2086 1968 2075 1923
2100,2088 1918 2082 1930
2504,2505
2468,2094 2093 2092 2091
2505,2412 1875
2429,2407 1963 2350 1936 2371 1939
2092,2087 1969 2086 1968 2074 1974
2412,2403 1961 2349 2172 2356 1875
2480,2481
2481,2467 1968
2576,2577
2577,2467 1968
2467,2085 1852 2468 1968
2427,2407 1963 2348 2134 2369 2140
2416,2360 2358 2357 2356 2355
2355,2340 1839 2286 2132 2298 2136
2110,2111
2111,2104 1974
2104,2103 1973 2092 1974
2470,2098 2097 2096 2092
2512,2513
2513,2414 1831
2516,2517
2414,2403 1961 2351 1945 2358 1831
2517,2415 1839
2500,2501
2501,2411 2136
2415,2403 1961 2338 1953 2416 1839
2411,2403 1961 2348 2134 2355 2136
2472,2101 2100 2097 2093
2097,2088 1918 2087 1969 2079 1927
2498,2499
2499,2471 1918
2471,2085 1852 2472 1918
2108,2104 1974 2096 1978
2113,2114
2114,2105 1923
2105,2103 1973 2093 1923
2529,2110 2109 2108
2109,2105 1923 2104 1974 2097 1927
2531,2113 2112 2109
2112,2105 1923 2100 1930
2540,2541
2541,2528 1974
2117,2118
2625,2626
2118,2115 1978
2626,2528 1974
2528,2103 1973 2529 1974
2629,2630
2630,2115 1978
2115,2108 1978
2120,2121
2482,2469 1969 2411 2136 2427 2140
2121,2116 1927
2116,2115 1978 2109 1927
2585,2120 2119
2119,2116 1927 2112 1930
2123,2124
2124,2122 1930
2661,2662
2662,2122 1930
2122,2119 1930
2595,2596
2596,2584 1927
2657,2658
2658,2584 1927
2584,2115 1978 2585 1927
2281,2018 2017 2016 2015 2010 2004 1997
2676,2673 2671
2489,2490
2490,2469 1969
2469,2085 1852 2470 1969
2550,2551
2551,2530 1923
2671,2211 1870 2672 2125
2530,2103 1973 2531 1923
2677,2264 2145 2668 1795
2381,2382
2382,2346 1905
2346,2027 1837 2347 1905
2285,2025 2024 2021 2017 2012 2006 1999
2017,1991 1834 1989 1947 1975 1923
2484,2469 1969 2413 1937 2429 1939
2683,2680 2678 2677
2678,2268 1871 2264 2145 2671 2125
2308,2309
2309,2280 1947
2373,2314 2312 2311 2310
2280,1985 1828 2281 1947
2311,2282 1948 2228 1872 2253 2178
2675,2676 1870
2304,2280 1947 2227 2130 2247 2138
2682,2272 1933 2683 2145
2687,2684 2679 2678
2305,2280 1947 2228 1872 2248 1876
2679,2268 1871 2675 1870
2370,2344 1956 2287 1873 2311 2178
2362,2342 1840 2286 2132 2304 2138
2428,2407 1963 2349 2172 2370 2178
2329,2326 2317 2311 2305 2299 2293 2287
2419,2405 1962 2348 2134 2362 2138
2552,2553
2553,2473 2138
2473,2467 1968 2411 2136 2419 2138
2597,2598
2598,2532 2140
2532,2528 1974 2473 2138 2482 2140
2320,2321
2691,2688 2686 2682
2317,2284 1834 2228 1872 2258 1878
2321,2284 1834
2686,2272 1933 2687 1871
2284,1985 1828 2285 1834
2483,2469 1969 2412 1875 2428 2178
2363,2342 1840 2287 1873 2305 1876
2702,2703
2366,2308 2306 2305 2304
2703,2328 1872
2306,2280 1947 2213 1934 2307 1938
2328,1985 1828 2329 1872
2695,2328 1872 2679 1870
2365,2342 1840 2274 1829 2366 1947
2432,2374 2372 2371 2370 2369
2372,2344 1956 2274 1829 2373 1948
2430,2407 1963 2351 1945 2372 1948
2422,2405 1962 2351 1945 2365 1947
2325,2322 2316 2310 2304 2298 2292 2286
2485,2469 1969 2414 1831 2430 1948
2316,2284 1834 2227 2130 2257 2142
2564,2565
2565,2476 1947
2476,2467 1968 2414 1831 2422 1947
2488,2433 2431 2430 2429 2428 2427
2386,2383 2376 2369 2362 2355 2348
2431,2407 1963 2338 1953 2432 1956
2698,2699
2699,2324 2130
2324,1985 1828 2325 2130
2376,2346 1905 2286 2132 2316 2142
2486,2469 1969 2415 1839 2431 1956
2692,2324 2130 2677 1795
2693,2328 1872 2324 2130 2678 2125
2609,2610
2610,2535 1948
2535,2528 1974 2476 1947 2485 1948
2539,2489 2487 2486 2485 2484 2483 2482
2487,2469 1969 2403 1961 2488 1963
2446,2443 2435 2427 2419 2411
2621,2622
2435,2409 1912 2348 2134 2376 2142
2622,2538 1969
2538,2528 1974 2467 1968 2539 1969
2724,2725
2725,2385 2132
2385,2027 1837 2386 2132
2759,2760
2760,2445 2134
2445,2060 1960 2446 2134
2503,2500 2491 2482 2473
2714,2385 2132 2692 1795
2804,2805
2491,2471 1918 2411 2136 2435 2142
2805,2502 2136
2502,2085 1852 2503 2136
2744,2445 2134 2714 1795
2783,2502 2136 2744 1795
2555,2552 2542 2532
2542,2530 1923 2473 2138 2491 2142
2860,2861
2861,2554 2138
2600,2597 2586
2554,2103 1973 2555 2138
2633,2634
2634,2586 2142
2586,2584 1927 2532 2140 2542 2142
2832,2554 2138 2783 1795
3009,3010
3010,2635 2142
2635,2122 1930 2633 2142
2928,2929
2929,2599 2140
2599,2115 1978 2600 2140
2892,2599 2140 2832 1795
2964,2635 2142 2892 1795
2333,2330 2318 2312 2306 2300 2294 2288 2230 2228 2227
2420,2405 1962 2349 2172 2363 1876
2380,2320 2318 2317 2316
2318,2284 1834 2213 1934 2319 1825
2424,2367 2365 2364 2363 2362
2364,2342 1840 2288 1935 2306 1938
2394,2391 2378 2371 2364 2357 2350
2390,2387 2377 2370 2363 2356 2349
2378,2346 1905 2288 1935 2318 1825
2377,2346 1905 2287 1873 2317 1878
2732,2733
2733,2393 1935
2393,2027 1837 2394 1935
2690,2691 1933
2398,2395 2379 2372 2365 2358 2351 2290 2288 2287 2286
2556,2557
2557,2474 1876
2423,2405 1962 2338 1953 2424 1840
2474,2467 1968 2412 1875 2420 1876
2728,2729
2729,2389 1873
2389,2027 1837 2390 1873
2440,2381 2379 2378 2377 2376
2379,2346 1905 2274 1829 2380 1834
2337,2334 2332 2328 2324 2284 2282 2280 2278 2276 2274 1992 1991 1990 1989 1988 1987 1986
2458,2455 2438 2430 2422 2414
2437,2409 1912 2350 1936 2378 1825
2454,2451 2437 2429 2421 2413
2438,2409 1912 2351 1945 2379 1834
2706,2707
2718,2389 1873 2695 1870
2707,2332 1934
2332,1985 1828 2333 1934
2479,2425 2423 2422 2421 2420 2419
2421,2405 1962 2350 1936 2364 1938
2697,2332 1934 2690 1933
2705,2702 2696 2695 2693
2462,2459 2439 2431 2423 2415 2353 2351 2350 2349 2348
2572,2573
2573,2478 1962
2439,2409 1912 2338 1953 2440 1905
2696,2332 1934 2328 1872 2686 1871
2478,2467 1968 2403 1961 2479 1962
2560,2561
2561,2475 1938
2475,2467 1968 2413 1937 2421 1938
2617,2618
2618,2537 1963
2537,2528 1974 2478 1962 2487 1963
2515,2512 2494 2485 2476
2605,2606
2606,2534 1939
2710,2711
2534,2528 1974 2475 1938 2484 1939
2711,2336 1828
2336,2337 1828
2495,2471 1918 2415 1839 2439 1905
2816,2817
2817,2514 1831
2494,2471 1918 2414 1831 2438 1834
2514,2085 1852 2515 1831
2719,2393 1935 2389 1873 2696 1871
2767,2768
2768,2453 1936
2704,2336 1828 2705 1872
2453,2060 1960 2454 1936
2567,2564 2545 2535
2872,2873
2873,2566 1947
2545,2530 1923 2476 1947 2494 1834
2566,2103 1973 2567 1947
2612,2609 2589
2642,2643
2940,2941
2941,2611 1948
2643,2589 1834
2611,2115 1978 2612 1948
2589,2584 1927 2535 1948 2545 1834
3021,3022
3022,2644 1834
2644,2122 1930 2642 1834
2771,2772
2772,2457 1945
2457,2060 1960 2458 1945
2701,2698 2694 2693 2692
2709,2706 2697 2696 2694
2694,2332 1934 2324 2130 2682 2145
2511,2508 2493 2484 2475
2493,2471 1918 2413 1937 2437 1825
2812,2813
2813,2510 1937
2510,2085 1852 2511 1937
2450,2447 2436 2428 2420 2412
2708,2336 1828 2709 1934
2715,2389 1873 2385 2132 2693 2125
2713,2710 2708 2704 2700
2700,2336 1828 2701 2130
2601,2602
2716,2393 1935 2385 2132 2694 2145
2602,2533 2178
2563,2560 2544 2534
2533,2528 1974 2474 1876 2483 2178
2497,2441 2439 2438 2437 2436 2435
2436,2409 1912 2349 2172 2377 1878
2544,2530 1923 2475 1938 2493 1825
2402,2399 2397 2393 2389 2385 2346 2344 2342 2340 2338 2033 2032 2031 2030 2029 2028
2507,2504 2492 2483 2474
2721,2393 1935 2697 1933
2523,2520 2496 2487 2478 2417 2415 2414 2413 2412 2411
2740,2741
2741,2401 1837
2492,2471 1918 2412 1875 2436 1878
2401,2402 1837
2775,2776
2776,2461 1953
2461,2060 1960 2462 1953
2808,2809
2809,2506 1875
2712,2713 1828
2506,2085 1852 2507 1875
2753,2453 1936 2721 1933
2549,2498 2496 2495 2494 2493 2492 2491
2496,2471 1918 2403 1961 2497 1912
2794,2510 1937 2753 1933
2736,2737
2824,2825
2575,2572 2547 2537
2825,2522 1961
2737,2397 1829
2522,2085 1852 2523 1961
2397,2027 1837 2398 1829
2746,2453 1936 2445 2134 2716 2145
2547,2530 1923 2478 1962 2496 1912
2608,2605 2588
2639,2640
2723,2397 1829 2712 1828
2735,2732 2722 2721 2719 2716
2519,2516 2495 2486 2477
2640,2588 1825
2727,2724 2717 2716 2715 2714
2588,2584 1927 2534 1939 2544 1825
2868,2869
2869,2562 1938
2562,2103 1973 2563 1938
2880,2881
2881,2574 1962
2574,2103 1973 2575 1962
2731,2728 2720 2719 2718 2715
2722,2397 1829 2393 1935 2708 1934
2717,2397 1829 2385 2132 2700 2130
2756,2457 1945 2723 1828
2739,2736 2723 2722 2720 2717
2720,2397 1829 2389 1873 2704 1872
2620,2617 2591
2568,2569
2569,2477 1840
2648,2649
2734,2401 1837 2735 1935
2785,2510 1937 2502 2136 2746 2145
2649,2591 1912
2579,2576 2548 2538 2480 2478 2477 2476 2475 2474 2473
2591,2584 1927 2537 1963 2547 1912
2548,2530 1923 2467 1968 2549 1918
2559,2556 2543 2533
2477,2467 1968 2415 1839 2423 1840
2738,2401 1837 2739 1829
2527,2524 2522 2518 2514 2510 2506 2502 2471 2469 2467 2089 2088 2087 2086
2820,2821
2936,2937
2821,2518 1839
2937,2607 1939
2518,2085 1852 2519 1839
2607,2115 1978 2608 1939
2543,2530 1923 2474 1876 2492 1878
2730,2401 1837 2731 1873
3017,3018
2948,2949
3018,2641 1825
2949,2619 1963
2834,2562 1938 2554 2138 2785 2145
2641,2122 1930 2639 1825
2828,2829
2619,2115 1978 2620 1963
2829,2526 1852
2594,2550 2548 2547 2546 2545 2544 2543 2542
2526,2527 1852
2546,2530 1923 2477 1840 2495 1905
3029,3030
3030,2650 1912
2650,2122 1930 2648 1912
2754,2457 1945 2453 1936 2722 1934
2845,2562 1938 2794 1933
2894,2607 1939 2599 2140 2834 2145
2604,2601 2587
2755,2461 1953 2453 1936 2734 1935
2636,2637
2795,2514 1831 2510 1937 2754 1934
2571,2568 2546 2536
2654,2655
2624,2621 2592
2651,2652
2796,2518 1839 2510 1937 2755 1935
2637,2587 1878
2907,2607 1939 2845 1933
2587,2584 1927 2533 2178 2543 1878
2743,2740 2738 2734 2730 2726
2613,2614
2614,2536 1956
2655,2593 1923
2652,2592 1918
2593,2584 1927 2528 1974 2594 1923
2592,2584 1927 2538 1969 2548 1918
2932,2933
2933,2603 2178
2603,2115 1978 2604 2178
2726,2401 1837 2727 2132
2846,2566 1947 2562 1938 2795 1934
2966,2641 1825 2635 2142 2894 2145
2628,2625 2593 2540 2538 2537 2536 2535 2534 2533 2532
2884,2885
2536,2528 1974 2477 1840 2486 1956
2885,2578 1968
2578,2103 1973 2579 1968
3013,3014
3014,2638 1878
2638,2122 1930 2636 1878
2876,2877
2877,2570 1840
2570,2103 1973 2571 1840
2748,2461 1953 2445 2134 2726 2132
2583,2580 2578 2574 2570 2566 2562 2558 2554 2530 2528 2106 2105 2104
2981,2641 1825 2907 1933
2864,2865
2747,2457 1945 2445 2134 2717 2130
2865,2558 1876
2558,2103 1973 2559 1876
2952,2953
2953,2623 1969
2623,2115 1978 2624 1969
2742,2743 1837
2798,2514 1831 2756 1828
2908,2611 1948 2607 1939 2846 1934
2757,2461 1953 2457 1945 2738 1829
2956,2957
2957,2627 1974
2627,2115 1978 2628 1974
2616,2613 2590
2645,2646
2758,2461 1953 2742 1837
2646,2590 1905
2632,2629 2627 2623 2619 2615 2611 2607 2603 2599 2584 2117 2116
2944,2945
2945,2615 1956
2660,2657 2595 2593 2592 2591 2590 2589 2588 2587 2586
3025,3026
2615,2115 1978 2616 1956
3026,2647 1905
2590,2584 1927 2536 1956 2546 1905
2850,2566 1947 2798 1828
2647,2122 1930 2645 1905
3037,3038
2960,2961
3038,2656 1923
2961,2631 1978
2656,2122 1930 2654 1923
2631,2632 1978
2982,2644 1834 2641 1825 2908 1934
2801,2518 1839 2758 1837
3033,3034
3034,2653 1918
2653,2122 1930 2651 1918
2664,2661 2659 2656 2653 2650 2647 2644 2641 2638 2635 2123
3041,3042
3042,2659 1927
2659,2122 1930 2660 1927
2799,2518 1839 2514 1831 2757 1829
2854,2570 1840 2801 1837
3045,3046
3046,2663 1930
2663,2664 1930
2918,2615 1956 2854 1837
2913,2611 1948 2850 1828
2851,2570 1840 2566 1947 2799 1829
2994,2647 1905 2918 1837
2988,2644 1834 2913 1828
2914,2615 1956 2611 1948 2851 1829
2989,2647 1905 2644 1834 2914 1829
2466,2463 2461 2457 2453 2449 2445 2409 2407 2405 2403 2065 2064 2063 2062 2061
2779,2780
2780,2465 1960
2465,2466 1960
2763,2764
2764,2449 2172
2449,2060 1960 2450 2172
2749,2449 2172 2718 1870
2762,2759 2748 2747 2746 2745 2744
2745,2449 2172 2445 2134 2715 2125
2789,2506 1875 2749 1870
2784,2506 1875 2502 2136 2745 2125
2839,2558 1876 2789 1870
2761,2465 1960 2762 2134
2833,2558 1876 2554 2138 2784 2125
2900,2603 2178 2839 1870
2973,2638 1878 2900 1870
2893,2603 2178 2599 2140 2833 2125
2788,2522 1961 2502 2136 2761 2134
2965,2638 1878 2635 2142 2893 2125
2837,2574 1962 2554 2138 2788 2134
2897,2619 1963 2599 2140 2837 2134
2969,2650 1912 2635 2142 2897 2134
2778,2775 2758 2757 2755 2752 2748
2770,2767 2755 2754 2753 2750 2746
2766,2763 2752 2751 2750 2749 2745
2847,2570 1840 2562 1938 2796 1935
2774,2771 2757 2756 2754 2751 2747
2752,2461 1953 2449 2172 2730 1873
2750,2453 1936 2449 2172 2719 1871
2751,2457 1945 2449 2172 2720 1872
2787,2518 1839 2502 2136 2748 2132
2888,2889
2889,2582 1973
2582,2583 1973
2791,2514 1831 2506 1875 2751 1872
2807,2804 2788 2787 2786 2785 2784 2783
2841,2566 1947 2558 1876 2791 1872
2836,2570 1840 2554 2138 2787 2132
2786,2514 1831 2502 2136 2747 2130
2806,2526 1852 2807 2136
2835,2566 1947 2554 2138 2786 2130
2863,2860 2838 2837 2836 2835 2834 2833 2832
2902,2611 1948 2603 2178 2841 1872
2838,2578 1968 2554 2138 2806 2136
2895,2611 1948 2599 2140 2835 2130
2896,2615 1956 2599 2140 2836 2132
2862,2582 1973 2863 2138
2898,2623 1969 2599 2140 2838 2136
2968,2647 1905 2635 2142 2896 2132
2975,2644 1834 2638 1878 2902 1872
2967,2644 1834 2635 2142 2895 2130
2931,2928 2899 2898 2897 2896 2895 2894 2893 2892
2899,2627 1974 2599 2140 2862 2138
2930,2631 1978 2931 2140
2971,2656 1923 2635 2142 2899 2138
2970,2653 1918 2635 2142 2898 2136
3012,3009 2972 2971 2970 2969 2968 2967 2966 2965 2964
2972,2659 1927 2635 2142 2930 2140
3011,2663 1930 3012 2142
2777,2465 1960 2778 1953
2792,2518 1839 2506 1875 2752 1873
2823,2820 2802 2801 2799 2796 2792 2787
2773,2465 1960 2774 1945
2769,2465 1960 2770 1936
2802,2522 1961 2518 1839 2777 1953
2790,2510 1937 2506 1875 2750 1871
2819,2816 2800 2799 2798 2795 2791 2786
2782,2779 2777 2773 2769 2765 2761
2842,2570 1840 2558 1876 2792 1873
2800,2522 1961 2514 1831 2773 1945
2765,2465 1960 2766 2172
2840,2562 1938 2558 1876 2790 1871
2855,2574 1962 2570 1840 2802 1953
2822,2526 1852 2823 1839
2909,2615 1956 2607 1939 2847 1935
2815,2812 2797 2796 2795 2794 2790 2785
2879,2876 2856 2855 2854 2851 2847 2842 2836
2903,2615 1956 2603 2178 2842 1873
2818,2526 1852 2819 1831
2901,2607 1939 2603 2178 2840 1871
2797,2522 1961 2510 1937 2769 1936
2856,2578 1968 2570 1840 2822 1839
2983,2647 1905 2641 1825 2909 1935
2814,2526 1852 2815 1937
2852,2574 1962 2566 1947 2800 1945
2781,2782 1960
2919,2619 1963 2615 1956 2855 1953
2878,2582 1973 2879 1840
2811,2808 2793 2792 2791 2790 2789 2784
2849,2578 1968 2562 1938 2814 1937
2793,2522 1961 2506 1875 2765 2172
2921,2627 1974 2615 1956 2878 1840
2915,2619 1963 2611 1948 2852 1945
2843,2574 1962 2558 1876 2793 2172
2997,2656 1923 2647 1905 2921 1840
2995,2650 1912 2647 1905 2919 1953
2810,2526 1852 2811 1875
2990,2650 1912 2644 1834 2915 1945
2904,2619 1963 2603 2178 2843 2172
2827,2824 2803 2802 2800 2797 2793 2788
2911,2623 1969 2607 1939 2849 1937
2803,2522 1961 2781 1960
2867,2864 2844 2843 2842 2841 2840 2839 2833
2985,2653 1918 2641 1825 2911 1937
2977,2650 1912 2638 1878 2904 2172
2844,2578 1968 2558 1876 2810 1875
2831,2828 2826 2822 2818 2814 2810 2806
2857,2574 1962 2803 1960
2826,2526 1852 2827 1961
2866,2582 1973 2867 1876
2905,2623 1969 2603 2178 2844 1875
2922,2619 1963 2857 1960
2999,2650 1912 2922 1960
2858,2578 1968 2574 1962 2826 1961
2830,2831 1852
2935,2932 2906 2905 2904 2903 2902 2901 2900 2893
2923,2623 1969 2619 1963 2858 1961
2859,2578 1968 2830 1852
2906,2627 1974 2603 2178 2866 1876
2934,2631 1978 2935 2178
2978,2653 1918 2638 1878 2905 1875
2925,2623 1969 2859 1852
2980,2659 1927 2638 1878 2934 2178
3000,2653 1918 2650 1912 2923 1961
3003,2653 1918 2925 1852
2979,2656 1923 2638 1878 2906 1876
2976,2647 1905 2638 1878 2903 1873
2875,2872 2853 2852 2851 2850 2846 2841 2835
2887,2884 2859 2858 2856 2853 2849 2844 2838
2853,2578 1968 2566 1947 2818 1831
3016,3013 2980 2979 2978 2977 2976 2975 2974 2973 2965
2974,2641 1825 2638 1878 2901 1871
2871,2868 2849 2848 2847 2846 2845 2840 2834
2883,2880 2858 2857 2855 2852 2848 2843 2837
2848,2574 1962 2562 1938 2797 1936
2947,2944 2921 2920 2919 2918 2914 2909 2903 2896
2920,2623 1969 2615 1956 2856 1839
3015,2663 1930 3016 1878
2996,2653 1918 2647 1905 2920 1839
2886,2582 1973 2887 1968
2870,2582 1973 2871 1938
2891,2888 2886 2882 2878 2874 2870 2866 2862
2916,2623 1969 2611 1948 2853 1831
2882,2582 1973 2883 1962
2946,2631 1978 2947 1956
2910,2619 1963 2607 1939 2848 1936
2874,2582 1973 2875 1947
2943,2940 2917 2916 2915 2914 2913 2908 2902 2895
2955,2952 2926 2925 2923 2920 2916 2911 2905 2898
2917,2627 1974 2611 1948 2874 1947
2926,2627 1974 2623 1969 2886 1968
2992,2656 1923 2644 1834 2917 1947
2942,2631 1978 2943 1948
2939,2936 2912 2911 2910 2909 2908 2907 2901 2894
3004,2656 1923 2653 1918 2926 1968
2993,2659 1927 2644 1834 2942 1948
2912,2627 1974 2607 1939 2870 1938
2954,2631 1978 2955 1969
2986,2656 1923 2641 1825 2912 1938
3005,2659 1927 2653 1918 2954 1969
2938,2631 1978 2939 1939
2890,2891 1973
2987,2659 1927 2641 1825 2938 1939
3024,3021 2993 2992 2991 2990 2989 2988 2982 2975 2967
2927,2627 1974 2890 1973
3036,3033 3005 3004 3003 3000 2996 2991 2985 2978 2970
2991,2653 1918 2644 1834 2916 1831
3023,2663 1930 3024 1834
3006,2656 1923 2927 1973
3035,2663 1930 3036 1918
2951,2948 2924 2923 2922 2919 2915 2910 2904 2897
2959,2956 2927 2926 2924 2921 2917 2912 2906 2899
2924,2627 1974 2619 1963 2882 1962
2950,2631 1978 2951 1963
2963,2960 2958 2954 2950 2946 2942 2938 2934 2930
3001,2656 1923 2650 1912 2924 1962
2958,2631 1978 2959 1974
3028,3025 2998 2997 2996 2995 2994 2989 2983 2976 2968
2998,2659 1927 2647 1905 2946 1956
3002,2659 1927 2650 1912 2950 1963
3040,3037 3007 3006 3004 3001 2997 2992 2986 2979 2971
2962,2963 1978
3007,2659 1927 2656 1923 2958 1974
3020,3017 2987 2986 2985 2984 2983 2982 2981 2974 2966
3027,2663 1930 3028 1905
3032,3029 3002 3001 3000 2999 2995 2990 2984 2977 2969
2984,2650 1912 2641 1825 2910 1936
3044,3041 3008 3007 3005 3002 2998 2993 2987 2980 2972
3008,2659 1927 2962 1978
3031,2663 1930 3032 1912
3019,2663 1930 3020 1825
3039,2663 1930 3040 1923
3048,3045 3043 3039 3035 3031 3027 3023 3019 3015 3011
3043,2663 1930 3044 1927
3047,3048 1930
3050,2964
3049,3050
3052,2965
3051,3052
3054,2966
3053,3054
3056,2967
3055,3056
3058,2968
3057,3058
3060,2969
3059,3060
3062,2970
3061,3062
3064,2971
3063,3064
3066,2972
3065,3066
3068,3011
3067,3068
3070,1696
3069,3070
3072,2973
3071,3072
3074,2974
3073,3074
3076,2975
3075,3076
3078,2976
3077,3078
3080,2977
3079,3080
3082,2978
3081,3082
3084,2979
3083,3084
3086,2980
3085,3086
3088,3015
3087,3088
3090,1697
3089,3090
3092,1707
3091,3092
3094,2981
3093,3094
3096,2982
3095,3096
3098,2983
3097,3098
3100,2984
3099,3100
3102,2985
3101,3102
3104,2986
3103,3104
3106,2987
3105,3106
3108,3019
3107,3108
3110,1698
3109,3110
3112,1708
3111,3112
3114,1718
3113,3114
3116,2988
3115,3116
3118,2989
3117,3118
3120,2990
3119,3120
3122,2991
3121,3122
3124,2992
3123,3124
3126,2993
3125,3126
3128,3023
3127,3128
3130,1699
3129,3130
3132,1709
3131,3132
3134,1719
3133,3134
3136,1729
3135,3136
3138,2994
3137,3138
3140,2995
3139,3140
3142,2996
3141,3142
3144,2997
3143,3144
3146,2998
3145,3146
3148,3027
3147,3148
3150,1700
3149,3150
3152,1710
3151,3152
3154,1720
3153,3154
3156,1730
3155,3156
3158,1740
3157,3158
3160,2999
3159,3160
3162,3000
3161,3162
3164,3001
3163,3164
3166,3002
3165,3166
3168,3031
3167,3168
3170,1701
3169,3170
3172,1711
3171,3172
3174,1721
3173,3174
3176,1731
3175,3176
3178,1741
3177,3178
3180,1751
3179,3180
3182,3003
3181,3182
3184,3004
3183,3184
3186,3005
3185,3186
3188,3035
3187,3188
3190,1702
3189,3190
3192,1712
3191,3192
3194,1722
3193,3194
3196,1732
3195,3196
3198,1742
3197,3198
3200,1752
3199,3200
3202,1762
3201,3202
3204,3006
3203,3204
3206,3007
3205,3206
3208,3039
3207,3208
3210,1703
3209,3210
3212,1713
3211,3212
3214,1723
3213,3214
3216,1733
3215,3216
3218,1743
3217,3218
3220,1753
3219,3220
3222,1763
3221,3222
3224,1773
3223,3224
3226,3008
3225,3226
3228,3043
3227,3228
3230,1704
3229,3230
3232,1714
3231,3232
3234,1724
3233,3234
3236,1734
3235,3236
3238,1744
3237,3238
3240,1754
3239,3240
3242,1764
3241,3242
3244,1774
3243,3244
3246,1784
3245,3246
3248,3047
3247,3248
