1 15.9451484356 0.388897840111
2 16.3021384375 0.345292283769 1
3 6.90568951172 0.168691126548 1
4 11.6866221837 0.244742229574 1
5 10.7040871479 0.309781190543 1
6 7.95530756863 0.216436318769 1
7 7.58468090152 0.463016887645 1
8 13.9800963199 0.324445898947 1
9 11.9928003946 2.71073961279 1
10 7.30927524488 0.147071520068 1
11 6.63634311746 0.274618595383 1
12 7.94985091599 0.275358683667 1
13 7.45118780267 0.200009105008 1
14 11.7493615869 0.373853544658 1
15 12.7051432033 0.369298662441 1
16 6.02348839486 0.145953328429 1
17 7.42422494175 0.230016807373 1
18 9.64503051085 0.246896750303 1
19 13.6566638149 1.03583579567 1
20 9.38405233834 0.524017966303 1
21 8.78146075438 0.417214712526 1
22 7.80257072517 0.180630810997 1
23 12.6397051215 0.276717243366 1
24 10.8669216687 0.24151423603 1
25 12.570419582 2.1339978358 1
26 11.6104230202 0.454264965601 1
27 9.06529488339 0.654505237622 1
28 9.1271936566 51.5054564449 1
29 7.46153306918 0.535969761791 1
30 9.00092063386 0.55375871956 1
31 10.2367593954 0.211629166965 1
32 5.55699718681 0.136469231444 1
33 8.27140431863 0.945884039407 1
34 5.75282823008 0.189347824942 1
35 7.57145193476 0.525424883018 1
36 12.9269747803 29.7828737419 1
37 11.4967771702 0.593705827956 1
38 7.5593496338 1.530160965 1
39 8.91357726751 0.450615111521 1
40 5.59073724187 0.468111086855 1
41 7.54778175877 1.03512176139 1
42 7.10241702082 0.147660218579 1
43 7.31936413253 6.67183391379 1
44 5.85559243491 0.200909560549 1
45 11.3536373317 0.283973543014 1
46 10.4247265305 0.282633035626 1
47 7.75919560687 0.228236966205 1
48 11.5170790102 0.389484122725 1
49 11.603147079 3.25948977027 1
50 10.5246503222 0.359082549862 1
51 8.84429590951 0.27561879006 1
52 7.88985005609 0.390625300454 1
53 11.4744326443 0.953500121273 1
54 7.77073632731 0.46501975617 1
55 6.24209500688 0.361435868779 1
56 11.4079125605 1.31100224583 1
57 6.47088601955 0.186179802789 1
58 8.04807643469 0.325299121158 1
59 8.34787161111 0.175132133194 1
60 7.51181451317 53.986194709 1
61 13.3582536499 0.470527609251 1
62 13.6215310575 3.92230094562 1
63 12.2136271768 0.575947411204 1
64 9.9527219235 0.220333864652 1
65 6.06378689778 0.153800566106 1
66 10.608458752 0.996992800291 1
67 13.3061212659 0.365811501335 1
68 8.98121861161 0.184662979717 1
69 11.8465955376 0.315517039327 1
70 14.6015274808 0.47728187968 1
71 10.8915606694 0.386327610252 1
72 8.22865206237 19.6770170266 1
73 11.7541333914 0.252959000704 1
74 11.3444074334 0.245234203166 1
75 14.7142268824 9.38442183198 1
76 7.8403072666 0.17394530779 1
77 12.3267035956 0.313495557515 1
78 6.06902954542 0.256538380239 1
79 8.91043902876 1.20363896356 1
80 13.2764380117 0.294005686429 1
81 8.0474359968 0.230142946225 1
82 12.2469635679 4.54623051975 1
83 9.13957794071 0.335859967881 1
84 8.82010875514 0.529724076079 1
85 6.6201112153 0.19445976416 1
86 7.08734185357 0.394327852546 1
87 7.26312124564 0.266751850183 1
88 8.71382553328 5.56779169485 1
89 14.4025992253 0.399676314437 1
90 11.7769244636 11.8670965344 1
91 11.5228267631 1.51157071452 1
92 10.7699829532 1.87472880899 1
93 16.4593686077 0.633162369829 1
94 10.778190624 0.220108629712 1
95 5.78957850859 0.178336588944 1
96 12.4266007528 1.83742282432 1
97 12.1448995362 0.254286082954 1
98 7.76031172984 0.489698496475 1
99 12.2930504947 0.601571487183 1
100 7.26879424757 16.2208546552 1
101 6.28134485648 0.168355238609 1
102 12.3083988305 0.829601013882 2 3,4,5,6,7,8,9,10,11,12,13,14,15,16,17,18,19,20,21,22,23,24,25,26,27,28,29,30,31,32,33,34,35,36,37,38,39,40,41,42,43,44,45,46,47,48,49,50,51,52,53,54,55,56,57,58,59,60,61,62,63,64,65,66,67,68,69,70,71,72,73,74,75,76,77,78,79,80,81,82,83,84,85,86,87,88,89,90,91,92,93,94,95,96,97,98,99,100,101
103 13.1591318404 0.420617394365 102
104 8.28713059183 0.558592029286 102
105 9.50655991362 0.224179832802 102
106 6.94605620236 0.158364476475 102
107 12.3822952581 0.576252272341 102
108 8.94783851334 6.4844464008 102
109 10.9587924313 38.0577978547 102
110 12.3422953657 4.38751526621 102
111 12.6795438053 7.19031800127 102
112 8.26252931619 29.6773478921 102
113 11.3432899647 0.448660078883 102
114 7.94990502134 0.173001070379 102
115 14.9933925179 0.447670732493 102
116 3.5161647683 0.131430827973 102
117 10.3652080726 0.380919240728 102
118 11.6312512623 40.9908689706 102
119 10.1442907042 0.676608477256 102
120 10.0588205551 0.483951796397 102
121 9.67251383326 0.318333365179 102
122 11.5212378259 0.455593494713 102
123 12.2085377267 0.318844199233 102
124 8.78094831857 11.4254193062 102
125 10.3513293328 0.307477109367 102
126 13.5037299047 31.7541129968 102
127 7.45473876314 0.273142241142 102
128 8.95265272248 0.214393641411 102
129 14.4783797554 0.656926922181 102
130 9.01221972371 0.63594325801 102
131 9.32930777717 1.97898140958 102
132 8.31767215417 0.458433372737 102
133 6.25429785254 0.385407744854 102
134 10.9632112774 0.27720403933 102
135 8.59952568846 0.207561503414 102
136 11.1294231134 0.485802468983 102
137 10.5152406514 0.242165188461 102
138 5.94822123097 0.198623146421 102
139 9.44606968071 0.216206470172 102
140 13.7070598775 0.470529426647 102
141 6.66517265666 0.371779618996 102
142 9.46735813038 0.350309873315 102
143 6.80382848555 0.445529699763 102
144 10.1091741866 0.501459595338 102
145 8.00551279213 0.365896865681 102
146 6.85803075264 0.1738413184 102
147 10.2311145375 0.359880860985 102
148 12.4103418161 0.342121123951 102
149 12.999503195 0.296706558592 102
150 11.4408671521 0.308226352491 102
151 7.84331188647 0.271673115312 102
152 5.93157622084 0.145401331833 102
153 16.2161166641 6.843178603 102
154 12.438922704 0.313256560072 102
155 8.01725860599 0.225496106638 102
156 11.44640073 0.361717430007 102
157 8.88247511022 0.824349193482 102
158 8.59996391396 0.339584619317 102
159 11.0235464527 0.276858647977 102
160 4.74995696836 0.305909605529 102
161 9.69391905503 0.206767618691 102
162 6.85626155974 0.221245282212 102
163 7.10154972179 0.640513897785 102
164 13.3039853305 0.451826185166 102
165 13.18747549 0.308170292375 102
166 4.49020456528 0.321459768026 102
167 13.8612500524 0.339963957165 102
168 8.64262259905 0.19901931088 102
169 5.59537142617 0.113170125383 102
170 8.53279521042 6.91563464394 102
171 13.0574312603 27.601021108 102
172 9.91841242088 1.27946910882 102
173 8.69385568475 0.243596714267 102
174 10.3849694055 2.41603875883 102
175 7.55979016757 0.212451991434 102
176 8.1490884855 0.171592360799 102
177 10.6855709589 0.283308739954 102
178 12.2038676008 0.341038047409 102
179 10.8380302199 0.224000213932 102
180 12.6397380387 0.468057389898 102
181 8.3086296173 1.24565862682 102
182 11.5264465527 0.244415890916 102
183 6.90950958337 3.11427028424 102
184 5.85717722824 0.185821454772 102
185 6.47137692203 0.706982209288 102
186 10.2552219759 0.587158288177 102
187 3.97731592258 0.808854554612 102
188 9.98293190788 0.648440345063 102
189 8.28424379066 0.246729277875 102
190 10.1934193947 0.22210808691 102
191 10.5516204205 0.694256724315 102
192 11.4324858223 0.611990963261 102
193 7.75136198657 0.265770201179 102
194 10.3153295804 0.247713225759 102
195 10.9301933726 0.327453078084 102
196 8.59149946334 0.193547797332 102
197 7.3416547162 0.681136975454 102
198 9.48525785195 1.15372304958 102
199 13.9369482553 0.438243939892 102
200 8.151971058 0.303177328855 102
201 11.8651919952 0.605569049185 102
202 11.8253984374 0.254818078294 102
203 10.4283200024 10.2992365445 103 104,105,106,107,108,109,110,111,112,113,114,115,116,117,118,119,120,121,122,123,124,125,126,127,128,129,130,131,132,133,134,135,136,137,138,139,140,141,142,143,144,145,146,147,148,149,150,151,152,153,154,155,156,157,158,159,160,161,162,163,164,165,166,167,168,169,170,171,172,173,174,175,176,177,178,179,180,181,182,183,184,185,186,187,188,189,190,191,192,193,194,195,196,197,198,199,200,201,202
204 9.42851587922 0.279334056058 203
205 10.6659313867 0.572268907335 203
206 7.59400392369 0.829512050397 203
207 6.70131602146 0.321936157365 203
208 11.25636471 1.57580772415 203
209 8.94818496497 7.94668171794 203
210 12.0161295827 4.27623358985 203
211 7.40150456109 0.624283756947 203
212 9.56343378339 22.9955059809 203
213 12.4046540421 0.443142895722 203
214 8.8628039844 0.271754717743 203
215 11.6547462778 0.400738174151 203
216 11.6291528416 1.42275206038 203
217 13.2954713577 0.72004636522 203
218 10.1727165603 0.211664962842 203
219 10.0887088663 0.440109669489 203
220 12.999215546 0.347212812017 203
221 8.68903772671 0.224438452288 203
222 7.13878197159 0.257748711978 203
223 6.42481686962 0.282311676693 203
224 14.6045438597 0.853235835073 203
225 10.6616631145 0.486177621202 203
226 6.31608813523 6.77499645695 203
227 7.03217455768 0.36883927521 203
228 14.5201878034 19.632127521 203
229 9.12193097592 0.192982255283 203
230 10.6084931584 0.249835019793 203
231 10.2525216477 0.474616394874 203
232 11.1786984599 0.230570744863 203
233 8.42486040114 0.325686309836 203
234 9.87878484818 0.382121403638 203
235 11.4242258975 0.409415966834 203
236 10.5169152961 0.838098553436 203
237 6.21224790773 0.318134201038 203
238 11.3810446044 0.318203118388 203
239 10.0891757478 0.79546649764 203
240 8.18835641072 2.23206741182 203
241 15.7598582598 0.375006441225 203
242 11.1748896035 0.696220625731 203
243 9.07477761798 0.31483014253 203
244 7.0606929477 3.78828848698 203
245 8.75649821852 0.298570804965 203
246 15.092250725 1.31373805887 203
247 10.4696561018 0.867093704643 203
248 9.50049534394 0.532325817721 203
249 8.95860519501 0.613033306108 203
250 8.77107808583 0.77089107478 203
251 8.05642911136 0.626499361779 203
252 10.0393502479 0.804016388683 203
253 7.50657476427 2.45337872112 203
254 9.6547330076 0.537102615447 203
255 9.99170235332 20.7167586434 203
256 11.9189524221 0.273818747843 203
257 8.59160259336 0.183412505862 203
258 10.5145923506 0.322989551414 203
259 6.87219619167 0.160221757289 203
260 8.68940084175 0.195389740072 203
261 8.28019887905 0.279365406305 203
262 5.63938065178 0.151037634654 203
263 9.50790003099 0.219679903864 203
264 14.3353195515 0.657795223555 203
265 13.3838236883 0.682080512581 203
266 12.1113299391 0.616580555011 203
267 9.89141734217 1.48704526762 203
268 12.8393743328 0.434823402646 203
269 10.583653078 0.357061385747 203
270 9.01735836333 0.701063689652 203
271 11.9034902853 0.945501413155 203
272 10.3970439568 0.40136501817 203
273 10.3577734983 0.243663008812 203
274 13.1359375816 30.1869580548 203
275 6.60601280359 0.176600861795 203
276 10.8179149037 0.841855197634 203
277 16.2002908364 0.611263059943 203
278 13.1750449035 0.31952782829 203
279 12.9208169322 0.325665044197 203
280 13.9156114884 0.630229257112 203
281 9.50384544748 1.74343726656 203
282 13.5444783395 2.18594273034 203
283 9.10554887785 0.438230596914 203
284 4.49044889184 2.75768309298 203
285 11.3203226059 0.322027721916 203
286 8.48060212557 0.482007387682 203
287 9.93070221294 0.22762752679 203
288 8.91607988301 0.270073796796 203
289 10.6524648288 0.402948586582 203
290 7.37987735196 0.285230865983 203
291 7.83020365868 0.358285079848 203
292 8.3019817113 0.173485286526 203
293 9.06192027092 1.40249526004 203
294 6.02901145784 0.147957434403 203
295 4.12331960961 0.0925060169949 203
296 9.95324947753 0.336191944883 203
297 11.2634905988 0.267566933585 203
298 10.3569137929 21.3144912929 203
299 8.68519866473 37.8448928333 203
300 11.8043958088 0.277117096953 203
301 9.35929161018 0.317094198793 203
302 5.98684814153 0.124617541065 203
303 10.9478086518 1.35358329973 203
304 8.03486736976 0.527036585786 204 205,206,207,208,209,210,211,212,213,214,215,216,217,218,219,220,221,222,223,224,225,226,227,228,229,230,231,232,233,234,235,236,237,238,239,240,241,242,243,244,245,246,247,248,249,250,251,252,253,254,255,256,257,258,259,260,261,262,263,264,265,266,267,268,269,270,271,272,273,274,275,276,277,278,279,280,281,282,283,284,285,286,287,288,289,290,291,292,293,294,295,296,297,298,299,300,301,302,303
305 10.1955901458 0.263427365017 304
306 12.0733757655 0.618895931655 304
307 7.70583781474 0.231978595201 304
308 11.9129591369 1.0215005245 304
309 9.29214760271 0.212075524895 304
310 6.43025401326 2.57407477196 304
311 13.2052228717 0.49497899501 304
312 8.12458486315 1.20082406562 304
313 12.1725498629 0.573582625425 304
314 10.0064283953 1.11477096224 304
315 11.4171258851 0.366023941367 304
316 7.88341608044 0.210843709499 304
317 12.9757195384 1.72375591961 304
318 13.1340606032 1.58185560762 304
319 9.32961390688 2.60689213952 304
320 7.72028774191 0.234645621814 304
321 15.89670616 0.515075364644 304
322 5.74075599357 0.169305399039 304
323 11.5174381675 0.999790104228 304
324 8.16392774247 0.338200322669 304
325 14.6072088093 0.766827488944 304
326 9.6206105828 0.866792095609 304
327 9.75869123482 0.661713642154 304
328 12.5129471194 0.643302155586 304
329 8.83154960178 0.334304482839 304
330 11.4160749554 0.24503218567 304
331 10.5144842027 0.986351475986 304
332 16.155411059 1.31656836452 304
333 14.20717712 36.6439008447 304
334 10.0012474129 3.98287987112 304
335 5.60169379802 0.160755753263 304
336 9.91943007209 0.225815057895 304
337 10.092748161 0.369521231295 304
338 7.91244023614 0.919749502242 304
339 10.777972684 0.416064115261 304
340 8.47132882582 0.310363249208 304
341 10.7915630177 0.303407131653 304
342 7.14399044509 0.240901030397 304
343 8.11763307164 0.292836811894 304
344 10.5581250486 0.858062474365 304
345 13.8108555025 0.329158669149 304
346 5.97917335654 0.157366028938 304
347 15.5998076825 12.6425763317 304
348 11.5911642316 1.75921507777 304
349 13.7439245249 41.3812531515 304
350 9.2322136077 0.234756337992 304
351 9.25067923391 0.210576823544 304
352 6.79456846238 0.269923888668 304
353 9.64207088766 0.443951912742 304
354 9.71749437913 0.229148634597 304
355 13.3020648035 0.432476587041 304
356 13.8151914432 0.435186934978 304
357 10.8756691647 0.296084702033 304
358 9.97222754726 0.72501011714 304
359 8.17054032521 0.168067192889 304
360 9.04024939468 1.61472091907 304
361 8.84188486514 5.6377256967 304
362 14.4424306604 0.491355365106 304
363 9.65805506677 0.323887782662 304
364 12.7389765809 0.263787738887 304
365 9.94258700004 31.8062240305 304
366 11.8197285734 2.18923476876 304
367 10.7691975947 0.320000651157 304
368 8.09951622083 9.42830631835 304
369 8.99537897893 0.378896053635 304
370 10.7217902731 0.908541071245 304
371 11.9950378856 0.572653161877 304
372 10.6068510316 8.49871111064 304
373 10.6948315343 1.75230478661 304
374 7.82021945527 2.96544526743 304
375 9.89337409076 0.405431001631 304
376 12.319300284 0.82207196068 304
377 8.22399231099 0.412881113032 304
378 12.3561789317 1.29014898947 304
379 6.39378541009 0.230699907444 304
380 12.8501366717 4.11417679552 304
381 10.5985689953 56.169292033 304
382 7.61228921874 0.252327851392 304
383 11.782413771 0.270272089438 304
384 8.7828385151 0.34382134468 304
385 11.0483757456 0.362183675866 304
386 15.3584286248 0.337287809795 304
387 8.58458534574 0.229344926578 304
388 6.1441120373 0.141356831146 304
389 8.98908659645 1.70423686085 304
390 9.79600019209 0.22940991562 304
391 8.47704259498 0.24949069348 304
392 6.35949213919 0.291682314482 304
393 12.9068945732 0.371669142144 304
394 7.2026320309 0.481438982866 304
395 6.94059032799 0.709943824621 304
396 6.14100571647 0.152109190508 304
397 10.3625889617 2.3750538475 304
398 10.587255032 0.896476801438 304
399 8.205532357 1.54132065449 304
400 9.66090435771 0.292500448488 304
401 10.4324780887 0.230905092937 304
402 13.6504243338 0.416355926139 304
403 10.7344779369 68.4922211495 304
404 10.0573632758 0.48173923525 304
405 12.5441360391 0.343602717177 305 306,307,308,309,310,311,312,313,314,315,316,317,318,319,320,321,322,323,324,325,326,327,328,329,330,331,332,333,334,335,336,337,338,339,340,341,342,343,344,345,346,347,348,349,350,351,352,353,354,355,356,357,358,359,360,361,362,363,364,365,366,367,368,369,370,371,372,373,374,375,376,377,378,379,380,381,382,383,384,385,386,387,388,389,390,391,392,393,394,395,396,397,398,399,400,401,402,403,404
406 4.02197262826 0.61848687684 405
407 13.398720977 21.7181660017 405
408 8.34722129657 0.181211183112 405
409 11.5077952557 0.272946271356 405
410 9.71105039527 6.73635271866 405
411 12.9970395014 0.475907231688 405
412 18.0005972873 6.8889344036 405
413 6.90743578124 13.8461810939 405
414 6.55726565999 0.14831944719 405
415 7.91252896203 0.305123781007 405
416 10.0371480509 74.5285643986 405
417 9.54913344511 1.74146962607 405
418 11.0593942885 0.412804714661 405
419 9.27306210265 0.366654036068 405
420 12.0547734091 0.953785463069 405
421 9.65247232098 0.283098088199 405
422 7.59873546459 0.158730384075 405
423 9.52795992921 0.407226215021 405
424 6.92911969116 0.659700610824 405
425 8.77814344576 0.229981598085 405
426 7.08029600624 0.152693506829 405
427 10.0426826863 0.651353447124 405
428 15.2981625711 9.29770443809 405
429 6.93799726689 0.327050127574 405
430 8.39125776992 1.80768091311 405
431 9.79712812107 0.231902442005 405
432 7.41679145016 0.189777913763 405
433 13.7158464413 0.798428382648 405
434 10.3770628537 66.3916057256 405
435 7.37860447055 0.431783261608 405
436 11.4609835028 0.261906913308 405
437 10.5250783747 17.544964586 405
438 10.3447044348 0.273622280023 405
439 6.94237228903 0.690638055817 405
440 9.64408706107 0.20724006845 405
441 15.0386110639 0.349398948319 405
442 10.4264212677 0.470362721082 405
443 7.11341667415 0.235528893868 405
444 10.7685153961 0.2264477229 405
445 14.0432058441 2.4881419363 405
446 9.40797463745 0.395308972626 405
447 7.55282022262 0.346963568151 405
448 7.84528116157 0.214857758237 405
449 11.8220564785 0.741599127253 405
450 7.12638425067 0.154325905096 405
451 12.0228777076 0.295534776219 405
452 9.3028538575 0.476079283193 405
453 9.90276211292 0.456599040041 405
454 7.47246780453 0.167422380207 405
455 12.4104962841 1.20587218914 405
456 4.75871792215 0.103083068633 405
457 11.0710360362 0.286881040167 405
458 4.10602910875 0.128890833856 405
459 9.01871104861 37.4244015213 405
460 7.80081760899 0.1580629461 405
461 7.75588271152 0.478237822802 405
462 12.2461437259 0.351472770547 405
463 11.108221673 0.455961136734 405
464 8.43480130361 0.173804061973 405
465 5.82612209715 0.362043827082 405
466 7.9704303368 0.211839550402 405
467 8.69000680242 9.89945312358 405
468 12.9287488582 0.41120286813 405
469 7.39828116824 0.763405296244 405
470 6.94649418272 0.151285337649 405
471 10.6161929101 0.317654129818 405
472 13.0847669067 1.46106723168 405
473 9.81116376475 0.242081547866 405
474 10.8555149474 0.259124547824 405
475 10.9408482348 0.303918828116 405
476 7.57655663078 4.01201639571 405
477 9.12906866513 0.316813538049 405
478 11.2741186179 0.265217089725 405
479 10.8308772202 2.19602688576 405
480 12.0230390243 0.292603788177 405
481 6.78341228636 0.22354362101 405
482 8.88286129071 0.290194735297 405
483 10.0623972871 6.48973354074 405
484 8.53280219191 3.47933819435 405
485 12.2825250503 0.316627212263 405
486 9.59191305732 0.620591454561 405
487 10.6927004641 2.83437193285 405
488 12.685845096 0.525568125907 405
489 11.8169407786 1.54456580109 405
490 8.7059480158 0.211322415053 405
491 10.1249083054 0.404811356533 405
492 5.90740091104 0.170465465056 405
493 11.0025352663 85.7917130921 405
494 12.4373612079 0.300304516219 405
495 9.90331438024 0.274304110591 405
496 3.93172015919 0.360077963931 405
497 12.2765295803 1.60761940047 405
498 7.20334613012 0.156025291731 405
499 10.2118180327 0.303043377716 405
500 12.9777704444 12.3480803134 405
501 7.37517851949 0.191086137965 405
502 6.27997763809 0.143865375708 405
503 9.51547049235 3.05451699086 405
504 12.7026610887 0.649294947376 405
505 9.08974566819 0.225779854117 405
506 6.78692982479 0.292718056079 406 407,408,409,410,411,412,413,414,415,416,417,418,419,420,421,422,423,424,425,426,427,428,429,430,431,432,433,434,435,436,437,438,439,440,441,442,443,444,445,446,447,448,449,450,451,452,453,454,455,456,457,458,459,460,461,462,463,464,465,466,467,468,469,470,471,472,473,474,475,476,477,478,479,480,481,482,483,484,485,486,487,488,489,490,491,492,493,494,495,496,497,498,499,500,501,502,503,504,505
507 7.14137653106 0.349053701815 506
508 11.0988968658 0.238673855397 506
509 9.2580157455 0.347429397184 506
510 11.7226148147 0.644173540715 506
511 8.74802786094 0.177206451713 506
512 12.4005164314 7.9856411559 506
513 10.6031705499 0.240206749453 506
514 8.70024164777 0.48097969072 506
515 10.2064214305 0.390174713612 506
516 10.1655089774 0.770550119953 506
517 12.741919399 59.4262051728 506
518 9.22002819764 0.198141029996 506
519 11.6962657171 1.32054694907 506
520 10.1316419707 0.37398455776 506
521 12.75500431 0.763206019196 506
522 10.2586005057 34.2307238605 506
523 7.57702625556 0.32684056431 506
524 9.95286140308 0.973065125883 506
525 9.8626385018 0.319476346344 506
526 7.95688487647 0.528793077517 506
527 7.38556147658 0.211436493482 506
528 11.3672156835 0.696465135565 506
529 8.4568053241 0.239650459062 506
530 12.3744527096 4.5374166327 506
531 8.05687742467 0.491746319525 506
532 11.5172875152 0.584864742938 506
533 9.69430594732 0.29953244642 506
534 8.79950933494 0.607736032429 506
535 10.6480087296 0.51468348316 506
536 11.0589255313 1.15410780466 506
537 12.343945146 88.2562202799 506
538 11.7461332091 0.932499745527 506
539 11.5320080271 6.85878213033 506
540 8.9286827732 0.42880830143 506
541 8.80686395722 0.202698669928 506
542 9.18641297511 0.569763123471 506
543 12.093060452 0.381124829425 506
544 9.30700666616 1.00710145542 506
545 11.0259342963 0.30734399758 506
546 9.97046380732 0.292602375376 506
547 11.4396925033 0.247945331298 506
548 7.87544060678 0.209017962554 506
549 12.7679129886 7.41384194983 506
550 6.14275796297 0.200702424785 506
551 9.9268566304 0.787972909468 506
552 7.53102522043 0.93614784308 506
553 10.6789505881 0.38065134905 506
554 10.615839318 0.590646246147 506
555 10.7822674615 0.322386577142 506
556 13.0243184435 0.267605715251 506
557 9.96226253105 0.287970796586 506
558 10.5320713714 0.460488909519 506
559 11.8613762129 0.466227059066 506
560 7.62261285286 0.16060348693 506
561 8.75958448125 0.949645745989 506
562 6.70932498561 0.386997656763 506
563 8.42243820866 0.471826902248 506
564 8.68310479783 0.398525565739 506
565 6.64372013332 0.137140508752 506
566 6.91599627804 0.282803505966 506
567 9.03745359378 0.45642475511 506
568 14.6179895547 1.23583210792 506
569 9.04207572755 0.497613666501 506
570 9.91350953047 0.285663773078 506
571 13.8134706092 2.10632903295 506
572 7.10256400687 0.365838446385 506
573 8.88131534631 0.189931900133 506
574 9.56705866819 0.468754009556 506
575 10.9265973923 0.382684449299 506
576 12.8602085604 1.10349217809 506
577 8.96773114562 0.421321546351 506
578 8.84638399432 0.496661219522 506
579 10.3600493695 6.02801445982 506
580 10.2479760742 0.216996749941 506
581 9.43405293124 0.234783607028 506
582 11.6844739045 0.313583179771 506
583 13.0581282963 0.335845053681 506
584 12.3896165863 38.6657586136 506
585 6.66217756237 3.32122340315 506
586 11.4816506357 0.750063060915 506
587 13.2315967605 1.64232340643 506
588 8.45602609447 5.27712875091 506
589 6.43777649555 0.201079225362 506
590 12.2111864438 0.304620480675 506
591 4.69263417697 0.179147459502 506
592 13.6591794601 0.298608922293 506
593 7.20454657869 14.5092296006 506
594 8.0027210531 0.44971132594 506
595 12.1169282653 0.292273684633 506
596 10.9998349666 0.35201461132 506
597 9.4828787274 0.224616629759 506
598 10.8241365757 0.333044794468 506
599 8.60858338014 0.305952043055 506
600 11.9234768171 0.279169970546 506
601 10.3311465714 0.831007444531 506
602 7.71155467912 0.319300670676 506
603 8.67580441646 0.577832664156 506
604 11.9577107188 5.0101407947 506
605 13.3303176568 0.583637315419 506
606 6.3640919681 0.127723262347 506
607 8.74065195406 3.20224404072 507 508,509,510,511,512,513,514,515,516,517,518,519,520,521,522,523,524,525,526,527,528,529,530,531,532,533,534,535,536,537,538,539,540,541,542,543,544,545,546,547,548,549,550,551,552,553,554,555,556,557,558,559,560,561,562,563,564,565,566,567,568,569,570,571,572,573,574,575,576,577,578,579,580,581,582,583,584,585,586,587,588,589,590,591,592,593,594,595,596,597,598,599,600,601,602,603,604,605,606
608 12.2282476947 0.476998468397 607
609 9.40472942241 0.61363676784 607
610 11.3983524385 0.308388292703 607
611 7.96323149415 0.252127351808 607
612 12.5344318052 1.22168818621 607
613 9.03500739428 0.283250448914 607
614 14.6028580124 0.423294725042 607
615 7.62887273055 0.339855988055 607
616 9.29450583829 0.30207459392 607
617 5.51518493102 0.115004550544 607
618 11.0929597768 0.335453909518 607
619 14.8797721959 0.305543775855 607
620 3.84744329931 0.176529015571 607
621 5.56758722314 37.5211372157 607
622 12.8047382089 0.455132478765 607
623 8.9881084669 0.609387817101 607
624 9.63551752864 0.271868189214 607
625 9.70505360099 0.438224120417 607
626 11.0311035431 0.229187731345 607
627 6.5728448043 0.147752736211 607
628 9.56654276339 0.230202039928 607
629 10.1539975482 1.60658054957 607
630 8.69728581679 0.405009066646 607
631 7.30091330324 1.22305812218 607
632 10.1915995377 2.28018997757 607
633 10.6672916275 0.218679664226 607
634 11.0502074721 0.720393850572 607
635 10.9736986571 1.05695150852 607
636 10.6165995104 0.405492993066 607
637 12.6222465876 0.282587348475 607
638 10.1873183983 0.284619919172 607
639 9.74533014967 1.0526145144 607
640 12.718165452 2.08976973703 607
641 7.77974554374 0.45450536367 607
642 12.4695775676 0.536804782056 607
643 7.05871786468 0.59898750254 607
644 12.6705740367 12.0892476755 607
645 8.51772459 0.219171079326 607
646 10.3114225566 1.89370836328 607
647 9.93489454975 1.42810083274 607
648 10.7888875179 0.677439227884 607
649 15.7588455687 0.418399128685 607
650 11.1455471145 0.657249189303 607
651 12.3341385583 0.503361465053 607
652 12.8234686827 0.578996166594 607
653 5.13961377231 0.285285214562 607
654 9.14443897236 14.1919412125 607
655 8.43884886389 0.30677800326 607
656 9.65997934972 0.198869237336 607
657 5.80782858795 0.211134201959 607
658 9.52847226585 0.842017230908 607
659 6.31243128276 0.271063882169 607
660 9.75358649894 0.284883776604 607
661 11.2550293284 1.30104254759 607
662 10.6260247684 1.15030367602 607
663 11.5526362391 27.1879674151 607
664 9.31210997929 0.465521060812 607
665 8.99662045735 2.71706885417 607
666 10.7543443237 0.313365803975 607
667 12.9403232898 1.31162718331 607
668 9.78990965057 0.318282721133 607
669 9.94944444359 0.313759854044 607
670 10.8240672003 23.5421809378 607
671 12.6641750059 0.300913284958 607
672 12.105519027 2.02383278664 607
673 7.39576548064 0.282026113722 607
674 13.195515743 0.992398442154 607
675 12.6471678293 1.3568168738 607
676 8.93912742136 0.397838237836 607
677 9.01278498308 0.24077913134 607
678 10.7263417787 0.281869665737 607
679 6.65805074156 0.24622696148 607
680 9.62013170646 1.20843854123 607
681 11.4300366057 21.2731159169 607
682 8.57422412903 0.483127501387 607
683 7.8346747387 0.229639248845 607
684 9.24156604591 0.851489341935 607
685 7.18352869915 0.15513621222 607
686 6.9196797708 0.406618227539 607
687 7.98901853481 0.584108956075 607
688 13.7415765929 6.10880313877 607
689 8.81776570557 0.212020787471 607
690 7.35726447221 0.170843147392 607
691 15.6748944602 4.68619392767 607
692 12.8906315924 0.412039986951 607
693 10.4677173856 48.9960270167 607
694 11.1221677095 0.23554359992 607
695 10.4301574832 0.91488192477 607
696 9.76608504579 0.488523860348 607
697 13.2051995891 0.329497798531 607
698 3.83578545806 0.225891479116 607
699 6.75545717819 0.407205845225 607
700 5.19355484768 0.208552523104 607
701 9.81130463092 0.256728538077 607
702 12.2630608291 3.48763173647 607
703 7.16516400791 0.212076106888 607
704 10.2395302144 79.1087781081 607
705 8.14524268949 0.319267750198 607
706 7.27982635453 0.295765898107 607
707 11.9720549499 0.537580134919 607
708 6.78798033655 1.25064883772 608 609,610,611,612,613,614,615,616,617,618,619,620,621,622,623,624,625,626,627,628,629,630,631,632,633,634,635,636,637,638,639,640,641,642,643,644,645,646,647,648,649,650,651,652,653,654,655,656,657,658,659,660,661,662,663,664,665,666,667,668,669,670,671,672,673,674,675,676,677,678,679,680,681,682,683,684,685,686,687,688,689,690,691,692,693,694,695,696,697,698,699,700,701,702,703,704,705,706,707
709 11.9849114944 0.272222516524 708
710 8.86070709154 5.29772141248 708
711 8.59486792273 0.466702621475 708
712 14.2557300103 0.653305452121 708
713 9.65647132985 0.312327558429 708
714 10.5548517673 0.523231053182 708
715 8.58232897866 0.214701421516 708
716 10.319248368 0.553607767713 708
717 11.6576703439 0.477866270392 708
718 9.43890158154 1.15447486394 708
719 10.2020335215 0.225311377165 708
720 9.39763577081 1.37017317783 708
721 11.252077411 0.4252470071 708
722 13.9505145369 3.15529186513 708
723 10.27417063 1.45328929464 708
724 13.2210343127 0.405107016832 708
725 12.3945260867 0.287100801581 708
726 12.8847191112 0.298633673567 708
727 10.1798393766 0.238601402436 708
728 10.8754874519 4.11337760447 708
729 11.0823870845 0.235706226736 708
730 11.9337935995 0.260797623737 708
731 12.1219561614 0.269419020741 708
732 10.9442596718 0.232472122109 708
733 7.36937055538 0.191166873395 708
734 10.0924077376 0.256907306798 708
735 8.30815390327 1.16599589135 708
736 12.1889338377 0.729776960136 708
737 9.12805417477 0.471515356591 708
738 10.4684487614 1.5620763037 708
739 7.6441197439 0.631950974903 708
740 10.9614420616 0.271549368202 708
741 6.1115000112 5.69672042798 708
742 8.25714821769 0.578827246894 708
743 11.278693774 0.397636657969 708
744 12.1852360068 2.6336782695 708
745 5.6438774576 0.291496247767 708
746 8.29596994049 0.632521579614 708
747 11.6684963102 0.23937988728 708
748 11.1375274566 103.912690308 708
749 11.3962479764 0.496568207447 708
750 12.8761610248 0.275059296534 708
751 8.43339252657 0.475335419108 708
752 10.3882712741 0.282659598414 708
753 9.81277876974 0.313659481726 708
754 6.3603101188 0.234545083476 708
755 7.14383556128 0.178624351701 708
756 10.9517035759 2.78496776051 708
757 6.78362986222 0.491682060122 708
758 8.27475017098 0.212394003371 708
759 7.27090773358 0.153345291073 708
760 10.0787168359 1.1704896218 708
761 7.92066227169 0.289143370742 708
762 7.58677334403 0.315123538504 708
763 6.91057486944 1.44410608614 708
764 7.36468523622 0.799620717983 708
765 7.8137306682 1.3109216372 708
766 5.97164136498 0.248183960778 708
767 8.16750178367 0.357122289648 708
768 7.88837395154 17.2406342226 708
769 11.7756732949 0.239640203138 708
770 11.494667439 1.65364720222 708
771 5.87401748203 0.188055133676 708
772 11.1641797693 0.23386169118 708
773 15.5142632431 1.34614887867 708
774 14.4737497465 3.69305727491 708
775 9.97142202363 0.307721663886 708
776 9.42191893374 0.223564400985 708
777 6.84650454499 1.09297379735 708
778 11.4555435608 0.408949757663 708
779 11.6736407592 27.6717974632 708
780 7.60044800343 0.169421194066 708
781 5.97468987334 0.120272269561 708
782 8.0542312074 11.8750765628 708
783 7.79148813181 24.8796314484 708
784 2.24468872308 2.26717447668 708
785 13.0323268986 27.1489622767 708
786 12.576313726 0.258538576447 708
787 10.6531863854 0.249011314369 708
788 9.45729857049 3.4174305402 708
789 12.6997525559 0.396426776379 708
790 9.57736176662 0.466744247038 708
791 14.409013871 0.888569409809 708
792 12.7957445361 0.262474018618 708
793 15.8416594241 0.506838478622 708
794 7.83811956642 0.158928807588 708
795 10.88408127 0.894268621333 708
796 6.76820763789 0.390437144164 708
797 9.84530163932 0.206480189042 708
798 12.3943495728 0.566593501364 708
799 8.57942580648 1.83226055869 708
800 6.14663616987 0.883367448753 708
801 4.54500312777 0.167188656374 708
802 11.3847368503 0.241213412524 708
803 11.4902143807 1.3838367217 708
804 10.8928157269 0.716060005827 708
805 9.72118027733 0.969144945506 708
806 6.9777745454 0.146099925517 708
807 7.02000899276 0.242235677793 708
808 14.1583837072 0.45519506039 708
809 13.288695939 0.506037564766 709 710,711,712,713,714,715,716,717,718,719,720,721,722,723,724,725,726,727,728,729,730,731,732,733,734,735,736,737,738,739,740,741,742,743,744,745,746,747,748,749,750,751,752,753,754,755,756,757,758,759,760,761,762,763,764,765,766,767,768,769,770,771,772,773,774,775,776,777,778,779,780,781,782,783,784,785,786,787,788,789,790,791,792,793,794,795,796,797,798,799,800,801,802,803,804,805,806,807,808
810 11.3273973737 0.848911165717 809
811 11.6112362531 0.307128270976 809
812 9.39733382848 0.36797355481 809
813 11.8194705409 0.434581869247 809
814 9.60550135904 0.618570604966 809
815 12.6301451474 0.342530490512 809
816 13.9533463455 0.583479651144 809
817 11.2900805828 1.24837623112 809
818 12.4937204286 0.806540706066 809
819 13.9636784337 0.437488504676 809
820 10.1422381408 0.585456511201 809
821 14.0539236796 1.86579362106 809
822 12.415247914 0.336986598258 809
823 17.5627310876 1.11317589709 809
824 11.4996098715 0.250064983105 809
825 13.731353554 0.505108313288 809
826 9.53330016232 2.94299893152 809
827 13.7335619367 0.484043599942 809
828 9.06923218632 0.464010721916 809
829 12.3994940608 65.2057426344 809
830 6.7421252427 0.18231323485 809
831 10.6068548125 0.435315426937 809
832 4.77862254488 0.28294128716 809
833 13.1062942513 0.783292989432 809
834 15.9182868743 0.39539326994 809
835 7.91889483151 0.57255144065 809
836 9.73550056008 0.268894625592 809
837 11.1776405204 1.02166148818 809
838 10.1775023078 0.278292204536 809
839 11.3338586509 1.8950608834 809
840 13.9154803363 0.505729638811 809
841 12.6169427452 4.82549081881 809
842 10.7633123626 0.743553708146 809
843 10.9739149779 0.277629120158 809
844 8.77491458871 46.9313736541 809
845 12.0181044171 1.03787424262 809
846 10.9944057574 0.48345844252 809
847 7.95430938417 0.17215086572 809
848 7.93379801702 0.259896386003 809
849 12.7360898255 28.2817787262 809
850 13.8333728382 0.327762636577 809
851 17.2184249221 1.39841286335 809
852 11.3053408006 0.238141634514 809
853 6.24278921482 0.185981154721 809
854 12.635502237 0.326197037871 809
855 13.0501571692 0.370036091357 809
856 12.0025925808 5.05067536293 809
857 11.2090950206 0.268852028903 809
858 5.53482461792 0.208014656178 809
859 7.89061480409 0.224229500073 809
860 9.55491735918 12.6868095595 809
861 10.0874666286 0.37604630677 809
862 11.5591487861 0.283075559503 809
863 9.43579269069 17.3548405036 809
864 6.38574687768 7.17747112508 809
865 11.0293350455 0.262801148371 809
866 11.8277934234 50.5645723197 809
867 10.7058907722 0.238164950197 809
868 12.0859947937 0.483455661428 809
869 8.96624328853 0.263194980075 809
870 10.2634508812 0.853896504886 809
871 11.5872155077 0.371708176372 809
872 7.09077658352 0.179950270952 809
873 12.0288282823 2.91955584245 809
874 11.2650442827 0.241526568831 809
875 7.51602854135 0.183575277282 809
876 10.9047000877 0.456286315261 809
877 13.0142382518 0.263467208813 809
878 7.50641727643 0.63541138971 809
879 12.784759539 0.893449744406 809
880 11.09997729 62.2044830087 809
881 8.96256946613 0.686440793771 809
882 8.26187452951 0.172595456252 809
883 13.9544743079 0.344430829906 809
884 10.91679831 17.4799166876 809
885 10.6457097077 0.289455902323 809
886 8.04285626538 0.195175911442 809
887 10.5092156751 0.271847999652 809
888 9.69843466456 0.402181915257 809
889 10.3554808191 0.398876123975 809
890 10.7591193609 0.404838962775 809
891 9.44818431775 1.03355072754 809
892 11.2095815156 0.579138724846 809
893 8.07292645828 0.181699405085 809
894 11.2247875614 0.242962613089 809
895 13.6023844461 0.530937090172 809
896 12.0029655824 0.327812043 809
897 9.86260551435 0.425192551428 809
898 6.90693327567 0.172568593998 809
899 8.22495780746 0.850606671172 809
900 12.0473943731 0.251905442724 809
901 8.71627255092 1.94751540864 809
902 10.4041166724 2.62993620338 809
903 9.24188184616 0.243298145024 809
904 7.85137044173 0.229280277063 809
905 8.68819700141 0.308696284102 809
906 7.57157406016 0.264921776257 809
907 11.5959211454 0.27060052434 809
908 12.7582728291 0.492393976905 809
909 11.7934678597 0.411665967413 809
910 8.30826598409 0.558212035842 810 811,812,813,814,815,816,817,818,819,820,821,822,823,824,825,826,827,828,829,830,831,832,833,834,835,836,837,838,839,840,841,842,843,844,845,846,847,848,849,850,851,852,853,854,855,856,857,858,859,860,861,862,863,864,865,866,867,868,869,870,871,872,873,874,875,876,877,878,879,880,881,882,883,884,885,886,887,888,889,890,891,892,893,894,895,896,897,898,899,900,901,902,903,904,905,906,907,908,909
911 8.45594108799 0.239529895535 910
912 7.36959738948 19.2219476357 910
913 11.7205149463 1.28435427616 910
914 8.92120923353 0.698088489478 910
915 9.25026569329 34.9314198847 910
916 8.75401138862 0.184063707545 910
917 11.8802857546 0.398802766191 910
918 10.7276956826 0.387367886408 910
919 8.09885276394 1.25561132616 910
920 12.1644021313 1.96020219611 910
921 8.9209393635 0.822475268065 910
922 13.2251485582 1.08908796475 910
923 7.39966289909 0.248395218754 910
924 14.0016428902 0.474520120188 910
925 6.43839065885 0.19342801594 910
926 11.2169451318 26.8348685633 910
927 10.5504735447 0.238508223897 910
928 7.93566174501 0.434100840729 910
929 15.4915107426 0.43034169762 910
930 13.8889144075 0.949312385862 910
931 11.8494448968 6.94505407846 910
932 9.72608041308 0.465356625801 910
933 8.61986361933 0.255819779829 910
934 10.9697614019 0.940975277123 910
935 14.0089800447 0.297635941401 910
936 10.8082041673 0.658480019527 910
937 11.1957534212 3.98244416638 910
938 8.22346096794 0.338996154062 910
939 9.54544215949 0.484507650128 910
940 12.04105629 0.255397946885 910
941 6.11075653239 0.244048525437 910
942 6.83793673451 0.143643343205 910
943 9.22122610066 0.450469098253 910
944 16.3366571593 0.697047719307 910
945 10.0428053268 2.07072776001 910
946 7.65383268316 0.384112625864 910
947 16.5110008336 0.670910620753 910
948 10.2999008372 0.366629146461 910
949 8.04162493861 0.245456279953 910
950 11.7263942262 0.493831603446 910
951 13.0819473647 0.300368733106 910
952 13.9734310274 0.58903266033 910
953 9.42535776074 5.48291515662 910
954 9.96893479409 1.68821062728 910
955 7.92343307963 0.307117518731 910
956 10.8646858571 0.344606031178 910
957 9.9187519943 0.405586217225 910
958 9.44199409311 0.195690706957 910
959 12.0631368846 0.344165192999 910
960 8.44689430595 0.195249537961 910
961 11.6543631899 2.28785135824 910
962 11.0254758208 0.247694750968 910
963 10.3256642012 0.480930645143 910
964 10.1224781927 0.421433301329 910
965 10.8368149866 0.265585555743 910
966 6.5588021055 16.0368499858 910
967 11.841148179 0.365053381712 910
968 7.56256029998 0.285400696502 910
969 13.3573185646 0.513515042719 910
970 11.0915338489 0.696209826181 910
971 10.7040998006 0.501446303982 910
972 7.17410516384 0.172895794234 910
973 9.67976675227 0.313667124214 910
974 10.6831969938 0.434527622064 910
975 11.5230113688 0.285901220204 910
976 7.88074719571 0.276390854847 910
977 10.3677929036 0.348481483882 910
978 10.7799380796 0.343317118056 910
979 9.68561116587 0.19629498322 910
980 7.5403089475 0.172088284154 910
981 11.8343319783 1.59677960688 910
982 8.95529234932 0.233019421087 910
983 11.6438278304 0.330137866632 910
984 9.51789513284 0.215770873125 910
985 9.66708033252 1.50721362919 910
986 11.5278067069 0.29331328123 910
987 6.79426402555 1.37162947764 910
988 7.02218056414 0.441246711881 910
989 8.03281068632 0.210763939081 910
990 12.2256398113 0.935461544983 910
991 12.2771187447 2.28437190819 910
992 8.72785226068 0.255855367424 910
993 9.45071841352 26.0289065021 910
994 7.39235477032 0.163655196003 910
995 10.4607723989 0.295424158776 910
996 10.0052040091 0.745264859979 910
997 10.2937990283 0.717766344541 910
998 12.4568919295 0.313255981897 910
999 7.45240173778 0.168759846791 910
1000 12.8681025966 0.5349823648 910
1001 13.5507512243 0.889263045929 910
1002 10.6664274802 0.54997258149 910
1003 6.18508052273 0.24621806957 910
1004 11.063359729 0.456917410376 910
1005 7.83967262904 0.191088629978 910
1006 7.5124764288 0.317342525465 910
1007 12.5920601835 0.339560155044 910
1008 8.30881237426 0.168628107133 910
1009 7.8874920868 0.925273651049 910
1010 11.314906049 0.453055679899 910
1011 10.4329446084 0.269575496722 911 912,913,914,915,916,917,918,919,920,921,922,923,924,925,926,927,928,929,930,931,932,933,934,935,936,937,938,939,940,941,942,943,944,945,946,947,948,949,950,951,952,953,954,955,956,957,958,959,960,961,962,963,964,965,966,967,968,969,970,971,972,973,974,975,976,977,978,979,980,981,982,983,984,985,986,987,988,989,990,991,992,993,994,995,996,997,998,999,1000,1001,1002,1003,1004,1005,1006,1007,1008,1009,1010
