1 7.94457382026 1.41302413227
2 11.5809889721 0.28687455585 1
3 4.23401438306 0.102581976716 1
4 8.83575218433 0.252289622285 1
5 8.76469025755 0.17651432192 1
6 12.5727197565 0.782185961808 1
7 6.42597579874 0.158831527645 1
8 12.1154840012 54.0773003776 1
9 9.09899727897 0.534893830799 1
10 6.40615340396 0.200935700406 1
11 7.54468088221 0.17780097783 1
12 15.455805538 1.91169476103 1
13 8.77101770179 0.187022036088 1
14 8.73917263563 0.210522615735 1
15 10.9760422487 1.10878171606 1
16 9.95093341123 0.329760924161 1
17 3.12217966757 0.362622709444 1
18 9.2759640462 0.861880481982 1
19 12.3069073734 0.334854502656 1
20 13.4696772094 1.44640946568 1
21 9.74770361548 0.234364488192 1
22 11.4184108788 1.08501943631 1
23 11.2871737334 0.618267719233 1
24 6.20195030579 0.474240142962 1
25 9.57371576546 1.45434362793 1
26 12.4721043056 1.06803315766 1
27 12.050164973 0.298361918127 1
28 13.5635921259 0.694663394244 1
29 15.9909741292 2.23343064413 1
30 12.4803968206 0.270685058148 1
31 9.2261142424 0.362185192503 1
32 10.263147689 23.3563837371 1
33 10.9648188502 0.667056355744 1
34 12.0457807588 0.27444186621 1
35 7.75432516398 0.314781161926 1
36 12.9262742773 0.486076214968 1
37 9.10621582495 0.207142712263 1
38 12.4196415363 2.4053288366 1
39 9.75601895973 0.401350531447 1
40 13.6823619043 0.496443661459 1
41 10.2694055787 0.358522013225 1
42 10.9868824133 0.40690872225 1
43 7.7206953386 0.830200165225 1
44 5.20805642425 0.157628790957 1
45 12.8029880055 0.267932679632 1
46 7.91820294298 0.423202585397 1
47 7.14481249133 1.14866364283 1
48 7.88055496621 5.89248178868 1
49 10.0104269354 1.46749777167 1
50 15.5349856616 0.342139919263 1
51 8.60311793257 0.190864623049 1
52 13.6582174782 0.353608125029 1
53 13.3880043298 0.447802482378 1
54 12.251016164 0.246070286622 1
55 13.7441122336 0.569021416744 1
56 9.5142582083 0.341302438682 1
57 8.775580682 1.3139186197 1
58 9.67242351259 0.318039275535 1
59 10.5286654656 0.286139254171 1
60 7.56780488674 0.926178405282 1
61 10.2792519452 0.416660039303 1
62 12.9883586009 0.729371161768 1
63 8.85471778524 0.198123959741 1
64 11.2624231572 0.60357541195 1
65 7.25819036673 0.393005620132 1
66 14.1150317365 0.349847029814 1
67 9.29383142414 0.389163761731 1
68 10.0893971245 1.24230536392 1
69 11.7982656953 0.398236876509 1
70 9.19280961536 0.373252707856 1
71 9.7351151704 2.01269050736 1
72 10.8875605223 0.271176236453 1
73 4.975055224 0.100693435433 1
74 6.82035026433 0.855233730198 1
75 10.9654798014 0.502625697717 1
76 12.7019410914 0.279563321663 1
77 8.87647513152 0.899692232289 1
78 7.27322294626 20.7699710288 1
79 7.80142798293 0.20294703317 1
80 9.21915070895 1.7734420319 1
81 7.03915549477 0.199494917868 1
82 11.2786295761 0.946934574962 1
83 10.4488681256 0.651988725971 1
84 10.625314177 1.27250729603 1
85 6.27671662892 0.164685362309 1
86 7.16441844552 0.803429800999 1
87 6.58963205824 0.199346032832 1
88 9.93436196779 0.401563877315 1
89 6.2024508841 6.78599218074 1
90 4.41593284359 0.0990146861421 1
91 10.1203150666 0.213456526573 1
92 12.337269031 0.605386405014 1
93 6.25596175824 0.406574568472 1
94 8.40226878897 1.00402343892 1
95 7.50444511201 0.286996570112 1
96 11.4396485509 0.701553691042 1
97 14.060828194 0.308373334218 1
98 5.80629243325 0.278561182178 1
99 11.0031449257 0.239776804574 1
100 7.85642709407 1.01304215497 1
101 10.5424504647 0.236917842016 1
102 8.90392181669 0.363779942628 1
103 12.571760458 0.966482911906 1
104 12.3946499366 0.485744700929 1
105 13.5372142207 0.830981969619 1
106 8.0728246573 0.202316204709 1
107 6.13436053605 0.813313621698 1
108 8.0580438611 0.762874670208 1
109 8.06063171481 0.170078788612 1
110 7.83005290907 0.989349834361 1
111 8.84555283386 0.199771163762 1
112 8.31915961498 0.448863631206 1
113 5.0871892291 0.263151498586 1
114 11.0607046436 0.228336016417 1
115 9.30542185234 0.755357650266 1
116 7.69308851959 0.384554337352 1
117 6.34833749567 0.130988121589 1
118 8.42275512299 0.258027348985 1
119 10.2336920137 0.373107436442 1
120 10.4875817847 0.210617457071 1
121 9.45815593061 0.199437960791 1
122 9.36154595273 0.385334246538 1
123 13.0843389996 1.03383278345 1
124 14.0565764551 0.698157183379 1
125 5.23536702912 0.317058684443 1
126 6.48269408144 2.60535134065 1
127 16.0969267801 0.324214667206 1
128 10.1068016263 1.87770551126 1
129 9.15937903836 0.910906392007 1
130 13.8270643991 4.1477319313 1
131 13.0896955059 1.2260495913 1
132 10.9958016159 0.434777542889 1
133 11.4300945761 0.972068447852 1
134 6.99189633351 19.1320626512 1
135 10.9833254571 0.781328766191 1
136 14.8723942001 0.576115316461 1
137 9.27208248011 0.227514001587 1
138 10.8923405445 0.542266603105 1
139 5.82895314849 0.129600952331 1
140 13.1467993286 2.17043814955 1
141 8.00185520424 0.227280415597 1
142 10.9472132113 0.496357856656 1
143 10.3846737207 1.4457646 1
144 6.98576905028 0.981609801481 1
145 7.48689735418 0.287350769833 1
146 10.5504712815 0.399485271332 1
147 6.67626866119 0.324301488819 1
148 11.291218523 24.4116283328 1
149 4.07037891329 1.1401776576 1
150 6.65912178153 50.6597587912 1
151 11.6323322016 0.511854467545 1
152 8.15024682755 0.168581925724 1
153 10.5691699958 0.739574191214 1
154 13.0024893425 0.271704027043 1
155 17.0918901467 0.465106916593 1
156 7.33102195441 0.329763374476 1
157 8.79700596528 21.0366517674 1
158 6.17303252062 0.883851196504 1
159 6.11010692436 0.185033921623 1
160 12.3965987041 39.3608464292 1
161 7.52916822362 0.925483370295 1
162 9.57522145269 20.9859851548 1
163 12.1522936628 0.272874296266 1
164 5.26581782311 0.246086131603 1
165 10.5301898328 0.391734707629 1
166 11.270178784 0.23202422583 1
167 7.09831250496 0.421963438272 1
168 11.3961209472 5.88615744655 1
169 12.7671105095 0.682014010532 1
170 5.86377191909 0.337296142051 1
171 7.25179663758 2.15663084831 1
172 12.09959728 21.3598391397 1
173 7.24351280932 0.272945061735 1
174 12.7309771018 0.307545671682 1
175 16.3389349138 0.410436577273 1
176 14.1144666573 1.02524536513 1
177 8.92476971419 2.76397571176 1
178 9.46611885389 0.243842480953 1
179 10.0722358363 0.294664061734 1
180 14.0164985838 0.628473050017 1
181 12.9091216132 1.43933179084 1
182 13.0757893002 0.371926806882 1
183 8.51881837669 19.9011537101 1
184 11.4382117792 0.258924577442 1
185 13.7255090703 11.0421620313 1
186 13.7127652933 0.395881763623 1
187 9.83100556819 0.287748407437 1
188 10.5307101983 0.22201977372 1
189 14.6700434775 4.07142193021 1
190 12.4419696179 0.290389206321 1
191 12.2090769208 1.09136377378 1
192 9.14008488183 3.59721460936 1
193 9.0748983419 0.184946573092 1
194 6.19314734609 0.134958339383 1
195 10.3560927177 0.584382112655 1
196 15.3560378232 2.38810023862 1
197 10.3696831531 0.501701847223 1
198 4.92100270587 0.328020376935 1
199 11.5488525163 0.382518668888 1
200 9.31594422144 0.384694834171 1
201 6.67537770567 0.239427100197 1
202 10.5642649391 0.480800553861 2 3,4,5,6,7,8,9,10,11,12,13,14,15,16,17,18,19,20,21,22,23,24,25,26,27,28,29,30,31,32,33,34,35,36,37,38,39,40,41,42,43,44,45,46,47,48,49,50,51,52,53,54,55,56,57,58,59,60,61,62,63,64,65,66,67,68,69,70,71,72,73,74,75,76,77,78,79,80,81,82,83,84,85,86,87,88,89,90,91,92,93,94,95,96,97,98,99,100,101,102,103,104,105,106,107,108,109,110,111,112,113,114,115,116,117,118,119,120,121,122,123,124,125,126,127,128,129,130,131,132,133,134,135,136,137,138,139,140,141,142,143,144,145,146,147,148,149,150,151,152,153,154,155,156,157,158,159,160,161,162,163,164,165,166,167,168,169,170,171,172,173,174,175,176,177,178,179,180,181,182,183,184,185,186,187,188,189,190,191,192,193,194,195,196,197,198,199,200,201
203 13.2359833577 4.37719302017 202
204 5.79844609157 0.144705715078 202
205 11.4902833233 34.1184162406 202
206 9.35210179019 0.239299727603 202
207 12.133989651 0.55638825546 202
208 15.4356460965 1.016777689 202
209 11.4587305999 0.733031840319 202
210 13.9114932246 0.594958983503 202
211 12.1694676614 1.70501546426 202
212 10.3691851467 0.347237802003 202
213 12.1584788762 0.36291855223 202
214 9.43975359429 0.199452647941 202
215 9.55537165927 0.352207690362 202
216 14.6342073092 0.298563032024 202
217 9.18863030107 0.191635601579 202
218 15.8308842001 0.908597671558 202
219 10.561296101 55.8996472495 202
220 10.7604898991 1.31960953156 202
221 14.1348342135 1.170682081 202
222 5.82114206553 0.129715507455 202
223 12.1580421899 0.396435775516 202
224 13.4882292038 0.349079178674 202
225 11.9744115481 0.310291008541 202
226 10.3115010304 0.505511431303 202
227 9.49984089173 0.218825725413 202
228 12.7028267079 1.59104014169 202
229 8.61497581729 10.7041003326 202
230 9.69748721971 0.309024379924 202
231 9.51033621517 2.29443286348 202
232 15.8185103333 1.54292630553 202
233 6.16743881102 0.169943907304 202
234 7.89174399906 0.364460510911 202
235 13.4945183711 0.89525892837 202
236 10.9107476126 9.92741444647 202
237 11.29645409 1.41372541439 202
238 9.37441750634 0.299236777344 202
239 8.7156877494 2.0646663056 202
240 12.9585267675 0.563959304788 202
241 8.92431205368 0.422143262665 202
242 12.7420685492 2.01938899518 202
243 10.4286182518 1.17705183134 202
244 6.47967644691 0.869034010535 202
245 10.1123062321 0.392762491469 202
246 13.3937585728 0.647855510254 202
247 8.6058890698 0.218262275049 202
248 4.18936607893 0.148192612282 202
249 12.399360294 0.714381553321 202
250 7.42945346775 0.198395667617 202
251 6.76020069532 0.312856363429 202
252 13.4285480428 0.348409912589 202
253 9.34401973472 0.557885452503 202
254 4.56172402502 0.137205668012 202
255 10.2942212615 0.535632550621 202
256 14.4962050402 1.15739798173 202
257 8.48401249755 0.578028278046 202
258 11.1772585187 13.5770255386 202
259 9.8326054278 0.309139196743 202
260 10.9152503717 2.39018597856 202
261 9.33517258867 1.62572742253 202
262 12.3241507374 1.1648895136 202
263 7.73601336096 0.438373617045 202
264 9.35438072566 0.233813351432 202
265 10.4495569885 2.64630258722 202
266 12.5526800638 0.295956819143 202
267 5.10749111568 0.548130806853 202
268 8.70501264281 0.974308978863 202
269 7.74028729051 0.395856621103 202
270 8.1110271147 0.22307178556 202
271 9.74356056964 0.319048930903 202
272 5.34428723032 11.6658092578 202
273 7.87373355916 0.189285485274 202
274 10.9861346003 0.244485322178 202
275 6.27248930731 2.23073535948 202
276 5.36952713053 0.231065901684 202
277 7.05797841947 0.182963378919 202
278 7.69613370579 5.54931721547 202
279 7.96498063519 0.535645712562 202
280 10.2180708116 0.349384085289 202
281 7.71228159293 0.335806368056 202
282 7.61155815229 0.174432932402 202
283 10.0436697746 0.261479149816 202
284 13.1794231596 0.66120822718 202
285 12.6229637768 0.265318284343 202
286 9.91256767426 0.531557008377 202
287 9.14849810579 0.306973939541 202
288 8.87623645733 0.207543044329 202
289 5.45108001876 0.240941032986 202
290 7.87723461365 0.338299105896 202
291 7.79127173108 0.233210640651 202
292 9.22482087351 0.357666500381 202
293 9.36325692686 0.615569114318 202
294 7.84499265364 4.67624249728 202
295 9.38951859715 0.214318537945 202
296 7.21704103277 0.201423562779 202
297 12.8191054731 0.438911553385 202
298 10.4694720329 0.323591913984 202
299 10.8289563526 0.304218922453 202
300 7.61910236751 0.36870757369 202
301 12.9462799515 0.263882619569 202
302 9.00780834806 0.278327295052 202
303 9.01761646362 28.3549575435 202
304 14.3338822177 4.59509822055 202
305 13.7324325877 0.310558873111 202
306 11.9848475569 0.992576348688 202
307 12.4552913916 0.298622990216 202
308 9.47932065383 0.663192578167 202
309 6.51823230683 0.414009988795 202
310 11.709679579 26.806466856 202
311 10.9002196741 0.238723263525 202
312 9.05965463463 40.6395086324 202
313 12.3127317864 0.724669819184 202
314 10.2229383909 0.400534963541 202
315 12.1557312886 0.374222359211 202
316 13.9982510337 0.792146750923 202
317 14.4319830444 0.603996289693 202
318 9.69253635328 0.355137567036 202
319 8.29953054665 0.246148957251 202
320 13.8527095258 0.282198844123 202
321 13.403756344 0.355725456006 202
322 12.7589512124 33.8641494278 202
323 11.429044844 0.502746164399 202
324 14.2799124637 0.536184551026 202
325 6.9418200881 0.24261698606 202
326 10.5325006238 1.30728238055 202
327 10.7129793854 0.964855597089 202
328 12.3495535654 0.298209483874 202
329 12.6201697384 0.306388558318 202
330 14.1101624666 0.318625603699 202
331 9.29174199355 1.27021762758 202
332 9.85471708728 0.226897894603 202
333 8.50162238505 0.403864357916 202
334 9.60472310777 2.3444551392 202
335 10.7400702421 0.228169033127 202
336 9.10421349877 1.9360370683 202
337 8.41725113015 0.344194036454 202
338 9.21077870106 46.8067287084 202
339 12.496062905 4.14157849862 202
340 9.04315247336 20.3247283522 202
341 7.56267198245 0.158625411831 202
342 11.043721488 0.748537232995 202
343 7.7014986657 64.2699243082 202
344 9.90220229873 0.679667558403 202
345 6.38386829623 0.152932800104 202
346 13.7371825412 0.497914350305 202
347 10.09318402 0.273065886582 202
348 11.8747747694 6.86512657302 202
349 10.1657504498 0.212753334077 202
350 12.08958461 0.290267779124 202
351 14.1929630174 0.857246656687 202
352 6.9040110894 0.144319206957 202
353 11.1179422525 0.361965607949 202
354 8.58394719904 0.365209460121 202
355 12.2357985323 0.420456239023 202
356 11.5819817085 1.26049356159 202
357 9.22206590383 0.390080494805 202
358 9.89700875418 0.313635125877 202
359 12.5174247592 0.421500011565 202
360 8.06791698579 0.372786489157 202
361 14.3433274581 0.950337889649 202
362 10.5904526618 0.367709336353 202
363 10.6582678515 1.04734168151 202
364 12.0034072804 1.06101932743 202
365 11.1537107651 2.38384532954 202
366 9.05384976612 1.41586130805 202
367 9.20448064122 0.208040401544 202
368 6.76805774636 0.165529626769 202
369 11.8894733208 0.659369039764 202
370 11.717092414 0.257692481285 202
371 13.9944744659 0.339101742826 202
372 6.17813410204 1.5705480285 202
373 8.20810101326 0.601436214331 202
374 3.51184740372 5.08332012125 202
375 7.26295166211 0.695248744558 202
376 5.8672596933 0.24617059025 202
377 12.5288001599 0.666050156104 202
378 11.5741227916 0.407873985351 202
379 7.41671458119 0.454890699843 202
380 4.92652560483 0.441749007754 202
381 6.29489541154 1.15145977678 202
382 12.2384795613 0.271601421467 202
383 12.0613470167 0.31196006084 202
384 12.1836366682 0.312050224954 202
385 6.2790158215 0.516037720756 202
386 9.88889054248 3.65876792214 202
387 10.1406301938 9.31569180026 202
388 11.8249248705 0.315499519453 202
389 6.07573057474 0.1347671477 202
390 12.7332847038 0.306468271537 202
391 8.38086096158 0.356511024729 202
392 11.6276349064 0.426740464937 202
393 10.1984603027 1.13563972191 202
394 9.85410019356 0.233214294867 202
395 10.4301184717 0.481643644985 202
396 8.61858693167 0.939568321284 202
397 9.26751825664 0.242097260566 202
398 15.6246546113 1.19630670934 202
399 12.4129055495 1.48525712893 202
400 11.7039570633 0.654556351723 202
401 13.6856232113 2.53756987482 202
402 7.66470199848 0.182982416028 202
403 9.40434149103 0.294844226464 203 204,205,206,207,208,209,210,211,212,213,214,215,216,217,218,219,220,221,222,223,224,225,226,227,228,229,230,231,232,233,234,235,236,237,238,239,240,241,242,243,244,245,246,247,248,249,250,251,252,253,254,255,256,257,258,259,260,261,262,263,264,265,266,267,268,269,270,271,272,273,274,275,276,277,278,279,280,281,282,283,284,285,286,287,288,289,290,291,292,293,294,295,296,297,298,299,300,301,302,303,304,305,306,307,308,309,310,311,312,313,314,315,316,317,318,319,320,321,322,323,324,325,326,327,328,329,330,331,332,333,334,335,336,337,338,339,340,341,342,343,344,345,346,347,348,349,350,351,352,353,354,355,356,357,358,359,360,361,362,363,364,365,366,367,368,369,370,371,372,373,374,375,376,377,378,379,380,381,382,383,384,385,386,387,388,389,390,391,392,393,394,395,396,397,398,399,400,401,402
404 12.8074418382 0.564258829538 403
405 10.8371052431 0.226705418911 403
406 10.6633797743 0.220359301618 403
407 9.8259519616 0.261361301458 403
408 7.23592064158 1.45014494096 403
409 12.3550666156 0.473960712402 403
410 11.6586805446 0.679868176547 403
411 4.30973580858 0.139774573404 403
412 10.9723008558 0.392937496106 403
413 9.00155913712 0.351997458117 403
414 10.3304310747 0.437005849124 403
415 8.22823700458 0.166469073073 403
416 10.8430912267 0.398998778113 403
417 9.18397284151 0.436428488537 403
418 5.60216589706 0.130368897236 403
419 8.9142461205 0.866125629902 403
420 8.72588617638 0.225512080094 403
421 12.5869301293 1.05662226128 403
422 5.99151759765 0.199794042731 403
423 9.1142647976 0.868589104338 403
424 10.0351710234 0.693682640555 403
425 6.88688620999 59.1198728164 403
426 10.4208141016 0.46112352985 403
427 11.1889438622 6.02593324698 403
428 12.0377089467 3.76324048057 403
429 8.95520618587 0.268715507538 403
430 9.06632570443 4.8373533306 403
431 10.3874441789 0.26729702587 403
432 8.88013153208 0.653028869202 403
433 5.49786801295 0.123547738967 403
434 9.84823968972 0.322407951647 403
435 12.171934828 0.625248358568 403
436 13.1459489457 0.578980156745 403
437 11.6692914071 42.7075148728 403
438 7.3943468818 14.8244546701 403
439 7.06812350338 0.231883965054 403
440 9.08846247641 0.216164517758 403
441 7.82838428932 0.227916041673 403
442 11.2396194 0.41557051392 403
443 9.92125235275 0.259515429506 403
444 14.2426977751 1.40599641436 403
445 12.6717897723 0.679487133871 403
446 11.7996525595 0.274387506147 403
447 12.2382920151 0.269454219234 403
448 10.1285624648 0.557085240821 403
449 10.048844859 0.29570673386 403
450 8.5177322657 0.197672118229 403
451 7.63228289135 2.10029408752 403
452 12.9473024457 0.268897474167 403
453 11.3314067424 0.462207467085 403
454 9.01695529315 0.292392713716 403
455 13.2209598757 0.348920064985 403
456 8.90709774009 0.477533561677 403
457 11.3074357032 0.305405963551 403
458 9.31490844899 0.206282763497 403
459 13.3635346446 0.432734889239 403
460 9.13017538862 0.376008537692 403
461 8.42539309145 0.34621582342 403
462 5.17828450465 0.533507708134 403
463 7.09766521871 34.7109440381 403
464 13.504742953 8.19918056323 403
465 14.8527263976 1.22033001382 403
466 9.69095565914 0.203156111092 403
467 10.6379697749 1.92711186313 403
468 11.7548841238 0.594500983166 403
469 15.7377067831 1.2335617849 403
470 6.67007051981 0.546059231417 403
471 14.0812818431 0.67531490666 403
472 9.81699285469 0.516294330193 403
473 11.3329395842 0.327636830595 403
474 11.1002796203 0.537782540262 403
475 4.70927567043 0.271586365705 403
476 7.77587133074 0.175333294588 403
477 10.4832517474 1.06312048804 403
478 14.1373955199 17.2958386747 403
479 10.1813740618 0.448251253475 403
480 5.664543062 0.270144930032 403
481 7.40924255954 0.400222287499 403
482 4.32155562248 1.33270496812 403
483 10.4407703006 20.593060295 403
484 9.22634600162 0.231867773998 403
485 8.08040384559 0.319904815932 403
486 13.240442707 0.595555189576 403
487 8.9584806409 3.47375225591 403
488 9.42385861505 0.671782349417 403
489 9.68614006712 1.09984297598 403
490 14.3340277391 0.438407608995 403
491 8.28129397458 0.293340079366 403
492 11.2590206244 1.3183422307 403
493 7.08671062578 0.456761414611 403
494 6.70680795207 0.317358581448 403
495 10.4358812177 0.491688606015 403
496 6.50260479692 54.203453465 403
497 11.4013105275 1.42740249263 403
498 12.3594433291 0.590794860488 403
499 10.2546027684 0.244217189944 403
500 9.89686468956 0.323914185635 403
501 8.29727769438 25.5530353743 403
502 9.82284349958 0.457076699443 403
503 6.19501648898 0.167812138956 403
504 9.27039422728 0.228803906209 403
505 9.52535563261 1.41009301843 403
506 8.38492778372 0.822804955464 403
507 7.35783898179 0.184049956606 403
508 5.965241134 0.242359440306 403
509 6.22955289568 0.285703445931 403
510 4.57722083104 0.11279560948 403
511 9.01505282572 2.99486404389 403
512 13.5167593281 28.2096079695 403
513 9.81413722649 0.203116062269 403
514 11.5871763432 0.562794003044 403
515 10.5387776418 0.518144191086 403
516 5.4165801131 0.128847877268 403
517 7.93690687277 0.85742340383 403
518 7.42008896773 0.23090638398 403
519 12.999233367 0.799514461428 403
520 11.7123917914 5.36241025493 403
521 11.008741506 0.22796249158 403
522 13.0912302811 0.635157276774 403
523 12.7773532272 1.5219188919 403
524 6.46843807887 0.194723183765 403
525 13.4764509566 1.2340025779 403
526 8.68977303487 0.232359992197 403
527 14.5964997456 0.585596944078 403
528 10.3516871053 3.450241266 403
529 12.8806317908 0.356772880999 403
530 9.30246684841 10.9306578644 403
531 12.8415905893 0.367976306722 403
532 11.1756143697 0.373293145001 403
533 8.05058003441 0.302321624151 403
534 12.0710018082 0.832583517059 403
535 7.9597785539 7.2391536071 403
536 7.47476846445 0.404600099944 403
537 8.52843379225 8.99584839678 403
538 8.67280672821 2.65981030906 403
539 4.79565820515 0.132844242681 403
540 12.3178306214 0.647112932491 403
541 8.29464810756 1.84752957991 403
542 7.72862319195 5.50620503582 403
543 9.26114445261 0.598245724884 403
544 9.12478265343 0.512482361894 403
545 7.93625240988 0.796587909613 403
546 11.3416033658 0.364686120453 403
547 7.06533431763 0.476720130121 403
548 11.7950070574 0.711860660716 403
549 12.1159637415 3.32993150239 403
550 10.253693423 0.229999205463 403
551 6.02151714871 0.179046710979 403
552 11.4882413408 1.01644195926 403
553 12.3741253849 0.385108788392 403
554 10.833478827 0.81416872616 403
555 10.6438935591 0.352885684537 403
556 8.88318819099 0.509358976364 403
557 6.29176928774 0.322772558115 403
558 5.71595947536 0.268986458827 403
559 7.85556280957 0.49704355238 403
560 11.1250311596 0.224830002848 403
561 10.2659095877 36.8970011029 403
562 10.4526321791 4.44506729154 403
563 11.7280435053 0.363078099969 403
564 9.49841547808 10.6392642446 403
565 12.0762699191 0.503359652937 403
566 9.43885920003 0.190573890794 403
567 16.3455571119 0.952596563568 403
568 8.41520826974 0.244039157804 403
569 11.1452091112 1.06819573237 403
570 12.6148523333 1.00227548943 403
571 8.43963272409 0.777507263113 403
572 12.7844412542 0.460979258748 403
573 7.25559311742 0.339238965066 403
574 8.90126141418 0.443214123491 403
575 9.57503646181 0.226593160967 403
576 5.93242146358 0.351698241117 403
577 9.62280807241 0.214537545866 403
578 12.9454446353 1.16362827907 403
579 12.0312697614 0.360262245443 403
580 10.3922897509 0.352848341518 403
581 6.16081279178 0.530850447873 403
582 12.4616259282 0.323790232212 403
583 12.3588110451 0.261688323201 403
584 8.56666281104 0.869126490009 403
585 10.2534298309 0.50352227759 403
586 7.20909016599 0.179914193243 403
587 10.151814537 0.823054055996 403
588 10.0814322642 0.242294724776 403
589 12.5942582488 0.413478292283 403
590 10.1994694119 0.215535304468 403
591 8.82292455922 0.214070038555 403
592 7.19657925437 0.526755277579 403
593 7.72888735358 0.206565395564 403
594 8.97096373378 21.4383815534 403
595 10.6717292546 49.0438499297 403
596 5.77758534556 0.243232144635 403
597 7.35210492024 0.396546398343 403
598 11.2898286256 0.266570184725 403
599 11.8345907446 0.40333498247 403
600 10.1225687514 0.99971743204 403
601 10.420917533 0.805977167161 403
602 10.8152349217 0.50471607496 403
603 10.2811858241 5.28320967381 403
604 16.0236779075 0.927922785565 404 405,406,407,408,409,410,411,412,413,414,415,416,417,418,419,420,421,422,423,424,425,426,427,428,429,430,431,432,433,434,435,436,437,438,439,440,441,442,443,444,445,446,447,448,449,450,451,452,453,454,455,456,457,458,459,460,461,462,463,464,465,466,467,468,469,470,471,472,473,474,475,476,477,478,479,480,481,482,483,484,485,486,487,488,489,490,491,492,493,494,495,496,497,498,499,500,501,502,503,504,505,506,507,508,509,510,511,512,513,514,515,516,517,518,519,520,521,522,523,524,525,526,527,528,529,530,531,532,533,534,535,536,537,538,539,540,541,542,543,544,545,546,547,548,549,550,551,552,553,554,555,556,557,558,559,560,561,562,563,564,565,566,567,568,569,570,571,572,573,574,575,576,577,578,579,580,581,582,583,584,585,586,587,588,589,590,591,592,593,594,595,596,597,598,599,600,601,602,603
605 11.5348641406 0.304925747725 604
606 10.293460533 1.62611288745 604
607 10.5471777351 8.54891855119 604
608 12.4322161583 0.296483413446 604
609 13.4592357026 0.296108354647 604
610 11.7253665363 0.821786837741 604
611 8.82655195752 2.61084017185 604
612 8.01351721907 0.448612765964 604
613 9.75722820919 0.362905338575 604
614 12.4417050118 0.968701748929 604
615 14.7825170589 10.3034258778 604
616 11.5852058544 0.535779578515 604
617 19.1966852128 0.442145341465 604
618 9.8518685165 0.217190285877 604
619 7.78214951371 0.190895749262 604
620 4.14780554432 0.132034139772 604
621 13.7486547632 0.342241452892 604
622 11.7036614798 23.6834185128 604
623 11.3456684635 2.1101365435 604
624 11.2822051766 3.49842893566 604
625 12.7089097293 0.356142657922 604
626 7.76414118311 0.29145691926 604
627 9.38994606005 21.7814467697 604
628 8.43700075055 0.169285765366 604
629 8.40369347817 0.227112803761 604
630 10.8256238876 0.256653355643 604
631 9.05487779139 0.912845558067 604
632 7.18836330777 0.331152539439 604
633 10.6511241651 0.220429430983 604
634 13.2726313042 0.296653529471 604
635 12.667299229 0.673434721037 604
636 13.0750952528 0.96004284844 604
637 6.68999467242 0.721039294691 604
638 17.0630802826 0.454614790975 604
639 10.8093598673 2.26740762953 604
640 11.9347438881 0.276078810918 604
641 14.7443191462 4.54688335173 604
642 5.56320033925 0.360584563784 604
643 7.05598376053 0.342845400595 604
644 13.1877152523 0.611263036424 604
645 13.2524946962 0.60224648242 604
646 10.0066401733 0.554540000853 604
647 8.76815539712 0.818766558116 604
648 5.50550174147 1.00670631883 604
649 11.7377477011 0.534158015856 604
650 8.67665077831 0.40534989908 604
651 8.74028512862 0.238473305515 604
652 6.49128273221 0.215455873662 604
653 11.0800705332 0.80279732305 604
654 9.58991944209 0.543124931844 604
655 11.1704315324 0.298421443824 604
656 11.5794476697 1.50912713227 604
657 13.2100314989 0.562592816773 604
658 10.3576163878 49.537168793 604
659 10.997705765 0.309577961408 604
660 11.4902442096 1.41399325491 604
661 13.3984700734 0.529991667458 604
662 6.71339154356 0.830353514116 604
663 9.20280276797 0.209881561398 604
664 8.87384296492 79.7546787523 604
665 10.6245297473 0.235362380612 604
666 9.51086554624 0.551978071588 604
667 11.087108778 0.28207790227 604
668 6.67048889127 8.86310799424 604
669 10.2668685812 0.725843667207 604
670 9.25759936271 0.459469232728 604
671 9.23534192337 0.188805997864 604
672 10.2705989633 0.247050239626 604
673 9.42653264178 0.253833852773 604
674 11.1675883294 0.339003719009 604
675 12.9813730073 0.442196684579 604
676 10.4923334425 1.96457142863 604
677 7.35186115438 0.148574746261 604
678 11.8373691661 3.41334834904 604
679 10.728885576 0.686072052298 604
680 9.12353280753 1.21724737759 604
681 8.91364890108 0.239872241438 604
682 12.0466255764 0.500829676956 604
683 12.8252034977 0.267334908091 604
684 14.1386792579 7.35529422552 604
685 10.4392020968 3.74285561712 604
686 9.39233085842 1.22581101979 604
687 10.2751703873 35.3333017772 604
688 6.67773487661 0.176942423364 604
689 9.7223298575 0.209446456868 604
690 11.1408735653 0.360990608027 604
691 11.8739673926 5.24420848708 604
692 9.12135292277 6.89397920903 604
693 10.5456379803 0.28063374358 604
694 11.7736853113 0.303268339837 604
695 7.83562786461 0.293442594606 604
696 12.9417852042 0.316137798552 604
697 8.85029237584 0.379778884439 604
698 7.45386154423 0.674151082167 604
699 13.1162562022 0.476715612559 604
700 12.359079813 1.15348735117 604
701 7.40869831535 0.239865793785 604
702 11.2796309873 0.252330797883 604
703 9.36358370773 0.377218244074 604
704 10.2419965957 49.8190257204 604
705 7.33519762675 0.175832221152 604
706 9.94849541725 0.24442501955 604
707 9.28409120354 0.465289504833 604
708 6.56089724356 0.192867458358 604
709 9.68434529931 0.492570454344 604
710 14.2077537069 0.292392980723 604
711 9.52310667995 0.270408581925 604
712 10.4143602042 0.400069776268 604
713 15.2733484202 0.398183684471 604
714 11.6895787059 0.270429577772 604
715 15.1660280634 0.428188409419 604
716 5.94883577331 8.48226787722 604
717 9.94367480293 21.0464718428 604
718 11.8269384544 0.258036083838 604
719 7.34572352571 1.20366303801 604
720 9.77047388598 0.25847229257 604
721 12.3940057953 1.26946083505 604
722 11.7431712768 0.635112385386 604
723 10.1790626632 0.28941667956 604
724 7.91664281953 0.175759085808 604
725 11.9297363773 1.42187046948 604
726 6.85867604658 0.265432631582 604
727 12.3264617728 0.750619151492 604
728 9.41280352195 1.95734976589 604
729 8.87534203799 0.687522398878 604
730 9.48817825073 26.2800957327 604
731 8.42583557968 0.411388182383 604
732 10.4770759537 0.319982825114 604
733 13.4625958009 1.02746541237 604
734 11.2307312473 0.339536647512 604
735 8.68328887145 0.438086051099 604
736 5.72546763782 0.194261277182 604
737 12.9795525531 0.321653316456 604
738 5.72293895495 0.365838558206 604
739 8.31185308792 0.198426181204 604
740 11.973356339 0.271203424434 604
741 10.1982449667 0.450879314691 604
742 11.6786453338 97.2482869409 604
743 10.4051478397 0.537868866763 604
744 7.24731389365 0.152631199332 604
745 11.6395083512 0.502024363401 604
746 12.8922618024 0.478973547894 604
747 7.17132451029 1.40523324905 604
748 8.63571730028 0.303703729576 604
749 5.19846090477 0.190417857206 604
750 13.303731622 0.35887172323 604
751 6.97569786128 0.604228663574 604
752 11.5091509647 0.233065615356 604
753 7.43263154294 0.192124702516 604
754 12.062452331 0.704168816324 604
755 5.95282040425 0.177133403481 604
756 15.4948501085 0.32047742485 604
757 6.55129452655 0.196060847986 604
758 11.6200818405 0.471881635004 604
759 11.2970817342 0.304984225437 604
760 6.69543777868 0.298474895791 604
761 9.71397970088 0.337686767592 604
762 4.95317831298 1.82741486606 604
763 10.7706513031 0.450191568813 604
764 10.3210007352 0.425142738242 604
765 12.8618824878 0.417748965193 604
766 9.82247787382 0.321545042219 604
767 12.6797767827 0.538459646316 604
768 12.2803772312 0.564989042342 604
769 7.53084190584 0.371543016411 604
770 11.3829730875 0.759444012702 604
771 10.8184561936 0.466862306101 604
772 14.1687732957 0.431373779642 604
773 8.3609644421 0.260114214513 604
774 10.997411346 0.255259693718 604
775 12.7174714281 0.705118805429 604
776 12.0955309628 0.564495966884 604
777 10.2521137971 0.659432975952 604
778 10.2368284587 0.327400389842 604
779 13.5942154542 0.826477013029 604
780 13.2014867018 0.635530039751 604
781 9.43682336668 0.194415872803 604
782 12.5212399325 0.441829545339 604
783 9.55178113915 0.207812115024 604
784 11.9225271988 1.16089089804 604
785 13.0402141044 0.858805098818 604
786 9.48178800361 0.347969132374 604
787 7.72903293955 0.260321361115 604
788 7.42951102165 0.161566476619 604
789 12.6989227334 57.1136354451 604
790 8.18643239585 0.494955989994 604
791 9.64037359597 0.291657975208 604
792 6.36782034524 0.330653618074 604
793 13.8892979397 0.279744761268 604
794 7.97849118483 0.271860268992 604
795 8.35707469239 0.277714276311 604
796 11.759160808 0.292671715715 604
797 12.0602340874 0.402137637028 604
798 7.19382752088 0.157995295619 604
799 8.49415888053 0.381982060868 604
800 11.515652545 0.404015886925 604
801 8.62389496886 0.261305717418 604
802 11.7309534208 0.304213863096 604
803 13.6224048309 6.7675341023 604
804 12.847209033 1.18193549961 604
805 9.6716106854 0.293501857812 605 606,607,608,609,610,611,612,613,614,615,616,617,618,619,620,621,622,623,624,625,626,627,628,629,630,631,632,633,634,635,636,637,638,639,640,641,642,643,644,645,646,647,648,649,650,651,652,653,654,655,656,657,658,659,660,661,662,663,664,665,666,667,668,669,670,671,672,673,674,675,676,677,678,679,680,681,682,683,684,685,686,687,688,689,690,691,692,693,694,695,696,697,698,699,700,701,702,703,704,705,706,707,708,709,710,711,712,713,714,715,716,717,718,719,720,721,722,723,724,725,726,727,728,729,730,731,732,733,734,735,736,737,738,739,740,741,742,743,744,745,746,747,748,749,750,751,752,753,754,755,756,757,758,759,760,761,762,763,764,765,766,767,768,769,770,771,772,773,774,775,776,777,778,779,780,781,782,783,784,785,786,787,788,789,790,791,792,793,794,795,796,797,798,799,800,801,802,803,804
806 10.6840604894 0.280072035141 805
807 11.1546100451 0.928176982996 805
808 10.3542051962 0.314190212148 805
809 6.36544140126 0.219596618838 805
810 11.5956185483 0.86694385812 805
811 11.6529428585 1.08343147302 805
812 11.779875016 0.407833409852 805
813 9.72991422917 0.710377236467 805
814 12.6307726931 0.32489851883 805
815 11.6777611273 0.426987022192 805
816 8.04744821639 0.267377147691 805
817 10.5743330975 17.5390621002 805
818 9.51539288537 0.256394491047 805
819 9.78452945617 3.11101862507 805
820 9.79922335949 0.585653907614 805
821 12.8802760425 0.732435967406 805
822 10.7367418217 0.352469044606 805
823 7.84324373597 21.6519325932 805
824 8.72897106344 0.190162964055 805
825 8.05921311232 0.184240866421 805
826 9.2308592375 0.216876307215 805
827 9.21815539771 0.332596063742 805
828 11.5353828871 0.792723983409 805
829 6.25196154451 0.198547629381 805
830 9.26997960596 0.191245470416 805
831 8.49553661243 0.269820365069 805
832 7.73830261063 0.183793458559 805
833 8.10353204947 0.342319406933 805
834 11.6741679488 0.627103340674 805
835 6.87102569433 0.401513925431 805
836 11.4566012746 0.232973114198 805
837 10.9956144005 1.51921181009 805
838 7.73189299494 0.368805492625 805
839 13.9403956051 1.5846702692 805
840 12.7940647088 2.83090319277 805
841 12.0877009091 0.646427870261 805
842 10.3974386479 0.261104861091 805
843 9.35659893207 0.414217564702 805
844 9.92700855896 0.602104553446 805
845 6.8223462196 0.247384797369 805
846 11.9682697382 3.40311021215 805
847 11.1750403162 0.230807044424 805
848 6.78873374573 0.307449187765 805
849 5.76812071342 0.412713063568 805
850 8.25871699903 0.491833323157 805
851 11.9753225795 0.244936151274 805
852 12.1781427134 0.29045568805 805
853 11.9989356854 1.75200502426 805
854 9.13242925853 0.285402546254 805
855 5.31283037895 0.141991387484 805
856 10.9521213323 0.698138779726 805
857 10.0727195518 3.6755117573 805
858 7.9341675881 0.440647099214 805
859 14.0995816035 1.32680663838 805
860 10.9599275612 1.63018647432 805
861 7.99844334503 0.173825314739 805
862 6.70892924855 0.372168533243 805
863 6.38510315559 0.166076264315 805
864 11.9520434214 2.36129478009 805
865 10.8374524765 0.343827557106 805
866 10.3259617184 0.334491603967 805
867 14.0534832745 8.30380287084 805
868 7.10351361262 0.17084782334 805
869 11.4976528246 0.350085790283 805
870 8.34943827921 0.211757735462 805
871 14.3215556367 0.419152721992 805
872 10.3309437777 1.19734093308 805
873 10.3802620184 38.6805987482 805
874 11.5943123152 0.773880209847 805
875 9.28025092388 1.02457022525 805
876 4.98579131341 0.191495086486 805
877 8.93284189818 0.379776863689 805
878 12.571708799 0.603785581597 805
879 10.9221175944 0.47045957059 805
880 10.0543644896 0.478514060372 805
881 13.2204701219 0.581395399264 805
882 9.56382524844 0.754676677768 805
883 11.9017430458 3.57581929964 805
884 10.2487483521 0.580531798051 805
885 9.39040987009 0.521878047207 805
886 9.47851621647 1.23151891369 805
887 9.92193398045 2.55729570005 805
888 7.48852916149 1.08038683542 805
889 10.5026892625 0.259838096401 805
890 10.1127430724 25.4629406974 805
891 9.28706131208 0.196219080091 805
892 9.95487150861 0.409253303496 805
893 8.78975070284 0.179635889362 805
894 6.7059930581 16.6704544488 805
895 5.87899143793 14.9692843336 805
896 7.70800600253 0.31960110658 805
897 7.54145885258 0.63946734073 805
898 9.50786658981 0.503110346692 805
899 9.92180773797 0.201441608787 805
900 9.87636203834 0.26125858528 805
901 6.88376991241 0.732736384177 805
902 7.68101145407 0.366022754954 805
903 11.4859464532 0.270759771063 805
904 11.1344277853 0.523271900467 805
905 11.0705486326 7.21390273342 805
906 8.97511305768 0.19153904411 805
907 11.2150993033 0.375011663737 805
908 7.76160270355 16.7930629625 805
909 10.6334464834 0.264865687847 805
910 12.3205169465 0.90349505366 805
911 12.3638699533 0.319940171017 805
912 6.25781409042 0.452246852621 805
913 9.74043919736 1.70347547756 805
914 11.2583684995 0.730435943247 805
915 6.92932107203 0.453461402038 805
916 12.2188269382 0.314789611716 805
917 16.0826598652 0.694986194029 805
918 12.0143675119 0.264749295834 805
919 8.87993813898 0.237399144445 805
920 13.0289753111 0.603714553591 805
921 12.2742626349 0.351524355333 805
922 9.09163614464 0.403050670947 805
923 9.21878950717 0.361254745369 805
924 11.1048680667 0.398118619261 805
925 8.4654667634 0.400348081344 805
926 9.10110392857 0.288867463257 805
927 13.8463701889 0.285312051969 805
928 8.43856892179 0.209364718677 805
929 12.0690820841 0.828201136981 805
930 10.5502350185 0.690821396063 805
931 8.05912065201 0.495334034387 805
932 7.22601725921 0.747499740423 805
933 8.48286003346 0.194651454302 805
934 11.7588171801 0.628608000548 805
935 8.30436139026 0.177268824356 805
936 10.3002420219 0.226721814195 805
937 9.55038596384 4.31965126005 805
938 12.0939676329 0.267260008153 805
939 10.9169079675 0.691256924242 805
940 7.71631498331 0.357775247816 805
941 11.4135289437 0.258753176093 805
942 7.81896933144 1.26431155955 805
943 9.41936117548 0.246690976026 805
944 9.97561995905 2.83731412509 805
945 9.34658377095 3.03394467288 805
946 13.5486262982 0.271360228297 805
947 11.6893089442 0.241426805027 805
948 12.2302624069 0.502347819615 805
949 10.9287795065 0.233124562633 805
950 13.8877595099 93.4087295681 805
951 4.2951946323 0.092687081374 805
952 14.2783545551 0.3104671876 805
953 12.5781774584 0.559328596707 805
954 6.12916138738 0.153254930706 805
955 13.2331666417 0.460009488442 805
956 8.60846201899 0.356553511031 805
957 7.73128373789 1.19841803718 805
958 12.4011834473 0.701659774312 805
959 6.42956733354 0.306885532383 805
960 8.57047091637 0.214102405225 805
961 16.575826349 0.506257387636 805
962 6.7871015682 0.169920642967 805
963 14.3731930033 0.485881720861 805
964 14.4141625021 0.713497863065 805
965 11.2692826283 0.637680334115 805
966 7.61946657127 0.935369358916 805
967 11.191635566 2.91789851161 805
968 9.14541442792 1.77669129953 805
969 9.48607692452 0.424083859356 805
970 5.95528546946 1.5651137976 805
971 12.4166402613 1.5867038121 805
972 12.22637703 0.745408585568 805
973 11.3574711362 5.05696519005 805
974 8.50919553175 0.36473810895 805
975 8.58736665047 4.72092297802 805
976 7.20514001436 20.1252741357 805
977 6.92367723794 0.151899799753 805
978 13.502228733 6.71627014935 805
979 10.5945130645 0.669140772075 805
980 13.1801885841 1.93299394777 805
981 6.27373051547 0.281644724039 805
982 10.6482698364 0.684428113198 805
983 11.6447342684 0.3171021987 805
984 11.7402074031 2.42440070381 805
985 14.6328891365 0.666979570522 805
986 10.5425841574 0.716380770456 805
987 8.83160764687 0.233781021917 805
988 10.1568171072 0.211881035926 805
989 10.2166579256 0.803277539221 805
990 9.81289581826 0.614835107796 805
991 6.01018166791 0.198761537058 805
992 8.29590423557 0.557817440386 805
993 9.36116333555 0.189449714997 805
994 10.4532902217 0.395317858699 805
995 10.5166231283 0.243326270279 805
996 12.2080480041 2.02688276904 805
997 11.4482811256 0.817267074757 805
998 9.8102420403 1.05422740976 805
999 7.47016757771 0.155128474017 805
1000 7.98223186939 0.229905537398 805
1001 10.1951411402 81.3355342248 805
1002 10.7924576249 29.6286585062 805
1003 8.90854358243 0.498453888782 805
1004 9.16523307015 0.25456846207 805
1005 8.43226430133 0.279591577234 805
1006 11.7182433122 0.276707359612 806 807,808,809,810,811,812,813,814,815,816,817,818,819,820,821,822,823,824,825,826,827,828,829,830,831,832,833,834,835,836,837,838,839,840,841,842,843,844,845,846,847,848,849,850,851,852,853,854,855,856,857,858,859,860,861,862,863,864,865,866,867,868,869,870,871,872,873,874,875,876,877,878,879,880,881,882,883,884,885,886,887,888,889,890,891,892,893,894,895,896,897,898,899,900,901,902,903,904,905,906,907,908,909,910,911,912,913,914,915,916,917,918,919,920,921,922,923,924,925,926,927,928,929,930,931,932,933,934,935,936,937,938,939,940,941,942,943,944,945,946,947,948,949,950,951,952,953,954,955,956,957,958,959,960,961,962,963,964,965,966,967,968,969,970,971,972,973,974,975,976,977,978,979,980,981,982,983,984,985,986,987,988,989,990,991,992,993,994,995,996,997,998,999,1000,1001,1002,1003,1004,1005
1007 11.1582234895 0.835744411421 1006
1008 10.7383044852 0.228366456884 1006
1009 6.5315346981 0.328365399976 1006
1010 12.2653239578 0.5221178761 1006
1011 11.8100341452 0.292829286231 1006
1012 10.6776736861 0.472925383822 1006
1013 6.40849621378 0.333756272392 1006
1014 10.0797757338 1.41237094368 1006
1015 10.7069088682 1.05055650959 1006
1016 9.3039349886 0.257641637208 1006
1017 6.28888135288 0.173843289698 1006
1018 11.5991926113 0.484716059654 1006
1019 5.96024113984 0.174583137327 1006
1020 7.17291243289 0.287296035251 1006
1021 10.6031691726 0.221877930104 1006
1022 9.32770274624 0.29935454583 1006
1023 13.4476882909 0.526521998892 1006
1024 9.3382568006 0.694246781371 1006
1025 9.7061026222 5.34666437701 1006
1026 7.97750034079 0.438950132961 1006
1027 12.0585749688 0.252066021028 1006
1028 7.3216301909 0.178766463332 1006
1029 7.93980354313 0.219894624014 1006
1030 8.69398364288 0.184449459205 1006
1031 9.00168327738 5.16719117249 1006
1032 9.43019379806 0.224625209157 1006
1033 10.344886333 0.55243690623 1006
1034 10.0481838946 0.282073084818 1006
1035 14.0865486472 0.353060773932 1006
1036 9.36876559435 1.91748038987 1006
1037 10.5156084702 0.218765492791 1006
1038 10.2963129528 2.18542169603 1006
1039 10.3621589484 1.09472102253 1006
1040 13.0512422336 1.4681343226 1006
1041 6.13172467448 0.190588869966 1006
1042 14.2864233184 0.374239778563 1006
1043 10.6399690622 0.222958014023 1006
1044 5.07109396136 1.24281923641 1006
1045 10.8658981179 0.366327033292 1006
1046 5.56711358189 0.740530300974 1006
1047 11.7019836758 3.70633467264 1006
1048 12.1022032932 10.468445805 1006
1049 17.7316880563 0.723946068855 1006
1050 6.69186310569 1.52568339858 1006
1051 6.08538294374 0.676101108659 1006
1052 8.9397292036 0.205600912878 1006
1053 6.13831488959 0.878637934828 1006
1054 13.8882693734 0.93572616092 1006
1055 11.4382421751 0.563672858336 1006
1056 11.6140941145 0.292193206413 1006
1057 8.06927221285 16.6154098108 1006
1058 13.1886909275 1.05107552696 1006
1059 13.5469918717 0.293013469721 1006
1060 8.90363431066 0.220174761409 1006
1061 9.82678429805 0.593589763728 1006
1062 11.4124869506 3.60056675314 1006
1063 10.7626885721 0.256089122693 1006
1064 13.6296301759 0.391626797553 1006
1065 12.3906256695 0.649925510996 1006
1066 14.1776601574 0.754171150164 1006
1067 6.35169210535 14.307267846 1006
1068 9.37621138918 0.606125288448 1006
1069 7.2756612347 0.181062900711 1006
1070 8.50820835459 4.5700575935 1006
1071 11.2819017273 0.680558491075 1006
1072 9.55677099457 0.197701005647 1006
1073 9.30528860293 0.534701283056 1006
1074 8.09159767854 0.597496101548 1006
1075 8.35125313755 0.180615290968 1006
1076 8.66625458748 0.266386756663 1006
1077 8.20497180959 1.26276737338 1006
1078 7.12075483732 0.335738235362 1006
1079 13.8295423884 0.382089243584 1006
1080 6.63070549831 0.39403773741 1006
1081 10.5208421415 0.290766648274 1006
1082 8.47139415828 0.39250128572 1006
1083 7.5368164215 0.790775890923 1006
1084 10.7075551999 0.229959057236 1006
1085 9.02545661697 0.480241449605 1006
1086 9.16487170099 0.660306560699 1006
1087 11.8094668398 0.584718170882 1006
1088 8.49865529799 0.21491161828 1006
1089 9.69391159239 0.237287636862 1006
1090 7.90961816372 1.02986008445 1006
1091 8.70283762017 21.220148757 1006
1092 9.65559312911 0.469284048451 1006
1093 14.2173371602 11.3659750586 1006
1094 10.000102231 0.27561328783 1006
1095 7.71905159411 0.513744013857 1006
1096 8.9740833577 0.633411885664 1006
1097 12.4461547923 2.60846497379 1006
1098 8.68459110848 0.333126683345 1006
1099 9.06464115609 2.66195721565 1006
1100 9.79763067009 0.534145097391 1006
1101 10.4432378829 0.293273481259 1006
1102 11.7201083486 0.23541036089 1006
1103 11.4812833113 1.33871149953 1006
1104 10.3680159544 0.249618358352 1006
1105 9.30968819492 68.3071923285 1006
1106 8.42261917021 1.68479630388 1006
1107 11.0673778949 3.46354709299 1006
1108 13.4853259962 0.78127423052 1006
1109 14.5880357096 1.5163603013 1006
1110 14.5524568316 0.574998413883 1006
1111 8.31172884283 0.174813066315 1006
1112 10.1471689113 0.269566822357 1006
1113 12.1490848684 0.679783578536 1006
1114 13.3296818856 6.25226811123 1006
1115 10.5027135134 0.32094406402 1006
1116 10.9159408137 0.506788474957 1006
1117 14.574109738 0.352466211822 1006
1118 7.1607350762 0.235675384638 1006
1119 11.9650997267 1.48317628686 1006
1120 10.7135286178 3.71848328899 1006
1121 15.0183760633 0.320097500193 1006
1122 9.65820493999 1.14726856564 1006
1123 7.27986118034 17.9643086539 1006
1124 11.4473447626 0.749822937749 1006
1125 6.05866735767 5.78037289477 1006
1126 8.97840900264 0.520529266469 1006
1127 13.2996668575 0.302361629279 1006
1128 7.19968616505 0.610678031371 1006
1129 7.07527695943 0.295275717653 1006
1130 6.03412275216 0.148542622828 1006
1131 8.54805416312 0.948660653994 1006
1132 5.84385647639 16.9855829365 1006
1133 7.21133908537 0.775484796815 1006
1134 13.3914752921 29.0274687608 1006
1135 10.1589759121 0.228681726366 1006
1136 11.0562007222 0.399503484407 1006
1137 11.7869386287 2.14215844476 1006
1138 7.37259591022 0.153884360527 1006
1139 10.5230217051 0.714525962038 1006
1140 11.4756937015 0.248320846801 1006
1141 5.11094929591 0.566682451411 1006
1142 12.8926638234 0.269526537931 1006
1143 11.8466510256 0.259538288561 1006
1144 9.90154154552 1.0268699218 1006
1145 6.70826842643 0.145810594155 1006
1146 5.92074322759 0.277771190129 1006
1147 11.0220558611 2.15026107054 1006
1148 8.46862798423 0.201178425433 1006
1149 10.1760203643 2.87293184805 1006
1150 10.2597220218 0.209666353903 1006
1151 7.78338484631 2.22762776277 1006
1152 8.97524714259 0.320204406829 1006
1153 8.07964046832 0.391949125654 1006
1154 11.486241048 0.279514381744 1006
1155 7.64608199341 0.243376802771 1006
1156 6.89803818581 0.191671837736 1006
1157 12.6353093441 35.7095077924 1006
1158 12.6279072266 7.81068282077 1006
1159 9.77637155796 0.293829030005 1006
1160 8.32784073874 20.1200738037 1006
1161 9.33604835072 4.87738650042 1006
1162 8.59419027966 0.17830849533 1006
1163 9.78123560464 3.534809866 1006
1164 8.30974729351 0.229588939798 1006
1165 5.608719137 0.137953724588 1006
1166 11.9562106605 1.9156164996 1006
1167 10.3839740708 1.52990028538 1006
1168 10.2028668998 59.6748710553 1006
1169 13.1565937106 0.694840943225 1006
1170 11.9637437599 3.77942844729 1006
1171 10.3507030271 0.275059505056 1006
1172 10.9919588497 0.348849092099 1006
1173 12.6177164861 0.416158521359 1006
1174 9.40104527923 0.21433322859 1006
1175 10.8284150483 0.306224861893 1006
1176 7.01854949778 0.203862086667 1006
1177 8.10834475568 0.732321155712 1006
1178 10.12955961 1.12580662176 1006
1179 10.3747402926 0.310403927894 1006
1180 10.0649953313 0.2509148074 1006
1181 9.51971575864 0.249546820828 1006
1182 6.89476298252 0.678854871834 1006
1183 6.7902659338 0.900280221055 1006
1184 13.7928573826 0.369854758485 1006
1185 10.3383211285 0.211909896836 1006
1186 11.0185679701 0.477263868367 1006
1187 7.56603481206 0.200550896595 1006
1188 12.5752912257 0.328660940052 1006
1189 4.40774609161 0.151424553996 1006
1190 6.25700061375 0.156637223459 1006
1191 10.798209321 1.1666484026 1006
1192 11.4976382179 0.231134857461 1006
1193 12.182022567 0.655633222798 1006
1194 15.8109449548 0.57025405623 1006
1195 12.5733869096 0.648379548851 1006
1196 10.911727225 0.259050395287 1006
1197 6.20737436988 0.171579841401 1006
1198 10.7470135933 1.01724591864 1006
1199 12.560055307 0.850949291524 1006
1200 10.3863684578 0.257235098405 1006
1201 11.7690384008 0.573652371693 1006
1202 6.99123860599 0.544589391016 1006
1203 10.2741013632 0.367673045935 1006
1204 8.92217028274 0.251457654035 1006
1205 12.7422592623 0.643070831699 1006
1206 9.49190178436 0.318551281265 1006
1207 13.86412292 0.97026147703 1007 1008,1009,1010,1011,1012,1013,1014,1015,1016,1017,1018,1019,1020,1021,1022,1023,1024,1025,1026,1027,1028,1029,1030,1031,1032,1033,1034,1035,1036,1037,1038,1039,1040,1041,1042,1043,1044,1045,1046,1047,1048,1049,1050,1051,1052,1053,1054,1055,1056,1057,1058,1059,1060,1061,1062,1063,1064,1065,1066,1067,1068,1069,1070,1071,1072,1073,1074,1075,1076,1077,1078,1079,1080,1081,1082,1083,1084,1085,1086,1087,1088,1089,1090,1091,1092,1093,1094,1095,1096,1097,1098,1099,1100,1101,1102,1103,1104,1105,1106,1107,1108,1109,1110,1111,1112,1113,1114,1115,1116,1117,1118,1119,1120,1121,1122,1123,1124,1125,1126,1127,1128,1129,1130,1131,1132,1133,1134,1135,1136,1137,1138,1139,1140,1141,1142,1143,1144,1145,1146,1147,1148,1149,1150,1151,1152,1153,1154,1155,1156,1157,1158,1159,1160,1161,1162,1163,1164,1165,1166,1167,1168,1169,1170,1171,1172,1173,1174,1175,1176,1177,1178,1179,1180,1181,1182,1183,1184,1185,1186,1187,1188,1189,1190,1191,1192,1193,1194,1195,1196,1197,1198,1199,1200,1201,1202,1203,1204,1205,1206
1208 15.0619672838 0.31968466747 1207
1209 14.0313973078 0.895572522401 1207
1210 15.8333063448 0.396684408107 1207
1211 12.1972062315 0.259101983338 1207
1212 15.3944665047 0.399422982922 1207
1213 8.70177568382 0.244559359363 1207
1214 10.1945353291 0.395017387042 1207
1215 12.9424943748 0.629584147353 1207
1216 7.6277965413 2.67148275956 1207
1217 8.32817140021 0.18553494571 1207
1218 11.8688813294 0.248555866056 1207
1219 14.8065973041 6.68263582815 1207
1220 7.15507595433 2.03601584467 1207
1221 11.4393015224 2.61677213511 1207
1222 9.90019572421 0.200075219145 1207
1223 11.8343133854 0.508198368163 1207
1224 12.3564574976 0.332557140597 1207
1225 16.7700379008 0.572550236723 1207
1226 7.31810618737 0.229650573506 1207
1227 12.5795042866 3.75491750376 1207
1228 8.73512474606 0.201153010896 1207
1229 11.3153118684 1.59506831336 1207
1230 5.42013048487 0.135231798782 1207
1231 6.19418916733 1.82091483902 1207
1232 6.98152653341 0.223030822946 1207
1233 12.2918898644 0.390448961537 1207
1234 10.2325361988 0.974485215108 1207
1235 5.9303727127 0.15423088376 1207
1236 6.39401054828 0.252786401205 1207
1237 13.3781086033 0.946020747648 1207
1238 8.94916020954 0.586165517119 1207
1239 11.3332810287 0.6649555867 1207
1240 11.573697038 0.636203742595 1207
1241 11.5052150774 0.77977233595 1207
1242 8.16150613145 0.226026214158 1207
1243 12.6682167145 3.78318002509 1207
1244 10.019056649 1.37989599448 1207
1245 10.5976837302 0.781099589251 1207
1246 10.5576070353 0.936773289583 1207
1247 7.95748270206 2.14891066238 1207
1248 11.0909002226 4.68530713286 1207
1249 12.4974770793 0.456338714308 1207
1250 7.48635627302 1.19978621874 1207
1251 10.2988959115 0.428607844819 1207
1252 12.4903584583 0.943497572881 1207
1253 12.002144137 0.705397023745 1207
1254 8.03149396262 0.193494008866 1207
1255 7.20260188982 0.357119000864 1207
1256 9.2304891804 0.284805419256 1207
1257 8.88296868538 0.410979666702 1207
1258 10.4429459507 0.365864067922 1207
1259 10.4449817916 0.382431353848 1207
1260 6.56933469602 0.307775072624 1207
1261 14.7113646918 0.730601892381 1207
1262 10.7614660462 0.24096846373 1207
1263 12.9372554138 2.24856399256 1207
1264 6.52738783615 0.185723056443 1207
1265 7.83568053084 1.32486515496 1207
1266 6.96190757931 0.160107629683 1207
1267 5.66146266368 0.152724046948 1207
1268 10.6690993606 89.2647869197 1207
1269 7.75754507687 0.262050869751 1207
1270 14.3058845564 12.8370581065 1207
1271 13.4294384699 0.438612714988 1207
1272 13.8949847729 1.05077248421 1207
1273 5.56030124004 47.2597119822 1207
1274 13.4326357854 0.279874204311 1207
1275 10.991625848 1.78799006248 1207
1276 11.2390759796 0.575935915077 1207
1277 10.2993607262 0.210620766827 1207
1278 7.94522908274 0.21860165074 1207
1279 10.4907812913 32.6608665434 1207
1280 11.9035696164 1.21004202379 1207
1281 6.93033287226 0.225756613198 1207
1282 9.37571197532 49.4559259662 1207
1283 8.55143691957 0.420453632253 1207
1284 11.516808803 0.294975781663 1207
1285 10.1353616029 44.6889783871 1207
1286 5.94195091099 0.247001798885 1207
1287 12.3950854114 0.415260585986 1207
1288 8.42493236404 0.221062887126 1207
1289 15.5277983964 1.28046792841 1207
1290 12.2280007286 0.568558482576 1207
1291 8.26823428396 0.50411838132 1207
1292 3.79523084579 0.163249453735 1207
1293 12.1191879653 0.321833929545 1207
1294 12.1616274976 0.330671275499 1207
1295 15.9001952355 5.38401284685 1207
1296 7.16112823604 0.285294192492 1207
1297 9.93756002368 0.415720862372 1207
1298 11.1799749795 0.23591998483 1207
1299 9.47771469186 1.10088628958 1207
1300 9.24689030502 0.190859951641 1207
1301 8.90736966084 0.252877803724 1207
1302 11.8298437226 0.528177580921 1207
1303 10.95809593 0.22560687985 1207
1304 12.5467214767 21.4137508435 1207
1305 7.35909286074 0.411532607625 1207
1306 11.9044441897 23.9471095056 1207
1307 4.90909386076 0.123636917899 1207
1308 9.98260008736 0.335071703283 1207
1309 5.34578988302 0.160001860875 1207
1310 8.53001335009 0.253690909939 1207
1311 13.6064955069 0.424669319135 1207
1312 2.50894717614 0.0815700425749 1207
1313 7.12957900738 0.260852277544 1207
1314 7.53122036171 0.599121857192 1207
1315 7.31931269799 0.151183510897 1207
1316 10.3182737886 0.287693692737 1207
1317 11.4544109339 0.25333345928 1207
1318 11.1626856197 0.604394970679 1207
1319 11.1587274657 0.383050629464 1207
1320 16.8962797883 17.6675588446 1207
1321 17.1088017527 0.821254274348 1207
1322 10.1802575187 0.736614114521 1207
1323 9.84357761946 0.307005182491 1207
1324 7.01447819708 0.474105879241 1207
1325 8.74519629628 1.02079910369 1207
1326 13.1892377265 0.612030319584 1207
1327 10.3124395282 0.448452647597 1207
1328 7.4056274325 1.11617959142 1207
1329 9.01317860846 5.90013790812 1207
1330 11.5115605214 0.485917318092 1207
1331 9.21540822075 0.310704810529 1207
1332 13.0234920853 0.298554280866 1207
1333 11.2403426673 2.29425399602 1207
1334 13.6123127823 0.394879244144 1207
1335 8.97619382485 48.7309002171 1207
1336 10.9390007168 0.30406299429 1207
1337 8.58843733906 1.98019421669 1207
1338 10.2625662966 0.231746657737 1207
1339 12.0382535292 0.428385444812 1207
1340 9.58491119483 0.424435531576 1207
1341 5.77244232806 0.185075433823 1207
1342 8.3167558714 0.434995064797 1207
1343 12.4806442641 0.365526955026 1207
1344 13.5719522698 6.53222760346 1207
1345 15.515891614 0.475011139034 1207
1346 8.71705021876 1.16791454263 1207
1347 10.1768196661 1.61559658474 1207
1348 6.22459077332 0.246409458673 1207
1349 8.9260624314 0.778877177556 1207
1350 13.4575037297 0.282220377051 1207
1351 14.4827759288 1.42826897342 1207
1352 9.7087881975 1.5345819583 1207
1353 11.6094972458 53.2118658458 1207
1354 4.94837599521 0.128210484105 1207
1355 11.0915334902 0.24337117154 1207
1356 9.10682496543 0.249225432863 1207
1357 10.9446572161 0.267906451456 1207
1358 11.1995709907 1.15887872837 1207
1359 11.3412034359 0.29629352119 1207
1360 6.938754878 1.32876389976 1207
1361 8.5526931317 0.19905716375 1207
1362 10.4652000094 30.3256995882 1207
1363 9.82541844255 0.714590005572 1207
1364 9.72327623611 0.20678483319 1207
1365 6.76455393745 0.225100941462 1207
1366 8.23034833893 0.419520326268 1207
1367 9.51271729253 0.473069855857 1207
1368 9.64006014284 0.203251987763 1207
1369 7.83863310706 0.530806371309 1207
1370 9.26428762502 0.231995474436 1207
1371 10.2982049326 0.411206617173 1207
1372 6.46388943773 0.77472588598 1207
1373 6.74960445868 0.362799174058 1207
1374 9.18445174143 0.453279886435 1207
1375 8.06746382535 0.486380301296 1207
1376 8.01908725015 0.1877513805 1207
1377 5.65263296953 0.167034271524 1207
1378 13.3176521967 0.862586379935 1207
1379 13.2329156779 0.329340722522 1207
1380 8.43118116388 0.604082347519 1207
1381 17.0548728039 0.519999275429 1207
1382 8.43582007947 0.41079485881 1207
1383 12.2825279181 0.329187212499 1207
1384 6.06713228495 0.150299900363 1207
1385 8.89927979501 0.419071603872 1207
1386 13.2563910505 0.445221984326 1207
1387 12.0685577277 0.309089781549 1207
1388 11.011332261 1.65380025698 1207
1389 8.50904334583 0.328913266399 1207
1390 12.5263649295 1.65969551387 1207
1391 9.56511025806 0.219605703862 1207
1392 8.7171707161 0.948642967048 1207
1393 7.58755324856 0.780548572254 1207
1394 13.0775196253 0.631045180921 1207
1395 10.1343100737 0.807492472074 1207
1396 13.4528133088 0.431003024807 1207
1397 11.7271521158 0.723883965137 1207
1398 8.28476099285 0.377558272039 1207
1399 13.1328209974 0.341941467625 1207
1400 10.63898653 21.95345042 1207
1401 6.24224761998 1.31661228364 1207
1402 10.0629001123 0.26079796333 1207
1403 8.64313611099 0.355114317812 1207
1404 4.10221374545 0.0982583955774 1207
1405 10.0481848314 0.223580271509 1207
1406 8.28706323199 0.305211188605 1207
1407 11.8129564604 0.526548273309 1207
1408 9.06217327849 2.29112675197 1208 1209,1210,1211,1212,1213,1214,1215,1216,1217,1218,1219,1220,1221,1222,1223,1224,1225,1226,1227,1228,1229,1230,1231,1232,1233,1234,1235,1236,1237,1238,1239,1240,1241,1242,1243,1244,1245,1246,1247,1248,1249,1250,1251,1252,1253,1254,1255,1256,1257,1258,1259,1260,1261,1262,1263,1264,1265,1266,1267,1268,1269,1270,1271,1272,1273,1274,1275,1276,1277,1278,1279,1280,1281,1282,1283,1284,1285,1286,1287,1288,1289,1290,1291,1292,1293,1294,1295,1296,1297,1298,1299,1300,1301,1302,1303,1304,1305,1306,1307,1308,1309,1310,1311,1312,1313,1314,1315,1316,1317,1318,1319,1320,1321,1322,1323,1324,1325,1326,1327,1328,1329,1330,1331,1332,1333,1334,1335,1336,1337,1338,1339,1340,1341,1342,1343,1344,1345,1346,1347,1348,1349,1350,1351,1352,1353,1354,1355,1356,1357,1358,1359,1360,1361,1362,1363,1364,1365,1366,1367,1368,1369,1370,1371,1372,1373,1374,1375,1376,1377,1378,1379,1380,1381,1382,1383,1384,1385,1386,1387,1388,1389,1390,1391,1392,1393,1394,1395,1396,1397,1398,1399,1400,1401,1402,1403,1404,1405,1406,1407
1409 9.96689284044 0.48146432471 1408
1410 8.15441818223 0.202670075098 1408
1411 12.9671155127 1.99086744657 1408
1412 8.12634083875 0.316651289072 1408
1413 11.4165631066 0.341590267689 1408
1414 8.31235562859 1.70886822072 1408
1415 7.67898265207 0.299872169421 1408
1416 6.78727367641 1.76950527936 1408
1417 10.3341458461 0.307998663287 1408
1418 9.72031845056 0.261072148717 1408
1419 8.962603839 0.331433552568 1408
1420 11.6278091612 0.385719282206 1408
1421 8.47595642308 2.26145662306 1408
1422 10.4223030719 0.254159498945 1408
1423 7.30356049203 0.440963340123 1408
1424 15.8959631687 0.745147905582 1408
1425 11.4797030707 10.5760461009 1408
1426 14.9090624054 0.598184954811 1408
1427 8.76575266082 0.196995107757 1408
1428 11.5604824091 0.293377877669 1408
1429 12.0434394139 0.425130571071 1408
1430 13.4698841497 5.25829859608 1408
1431 11.9875707717 10.453270606 1408
1432 10.8483692116 0.346566484326 1408
1433 12.1131370422 0.488273389454 1408
1434 7.59091368975 0.493448577852 1408
1435 9.83655334608 0.933314593014 1408
1436 9.11375717169 0.205028738116 1408
1437 8.72375299025 0.266620189364 1408
1438 12.3471995407 1.03855804882 1408
1439 8.78657956956 0.238637583088 1408
1440 10.236744233 1.14409007485 1408
1441 7.46906720491 0.287435854938 1408
1442 10.337808349 0.335081572881 1408
1443 11.1349800683 0.58378602786 1408
1444 8.68369427799 3.55541723965 1408
1445 10.2635893864 1.85093961154 1408
1446 8.47293068765 0.178102608073 1408
1447 11.3110270323 0.390220429741 1408
1448 6.78621233905 0.238036328241 1408
1449 10.8951728185 0.238039336642 1408
1450 10.4305312313 0.252504356102 1408
1451 4.7262911645 0.134178900746 1408
1452 9.4008774669 0.644740435823 1408
1453 9.97126466938 0.315127395896 1408
1454 10.1266456451 0.400948277948 1408
1455 7.50278253384 0.582451962707 1408
1456 12.15005254 0.285315588021 1408
1457 9.11847812396 1.60136247077 1408
1458 10.3778756153 0.258859347258 1408
1459 11.3239841695 0.512362376594 1408
1460 13.9368220283 0.485831218627 1408
1461 9.64872402304 0.328465491665 1408
1462 11.234175489 0.4934276048 1408
1463 10.1392039349 0.477481967608 1408
1464 12.9200825508 0.601672104528 1408
1465 12.0573586391 0.308765593341 1408
1466 6.34070301794 0.128082644474 1408
1467 8.1252282902 0.291086853685 1408
1468 12.2994092494 0.324613861569 1408
1469 12.6649329431 0.554752120229 1408
1470 10.0921187171 83.4839699372 1408
1471 6.70382433195 20.8274628799 1408
1472 12.4843280045 0.485244328119 1408
1473 11.2704173438 0.394433586262 1408
1474 7.84486630497 0.206330441204 1408
1475 10.3421241708 15.1057434901 1408
1476 10.2112392481 0.245309189453 1408
1477 12.4594731994 0.622890831291 1408
1478 12.1345536628 0.486771745045 1408
1479 8.51957559259 0.487034090669 1408
1480 9.44799930286 0.909486358855 1408
1481 10.5042261761 0.230143227798 1408
1482 9.35240642792 0.221468484859 1408
1483 12.457498142 0.413582755839 1408
1484 14.8394107771 0.658424777045 1408
1485 10.7107812476 0.561618263299 1408
1486 12.3855010659 26.9318029473 1408
1487 8.75380782293 0.19834396682 1408
1488 12.8007295012 0.38653065099 1408
1489 11.087769205 0.250920749533 1408
1490 7.21544025119 0.164920014261 1408
1491 9.1592459747 0.220455075317 1408
1492 11.7380426233 1.56171945347 1408
1493 9.50181942929 0.292472718243 1408
1494 7.10501232414 0.277784858578 1408
1495 10.7577028782 0.340953609867 1408
1496 9.57889134328 0.594394687153 1408
1497 9.34157715763 0.594001568765 1408
1498 11.5335674202 0.636618165038 1408
1499 10.3820894129 1.70766129395 1408
1500 11.4345482223 0.440769800932 1408
1501 6.20982683445 0.678973289125 1408
1502 8.48577887425 0.185250745929 1408
1503 6.37679199318 0.351127027712 1408
1504 10.5337919074 0.438731268584 1408
1505 9.56061776127 0.66329832645 1408
1506 9.89859037276 3.98173935234 1408
1507 13.6544191452 0.503046608796 1408
1508 9.5156445574 0.255337206114 1408
1509 7.49903817562 0.195295889074 1408
1510 11.3392064269 0.589955091857 1408
1511 10.7231934627 2.06846422567 1408
1512 10.3984397941 8.38425565471 1408
1513 9.65151315234 50.0209178869 1408
1514 6.55441850469 0.499919268164 1408
1515 8.44133887596 0.364897351304 1408
1516 10.1434656577 0.561499051718 1408
1517 10.3267247164 0.330901121471 1408
1518 10.3831267424 0.881378727991 1408
1519 11.522025972 0.349459695481 1408
1520 13.0804936001 103.361166753 1408
1521 11.9160850242 0.258238904272 1408
1522 11.7111863763 0.249780564042 1408
1523 11.9368218499 0.317557546281 1408
1524 10.0526639421 0.213150885921 1408
1525 7.39434562844 0.433415213959 1408
1526 12.4353867099 0.259726541328 1408
1527 5.81897889072 0.129725386656 1408
1528 12.6829649608 0.264496531768 1408
1529 7.13127710308 3.40588822125 1408
1530 10.266051065 0.276199849757 1408
1531 12.0992146684 0.300081059452 1408
1532 8.39779788473 0.208060608362 1408
1533 12.9578477411 27.880405055 1408
1534 10.1307928181 0.355995879469 1408
1535 11.8567164477 0.589976524315 1408
1536 9.37340304753 2.80944624561 1408
1537 13.6891631847 0.369137163729 1408
1538 7.27132745673 0.147267387409 1408
1539 11.9392746643 0.293980915459 1408
1540 9.69264015036 0.470714640785 1408
1541 9.00811466813 0.370967760792 1408
1542 8.08220348688 18.0771876996 1408
1543 12.106867648 0.327511838506 1408
1544 11.7902163166 0.640253440568 1408
1545 10.3241696823 0.480482581012 1408
1546 10.7781604067 0.257651392981 1408
1547 9.61886848385 0.27086070854 1408
1548 10.3941921523 1.61053441415 1408
1549 8.56470803771 0.186265116748 1408
1550 8.24039065864 0.179930072408 1408
1551 6.31819961329 0.354030783101 1408
1552 7.72361276571 33.1725304737 1408
1553 9.68447828352 0.333552945471 1408
1554 8.79525959136 0.256588244752 1408
1555 8.9754592808 40.410587504 1408
1556 6.78180527826 0.231189389965 1408
1557 12.5475668671 0.45031512886 1408
1558 10.772118561 5.88341596149 1408
1559 11.9255699046 1.22629700576 1408
1560 12.6387834121 0.709256680726 1408
1561 10.5586178414 39.2184644566 1408
1562 11.9705092443 1.4728517605 1408
1563 8.45816221043 0.17355977645 1408
1564 12.0282692547 0.687580116497 1408
1565 9.40420203951 0.279786991355 1408
1566 12.8522159649 0.378604871373 1408
1567 11.6359447276 0.271343806951 1408
1568 10.813906178 18.6820899384 1408
1569 12.27100778 0.293053563199 1408
1570 9.46564512096 1.12785107617 1408
1571 11.9374376912 0.291792328933 1408
1572 7.57992232251 0.230972073773 1408
1573 9.94041588137 0.251567743256 1408
1574 12.2751243745 1.28378523831 1408
1575 11.8673754007 0.33623866407 1408
1576 10.8773579893 0.303492138883 1408
1577 10.1332188019 0.436309829852 1408
1578 10.7012196625 0.58239762649 1408
1579 14.998818574 8.09458721544 1408
1580 11.4857320686 0.480197280652 1408
1581 6.87167792517 0.149129102844 1408
1582 7.28512544857 0.206299676165 1408
1583 14.9548541164 2.0615332386 1408
1584 9.88741331598 0.245770867747 1408
1585 7.82067468247 0.266169230994 1408
1586 10.7634581368 0.217557692485 1408
1587 11.1498801033 1.09165713428 1408
1588 10.4314092689 0.210806918034 1408
1589 9.71164111164 2.07083660159 1408
1590 17.6521189311 1.58395219158 1408
1591 11.7005242922 3.28749383303 1408
1592 10.3160110362 0.297290115705 1408
1593 12.3763538523 1.40433651002 1408
1594 14.7608757914 0.420412593808 1408
1595 10.6205356289 0.445739520332 1408
1596 8.4709992415 1.11798524444 1408
1597 9.12078104735 0.20656226572 1408
1598 9.30148149316 3.82763847889 1408
1599 6.54215425614 0.157615679195 1408
1600 4.04522534166 0.538605795526 1408
1601 8.75074423629 0.315232977078 1408
1602 7.68711253755 0.253578604306 1408
1603 11.3837621239 0.420820804843 1408
1604 7.78972809234 0.711758599391 1408
1605 11.9129605343 0.642644375801 1408
1606 9.27094145045 0.202986907509 1408
1607 11.4014517628 0.256700452408 1408
1608 10.7507583167 1.18538634597 1408
1609 6.04944414583 0.16641440236 1409 1410,1411,1412,1413,1414,1415,1416,1417,1418,1419,1420,1421,1422,1423,1424,1425,1426,1427,1428,1429,1430,1431,1432,1433,1434,1435,1436,1437,1438,1439,1440,1441,1442,1443,1444,1445,1446,1447,1448,1449,1450,1451,1452,1453,1454,1455,1456,1457,1458,1459,1460,1461,1462,1463,1464,1465,1466,1467,1468,1469,1470,1471,1472,1473,1474,1475,1476,1477,1478,1479,1480,1481,1482,1483,1484,1485,1486,1487,1488,1489,1490,1491,1492,1493,1494,1495,1496,1497,1498,1499,1500,1501,1502,1503,1504,1505,1506,1507,1508,1509,1510,1511,1512,1513,1514,1515,1516,1517,1518,1519,1520,1521,1522,1523,1524,1525,1526,1527,1528,1529,1530,1531,1532,1533,1534,1535,1536,1537,1538,1539,1540,1541,1542,1543,1544,1545,1546,1547,1548,1549,1550,1551,1552,1553,1554,1555,1556,1557,1558,1559,1560,1561,1562,1563,1564,1565,1566,1567,1568,1569,1570,1571,1572,1573,1574,1575,1576,1577,1578,1579,1580,1581,1582,1583,1584,1585,1586,1587,1588,1589,1590,1591,1592,1593,1594,1595,1596,1597,1598,1599,1600,1601,1602,1603,1604,1605,1606,1607,1608
1610 12.7251199579 1.15671678665 1609
1611 8.93646503653 0.20410517337 1609
1612 9.07568965307 2.1506992946 1609
1613 12.4508307939 0.772442868775 1609
1614 11.725898268 0.263453380034 1609
1615 11.8193571138 1.69865597415 1609
1616 13.2966370511 0.390659040959 1609
1617 6.89126469318 37.232706803 1609
1618 10.5666843096 0.351118226307 1609
1619 10.030055656 0.295739210119 1609
1620 5.91879011826 0.155820287229 1609
1621 6.77668061936 0.147348825151 1609
1622 9.92661393641 0.301664231674 1609
1623 8.85950774848 0.183941826647 1609
1624 9.52838331039 0.26168187749 1609
1625 10.1767406421 0.265044661888 1609
1626 10.9080203996 0.302372157206 1609
1627 5.11809542532 11.8824620062 1609
1628 11.0912021148 0.267611401195 1609
1629 10.341014582 0.251576792173 1609
1630 4.78034830603 0.103403737195 1609
1631 7.60323780589 28.1503937562 1609
1632 9.89604752777 0.542062262881 1609
1633 6.18005304766 0.173179061018 1609
1634 8.9632327966 0.234888281326 1609
1635 11.1387504761 0.506542038133 1609
1636 12.1940867093 0.248528901293 1609
1637 11.7390191284 0.281375689843 1609
1638 11.7386161476 0.366109587518 1609
1639 13.6304907334 0.409250884516 1609
1640 11.9383926436 0.881177937672 1609
1641 11.2556504267 59.8340808594 1609
1642 11.3861521624 1.04722359172 1609
1643 10.5160992791 33.9298808687 1609
1644 9.96786500101 0.206311338138 1609
1645 10.9929620952 0.305329997904 1609
1646 11.9581843577 0.252010081724 1609
1647 10.4559749485 0.316550732356 1609
1648 9.05461551052 0.417576615641 1609
1649 9.59252106353 38.3591078013 1609
1650 12.7215377565 0.639255067101 1609
1651 11.3494591592 0.62199701211 1609
1652 11.596406656 1.74343084619 1609
1653 13.1652492046 0.463624460393 1609
1654 11.5353562256 0.525454331194 1609
1655 8.63256831752 0.353241753968 1609
1656 7.48553100366 1.90831924337 1609
1657 13.9233564638 0.340778494731 1609
1658 8.5624316624 0.451724623524 1609
1659 6.98971794228 0.152899959049 1609
1660 11.3103164049 0.302634602321 1609
1661 8.05354115237 0.208563350244 1609
1662 8.23163190235 0.243919014641 1609
1663 11.7616592861 0.438949654871 1609
1664 6.73099415593 0.247429934457 1609
1665 2.95857829336 0.136647004339 1609
1666 6.3028274141 33.6166744129 1609
1667 12.0260933967 2.66901604375 1609
1668 7.7152594617 0.206809392341 1609
1669 14.2360329537 0.36612426695 1609
1670 14.3718344137 0.64617671806 1609
1671 8.14164291363 0.168545739255 1609
1672 4.47322032291 16.000622497 1609
1673 12.8465481576 0.361283799614 1609
1674 9.84297348126 2.0235108831 1609
1675 9.35883093247 0.292667494404 1609
1676 12.7699699853 1.00062883563 1609
1677 9.46146410609 0.38548733796 1609
1678 14.1056654579 1.50356456104 1609
1679 13.8392008535 0.389956273239 1609
1680 7.92256133985 0.367388566294 1609
1681 9.16949992583 0.450486537814 1609
1682 11.2683280415 0.26510330638 1609
1683 9.18871386782 2.34882232498 1609
1684 11.6632881192 0.354049266582 1609
1685 12.1349153061 0.986160881912 1609
1686 11.8599123711 0.267719825821 1609
1687 11.0504985627 0.243238134609 1609
1688 8.65247833056 0.601769060428 1609
1689 11.9134540286 1.08421390715 1609
1690 9.26264919341 1.05612586503 1609
1691 11.7398621591 10.3037310273 1609
1692 12.1712818792 0.30193133949 1609
1693 11.4863920436 0.444262022454 1609
1694 10.431278338 0.21015795554 1609
1695 9.47226291895 0.329511189165 1609
1696 7.1989728908 0.246141045024 1609
1697 6.04564759986 0.179662161225 1609
1698 13.8373986925 1.88920688599 1609
1699 8.9242047019 1.04474647175 1609
1700 12.3527788877 0.268508632794 1609
1701 7.27217329448 1.02026328044 1609
1702 8.45935375372 0.194830231847 1609
1703 10.9588843017 0.239073574368 1609
1704 8.34966097005 1.13969397373 1609
1705 6.92914915841 0.250592148746 1609
1706 7.53049197078 0.213898827523 1609
1707 14.6165584847 0.502793493247 1609
1708 7.58122260223 0.187251863774 1609
1709 8.61165591648 0.289018939103 1609
1710 9.81706687619 0.719089631571 1609
1711 10.4704678808 0.295310655543 1609
1712 5.57176437592 0.204191129001 1609
1713 11.7030989502 0.630611735015 1609
1714 10.1106706252 0.699345803592 1609
1715 13.1861428357 0.315168734699 1609
1716 12.9681927284 0.30427429128 1609
1717 6.7896101204 0.18898081035 1609
1718 12.2954006474 0.276928566525 1609
1719 6.56196849978 0.267740472587 1609
1720 9.80181876406 0.328533931807 1609
1721 8.00415904425 0.469296866522 1609
1722 14.0236028393 0.556369237525 1609
1723 11.0932971437 0.770345874266 1609
1724 10.661548436 8.07862722515 1609
1725 9.02509354783 5.42406932889 1609
1726 11.9692628568 0.280649914043 1609
1727 10.5834071196 0.442462044988 1609
1728 10.9267233221 0.327984249453 1609
1729 8.6167510201 0.507626488499 1609
1730 12.0452505894 1.02384933138 1609
1731 10.3379115292 2.01252321102 1609
1732 9.97376711875 0.215599639247 1609
1733 7.60671030066 15.904974772 1609
1734 11.7285234125 1.28458256853 1609
1735 9.94080462766 0.898763313533 1609
1736 12.3720978109 0.339045262061 1609
1737 14.0406958483 0.418357087654 1609
1738 10.9530712419 1.61299444179 1609
1739 7.17043404628 0.604067259969 1609
1740 9.54142119722 1.54463963445 1609
1741 8.61358672532 0.437618459953 1609
1742 13.6882398633 0.376326451221 1609
1743 11.2771891117 0.871966867382 1609
1744 12.638617278 0.854106797744 1609
1745 14.0346598825 0.793316780413 1609
1746 11.5891195176 0.357027560846 1609
1747 11.9805403633 0.770940711335 1609
1748 12.4379220934 0.823118160535 1609
1749 13.4846636882 3.44029611354 1609
1750 6.45496061711 0.133276292546 1609
1751 8.63909650225 0.528016654084 1609
1752 7.23172393618 0.416402736352 1609
1753 10.4516633202 0.263177253554 1609
1754 11.344344388 0.284439564307 1609
1755 7.88417004219 0.217784249842 1609
1756 7.66420927409 0.782109658989 1609
1757 11.8383402405 1.3080624657 1609
1758 10.9776398667 0.290188603865 1609
1759 11.7185033427 1.71305275583 1609
1760 10.0691248447 0.293854818883 1609
1761 8.96491368472 0.206321154964 1609
1762 14.1308697969 0.3129060311 1609
1763 10.4230986103 0.218383768971 1609
1764 7.32942210139 0.305293673124 1609
1765 10.0590722492 26.9637520377 1609
1766 8.15017554977 0.330207983839 1609
1767 7.72986839802 0.192046634291 1609
1768 6.97549280349 0.147886441184 1609
1769 11.2947006365 0.238129016167 1609
1770 1.66832316129 0.0515546150329 1609
1771 14.5921150125 0.301192068859 1609
1772 12.9005890703 0.312083356317 1609
1773 10.0040558977 0.341056634009 1609
1774 12.0156611264 0.435115937745 1609
1775 8.15629459856 0.406966763244 1609
1776 11.8437752161 0.334560072664 1609
1777 8.61924580607 0.907631778627 1609
1778 11.5769027462 1.49249532441 1609
1779 11.9241846763 0.27346827117 1609
1780 12.1532359126 4.09947678341 1609
1781 9.27699248616 0.540737018354 1609
1782 10.3026348684 0.727243747411 1609
1783 11.284020222 1.12063654824 1609
1784 6.04904343401 0.144621304868 1609
1785 12.3115879527 0.311316415935 1609
1786 12.8780403593 0.260910747555 1609
1787 11.8507402157 1.4755380284 1609
1788 8.82588031298 0.892172359203 1609
1789 9.4689656042 0.428764195704 1609
1790 3.86897812799 0.113021713155 1609
1791 11.5585990514 0.28437566225 1609
1792 11.6133332733 0.258256690362 1609
1793 10.2702609645 8.94340938616 1609
1794 11.1857310753 0.419000649724 1609
1795 4.63566742866 0.19419144454 1609
1796 7.11001723215 0.351902196757 1609
1797 9.79765535814 0.305151287568 1609
1798 12.8313473005 12.1078020115 1609
1799 11.400704127 0.237870962194 1609
1800 6.66664733429 0.184602450954 1609
1801 12.4353988837 0.705835587906 1609
1802 16.2547546964 8.00009457022 1609
1803 15.0302731917 2.11108352706 1609
1804 13.7340886087 2.47291608487 1609
1805 8.7629372251 0.409082185891 1609
1806 11.3409689729 0.441211048072 1609
1807 13.6694622197 0.804767213802 1609
1808 8.49973885825 1.31516661327 1609
1809 7.99935012465 1.18157352684 1609
1810 14.2663385974 0.521839163043 1610 1611,1612,1613,1614,1615,1616,1617,1618,1619,1620,1621,1622,1623,1624,1625,1626,1627,1628,1629,1630,1631,1632,1633,1634,1635,1636,1637,1638,1639,1640,1641,1642,1643,1644,1645,1646,1647,1648,1649,1650,1651,1652,1653,1654,1655,1656,1657,1658,1659,1660,1661,1662,1663,1664,1665,1666,1667,1668,1669,1670,1671,1672,1673,1674,1675,1676,1677,1678,1679,1680,1681,1682,1683,1684,1685,1686,1687,1688,1689,1690,1691,1692,1693,1694,1695,1696,1697,1698,1699,1700,1701,1702,1703,1704,1705,1706,1707,1708,1709,1710,1711,1712,1713,1714,1715,1716,1717,1718,1719,1720,1721,1722,1723,1724,1725,1726,1727,1728,1729,1730,1731,1732,1733,1734,1735,1736,1737,1738,1739,1740,1741,1742,1743,1744,1745,1746,1747,1748,1749,1750,1751,1752,1753,1754,1755,1756,1757,1758,1759,1760,1761,1762,1763,1764,1765,1766,1767,1768,1769,1770,1771,1772,1773,1774,1775,1776,1777,1778,1779,1780,1781,1782,1783,1784,1785,1786,1787,1788,1789,1790,1791,1792,1793,1794,1795,1796,1797,1798,1799,1800,1801,1802,1803,1804,1805,1806,1807,1808,1809
1811 8.26657293898 0.484609255661 1810
1812 9.64139020668 0.830855573732 1810
1813 7.7315790961 2.50998983641 1810
1814 5.7594435302 0.952044241386 1810
1815 7.87260810553 0.430945625917 1810
1816 12.8339508082 0.96010456043 1810
1817 13.11866251 0.400367446339 1810
1818 10.3204329489 0.604129566062 1810
1819 5.97155453844 0.218802797553 1810
1820 10.4130889021 0.51201405658 1810
1821 14.771799315 1.0049517713 1810
1822 8.72883696092 0.569848315316 1810
1823 12.7587746137 0.893876134493 1810
1824 10.9120871007 0.501605102994 1810
1825 12.0269389464 1.69533667352 1810
1826 9.32324499073 0.544589635893 1810
1827 5.28384487202 0.105839730118 1810
1828 13.7131995387 3.1552218738 1810
1829 7.511788357 1.36258450507 1810
1830 10.6164198741 2.0119146541 1810
1831 13.5215033813 1.10352280781 1810
1832 7.72647542159 1.88367395257 1810
1833 10.0716473841 0.458115223523 1810
1834 10.5199995804 0.228908061173 1810
1835 13.0600494748 0.449051752374 1810
1836 12.7139683361 0.257343215493 1810
1837 6.78672834652 0.184728638874 1810
1838 10.4195362846 0.258265774864 1810
1839 6.87273780566 0.150551460069 1810
1840 11.6608668793 0.717086809549 1810
1841 5.96156399085 0.119824042875 1810
1842 9.53657869578 0.310678978502 1810
1843 16.7918625175 0.445433774099 1810
1844 13.5394553739 0.426332875156 1810
1845 11.9243383109 0.557339363803 1810
1846 4.94403139175 0.129491020829 1810
1847 10.4669472116 0.303103008323 1810
1848 11.0072645044 0.239968025491 1810
1849 6.26733111188 13.1213453289 1810
1850 8.62114903766 0.186558391334 1810
1851 10.5912180627 0.283566366224 1810
1852 12.3062717409 0.296537639098 1810
1853 9.25188766762 71.4361030788 1810
1854 13.0963472136 0.675446449778 1810
1855 7.81213546875 0.198520433787 1810
1856 12.8795276041 0.417511313727 1810
1857 11.1577181485 0.313252939907 1810
1858 8.1519016147 0.321623014903 1810
1859 9.24790633531 2.75185262703 1810
1860 9.85445555074 0.94298609121 1810
1861 12.2802878272 1.2038890978 1810
1862 5.5438489761 0.168962535077 1810
1863 10.3858798034 0.288689887215 1810
1864 10.691295697 0.866897285998 1810
1865 14.5272651974 0.564020415028 1810
1866 8.1344128195 0.186365418728 1810
1867 11.7746359966 40.9886733041 1810
1868 6.9312624157 0.171773137664 1810
1869 10.1609045948 0.56644069357 1810
1870 11.9233733579 39.3957411548 1810
1871 13.7230805537 0.927300539728 1810
1872 10.4983660314 0.538271900506 1810
1873 9.8397850786 2.292768782 1810
1874 15.1597043533 1.13267759994 1810
1875 9.13561578105 0.468778524861 1810
1876 7.38145355387 0.189438405173 1810
1877 10.3944024911 0.2191971949 1810
1878 6.44504466671 0.324504625817 1810
1879 9.33830990762 2.06880103397 1810
1880 6.69777602804 0.374900638539 1810
1881 9.93038230502 0.294923662892 1810
1882 12.0030684324 6.63701727499 1810
1883 8.12108805394 3.02577511694 1810
1884 10.4528340044 47.5348896137 1810
1885 11.287566196 0.295003529783 1810
1886 12.2267876083 0.444568240547 1810
1887 9.674144034 0.728562368512 1810
1888 5.93403168835 0.156565445814 1810
1889 9.12094854257 0.360210028934 1810
1890 8.24394460906 0.199530730398 1810
1891 9.61572518974 1.68902705162 1810
1892 12.1561070955 4.34376195163 1810
1893 11.0894938259 0.92259540258 1810
1894 9.13648187032 0.273385276854 1810
1895 14.8943864209 3.41051812345 1810
1896 9.39441410407 0.19317967815 1810
1897 11.9919540421 0.280214425399 1810
1898 14.0760053765 0.290473090036 1810
1899 7.63690880247 29.2390166844 1810
1900 10.3642458852 0.676007662147 1810
1901 10.5657359012 0.430390184024 1810
1902 6.56117457516 20.4719732943 1810
1903 8.70854960935 0.256821167307 1810
1904 9.11440152911 0.290403527471 1810
1905 11.1182224026 0.537141741182 1810
1906 8.55844485403 1.30562462667 1810
1907 9.86478939687 0.311108743319 1810
1908 5.99627225062 0.453303349805 1810
1909 8.62507334364 0.256424705611 1810
1910 13.1196323776 0.366755478506 1810
1911 9.11140504681 0.456950122632 1810
1912 8.33989273408 0.254167567971 1810
1913 11.9122784264 0.303097384024 1810
1914 7.72641864928 0.243875018697 1810
1915 10.327572991 0.495184081623 1810
1916 6.32462907697 0.191049549935 1810
1917 9.48139256907 1.18309380764 1810
1918 7.72510952616 0.205783498815 1810
1919 11.8463578004 0.555208035034 1810
1920 12.9101720549 0.333873284651 1810
1921 11.974340765 1.09880537938 1810
1922 9.66541306623 0.19511232254 1810
1923 10.1024662294 4.22618353514 1810
1924 14.1449412895 0.557489668386 1810
1925 8.97494763872 0.285892958548 1810
1926 9.1505716801 0.198555704371 1810
1927 9.01480935135 0.947333859275 1810
1928 6.6294559158 0.252285622746 1810
1929 9.69185529092 6.72575848013 1810
1930 14.0233443551 2.41102579809 1810
1931 11.1433065149 0.324260509465 1810
1932 9.22277861816 0.285071592141 1810
1933 8.11751147048 0.515666023923 1810
1934 9.30846639448 0.504531240214 1810
1935 5.75343263007 0.314519626389 1810
1936 15.3513293475 0.309806249825 1810
1937 11.3707554552 0.428428760031 1810
1938 11.9864690882 31.5480711648 1810
1939 10.1565943185 1.21175096745 1810
1940 8.96346308954 0.234148810678 1810
1941 10.869820896 17.2842127588 1810
1942 16.090687515 6.35611920841 1810
1943 10.3854499356 0.244809853409 1810
1944 15.530325958 0.725645136216 1810
1945 15.4813897296 0.460287774995 1810
1946 5.61814115383 1.17712773681 1810
1947 5.32248500192 0.708673113276 1810
1948 7.58341556799 0.340777749952 1810
1949 14.8401383411 1.32205426022 1810
1950 13.8838543147 0.852641590456 1810
1951 14.9097074911 0.580099407319 1810
1952 11.0935049468 0.272129480144 1810
1953 12.4204286456 0.305307946599 1810
1954 8.64323650414 0.337712037914 1810
1955 9.70935989924 0.680726928888 1810
1956 11.9341182063 0.943578649562 1810
1957 10.7061171546 0.285540578641 1810
1958 8.25431423415 0.877429342193 1810
1959 11.4018673931 0.255420983182 1810
1960 10.7940181415 0.293984441055 1810
1961 8.56089152977 18.5724923247 1810
1962 6.37718438886 0.167470724827 1810
1963 7.81979999823 0.220181207902 1810
1964 13.0709204771 4.77419106214 1810
1965 13.5727491495 8.49402059834 1810
1966 10.4634130888 1.19677225108 1810
1967 10.6319495009 0.501821384365 1810
1968 11.0495304341 0.934343283958 1810
1969 9.71891662738 0.506530628359 1810
1970 7.42505334777 0.392992947919 1810
1971 10.1027976088 0.22002545296 1810
1972 7.62175895861 0.196687989858 1810
1973 6.01920655451 0.242596422208 1810
1974 8.99307034082 0.198905730697 1810
1975 7.53113370833 0.212746787654 1810
1976 12.8578634678 30.7201461571 1810
1977 10.8439785508 0.393341237812 1810
1978 11.9814410785 1.63883965087 1810
1979 8.45361028582 0.713716136842 1810
1980 9.53009189195 13.5184458697 1810
1981 11.5856913871 0.396199024347 1810
1982 8.3197802877 0.771942821288 1810
1983 9.13628135784 0.201967058352 1810
1984 15.711976355 0.484909075417 1810
1985 13.3101142383 7.35807472488 1810
1986 8.42329533772 1.07553339018 1810
1987 8.53073406835 0.262723249433 1810
1988 9.65489995203 0.240820812142 1810
1989 16.3475876024 0.417430521619 1810
1990 5.17570274413 0.761820840211 1810
1991 15.1439149496 0.306349974434 1810
1992 12.6606728143 0.308474487762 1810
1993 9.07004303583 0.183396633551 1810
1994 15.0237326701 4.1287716914 1810
1995 14.9506565595 0.634826055103 1810
1996 11.0681851031 6.77503839671 1810
1997 9.48505285197 0.224116848822 1810
1998 16.0432903546 0.83474684801 1810
1999 12.8000421632 0.265237587864 1810
2000 8.99894874055 0.551371345434 1810
2001 12.1629948785 0.382105905911 1810
2002 9.74309657786 0.49404946442 1810
2003 10.2181004061 0.399925692784 1810
2004 7.26973455339 0.226179225843 1810
2005 11.0022793205 0.522588940844 1810
2006 8.53153747497 0.632824900535 1810
2007 10.940524844 0.633013028428 1810
2008 10.6892832977 0.694717255309 1810
2009 11.1238316887 1.08405027127 1810
2010 9.9782489022 0.354417364361 1810
2011 8.13578802291 0.176916502529 1811 1812,1813,1814,1815,1816,1817,1818,1819,1820,1821,1822,1823,1824,1825,1826,1827,1828,1829,1830,1831,1832,1833,1834,1835,1836,1837,1838,1839,1840,1841,1842,1843,1844,1845,1846,1847,1848,1849,1850,1851,1852,1853,1854,1855,1856,1857,1858,1859,1860,1861,1862,1863,1864,1865,1866,1867,1868,1869,1870,1871,1872,1873,1874,1875,1876,1877,1878,1879,1880,1881,1882,1883,1884,1885,1886,1887,1888,1889,1890,1891,1892,1893,1894,1895,1896,1897,1898,1899,1900,1901,1902,1903,1904,1905,1906,1907,1908,1909,1910,1911,1912,1913,1914,1915,1916,1917,1918,1919,1920,1921,1922,1923,1924,1925,1926,1927,1928,1929,1930,1931,1932,1933,1934,1935,1936,1937,1938,1939,1940,1941,1942,1943,1944,1945,1946,1947,1948,1949,1950,1951,1952,1953,1954,1955,1956,1957,1958,1959,1960,1961,1962,1963,1964,1965,1966,1967,1968,1969,1970,1971,1972,1973,1974,1975,1976,1977,1978,1979,1980,1981,1982,1983,1984,1985,1986,1987,1988,1989,1990,1991,1992,1993,1994,1995,1996,1997,1998,1999,2000,2001,2002,2003,2004,2005,2006,2007,2008,2009,2010
