1 7.32716427875 0.489717591614
2 6.54331128986 0.198239893429 1
3 6.98099515232 18.879852241 1
4 3.81745687964 0.124465343786 1
5 4.50707277902 0.168981078149 1
6 4.4755464351 0.117081596899 1
7 6.12347723123 1.28832223918 1
8 2.12176942112 0.0662836134626 1
9 5.46063809741 0.345010750692 1
10 8.03003248195 0.254552389332 1
11 5.15093564442 1.07744751485 1
12 6.29082013996 0.213538770898 1
13 5.12199164694 0.227503649423 1
14 5.35561386983 0.427161937328 1
15 5.75693292201 0.916486718434 1
16 5.32964042922 0.319701770501 1
17 4.18012237522 0.0905459816533 1
18 6.451101817 0.181372419343 1
19 5.18180180313 0.814026951453 1
20 6.41127239765 0.235561701068 1
21 4.27042222506 0.0893486863802 1
22 4.76199177301 0.117575699919 1
23 3.79610757509 8.54434009632 1
24 5.53521014195 0.453358000671 1
25 4.5364387443 0.189959909908 1
26 8.75448863082 3.68685534846 1
27 5.11704472011 0.112387358645 1
28 6.09105942308 0.372995831658 1
29 5.92644951162 0.153950073124 1
30 5.27896578549 0.272124158069 1
31 6.99352236275 0.155428759498 1
32 6.0495646314 0.126193617683 1
33 6.20030952117 0.212060840542 1
34 5.33565483219 1.44049710923 1
35 5.04984160169 0.314483542839 1
36 6.83792434487 0.406673052985 1
37 5.01575109126 1.31917082469 1
38 3.15982901525 0.0872320129301 1
39 5.79518007776 2.82102738439 1
40 2.6279030578 0.0674646287037 1
41 4.25742239836 0.0858063800157 1
42 4.8358580036 0.43516780906 1
43 6.13481227531 0.430188828382 1
44 8.10292484174 0.455451354356 1
45 3.41237390554 0.184624687381 1
46 4.00165581976 0.163050537922 1
47 3.80747861205 0.104745177657 1
48 5.09401674769 0.204482840751 1
49 5.50352137892 0.111080707836 1
50 4.86794200891 0.425370289431 1
51 5.66944881577 0.142519131398 1
52 3.91057464997 0.0829247462082 1
53 4.06765130493 0.474833805192 1
54 5.34870852231 0.200218594899 1
55 6.27940400515 0.246229265674 1
56 7.89325410338 19.4962405536 1
57 4.56743226764 0.386800410143 1
58 4.24944204134 0.0866380788156 1
59 3.87445144868 0.362513039885 1
60 4.79717677512 0.119096631934 1
61 3.14861374506 0.108128802184 1
62 4.42768237261 3.34261688502 1
63 5.01436516646 0.10178444886 1
64 4.96352797594 0.240726290541 1
65 1.63417459365 0.0532543334671 1
66 5.22011009328 0.202405742092 1
67 4.58762909187 0.0977460275887 1
68 3.9315897603 0.189516464013 1
69 5.70285665845 0.243222120771 1
70 7.42341202054 2.39117783856 1
71 5.4223094655 0.362395671649 1
72 5.11915612908 0.196418597681 1
73 5.35259361999 0.194457790214 1
74 3.91699072431 0.13144315224 1
75 6.15196905334 0.341435199544 1
76 5.37284069311 0.178677901042 1
77 3.78969769522 0.646821284762 1
78 3.79631474978 0.137613227977 1
79 5.07602502418 0.211566869693 1
80 5.41104566259 0.274935336919 1
81 3.9237840244 0.722788306028 1
82 5.55204703607 0.449805197884 1
83 4.51345673546 0.130275063485 1
84 7.25389595896 0.556768538921 1
85 6.42050981195 0.768314185894 1
86 4.08630769066 0.709608821031 1
87 5.37543434144 0.194682680426 1
88 6.58717457346 0.543718760808 1
89 5.6350958923 4.60298632768 1
90 3.40311689152 0.116950418229 1
91 3.48599618676 0.356957487851 1
92 6.26260803865 0.1372661556 1
93 4.09759534755 0.0899935575748 1
94 2.83134235537 0.0965616321513 1
95 4.89660027722 0.237340743045 1
96 4.02514710171 0.115065314856 1
97 5.23591643262 0.111558087221 1
98 5.06151736455 0.123706762609 1
99 5.29878385684 6.51981998303 1
100 4.81018924061 1.77879095247 1
101 2.33962932701 0.086727980572 1
102 4.85239192175 0.210678940775 1
103 5.75658225089 0.236312670975 1
104 4.60156417305 0.274595268087 1
105 3.71984739863 0.0798271152046 1
106 7.00631599566 0.463275597171 1
107 5.44066726669 0.127143708211 1
108 4.30058731882 0.263983523078 1
109 4.36791291791 0.10637370846 1
110 4.8452081873 0.169622840227 1
111 5.65831179639 0.204013859876 1
112 4.40421347372 0.173942998363 1
113 1.73291822602 7.3827240954 1
114 3.69437042795 0.108379036729 1
115 5.67337020029 0.137963766307 1
116 4.82629921886 0.136862955066 1
117 5.76107197051 0.14514079147 1
118 6.61724846547 0.163874774673 1
119 6.08969284492 0.43049126413 1
120 4.81728251518 0.394171973488 1
121 5.88672051658 0.996234847709 1
122 5.6815746573 0.125322487713 1
123 5.81512022014 0.135665249224 1
124 4.74545142509 0.114232303846 1
125 3.65885715314 0.165056121515 1
126 5.62999449503 0.116122551379 1
127 4.12134684499 1.15636761298 1
128 3.42804466633 0.171856532612 1
129 4.01482179916 0.284701019516 1
130 6.0114563022 0.157222642813 1
131 4.76793378442 0.117825346278 1
132 6.24561936404 0.235349191352 1
133 2.71468763958 0.0695040778454 1
134 5.89667216647 0.138693186506 1
135 7.5742814685 25.860064472 1
136 4.07516586056 0.218576838339 1
137 2.24793480208 0.047994602376 1
138 4.9479404497 0.265665340958 1
139 4.11767554601 1.49888619218 1
140 6.02152533852 5.47529153227 1
141 4.09827937876 0.146511282346 1
142 4.81329721371 17.3064803139 1
143 3.92699745951 0.49855630699 1
144 6.02398124239 0.225905862346 1
145 4.41553223488 0.414311533649 1
146 6.23580758131 0.213465887492 1
147 5.67766796212 0.254490741851 1
148 5.22145005355 0.162994048123 1
149 4.63397881929 0.214782554865 1
150 4.70402301294 0.0947135655572 1
151 5.57495274497 0.130975019567 1
152 4.58775834301 0.123477635409 1
153 3.16740383931 6.68942716167 1
154 4.98024422394 24.7073710618 1
155 5.31282212983 0.141914469969 1
156 4.48960198506 0.0910212188142 1
157 5.83515085649 0.212477939358 1
158 2.96539475804 0.112126089848 1
159 5.45520454725 0.222678686859 1
160 5.29239722745 0.351239341295 1
161 3.96128578187 0.175068810807 1
162 5.90073943059 0.215845459961 1
163 4.77249147932 0.2393807416 1
164 5.9683280751 0.267473189046 1
165 5.8756386906 0.22319954238 1
166 3.32595710228 0.0706615245811 1
167 4.01917334551 0.795443151709 1
168 6.3601819765 0.284884797458 1
169 5.58168028484 0.148625493896 1
170 3.74494354722 0.149849346332 1
171 6.50095128856 0.166803531278 1
172 4.50372970474 0.18861922992 1
173 6.37863679345 0.131256108305 1
174 4.70160495827 0.129667453494 1
175 5.4977147332 0.143786599836 1
176 4.44644254091 0.385648894394 1
177 5.53868042313 0.127438304364 1
178 4.47483734377 0.104222205446 1
179 5.5371489822 0.191446184484 1
180 3.72788516716 0.0794692046237 1
181 6.97939692558 2.16736158562 1
182 5.70723738211 0.167589830802 1
183 5.86492307193 0.216092182249 1
184 2.41793224832 0.0533732319705 1
185 5.54994160629 0.308646604469 1
186 6.88034101789 44.3149763084 1
187 4.03796769164 0.121091673344 1
188 4.64898941832 0.505112318398 1
189 3.7849276806 0.464061290249 1
190 3.21555673676 0.275412946239 1
191 3.70017888296 0.123233985343 1
192 4.32758611662 0.0968316406821 1
193 6.48252742118 0.280860858259 1
194 3.85870054465 0.0965731439437 1
195 4.2790148161 0.593268379288 1
196 4.8883153804 26.9390065475 1
197 7.09906572175 0.293764449669 1
198 5.03317950962 0.117769554314 1
199 2.80107232386 0.0736463324926 1
200 6.52990701509 0.741657743394 1
201 4.05123111334 0.097697533822 1
202 5.6173649441 0.132545852872 1
203 2.90874477515 0.0610610285892 1
204 4.32913238733 0.7518131581 1
205 4.20105469188 0.105142641572 1
206 2.68919570697 0.0948698847174 1
207 7.90119920315 2.49133696385 1
208 9.00719464957 0.904193063242 1
209 5.18631833424 0.249292487001 1
210 5.53184141989 0.125437128307 1
211 7.58858704469 1.05449319427 1
212 8.05858334329 6.22331589514 1
213 2.21223253618 0.0776976588992 1
214 6.14917966544 0.204620114467 1
215 3.18101716747 0.0661025719114 1
216 5.18932624705 0.131112336706 1
217 4.78876728095 11.6960609677 1
218 4.69954587919 0.254871474785 1
219 5.73761270283 0.303423500637 1
220 4.59707758536 0.0919855492661 1
221 4.659720728 0.59536186616 1
222 4.56453575021 0.0975241947412 1
223 3.69728471292 0.119064172804 1
224 4.95974936851 0.226862735753 1
225 2.91676154236 0.0589163202153 1
226 6.03714839874 46.6541185941 1
227 5.62349315376 0.855690190632 1
228 4.04631421326 0.161756022666 1
229 5.08602721395 0.199888597222 1
230 6.42401710459 2.36965273315 1
231 5.56986369724 0.122459567199 1
232 5.42353421051 0.115929785061 1
233 4.80546226291 0.133381344535 1
234 4.67418071248 0.290694749426 1
235 2.80078333985 0.0634638993887 1
236 5.49858740471 0.293318746364 1
237 3.68903169146 0.892188533093 1
238 4.82129112257 0.118189459183 1
239 2.91027836378 0.104931218777 1
240 5.59806883636 0.451394529765 1
241 2.83013717574 0.110786811283 1
242 4.59889530778 0.105801592615 1
243 7.68654810525 0.34007660112 1
244 5.8180537194 0.119749987735 1
245 6.0062713272 0.262544933507 1
246 6.01227359973 1.35309691104 1
247 4.65625353982 1.95819190494 1
248 5.36379193463 1.53604188102 1
249 4.92492960855 0.337557045457 1
250 4.6200721144 0.399397710218 1
251 4.65922896727 0.366655384859 1
252 3.36716025481 0.0740624269845 1
253 3.91971769058 0.429912144792 1
254 4.94088332517 0.878052094464 1
255 1.3175911639 0.128985490799 1
256 5.2136108936 0.196062811753 1
257 4.65037324118 1.58241467662 1
258 4.69336478401 0.115322909816 1
259 6.00125227814 1.05991175368 1
260 3.76953908859 0.106970739551 1
261 3.09479004267 0.0630195887056 1
262 4.72955111124 0.199277421962 1
263 4.71602130031 0.14016697611 1
264 3.87794497857 3.48569588556 1
265 5.60231497622 0.146125792188 1
266 5.20772709211 1.81615571876 1
267 5.33488513173 0.158226882743 1
268 6.06271077391 0.526243680156 1
269 4.81475170417 0.204095787305 1
270 5.1754928171 0.105187796961 1
271 4.43077709094 1.8336554784 1
272 5.24889716091 0.229521952022 1
273 4.70732579119 0.0948878914586 1
274 7.67118146066 0.234350208745 1
275 4.89347787898 0.362225091102 1
276 2.23982549929 0.0572680013044 1
277 6.41104024691 34.8235713677 1
278 5.70899856013 0.233952303497 1
279 6.27408824604 0.283482301958 1
280 5.19718348599 0.29755974428 1
281 4.64431282787 0.777126811658 1
282 3.91704255373 0.163052796741 1
283 3.91003907652 0.0806199950147 1
284 6.74564661866 0.13808752315 1
285 6.2813405457 0.329317903509 1
286 3.85285408337 0.0924979339093 1
287 4.98092694136 0.505834793064 1
288 4.05087293427 0.158623644006 1
289 5.73420897401 9.6128010231 1
290 5.05534165782 0.354651021002 1
291 3.71711831134 0.281831113784 1
292 5.03089516644 10.9799083104 1
293 5.82047375396 0.956626527121 1
294 5.5544964477 0.455278905206 1
295 4.43950440263 0.121267422203 1
296 4.58515550131 0.450668446564 1
297 5.15479241512 0.132642571913 1
298 3.62321998536 10.7355978479 1
299 5.5421124571 0.119268447045 1
300 3.2670980428 0.0706410573093 1
301 5.53222194586 0.842442529607 1
302 5.65439296025 0.12022681223 2 3,4,5,6,7,8,9,10,11,12,13,14,15,16,17,18,19,20,21,22,23,24,25,26,27,28,29,30,31,32,33,34,35,36,37,38,39,40,41,42,43,44,45,46,47,48,49,50,51,52,53,54,55,56,57,58,59,60,61,62,63,64,65,66,67,68,69,70,71,72,73,74,75,76,77,78,79,80,81,82,83,84,85,86,87,88,89,90,91,92,93,94,95,96,97,98,99,100,101,102,103,104,105,106,107,108,109,110,111,112,113,114,115,116,117,118,119,120,121,122,123,124,125,126,127,128,129,130,131,132,133,134,135,136,137,138,139,140,141,142,143,144,145,146,147,148,149,150,151,152,153,154,155,156,157,158,159,160,161,162,163,164,165,166,167,168,169,170,171,172,173,174,175,176,177,178,179,180,181,182,183,184,185,186,187,188,189,190,191,192,193,194,195,196,197,198,199,200,201,202,203,204,205,206,207,208,209,210,211,212,213,214,215,216,217,218,219,220,221,222,223,224,225,226,227,228,229,230,231,232,233,234,235,236,237,238,239,240,241,242,243,244,245,246,247,248,249,250,251,252,253,254,255,256,257,258,259,260,261,262,263,264,265,266,267,268,269,270,271,272,273,274,275,276,277,278,279,280,281,282,283,284,285,286,287,288,289,290,291,292,293,294,295,296,297,298,299,300,301
303 3.40337954926 0.140299159435 302
304 8.12650510799 0.245271832162 302
305 8.32870467774 0.172690214257 302
306 3.94106238771 0.246725044981 302
307 4.62517591674 0.129266031917 302
308 5.66296622076 0.14363550251 302
309 5.15042747862 0.118530821513 302
310 5.96426711256 0.148210059505 302
311 3.80636709555 0.0995789325142 302
312 5.4129996645 0.902728326256 302
313 3.89874531316 0.0795709415084 302
314 7.23962463943 0.805081843259 302
315 4.41882609237 0.710592621924 302
316 4.39907460242 0.122433190713 302
317 5.69823769743 0.901632569994 302
318 6.00474775991 0.129430291922 302
319 5.46239946549 0.122903686211 302
320 5.2795156578 0.500667468458 302
321 5.82470189709 0.189896508513 302
322 4.71016629828 0.519182340484 302
323 5.75598871227 0.230299334359 302
324 4.99333677935 0.92831855876 302
325 5.61365772413 0.168522302859 302
326 5.90483671045 0.134836983835 302
327 4.5915062229 0.165240177504 302
328 3.86132160107 5.01420462801 302
329 5.78240239419 0.34590034994 302
330 6.34337673925 0.212816991788 302
331 5.51348032915 0.123983629243 302
332 3.3166875252 0.210096210151 302
333 4.52350479548 0.408338556824 302
334 6.62144420831 0.288783207406 302
335 7.01877883278 0.372672708318 302
336 5.82207537628 0.207318279323 302
337 5.74744526239 0.352808829935 302
338 5.14169167795 0.145877946462 302
339 4.17103042873 1.28856432754 302
340 4.43944932786 0.513185532531 302
341 5.41752299104 0.133081958038 302
342 3.67103990417 0.0890059434691 302
343 1.61883708909 1.16288470894 302
344 4.98926193022 1.09692488051 302
345 7.45169200506 0.211067625911 302
346 6.222576682 0.505882653011 302
347 7.67197846268 0.191981464746 302
348 6.06351980567 0.745970379039 302
349 4.60161753176 0.177838012339 302
350 4.89126294382 0.113421678082 302
351 6.05960880938 0.23039933328 302
352 6.14806508789 0.204443236783 302
353 4.78872445794 0.142315389191 302
354 6.01919592703 2.13096577359 302
355 7.86646742327 0.308333601503 302
356 4.93614083877 0.141969149021 302
357 2.6614830848 0.0539676040196 302
358 5.50099178048 0.796209145948 302
359 2.92306626279 0.100006090421 302
360 6.53976937063 0.132742877745 302
361 6.72307740782 0.193623069732 302
362 3.40462362561 2.1037439974 302
363 5.11386789444 0.387197591181 302
364 3.6486251656 0.137572537539 302
365 5.27385138112 2.17416395526 302
366 4.62767092852 0.0954180100648 302
367 5.1553438919 0.230205847674 302
368 4.97911197479 0.16787556002 302
369 4.71849806343 0.662793756152 302
370 3.77152700832 0.273580760814 302
371 2.63816370553 0.23725880871 302
372 6.10440725391 0.215648264941 302
373 5.31576196634 0.465045895862 302
374 7.34240266786 0.2262029815 302
375 4.69795379554 0.185126459024 302
376 3.79969871039 0.0993940894321 302
377 3.30312898831 8.48842439006 302
378 3.65061376676 0.367496222808 302
379 6.5914129039 0.150679923565 302
380 4.98228916042 0.142594828695 302
381 4.91181030004 0.653398436123 302
382 2.06944543591 1.43028306059 302
383 5.50700094549 0.162934856914 302
384 5.50265042766 0.190188044175 302
385 2.97180958217 0.26210997373 302
386 4.88281083111 10.7422537288 302
387 5.42096002418 0.190321415949 302
388 5.42301924169 0.139606745148 302
389 4.1069759002 0.165221861015 302
390 3.49682498463 0.0890753645585 302
391 3.52382876644 0.074924004472 302
392 6.06816989983 0.397909138641 302
393 3.72853024053 0.0831599581348 302
394 2.85350969479 0.0947313971959 302
395 6.7735354976 0.270444466786 302
396 6.38985535967 0.390172951131 302
397 4.50752000167 2.19659876798 302
398 4.58209600627 0.266478809659 302
399 4.57127089002 0.200752106296 302
400 6.20637726916 0.237869572801 302
401 5.65546261522 0.186688520956 302
402 4.24494898114 0.124502164667 302
403 3.75587573534 0.0761425532163 302
404 4.08059271945 0.326472726685 302
405 5.79983377579 0.23558680691 302
406 4.33709139882 0.14842526504 302
407 4.74188833608 4.28313223259 302
408 3.65606678285 0.578909849963 302
409 5.13784873057 0.159086594267 302
410 3.49058183608 0.101359875719 302
411 5.47899407716 0.111067047285 302
412 4.3000598073 0.215212573616 302
413 4.1502272769 0.150931882157 302
414 4.77590160745 0.355692413954 302
415 3.55524817373 0.192832396848 302
416 5.02636001786 0.12024882405 302
417 2.74336433874 0.0979994117748 302
418 3.66267756393 0.0893929677856 302
419 3.93108650358 9.15041953901 302
420 4.92469600741 0.196186122134 302
421 5.53234772819 37.1884388089 302
422 3.59076287449 0.31777934313 302
423 4.75966133079 0.226831315097 302
424 3.44871554724 0.196998739678 302
425 3.94970082302 0.168177527615 302
426 5.47830054291 0.128029452417 302
427 7.23956098673 0.325155256516 302
428 4.20018352516 0.135745597574 302
429 1.46714949191 0.391538723765 302
430 5.90812870697 0.269885349544 302
431 5.02141625337 0.102763368987 302
432 4.79128952134 0.119458413426 302
433 4.62354350049 0.0947102418862 302
434 6.75491154386 0.758861533428 302
435 6.13844407826 0.174460205688 302
436 4.29691203454 0.191045197409 302
437 7.41162873901 0.202228577892 302
438 4.84393400072 0.212641264328 302
439 8.65373595871 34.0374756216 302
440 5.79200663228 0.494455953861 302
441 6.09550574821 0.508391787593 302
442 5.33031355067 18.6413151422 302
443 2.56759394155 0.0847503350826 302
444 3.98376111589 0.126384259991 302
445 6.68610211766 2.16894475502 302
446 4.89000839927 0.1785879592 302
447 5.7480654573 0.279837219229 302
448 4.25192589565 0.147823827938 302
449 4.40566897764 0.361102898435 302
450 5.49600137712 0.367699259716 302
451 5.88282720708 0.303249632275 302
452 3.03843537669 0.0609032750602 302
453 5.25723476569 0.582724818319 302
454 3.33909265458 0.204126613613 302
455 4.75487950455 0.373954980787 302
456 6.22466446335 0.481230309596 302
457 4.75299587273 0.116839066931 302
458 5.6056666698 0.11442959128 302
459 4.09542592855 0.0828790880119 302
460 4.89558407572 0.3523866676 302
461 5.37670749313 0.361942010599 302
462 5.19547309872 0.116058417573 302
463 5.11136882909 0.748143525767 302
464 5.31827114973 12.5809284085 302
465 5.43042051532 0.182896331988 302
466 6.05930771361 0.244860586238 302
467 3.8365053854 0.0804720088731 302
468 5.78832114529 0.131453578032 302
469 3.90747895976 8.54330229599 302
470 3.85767341659 0.164080021764 302
471 5.43531476164 0.552193008432 302
472 4.65801452292 1.05903729698 302
473 4.60207022494 9.59591340567 302
474 5.78089926793 0.359378785989 302
475 5.19276610278 0.12163328268 302
476 5.98432443462 2.5687476395 302
477 5.30451554418 0.118664114918 302
478 7.30292264464 0.172359058886 302
479 3.52022711423 0.075628780479 302
480 4.0133922942 11.7347272199 302
481 4.20424673999 0.140450804401 302
482 4.94722564016 0.111376194181 302
483 5.29033375897 0.185954199291 302
484 3.37547091211 0.382678438602 302
485 5.19462484811 0.5575341975 302
486 5.36077887303 0.383014199319 302
487 4.32042422775 0.0884692143608 302
488 3.30900800382 0.0997011267912 302
489 4.47480092012 0.122789741103 302
490 4.50290839191 0.177328155936 302
491 6.508645332 0.844076410229 302
492 6.27515688516 0.318764833593 302
493 5.58664078926 4.73531479555 302
494 6.26820294782 0.46303438361 302
495 4.13869805311 8.00449419491 302
496 4.41186344623 0.107448689197 302
497 3.59703836944 2.13524192047 302
498 5.46026342924 0.214703652184 302
499 5.36508001221 1.45073875195 302
500 5.21880547756 0.272901218144 302
501 3.27947926072 0.0758665819115 302
502 3.13537096657 0.0666680249821 302
503 3.68987362825 0.0947951738226 302
504 4.9675736373 0.132378128925 302
505 2.60857098711 0.0642430873932 302
506 5.32939928386 0.994728015554 302
507 5.13975475956 0.118195541175 302
508 6.2995716851 0.674179979884 302
509 6.28116437897 0.137367124619 302
510 6.85509371352 0.299019499682 302
511 3.51872278889 0.0987072647957 302
512 3.38053283731 0.107407816824 302
513 4.57379392588 0.102675122936 302
514 5.22125967241 0.131125004077 302
515 5.05431266455 0.19711955904 302
516 5.09580849559 0.108452347606 302
517 4.14873901072 0.329456604859 302
518 7.73229844489 0.177275736854 302
519 5.5646169382 0.118576131848 302
520 5.13319846177 21.7456574304 302
521 4.52114322971 0.352754615807 302
522 6.01861157737 0.522675297581 302
523 4.83733926985 0.510697597342 302
524 5.48604469207 0.11226477991 302
525 5.70750363755 0.196497542142 302
526 2.9549822312 0.0929514845827 302
527 4.61768644065 0.0989135972191 302
528 6.71958370547 0.161589941969 302
529 4.95015386027 0.210614881254 302
530 5.65485029756 0.128724874548 302
531 4.77770971306 0.299838692746 302
532 5.77325273778 0.132328119862 302
533 5.55844768757 0.117978502459 302
534 6.08119995927 12.7471031407 302
535 4.45072590162 1.54233459945 302
536 3.01832440947 0.0933349961344 302
537 6.75862908858 0.389337219243 302
538 3.21053187488 0.207985876857 302
539 3.59731921169 0.109094706683 302
540 6.65246772592 0.226349946356 302
541 7.48213121615 0.63032327522 302
542 6.44740548897 0.154527341379 302
543 4.89896721421 0.233440964357 302
544 3.75369335068 0.0762365595721 302
545 4.10892987163 1.81376033595 302
546 3.44022243715 0.0730942675931 302
547 3.89915157035 0.12099877726 302
548 6.73644388574 0.148809225244 302
549 3.1072571304 0.214727672258 302
550 3.50095517936 0.139658191771 302
551 4.51001216091 1.06158570623 302
552 4.65285089547 16.2951071173 302
553 4.91656887301 0.319633897827 302
554 4.54298114381 0.503152171924 302
555 3.74096925234 0.143905488448 302
556 5.53463625881 0.142299544014 302
557 3.45694213865 30.389039763 302
558 2.99468387208 0.65464359928 302
559 6.08458813702 0.327238990694 302
560 3.33626602739 0.258932311027 302
561 7.20834827073 0.406727769212 302
562 5.55832840088 0.139290763858 302
563 4.63851883333 0.104880559016 302
564 4.96525801278 0.153456090694 302
565 5.82893020001 0.143051721911 302
566 5.56540412379 0.15003269269 302
567 5.3295048533 0.122676770398 302
568 4.55963919165 0.441380713029 302
569 1.40228327276 0.028364356171 302
570 3.01649609445 0.141602572463 302
571 3.45675159257 0.257351178722 302
572 4.40839986584 0.122355482281 302
573 6.0588192715 0.133573265771 302
574 4.49573449209 0.397987287266 302
575 5.34735806611 0.180628134827 302
576 5.84103098598 2.80188941375 302
577 3.22601826111 0.0773005895375 302
578 6.22016086673 0.150309565642 302
579 4.48872473193 0.390964275842 302
580 4.95855077013 0.144582234077 302
581 6.13371153053 0.14560321934 302
582 4.83419297323 0.109643695988 302
583 5.33122303869 0.136551244005 302
584 4.39463426255 0.106232815899 302
585 4.621981835 0.242578456558 302
586 7.70509146248 0.320168341857 302
587 4.93145908329 0.113666554936 302
588 4.22278796799 0.213544452975 302
589 3.25836288734 0.0679966405117 302
590 5.86365366243 0.157607514871 302
591 4.96979944836 0.309289133233 302
592 5.99957566053 0.250870167272 302
593 6.19297327404 0.2449958062 302
594 8.78064151377 1.18998758979 302
595 3.74621199535 0.163851593775 302
596 6.99593256945 1.40281268656 302
597 5.75011589907 0.121667772808 302
598 4.85974611726 0.158825911484 302
599 5.11185195636 17.1610457561 302
600 8.10423551588 0.262386697818 302
601 4.42534825022 0.17194765773 302
602 6.24279146772 0.356342996046 302
603 5.83008983327 1.02372145983 303 304,305,306,307,308,309,310,311,312,313,314,315,316,317,318,319,320,321,322,323,324,325,326,327,328,329,330,331,332,333,334,335,336,337,338,339,340,341,342,343,344,345,346,347,348,349,350,351,352,353,354,355,356,357,358,359,360,361,362,363,364,365,366,367,368,369,370,371,372,373,374,375,376,377,378,379,380,381,382,383,384,385,386,387,388,389,390,391,392,393,394,395,396,397,398,399,400,401,402,403,404,405,406,407,408,409,410,411,412,413,414,415,416,417,418,419,420,421,422,423,424,425,426,427,428,429,430,431,432,433,434,435,436,437,438,439,440,441,442,443,444,445,446,447,448,449,450,451,452,453,454,455,456,457,458,459,460,461,462,463,464,465,466,467,468,469,470,471,472,473,474,475,476,477,478,479,480,481,482,483,484,485,486,487,488,489,490,491,492,493,494,495,496,497,498,499,500,501,502,503,504,505,506,507,508,509,510,511,512,513,514,515,516,517,518,519,520,521,522,523,524,525,526,527,528,529,530,531,532,533,534,535,536,537,538,539,540,541,542,543,544,545,546,547,548,549,550,551,552,553,554,555,556,557,558,559,560,561,562,563,564,565,566,567,568,569,570,571,572,573,574,575,576,577,578,579,580,581,582,583,584,585,586,587,588,589,590,591,592,593,594,595,596,597,598,599,600,601,602
604 7.77056194735 0.708944574924 603
605 6.52653543923 0.84940928215 603
606 4.9725505025 0.164987767161 603
607 5.76853650939 0.451009647908 603
608 7.5690870749 0.392685538889 603
609 5.37262113241 0.148502090069 603
610 7.01911258202 1.19843610599 603
611 3.3694654493 0.10079364651 603
612 3.92208404306 0.112046915017 603
613 5.36878597872 0.117921311254 603
614 4.94592872233 0.100898095852 603
615 7.25427194814 18.1698448365 603
616 6.97735460151 0.150506080592 603
617 4.572503703 0.146529317366 603
618 6.18424023401 0.173775647944 603
619 4.92069093635 0.634190131277 603
620 5.34807483834 11.6093644382 603
621 4.3702899148 1.00188774787 603
622 5.2981294636 0.396854578493 603
623 6.79873671246 0.151409791861 603
624 4.74929916026 0.369032082939 603
625 3.89356184047 0.160426291528 603
626 2.0961978431 0.0437215471929 603
627 4.99928882065 0.215861606808 603
628 2.79564065478 0.138936764845 603
629 6.69116953341 0.71650642982 603
630 3.57149747105 0.131005801419 603
631 5.27690601191 0.20542687959 603
632 5.97349557416 0.366262772913 603
633 4.81865653227 0.119362797692 603
634 6.32355492029 0.833660278621 603
635 4.65038284087 4.56959010622 603
636 4.61682840539 0.140305299209 603
637 5.29347704643 0.119451141504 603
638 3.31611100393 0.116089800536 603
639 3.90321428084 0.123495491933 603
640 4.4838324706 0.196321813082 603
641 5.04703226131 0.106995753099 603
642 6.56484717119 1.09369063991 603
643 6.95871930383 0.666967609332 603
644 4.07394543263 0.117546003689 603
645 5.71239802709 27.1482501372 603
646 6.27399396811 0.216423655215 603
647 3.4086184632 0.947676983824 603
648 2.31318811207 0.425414667048 603
649 4.94409788755 0.156514212169 603
650 7.30816354936 1.30767493835 603
651 3.53086592268 0.11617845503 603
652 5.35010799165 0.337431146228 603
653 3.30110471434 0.167306374364 603
654 5.39791153577 2.69866814332 603
655 2.26302096051 0.0655266736936 603
656 4.93682211485 1.25124521302 603
657 2.92798559028 0.153298841131 603
658 4.87291827018 0.251872176169 603
659 2.87782151318 0.497472166019 603
660 4.36618661234 0.575928414126 603
661 6.26757219402 0.153540473075 603
662 3.98542051586 0.116518833763 603
663 3.69403420115 0.160094580244 603
664 4.27368378441 0.361732799354 603
665 6.50209181885 0.171887937858 603
666 4.04354929993 0.154913107435 603
667 5.5974737632 0.197611161636 603
668 4.79330254078 0.0982532445132 603
669 5.62530741456 0.226014005711 603
670 6.88652626377 0.197520970104 603
671 4.11661197327 1.01343242427 603
672 4.21922468255 0.0889063087418 603
673 5.45966051313 0.302386536234 603
674 4.25179839592 0.188333637939 603
675 3.40725136651 1.31078517697 603
676 4.34624899714 0.290799153122 603
677 6.8018758831 0.44684732959 603
678 5.11854056179 0.271680502645 603
679 5.26337108559 0.108978802052 603
680 4.92525336616 0.664150849501 603
681 4.37477984048 0.128334956592 603
682 4.76017746036 0.101482359355 603
683 6.03751320302 0.564446718886 603
684 4.10558438021 0.134279846631 603
685 4.22743201819 0.243127855456 603
686 3.14865911897 0.0952612398059 603
687 6.73615855158 0.775010019061 603
688 3.19459688966 11.7546518705 603
689 5.21739393051 0.114190272071 603
690 4.85879779614 1.64079645659 603
691 5.80440755658 0.165575425821 603
692 5.73938838225 0.186681766345 603
693 7.83484018039 1.10977759629 603
694 5.93811457979 1.53495997513 603
695 5.29976787481 0.127608447612 603
696 5.36383067792 0.159947508707 603
697 3.12494173213 0.376434645524 603
698 3.66544667709 0.214025348659 603
699 6.62932186044 0.197707357581 603
700 7.5072562689 0.161179683152 603
701 3.59677592734 0.108564443204 603
702 5.63811947227 0.155325884703 603
703 6.70125911538 3.21426036971 603
704 2.11506844995 7.88533434327 603
705 4.1998010788 0.113244959439 603
706 4.20246320175 0.0995292787602 603
707 5.67836115971 0.134784410933 603
708 4.88264018754 0.103538641231 603
709 7.67866967191 0.352680911654 603
710 3.22844515107 0.0677902423534 603
711 3.39366812476 0.0742010070169 603
712 4.67993214409 1.58689119287 603
713 7.51363390695 0.285042712012 603
714 4.91654539467 0.927719354769 603
715 5.12995464752 27.5231205633 603
716 3.26246486231 0.217824309427 603
717 4.26700902315 0.62258671859 603
718 3.12657571458 0.101465847237 603
719 5.32681804045 0.194123078582 603
720 2.36448138252 0.13481381159 603
721 5.81111172196 0.137133401847 603
722 6.18346480379 0.360057931607 603
723 6.72478493907 2.31353280347 603
724 4.83533904084 5.50677234439 603
725 4.77363516508 0.104932294721 603
726 1.67518179405 0.0390849741232 603
727 5.37246166611 0.189341550997 603
728 8.44284500757 0.175334654785 603
729 6.14721261798 0.161120716673 603
730 5.385610105 0.244021226563 603
731 4.42395876193 0.429165237562 603
732 4.55586277643 0.183003344021 603
733 5.02235928894 0.123503849462 603
734 4.57032676505 0.102651892362 603
735 4.58069066894 1.53766109313 603
736 6.13467234162 0.285941216618 603
737 7.16100552592 0.5485151466 603
738 6.33041449636 0.56709976853 603
739 6.65828983007 0.280382457564 603
740 5.2115606339 0.503747506546 603
741 2.84997887827 0.169426522848 603
742 4.80499849417 0.615803264137 603
743 4.7472317061 0.236013155724 603
744 3.4887439305 0.165309022019 603
745 5.66147790529 0.116934306294 603
746 5.74558958357 19.446046711 603
747 4.2288247681 0.306493391699 603
748 5.52641894523 0.140521399929 603
749 6.61413237791 0.147938630805 603
750 4.09879777036 0.18457298599 603
751 7.32371080021 0.184319167351 603
752 3.51993215089 0.290146357144 603
753 4.16031646145 0.0832296425899 603
754 5.19271269165 0.131524880471 603
755 3.96702892615 0.379221916701 603
756 7.53496982669 0.20542467742 603
757 4.49329450359 0.100920162217 603
758 4.04451240915 0.162315217181 603
759 6.16763714295 0.174172192917 603
760 5.55150257308 0.58825302559 603
761 6.18188460958 0.222509277716 603
762 5.81013611483 0.195580269509 603
763 4.26720336025 0.230754007033 603
764 4.90331546723 0.0994071946936 603
765 5.27930569663 0.125849458949 603
766 5.05387239156 0.624840548477 603
767 3.78657309814 0.0782468868717 603
768 4.25620387713 0.180308747345 603
769 6.42866122848 0.13814382392 603
770 6.33932405571 0.149529895065 603
771 5.26147110358 0.187077512964 603
772 3.66202833628 0.107102582572 603
773 4.45117736104 0.111760798332 603
774 5.85438063993 13.0873196058 603
775 6.80702581417 0.219349026498 603
776 4.25046117404 0.143945233825 603
777 5.15676136101 0.144893625522 603
778 6.06579041397 15.9760934136 603
779 3.05759793021 0.0960908074048 603
780 5.81384265784 0.325773498184 603
781 2.91211170234 1.45884110727 603
782 5.9811990809 22.106412699 603
783 5.41583372871 0.111359851524 603
784 4.61179914175 0.417248463187 603
785 4.40309278263 0.115516247023 603
786 3.96392095408 0.0802880875821 603
787 4.93088592846 0.266913669691 603
788 5.68655161573 0.829800365085 603
789 4.85904239024 0.191620520481 603
790 5.21427385053 0.322260543845 603
791 5.14223146732 0.558488961877 603
792 4.61445842024 0.426597112887 603
793 3.74964230742 0.531879398935 603
794 5.10824673331 0.634947271857 603
795 6.78621760699 0.778158805419 603
796 1.76138554314 0.0661338963016 603
797 5.6109376993 0.466711952943 603
798 4.46021149937 0.114174525403 603
799 5.39340628354 0.265185179976 603
800 4.17165392877 0.123086081507 603
801 6.24735386961 0.142627135722 603
802 6.33718980119 0.135793393854 603
803 5.04215269288 0.109695684293 603
804 5.38250991408 0.816060588364 603
805 4.65495178933 0.186005612431 603
806 3.57345297273 0.22963788585 603
807 6.81739117306 1.00012750994 603
808 4.39065555574 0.102266193177 603
809 4.9680094859 0.203560297666 603
810 4.49536803711 0.11065680691 603
811 4.95129150538 0.423326689618 603
812 5.06353252444 0.386901856835 603
813 6.53838416515 0.251347059417 603
814 5.72357897629 0.774546460054 603
815 4.62728249458 3.94477033547 603
816 5.55171776011 12.8028876498 603
817 4.50748448579 0.14914371777 603
818 6.03470363974 12.3274587592 603
819 6.06436828867 0.235638496168 603
820 4.03771063956 0.240167609863 603
821 3.35084822599 0.124849156506 603
822 5.85360396123 0.199103782752 603
823 6.44139523512 0.991037583655 603
824 5.07155470401 0.245289504225 603
825 2.37840783915 0.149533625423 603
826 3.72741252023 0.0902847075173 603
827 5.06559735317 0.104404650181 603
828 6.58707540934 0.141599616593 603
829 7.18404639944 1.66136143133 603
830 2.81550341797 0.072884906805 603
831 6.68356207469 0.170951458874 603
832 8.44789194849 0.242217235639 603
833 5.70671089168 0.201418725585 603
834 6.83518506476 0.195349991491 603
835 4.81190372694 10.9936102453 603
836 5.55090254264 0.242503674948 603
837 4.39536147059 3.01875631556 603
838 3.29261681065 0.143699775226 603
839 5.0329927416 0.128981045472 603
840 5.22648976704 0.177402479477 603
841 3.91742862933 0.214083167797 603
842 3.99150878053 0.0940373732506 603
843 5.46855103669 0.158403134871 603
844 4.53545984585 1.01960859972 603
845 5.48344943499 0.34057746035 603
846 3.82143717256 1.17145217535 603
847 3.43719026543 0.0814802820199 603
848 5.97056330658 0.128779148784 603
849 6.63538472195 0.137645622195 603
850 8.21360434997 0.475835472077 603
851 5.59128282488 0.250878214345 603
852 4.11137231265 0.720808526555 603
853 4.99638103719 0.266637418994 603
854 6.83478379852 0.162238609043 603
855 5.03522372555 0.835153588342 603
856 6.75367450863 0.39228538804 603
857 5.26134444439 0.137564853181 603
858 4.54441019202 0.172641496344 603
859 4.519158122 0.0995935264821 603
860 6.05669835521 0.225782579163 603
861 5.86109644498 0.245000799943 603
862 5.08251828189 0.166631347286 603
863 6.89406766206 1.23699232997 603
864 6.63733535249 0.151338176276 603
865 6.33701074921 0.143542707631 603
866 5.49316398646 32.4410705459 603
867 5.23474797771 0.128767573923 603
868 5.36853774933 0.177399928133 603
869 6.66191218651 23.6682058724 603
870 5.13424873651 0.131457476067 603
871 5.91104766273 0.684796630373 603
872 3.99557625377 0.104129927988 603
873 6.03126726868 0.208708635354 603
874 6.61628082187 0.152736383489 603
875 4.77735745624 0.100033944992 603
876 5.18407317705 0.399236339523 603
877 6.48972681713 0.253891220453 603
878 4.15846272575 0.327865169035 603
879 4.07953824921 0.330365841526 603
880 6.24985188988 0.131447749129 603
881 4.63022860977 0.120568519133 603
882 5.06443885724 0.137718303681 603
883 4.27075969613 0.106077698348 603
884 6.6014019569 0.32685694575 603
885 4.54151110716 0.10576474585 603
886 5.75890146817 0.259991512787 603
887 6.0411020803 0.227481367112 603
888 4.76474749919 0.153084673005 603
889 5.27106130203 0.415794452113 603
890 5.54835660354 0.145054959895 603
891 4.16108027912 0.10141740993 603
892 4.9262077132 0.151697029234 603
893 5.73860182249 0.195814806597 603
894 4.17284766134 0.493578906558 603
895 6.26787694478 0.181316099916 603
896 4.4467841477 0.74030066753 603
897 4.3189794392 0.18076121841 603
898 4.98092606752 1.43764983226 603
899 4.96913747026 0.321504332349 603
900 5.22881665053 0.153255810298 603
901 1.87141999868 0.0437796364458 603
902 3.96582660379 0.392309674423 603
903 4.47403714199 0.357184317362 603
904 5.00219688802 0.118194778688 604 605,606,607,608,609,610,611,612,613,614,615,616,617,618,619,620,621,622,623,624,625,626,627,628,629,630,631,632,633,634,635,636,637,638,639,640,641,642,643,644,645,646,647,648,649,650,651,652,653,654,655,656,657,658,659,660,661,662,663,664,665,666,667,668,669,670,671,672,673,674,675,676,677,678,679,680,681,682,683,684,685,686,687,688,689,690,691,692,693,694,695,696,697,698,699,700,701,702,703,704,705,706,707,708,709,710,711,712,713,714,715,716,717,718,719,720,721,722,723,724,725,726,727,728,729,730,731,732,733,734,735,736,737,738,739,740,741,742,743,744,745,746,747,748,749,750,751,752,753,754,755,756,757,758,759,760,761,762,763,764,765,766,767,768,769,770,771,772,773,774,775,776,777,778,779,780,781,782,783,784,785,786,787,788,789,790,791,792,793,794,795,796,797,798,799,800,801,802,803,804,805,806,807,808,809,810,811,812,813,814,815,816,817,818,819,820,821,822,823,824,825,826,827,828,829,830,831,832,833,834,835,836,837,838,839,840,841,842,843,844,845,846,847,848,849,850,851,852,853,854,855,856,857,858,859,860,861,862,863,864,865,866,867,868,869,870,871,872,873,874,875,876,877,878,879,880,881,882,883,884,885,886,887,888,889,890,891,892,893,894,895,896,897,898,899,900,901,902,903
905 5.03114795199 0.214506845747 904
906 3.91565252674 0.350617140194 904
907 5.05522863053 0.275456236148 904
908 3.66422656044 4.85705131796 904
909 3.38652886545 1.33715018509 904
910 4.0968627357 0.131603109268 904
911 6.18712273133 0.233187069122 904
912 2.67222293844 0.0589309816311 904
913 5.39725757837 0.280036397545 904
914 6.75911664077 0.38935297189 904
915 4.50221504668 0.284263214663 904
916 2.27286817072 7.03295164876 904
917 3.34291749389 0.0987312171865 904
918 6.07135656987 1.6236446716 904
919 5.67119119832 11.9985644669 904
920 3.95046522464 0.238168948756 904
921 3.4719541132 1.75902088938 904
922 4.75141079125 0.208222997816 904
923 5.94912053909 0.125404348839 904
924 4.60299880974 0.310644115611 904
925 6.33938947853 0.21512543059 904
926 5.40956675264 0.192954980395 904
927 5.32331677221 0.812075702856 904
928 3.33077343865 0.172579787685 904
929 3.91381938301 0.0790385987166 904
930 4.08474989771 0.152244781926 904
931 6.5277088732 13.503468529 904
932 2.92179481422 2.5379348736 904
933 5.43882908524 0.253676643567 904
934 0.75591846377 0.0176175005311 904
935 5.12955248598 0.171151733919 904
936 3.13554380257 0.181407237145 904
937 5.23621670604 1.31703618346 904
938 7.68645515723 0.56465597904 904
939 5.46061092359 0.274348668541 904
940 2.66579790879 0.0555104973732 904
941 5.71563492168 0.172365458752 904
942 4.62338706563 0.0996226524207 904
943 4.88388155449 3.4009548118 904
944 4.00237519123 0.0960589577055 904
945 3.28812343899 0.0743240615717 904
946 3.35218737394 0.14976898944 904
947 3.6942534048 0.0866700949024 904
948 5.21990008907 0.171266443785 904
949 3.7985932672 0.14655589362 904
950 3.32143082986 0.378743785032 904
951 6.08125746375 0.212360011267 904
952 4.11738681705 0.106256867005 904
953 2.88549076628 6.82048670064 904
954 6.0788176143 0.153935422886 904
955 5.9646465143 0.789514582745 904
956 6.12059749917 0.160291831497 904
957 5.94312886028 35.9336805566 904
958 6.69844430789 0.325789426737 904
959 2.70813214511 0.067892411461 904
960 4.23472371909 0.132544715418 904
961 5.2163490734 0.105642011175 904
962 5.55237314352 0.12309640463 904
963 4.90155457368 0.547540284784 904
964 5.3506350097 0.111499229916 904
965 4.77513058835 0.193695663999 904
966 5.12459763305 0.758302871299 904
967 5.54008414351 0.256621017373 904
968 5.30563046794 0.194398178101 904
969 3.65075087136 0.205091578313 904
970 6.01872231566 0.36054507511 904
971 3.96562467305 0.172526995398 904
972 2.85254781501 0.213616037248 904
973 6.17674571718 0.521529314494 904
974 6.18622167691 0.604161867827 904
975 6.63659897761 0.137631830554 904
976 5.24768821293 0.167301719688 904
977 5.73043265652 0.362158487207 904
978 6.88364982071 45.5535255229 904
979 2.49764791058 0.377129091625 904
980 5.53230682168 0.287984036855 904
981 4.07349913983 0.0878455198766 904
982 5.35657543285 0.134954078702 904
983 5.86439728975 0.249827737143 904
984 6.10498649015 0.347581517085 904
985 5.61918292423 0.258122416387 904
986 5.35495764534 0.111748049096 904
987 4.48716200296 0.10840343383 904
988 5.51553480812 0.241920929906 904
989 5.44762951307 0.14350182937 904
990 5.00732688737 0.255554222741 904
991 4.63316324992 0.769730107845 904
992 6.24471234919 0.137377394299 904
993 3.64490445126 0.171776571672 904
994 3.58985693972 0.138547852489 904
995 4.89361840479 0.113218866312 904
996 6.80032601349 0.210394651341 904
997 4.41072570284 0.195092210539 904
998 5.32843308566 0.315007428691 904
999 5.51755922779 0.240650032706 904
1000 7.09830988084 0.216100455556 904
1001 6.91501135319 0.975918369841 904
1002 6.30330585127 0.563110457561 904
1003 4.39251715384 0.402157647852 904
1004 6.08842152685 0.144616619423 904
1005 2.84210758086 0.143553355147 904
1006 4.36375366591 0.244649037961 904
1007 4.08538710522 0.101974205808 904
1008 5.6145122462 0.444844595476 904
1009 5.23839793978 0.349495868895 904
1010 5.45745498961 0.22243069863 904
1011 6.20284436014 0.538524796276 904
1012 2.9642598752 0.657640525807 904
1013 5.54986622232 48.9689769562 904
1014 5.16687891261 0.203609293091 904
1015 6.11655796941 0.249904402357 904
1016 4.13319301198 0.499417999583 904
1017 6.22493092166 1.15764259676 904
1018 6.6668133017 0.137458785346 904
1019 7.6293269589 0.190870991087 904
1020 4.52371771974 0.436831502374 904
1021 5.21330477227 0.337113445521 904
1022 7.14631738333 0.257679810931 904
1023 4.26274373569 0.0855943816089 904
1024 4.66349089401 0.164138361902 904
1025 6.21191033538 0.140189906807 904
1026 4.64415938015 11.9252126582 904
1027 6.01978010073 0.134230894319 904
1028 4.47283359958 0.106091743981 904
1029 7.15134007529 0.17498734063 904
1030 4.3144099628 0.212202002153 904
1031 6.15232325861 11.4994539378 904
1032 5.08827858314 0.420101588941 904
1033 5.45779500366 0.186903852993 904
1034 3.046496003 0.0840583697564 904
1035 5.50486509038 1.56374759706 904
1036 6.05997484392 2.5971931705 904
1037 4.38003076794 0.194032305766 904
1038 4.22733363603 0.136587536014 904
1039 3.85279285709 0.151041278582 904
1040 4.23894610513 1.24821487345 904
1041 6.6245873708 0.446944214447 904
1042 4.20786878799 0.112310589067 904
1043 5.26824857765 0.162849746409 904
1044 6.77949965428 1.61882775813 904
1045 6.74101866618 0.170307144617 904
1046 3.93271247589 0.253889540816 904
1047 2.19083615766 0.0808628970671 904
1048 4.47160544976 0.293742495934 904
1049 3.30503903481 3.11358676257 904
1050 5.42386273528 0.266596057455 904
1051 5.35184952672 0.174891922154 904
1052 5.4655397818 0.16857139404 904
1053 2.63964977164 0.0747894280444 904
1054 5.84805630663 0.127163149633 904
1055 4.14086840805 0.100233190625 904
1056 3.93463039211 0.0978611815791 904
1057 5.10462877213 0.13924706786 904
1058 4.65550984368 0.123011082746 904
1059 4.99596377421 4.65946133659 904
1060 5.94867411251 0.154306834434 904
1061 8.14469385757 2.16807786244 904
1062 4.47438568494 0.100738701032 904
1063 4.93193277491 0.121091589842 904
1064 4.59218063773 0.141884188553 904
1065 5.21247039228 0.118516009968 904
1066 5.14779974853 0.228336460772 904
1067 2.97711461746 0.394075111612 904
1068 6.49063481296 0.469313360012 904
1069 5.58927665603 15.9277908325 904
1070 5.69548961478 0.271711157648 904
1071 4.70737262182 0.174141075612 904
1072 3.85667024498 0.143242943591 904
1073 6.07508958632 2.04625450543 904
1074 4.34499204505 10.7218233369 904
1075 6.26889647448 0.157865742046 904
1076 5.27883783132 0.249822198958 904
1077 4.13747770339 0.142112647912 904
1078 4.42325828152 0.136426266078 904
1079 4.83934988549 19.8557058455 904
1080 5.95687583652 0.590343708108 904
1081 2.53020608047 0.0845694262478 904
1082 5.57115335408 0.164757956039 904
1083 5.49860118783 0.470738087165 904
1084 7.82856020929 0.430393994305 904
1085 7.47176740761 0.158769612308 904
1086 5.88675955759 0.165578224123 904
1087 4.81769578479 0.105090751924 904
1088 3.83931324402 0.120303315643 904
1089 4.54842096199 0.11698787148 904
1090 3.92169673748 0.120347921703 904
1091 6.31922696515 0.351114860397 904
1092 4.00299981833 0.251323320157 904
1093 3.48788183132 0.124147354887 904
1094 5.43094938977 0.150465255051 904
1095 5.1403273108 0.1108288156 904
1096 2.97623897236 0.0629756658997 904
1097 4.27948941236 0.118750549538 904
1098 6.09112199666 0.649163502702 904
1099 5.06485164585 0.260106542608 904
1100 3.88863390616 1.80621899082 904
1101 5.04716361804 0.107614194698 904
1102 4.75099989816 0.170856394624 904
1103 4.84485439662 0.381502908951 904
1104 5.23920827342 0.249039791305 904
1105 4.1862198527 0.680642253961 904
1106 3.51946983635 0.0951736588274 904
1107 2.9710842722 17.4687291524 904
1108 4.7763394237 1.36151325625 904
1109 4.88500362247 0.106154303478 904
1110 3.05513660724 0.0658801279432 904
1111 6.64853596655 0.981436852733 904
1112 5.12644593864 0.250087483341 904
1113 4.85044867211 0.203881810093 904
1114 2.53493780945 0.0915300461683 904
1115 5.72710439172 0.618132455065 904
1116 6.04729149321 0.494798483008 904
1117 5.67384303357 0.126856423034 904
1118 8.11178971147 0.193429729614 904
1119 5.31038273972 0.139036462249 904
1120 7.10978390034 0.415466347053 904
1121 5.64472023824 0.117724946703 904
1122 2.2970207307 0.162039625989 904
1123 7.00221749064 0.690074088882 904
1124 5.5420249588 0.655082960244 904
1125 5.60048388608 0.176394882974 904
1126 3.93523072603 0.0816026964756 904
1127 4.1795930568 1.12480330588 904
1128 3.17119006886 0.0714796395842 904
1129 5.42060372535 0.120739287545 904
1130 4.43205223306 1.22015370838 904
1131 5.98181431255 0.268591853448 904
1132 3.60198209914 25.4568018302 904
1133 6.82340460203 0.26035019046 904
1134 4.69918981337 33.3895121502 904
1135 3.76321028598 0.179934150882 904
1136 4.84171238041 16.1827558759 904
1137 4.14826473716 0.201536889484 904
1138 6.47348703649 0.130709106359 904
1139 6.74948942308 1.69999365985 904
1140 8.26067627901 0.194447533395 904
1141 4.58620279163 0.259989059793 904
1142 2.72508898643 0.0872049288126 904
1143 5.33779484186 0.177599254338 904
1144 4.71864242292 0.208553656358 904
1145 4.42490046549 0.0890682344106 904
1146 5.69044579479 0.183208114241 904
1147 5.32906220301 0.234393629688 904
1148 3.54554008574 0.103530730939 904
1149 2.57762583679 0.0641979658759 904
1150 4.442124927 0.286604019524 904
1151 6.18075777683 0.421967615049 904
1152 3.82152733547 0.102742785749 904
1153 3.92498151332 0.251774394038 904
1154 4.53001563972 0.514603582982 904
1155 4.80791493381 0.409078520846 904
1156 4.86153190553 0.51543504311 904
1157 5.48012849597 0.162896547937 904
1158 2.60834943538 0.201602454285 904
1159 5.15684860502 0.111888304002 904
1160 2.96398577964 0.0774163023233 904
1161 6.7481973848 0.246183140308 904
1162 7.46682835133 0.309347443714 904
1163 5.06134406099 1.89946351452 904
1164 6.60111786682 0.172886170753 904
1165 3.66433888174 0.123169268723 904
1166 5.01063402893 0.106411547113 904
1167 4.98389309936 0.281103453779 904
1168 5.12179843865 0.107260976214 904
1169 4.20275830837 0.166529063031 904
1170 4.66964158312 0.213974668282 904
1171 4.81344987456 0.213785580557 904
1172 5.86328201949 0.231753492902 904
1173 4.12289817049 0.0975081035491 904
1174 3.78658780791 1.13595713651 904
1175 5.08311610983 0.161330975574 904
1176 4.1435112966 0.099810270631 904
1177 5.97502897171 0.891446218231 904
1178 3.48244821662 0.125206429969 904
1179 8.10709545129 0.307645575608 904
1180 4.63917331466 0.206453975176 904
1181 5.34167486468 0.137883447536 904
1182 7.10601719046 0.331236826789 904
1183 6.66258286459 4.00139072656 904
1184 2.85553736739 0.131257043277 904
1185 3.80564980762 0.130290545208 904
1186 2.1652849944 0.0505332578554 904
1187 4.54288309693 0.117062262244 904
1188 6.6093691893 0.265482008573 904
1189 7.15126870064 0.158329232257 904
1190 4.37058362106 0.28363893155 904
1191 3.50191947274 0.0738061208472 904
1192 5.71298962448 0.671546383572 904
1193 8.31024263922 0.910059835342 904
1194 4.60611423175 0.0990383741297 904
1195 3.75088845467 0.119779687295 904
1196 5.89837877348 0.152233456353 904
1197 3.32034579737 0.17296878019 904
1198 4.93914515927 0.179804245616 904
1199 3.88576875891 0.117492082562 904
1200 2.42249207411 0.0847511510056 904
1201 5.32679601694 0.111971208003 904
1202 5.40933843288 0.226183555457 904
1203 6.60371034475 0.254377898359 904
1204 5.04805125508 0.129281024029 904
1205 5.88386100926 0.280009377821 905 906,907,908,909,910,911,912,913,914,915,916,917,918,919,920,921,922,923,924,925,926,927,928,929,930,931,932,933,934,935,936,937,938,939,940,941,942,943,944,945,946,947,948,949,950,951,952,953,954,955,956,957,958,959,960,961,962,963,964,965,966,967,968,969,970,971,972,973,974,975,976,977,978,979,980,981,982,983,984,985,986,987,988,989,990,991,992,993,994,995,996,997,998,999,1000,1001,1002,1003,1004,1005,1006,1007,1008,1009,1010,1011,1012,1013,1014,1015,1016,1017,1018,1019,1020,1021,1022,1023,1024,1025,1026,1027,1028,1029,1030,1031,1032,1033,1034,1035,1036,1037,1038,1039,1040,1041,1042,1043,1044,1045,1046,1047,1048,1049,1050,1051,1052,1053,1054,1055,1056,1057,1058,1059,1060,1061,1062,1063,1064,1065,1066,1067,1068,1069,1070,1071,1072,1073,1074,1075,1076,1077,1078,1079,1080,1081,1082,1083,1084,1085,1086,1087,1088,1089,1090,1091,1092,1093,1094,1095,1096,1097,1098,1099,1100,1101,1102,1103,1104,1105,1106,1107,1108,1109,1110,1111,1112,1113,1114,1115,1116,1117,1118,1119,1120,1121,1122,1123,1124,1125,1126,1127,1128,1129,1130,1131,1132,1133,1134,1135,1136,1137,1138,1139,1140,1141,1142,1143,1144,1145,1146,1147,1148,1149,1150,1151,1152,1153,1154,1155,1156,1157,1158,1159,1160,1161,1162,1163,1164,1165,1166,1167,1168,1169,1170,1171,1172,1173,1174,1175,1176,1177,1178,1179,1180,1181,1182,1183,1184,1185,1186,1187,1188,1189,1190,1191,1192,1193,1194,1195,1196,1197,1198,1199,1200,1201,1202,1203,1204
1206 2.81873810886 0.0750569581271 1205
1207 4.47497935974 0.0928802808183 1205
1208 5.30433165184 0.16574947373 1205
1209 4.3932108563 0.319855605333 1205
1210 2.62999632734 0.0567876735221 1205
1211 5.8383696624 0.152230608983 1205
1212 3.48636452106 0.0897288746294 1205
1213 4.60429657032 0.152119640116 1205
1214 6.11074951343 0.367619091278 1205
1215 5.31038289876 0.13412223203 1205
1216 4.3467105649 0.331028974725 1205
1217 4.92811163684 0.184113878868 1205
1218 4.37388002609 0.0954210453139 1205
1219 5.33450726127 0.172057441506 1205
1220 5.63342049738 0.192225040648 1205
1221 5.83262005508 0.122923526759 1205
1222 5.10271915031 0.131990735963 1205
1223 6.22313217166 0.440204437575 1205
1224 4.28112937254 1.09146249828 1205
1225 4.15591483671 0.152451882417 1205
1226 5.05814901126 0.608648272328 1205
1227 5.72550098753 0.367581795349 1205
1228 4.60972601956 0.222275417684 1205
1229 4.40603492144 0.198438719918 1205
1230 4.79296497703 0.961915625409 1205
1231 4.64776003301 0.144501750145 1205
1232 6.59089228528 0.165824376127 1205
1233 5.7309322199 0.155355935245 1205
1234 5.5423395872 0.703080142375 1205
1235 3.70967968043 0.480111769288 1205
1236 6.77163647496 0.692592696514 1205
1237 5.25660292096 0.112220566067 1205
1238 5.85863851505 0.282727067561 1205
1239 3.59667348557 1.13768750929 1205
1240 1.47883662252 0.057261906282 1205
1241 6.03591498965 0.952539766543 1205
1242 3.68131546797 0.253955225069 1205
1243 5.20908214999 0.105462671261 1205
1244 6.0662466085 0.406298914243 1205
1245 4.44059423366 0.0998908421735 1205
1246 6.13247180255 0.381111249858 1205
1247 6.19646479892 0.183538357671 1205
1248 6.18939008405 0.272407750674 1205
1249 6.18134104657 0.168947025762 1205
1250 4.94028775731 0.177004800572 1205
1251 4.5667359892 0.191278603376 1205
1252 4.75022033234 0.186194278294 1205
1253 6.39043328957 0.188254236455 1205
1254 3.37655046687 0.0961519361924 1205
1255 3.74644692297 0.231781110902 1205
1256 2.15015770585 0.108216725937 1205
1257 6.07429341127 0.227412229902 1205
1258 5.45820223735 0.117941664911 1205
1259 3.63459647176 0.624080641944 1205
1260 6.76087209049 0.816665074219 1205
1261 4.90088737971 0.352890336721 1205
1262 4.91088113797 0.337613428065 1205
1263 6.32195925057 0.4974102941 1205
1264 5.52742576336 0.165529836442 1205
1265 6.446346581 0.164607267933 1205
1266 3.82921002362 0.0831555944214 1205
1267 4.25214243701 0.292701838116 1205
1268 4.38765884824 0.31075153392 1205
1269 4.88246480747 0.12394942585 1205
1270 5.37585503089 0.311928694766 1205
1271 7.82529165377 0.192987021001 1205
1272 4.38050786711 0.241333508898 1205
1273 7.50825372535 0.16847209377 1205
1274 7.13753148034 3.06629855368 1205
1275 4.9936116021 0.144697616036 1205
1276 4.37383069704 0.129691628798 1205
1277 4.34980067104 0.170808073727 1205
1278 2.66495631752 0.183111618091 1205
1279 3.87584855514 0.105816702779 1205
1280 6.65776176513 0.32440671301 1205
1281 3.48457958918 0.157046705834 1205
1282 6.66618895817 0.135048410316 1205
1283 6.6165644915 1.40844003275 1205
1284 3.77273124759 0.138358249967 1205
1285 4.79771169806 0.128593820423 1205
1286 5.00103308973 0.998046591845 1205
1287 5.20377881822 0.351838407089 1205
1288 5.88224339716 0.482214034365 1205
1289 5.91713338234 0.696789073407 1205
1290 3.58339549181 0.253202142334 1205
1291 5.78025286587 0.539164321359 1205
1292 5.70438826793 0.119448182553 1205
1293 6.88856071083 0.212100230607 1205
1294 5.2878121671 1.83374546246 1205
1295 5.17595201536 0.432264133948 1205
1296 3.61060388581 0.103559576982 1205
1297 2.79288534759 0.0946060651179 1205
1298 2.77810395693 0.209368841671 1205
1299 6.44101241159 0.542749224053 1205
1300 4.15576197402 20.0503043188 1205
1301 3.24965920471 0.113010490406 1205
1302 5.22974566779 18.9980166307 1205
1303 7.40713420605 0.373948029514 1205
1304 5.05728975234 0.308476184068 1205
1305 5.69424239647 3.51898721832 1205
1306 4.61627554475 0.1690807574 1205
1307 4.67588325521 0.108105027344 1205
1308 4.99045708239 0.18794429873 1205
1309 6.18618835315 0.128837161051 1205
1310 4.38249474077 0.172053163092 1205
1311 3.46863811259 0.525335258442 1205
1312 1.28856300783 0.0430020087167 1205
1313 5.1897446624 0.398985692013 1205
1314 3.61171809361 0.118371529604 1205
1315 4.56361575468 0.110795655246 1205
1316 6.25448766018 0.132839677181 1205
1317 5.3415803016 0.169842532828 1205
1318 2.32764630101 5.34938771024 1205
1319 4.67382043597 0.154421915654 1205
1320 5.66271014148 1.47227429781 1205
1321 4.1461086365 0.4202255607 1205
1322 4.46344831478 0.135298827177 1205
1323 4.72362339421 1.21256536628 1205
1324 4.35995979009 0.947893164136 1205
1325 3.02910591113 0.0792753033485 1205
1326 4.99308180274 12.5693849425 1205
1327 7.90233662338 0.39827246151 1205
1328 3.47210629017 0.783665905605 1205
1329 6.6526153404 0.167204650548 1205
1330 4.29289306061 0.114369063388 1205
1331 7.75340932829 1.09806958682 1205
1332 4.62961257366 0.105391943027 1205
1333 6.80023069192 0.574885486008 1205
1334 6.34356515108 0.646872959903 1205
1335 4.26302492236 0.320485248912 1205
1336 4.42136192808 0.362582393131 1205
1337 5.21765712879 0.126682232293 1205
1338 5.89774986389 0.306607879356 1205
1339 6.59544187003 46.009786107 1205
1340 5.34851688034 0.143322578752 1205
1341 4.61645560028 0.124398162033 1205
1342 5.17521901716 7.64737745025 1205
1343 4.58364690316 0.1232306166 1205
1344 6.43616495514 1.69807061964 1205
1345 4.28805525068 0.184584479241 1205
1346 4.38369902947 12.2084474687 1205
1347 4.47930146046 0.110449343307 1205
1348 4.4844636237 0.113676460851 1205
1349 5.47194143115 3.23529815216 1205
1350 4.01746187157 1.19183909292 1205
1351 6.54803377428 22.4177820344 1205
1352 4.66715959949 0.370044700424 1205
1353 6.55440438105 0.956554551172 1205
1354 4.7572407779 0.168125168808 1205
1355 5.14216989008 0.193735027154 1205
1356 5.18913653595 0.263321512583 1205
1357 4.84083141094 0.292367480524 1205
1358 7.53598698984 4.38569844625 1205
1359 4.89645410795 1.58751798507 1205
1360 6.43486968049 0.147806259732 1205
1361 4.92744915064 0.164048476257 1205
1362 5.54151934403 2.86161119282 1205
1363 4.21295818664 0.205979688977 1205
1364 5.79719315967 0.635771142874 1205
1365 6.41867765077 1.84817887603 1205
1366 5.89328971857 0.333260286378 1205
1367 4.76695274013 0.252641121907 1205
1368 4.74903425687 0.144357212724 1205
1369 5.95241468318 0.683199817261 1205
1370 5.848974887 0.201847984101 1205
1371 4.81461042447 0.437914180971 1205
1372 5.37581064465 0.112050442034 1205
1373 8.04359053208 0.280686245143 1205
1374 3.16669154554 0.0669380877976 1205
1375 2.81550537238 0.323440196012 1205
1376 6.58728586683 1.37257047689 1205
1377 5.53527010285 0.191946255719 1205
1378 2.10050424122 0.0476664811746 1205
1379 3.73980273491 0.117218600062 1205
1380 3.95595400878 9.26774209917 1205
1381 4.02548595231 0.114675317488 1205
1382 2.02796788381 0.131934014132 1205
1383 6.20867243695 0.924124165835 1205
1384 5.32618690857 0.962608960183 1205
1385 4.74984737035 0.554062426741 1205
1386 4.3152301913 0.116057013236 1205
1387 4.0491276903 1.50263822358 1205
1388 4.34213519022 0.101660708841 1205
1389 3.58397546815 0.0756978038923 1205
1390 6.65509856649 0.239222748797 1205
1391 2.15997856102 1.85706275232 1205
1392 3.77889920967 0.156853464141 1205
1393 4.51836943326 0.232605206911 1205
1394 3.39997423228 0.394960516751 1205
1395 3.20966231948 0.0865144515345 1205
1396 3.50487813717 0.0704591424443 1205
1397 5.10592512467 0.124777793549 1205
1398 5.45193757772 0.341892855665 1205
1399 5.3136791918 0.12680797407 1205
1400 4.28219190123 0.124965602951 1205
1401 4.99744090812 0.631186238166 1205
1402 6.37233701077 0.142580325552 1205
1403 4.92613959872 0.309396957135 1205
1404 2.54574992689 0.188693235507 1205
1405 5.68148402248 0.13703492092 1205
1406 5.71467287712 14.4388049833 1205
1407 5.07276195429 0.119965467346 1205
1408 3.53804391964 0.0725530060108 1205
1409 5.36254193161 0.170800588692 1205
1410 4.52571599843 0.119936116293 1205
1411 8.03990983952 0.401371244576 1205
1412 3.61156522817 0.113070115222 1205
1413 6.34884736013 0.169020978366 1205
1414 5.20384088813 0.369862436013 1205
1415 3.75645074755 0.109737935322 1205
1416 4.66357090398 0.111843285437 1205
1417 5.78667592061 0.172217566937 1205
1418 4.0240859659 0.223763218869 1205
1419 6.87958219195 7.92773955808 1205
1420 5.00367691464 0.213357668684 1205
1421 5.84515717038 0.506710525965 1205
1422 3.84222809506 0.229614026747 1205
1423 4.82356076079 0.372275436851 1205
1424 6.10423953225 0.131989911602 1205
1425 4.71613680183 1.08279002991 1205
1426 5.49464563766 0.903175879911 1205
1427 4.12145333745 0.127816727281 1205
1428 5.63840829688 52.2474466641 1205
1429 7.03549005664 0.152890058086 1205
1430 5.35200573869 0.148948209467 1205
1431 4.36108845887 0.09121755821 1205
1432 4.73483013744 0.331529412217 1205
1433 7.06513437154 0.16562344927 1205
1434 4.29446039017 0.150932899017 1205
1435 5.42579748413 0.14149029074 1205
1436 5.15028202934 5.55393188414 1205
1437 4.04176408715 0.166060962156 1205
1438 6.36418573662 0.2766523919 1205
1439 5.36782362974 12.5923517055 1205
1440 5.34853038116 0.381804996822 1205
1441 4.64842097868 0.218017651848 1205
1442 5.87379675976 0.19534960414 1205
1443 5.27815566226 3.98665570682 1205
1444 7.75345119614 1.79589590853 1205
1445 4.26295114455 1.70700381463 1205
1446 4.55280507025 2.283386448 1205
1447 5.82718348801 18.5159136354 1205
1448 4.05012718927 11.3188972057 1205
1449 4.45754932301 0.969023992998 1205
1450 6.88134018053 0.202300601372 1205
1451 3.91429360267 0.173614892509 1205
1452 5.9266296081 8.90111170607 1205
1453 3.93403660922 0.47244840645 1205
1454 4.65893109495 0.14962773433 1205
1455 4.99633038862 0.11330287887 1205
1456 5.03897453355 0.404458199743 1205
1457 3.06541644586 0.164991092106 1205
1458 4.63803350032 0.179618382367 1205
1459 4.20898637117 0.927726863036 1205
1460 1.61184577466 0.0624425797529 1205
1461 5.1761544072 0.443448897755 1205
1462 6.43597499149 1.25184289155 1205
1463 5.52034368943 0.174524975758 1205
1464 4.5911425437 0.28579303086 1205
1465 6.28875993051 0.13712926909 1205
1466 7.48054967168 0.268951604589 1205
1467 4.56017337102 0.252816084947 1205
1468 3.09816389775 0.847339093525 1205
1469 3.04054659032 0.0881719119263 1205
1470 5.02738347222 0.131627156909 1205
1471 3.19251742797 0.0655076674681 1205
1472 5.05277482325 0.222593335519 1205
1473 4.97968495863 0.626749427458 1205
1474 6.35666878426 0.28562994505 1205
1475 5.79900954256 0.119278869357 1205
1476 3.64907945344 0.0967273653427 1205
1477 6.52367857306 0.183034876799 1205
1478 4.37627400758 0.348045459462 1205
1479 4.83311033067 0.356258581811 1205
1480 2.60038342631 0.644633460592 1205
1481 4.7105393047 0.111928624097 1205
1482 5.88765170211 0.221212196648 1205
1483 6.12941908338 0.275305206145 1205
1484 5.2457900108 0.272102680119 1205
1485 4.48762411343 1.15705339737 1205
1486 6.47665057802 3.72142549058 1205
1487 3.8383571247 0.124253152837 1205
1488 6.44189215432 0.174573161074 1205
1489 3.69892255009 0.641627161184 1205
1490 6.1968227934 0.924940189038 1205
1491 6.43851877103 0.213563584182 1205
1492 4.1740146979 0.100571587581 1205
1493 5.28556223108 0.282710210435 1205
1494 6.16013657225 0.449464222515 1205
1495 3.94866467416 0.172610739054 1205
1496 5.49354505142 0.148451929061 1205
1497 5.03445422666 0.924461844222 1205
1498 2.93683107923 0.0927135324753 1205
1499 5.09033948876 0.251414817638 1205
1500 2.93903769668 0.469706110329 1205
1501 5.00433392278 12.1049204246 1205
1502 6.24476041476 1.65832671184 1205
1503 4.58336611128 9.84384783708 1205
1504 5.494609481 0.138270513317 1205
1505 5.63232631474 0.180483058044 1205
1506 5.66216847597 0.113764632324 1206 1207,1208,1209,1210,1211,1212,1213,1214,1215,1216,1217,1218,1219,1220,1221,1222,1223,1224,1225,1226,1227,1228,1229,1230,1231,1232,1233,1234,1235,1236,1237,1238,1239,1240,1241,1242,1243,1244,1245,1246,1247,1248,1249,1250,1251,1252,1253,1254,1255,1256,1257,1258,1259,1260,1261,1262,1263,1264,1265,1266,1267,1268,1269,1270,1271,1272,1273,1274,1275,1276,1277,1278,1279,1280,1281,1282,1283,1284,1285,1286,1287,1288,1289,1290,1291,1292,1293,1294,1295,1296,1297,1298,1299,1300,1301,1302,1303,1304,1305,1306,1307,1308,1309,1310,1311,1312,1313,1314,1315,1316,1317,1318,1319,1320,1321,1322,1323,1324,1325,1326,1327,1328,1329,1330,1331,1332,1333,1334,1335,1336,1337,1338,1339,1340,1341,1342,1343,1344,1345,1346,1347,1348,1349,1350,1351,1352,1353,1354,1355,1356,1357,1358,1359,1360,1361,1362,1363,1364,1365,1366,1367,1368,1369,1370,1371,1372,1373,1374,1375,1376,1377,1378,1379,1380,1381,1382,1383,1384,1385,1386,1387,1388,1389,1390,1391,1392,1393,1394,1395,1396,1397,1398,1399,1400,1401,1402,1403,1404,1405,1406,1407,1408,1409,1410,1411,1412,1413,1414,1415,1416,1417,1418,1419,1420,1421,1422,1423,1424,1425,1426,1427,1428,1429,1430,1431,1432,1433,1434,1435,1436,1437,1438,1439,1440,1441,1442,1443,1444,1445,1446,1447,1448,1449,1450,1451,1452,1453,1454,1455,1456,1457,1458,1459,1460,1461,1462,1463,1464,1465,1466,1467,1468,1469,1470,1471,1472,1473,1474,1475,1476,1477,1478,1479,1480,1481,1482,1483,1484,1485,1486,1487,1488,1489,1490,1491,1492,1493,1494,1495,1496,1497,1498,1499,1500,1501,1502,1503,1504,1505
