1 2.42310582969 0.252628727908
2 2.21966079588 0.0842894874006 1
3 1.84061011605 0.044828904529 1
4 2.40567355411 16.3147122021 1
5 1.67798320534 0.107637892859 1
6 2.22657566714 0.11135487711 1
7 1.97365305201 0.339497957772 1
8 1.91937605833 0.0983592851469 1
9 1.62094906303 0.199100499181 1
10 2.11479224804 0.0550705190455 1
11 0.973901352703 0.0206285271625 1
12 1.30515472887 0.918499014787 1
13 2.15255484584 0.0480744937517 1
14 1.88370455646 0.0469983427814 1
15 2.0177183772 0.0607664156968 1
16 2.69630621674 0.104377182751 1
17 2.06729925726 0.988589926932 1
18 2.44694393236 0.0638168322505 1
19 2.40227087807 0.163403732849 1
20 1.97654599661 0.049579440913 1
21 1.63127097899 0.453000672558 1
22 2.33424146078 0.0521851342629 1
23 1.71765086591 8.55538818448 1
24 2.27846156237 0.13772381611 1
25 1.86580354663 0.0586094284096 1
26 2.2434768229 0.258926078493 1
27 1.29183837514 0.0588401521522 1
28 2.1692534835 0.256133909193 1
29 2.79638392289 0.212692215725 1
30 2.3368115367 0.247554286264 1
31 2.78098223299 6.48013895522 1
32 1.80323901721 0.139040960034 1
33 2.17676138639 0.0531895292562 1
34 1.51646076189 0.148343898229 1
35 2.81673633236 0.062985940741 1
36 1.67818774472 0.174403825582 1
37 1.51595078041 0.0386604821699 1
38 2.46235799503 0.176274426282 1
39 2.23689811926 0.0473817288062 1
40 2.25811332803 0.31538783168 1
41 2.56172171528 0.0922378649333 1
42 2.32790204467 0.269497542593 1
43 2.25463404006 0.095278533225 1
44 1.44134136024 2.36795879039 1
45 1.42510407128 0.117930071674 1
46 2.80543417378 0.345088893839 1
47 1.12644122649 0.0926972060289 1
48 1.63074519655 0.115218248003 1
49 2.00383947896 0.753323852914 1
50 2.66765286917 0.306705204516 1
51 1.75001812153 0.0653272849777 1
52 2.53092746663 0.398719813091 1
53 1.81573347922 0.879193805547 1
54 3.34210560675 0.113513775366 1
55 1.94677476032 0.0651024748802 1
56 2.00708351755 0.105311186798 1
57 0.746490612251 0.0582459684507 1
58 0.893331514538 0.2381560552 1
59 2.25078411168 0.077181448999 1
60 2.59252984113 19.9809439252 1
61 2.02589931651 0.0438454865725 1
62 1.67188423599 0.0801675170204 1
63 2.28342686047 0.147251367881 1
64 2.52367402735 0.052801653756 1
65 1.81704257481 0.0485872561968 1
66 2.08914420743 0.0739808287792 1
67 1.64686343314 0.0439523149963 1
68 1.62843826028 0.219671933392 1
69 1.84308100969 0.0533075268929 1
70 0.939996296145 0.0197029966428 1
71 1.72026967309 0.098736804861 1
72 2.4143992569 0.380775604688 1
73 1.83070055612 0.0525026768789 1
74 1.96690389787 0.0501778823751 1
75 1.78474963982 0.935051177023 1
76 2.13612890943 0.0535132933346 1
77 2.24223571276 0.174355118243 1
78 1.96002148854 1.118011069 1
79 1.91144890519 9.42424750653 1
80 1.97437747266 0.158006500993 1
81 2.04497227452 0.334257824067 1
82 2.80836779242 0.0997892885219 1
83 2.46831374821 0.100477602826 1
84 2.28489654054 3.30402611202 1
85 2.08902934994 0.0537766180581 1
86 2.28085385844 0.187718630402 1
87 1.5402393851 0.102592572635 1
88 2.41871685037 0.329280900093 1
89 2.39331431924 0.199491976183 1
90 1.97458003429 1.48359449287 1
91 2.68772612155 0.173373778438 1
92 3.17907547437 0.14520893087 1
93 1.54870258454 0.481389670161 1
94 1.69786991398 0.044288015951 1
95 1.98503221659 0.0784800826806 1
96 2.05035469782 0.0551192527009 1
97 2.98136258693 0.0620327872409 1
98 2.44558569675 0.0571645455082 1
99 1.66845740973 0.0633744534575 1
100 2.03367708593 0.320897397884 1
101 1.55061760038 0.179188973025 1
102 1.66189810307 5.18069589045 1
103 0.56816550269 0.0271768416677 1
104 1.48325959511 0.0334997576481 1
105 1.70405577529 0.0903480274207 1
106 2.04131816188 0.130700114917 1
107 1.53021543701 0.0617583805198 1
108 2.00045129161 0.182750146099 1
109 2.71896958649 0.115812359286 1
110 1.97346533012 0.0815033064473 1
111 1.68387901818 0.0441413273959 1
112 1.77477933964 0.171239134783 1
113 3.28036993128 0.0732154212045 1
114 1.5979859645 0.0593919173712 1
115 1.99161297643 0.0399552645026 1
116 1.82336684331 0.0473914421448 1
117 1.46833536505 0.0423192338543 1
118 1.29982701551 0.0271560488645 1
119 1.71338405664 0.0483253489557 1
120 2.46573753693 0.0642912699709 1
121 1.84252551626 0.0376340050375 1
122 2.68070705238 0.0681449249567 1
123 2.4971894878 0.054707706409 1
124 1.38774336013 0.0413820540746 1
125 0.891043382672 2.1621303719 1
126 1.73560859421 0.0522217381596 1
127 1.5490931845 0.183691456328 1
128 1.64242958346 0.0414835526731 1
129 2.16127725015 0.0916021828456 1
130 2.17227582203 1.54065882558 1
131 1.32435780378 0.335659041406 1
132 2.5327551579 0.0850612183607 1
133 2.71068018226 0.271102114899 1
134 2.14871384588 0.170530353045 1
135 1.74174533347 0.11989090485 1
136 2.3331157727 0.0471734004645 1
137 1.15371000897 0.0256936744015 1
138 2.43206709782 0.0630814687514 1
139 2.12457857079 0.188238289135 1
140 2.71453459763 0.620991097958 1
141 2.43750694396 0.116909756663 1
142 2.10236385049 0.0638557792122 1
143 2.5720596477 0.153601037549 1
144 2.02376682391 0.18362632356 1
145 2.67611633871 0.0638433494045 1
146 2.58670678321 0.117120515787 1
147 2.5048513415 0.0984567545957 1
148 1.76401532507 0.0413673378192 1
149 2.26214566436 0.0921489096364 1
150 2.41211339436 0.0566837791884 1
151 2.52163901789 0.0771857756798 1
152 2.03047363353 0.16992981254 1
153 2.03247857451 0.0425091362711 1
154 1.80199243961 0.140111197955 1
155 1.36977185144 0.0380313557865 1
156 3.12623618626 0.508683745972 1
157 2.17376537289 0.417363555843 1
158 2.0614781053 0.0447903097083 1
159 1.84188664013 0.0411266119681 1
160 2.30686843339 0.0608030588236 1
161 1.15403911954 0.0358127584296 1
162 2.37972720953 15.0051562916 1
163 2.28221022749 0.116509049327 1
164 1.68181689307 0.717063066083 1
165 1.61395982977 0.0466024127806 1
166 2.35372717441 0.0492983927343 1
167 2.13684757202 0.449911182284 1
168 1.91614858528 0.0660413873966 1
169 1.4130775509 0.285403759469 1
170 1.94306185072 0.0408304683804 1
171 2.54710102529 5.1815581118 1
172 3.39972355859 0.105989707561 1
173 2.70874170949 1.44499760287 1
174 1.78405583903 0.178051033191 1
175 2.09134957422 0.108151415765 1
176 1.78685844402 0.0364241728342 1
177 2.19123519308 0.312599202391 1
178 1.99481757435 0.0581793889167 1
179 2.45168387503 0.135982495233 1
180 2.00909055876 0.0476906028189 1
181 2.52937163625 3.46988410001 1
182 1.46985196898 0.556632786843 1
183 2.29159445612 0.0955966137881 1
184 2.41736480032 0.316625645889 1
185 2.71502328021 0.263166706601 1
186 1.44081817075 0.0534402013056 1
187 2.37019290438 2.19219365974 1
188 2.1029367432 0.153437817592 1
189 1.52645617546 0.354947906504 1
190 1.43226746718 5.79006792629 1
191 2.46392306554 0.0680248275437 1
192 1.47521932888 0.294475888457 1
193 1.85843894718 0.0480300226683 1
194 1.80081522981 0.380804545748 1
195 1.70206318783 0.062587934222 1
196 2.14601101742 0.265697097474 1
197 2.00254021527 0.124693109454 1
198 1.83720362539 0.0441344202482 1
199 1.82183751971 6.6975238821 1
200 2.64881757142 0.0561135479036 1
201 2.12955600777 0.187808851949 1
202 1.59794094916 0.0484658303946 1
203 2.58429892198 0.0948496530937 1
204 1.52159216548 0.0493236769907 1
205 1.74537292926 0.115586157303 1
206 2.82103896062 0.674048575844 1
207 2.07764496837 0.587155997437 1
208 1.76315204275 0.0637538794224 1
209 2.39226614243 0.21268268296 1
210 2.38050945702 0.0925795618721 1
211 2.69125436479 0.0992498206133 1
212 1.81940180604 0.126170293764 1
213 2.63303217909 0.448477320416 1
214 0.652804243746 0.0229354536661 1
215 2.57153920648 0.0958869147049 1
216 2.25152178929 0.259377175844 1
217 2.73947318891 0.064677844666 1
218 2.41951598878 0.054729439592 1
219 1.85769758672 0.0794165117305 1
220 1.46794118087 5.52595456708 1
221 1.65425494726 0.0380082121377 1
222 1.67008670832 0.0362072976294 1
223 1.70624376166 0.0433144957749 1
224 2.33260462069 0.190101751524 1
225 3.14147334999 0.132843883384 1
226 2.83271780364 1.99668913417 1
227 2.57575197859 0.0684179151118 1
228 1.78254353362 0.041203230215 1
229 1.52865243932 0.0401455633615 1
230 2.56361542694 0.113761844167 1
231 2.29588620135 0.0588317967315 1
232 2.73552663699 0.21386658426 1
233 2.65046415666 0.167001730237 1
234 2.3270042333 0.0886803468542 1
235 2.0030822782 0.0557259668443 1
236 2.10089902376 0.0942965885384 1
237 1.37670489283 0.573197094113 1
238 2.28752819599 0.0654790209543 1
239 2.68705066953 0.260026854405 1
240 2.36963637957 0.0614135484692 1
241 2.86090095449 0.268527776045 1
242 2.27875251115 0.428429837465 1
243 1.59818918245 0.0656935539655 1
244 2.18088094832 0.0785409169995 1
245 1.62712371896 0.0433714854718 1
246 2.121959387 0.154771286248 1
247 1.22575785384 0.0350200864167 1
248 1.54434059499 0.229445573309 1
249 1.93528408786 0.41079188817 1
250 1.30236092609 0.226188908229 1
251 1.83086245406 0.0377064400936 1
252 1.95257399559 0.112802878623 1
253 1.46128711067 0.0554021588493 1
254 2.79225983542 0.166276930605 1
255 2.49259297879 0.345003242761 1
256 1.93112126339 0.0466790776443 1
257 2.26821483536 0.0849009181768 1
258 2.25939627472 0.097178732678 1
259 2.35618637391 0.454821167125 1
260 2.2569302914 0.203777683044 1
261 2.22412130492 0.0485215010674 1
262 2.5875382891 0.0777035592891 1
263 2.07047953318 0.0465955152088 1
264 2.17233310696 0.0607315284671 1
265 0.998609407285 0.030000385025 1
266 1.32844163693 0.0636185071301 1
267 2.33022036482 0.0725713257494 1
268 1.26337919455 0.0272627143417 1
269 1.39017529826 0.215953841261 1
270 2.2198604708 0.0535804647594 1
271 1.66642608837 0.0479410240631 1
272 1.6975140162 0.0771957226958 1
273 1.74681776544 0.0607220651087 1
274 2.19204071253 0.07339249916 1
275 2.8112818642 20.2038052872 1
276 1.58185105077 0.0348425836253 1
277 2.11945988446 0.0531838937656 1
278 1.36649612952 0.975999559316 1
279 2.06255496748 0.05099381711 1
280 1.21635702732 0.0270623966385 1
281 2.38095977452 0.0579573356988 1
282 1.23340073448 0.0319457661153 1
283 2.0091801966 0.239550500762 1
284 2.04556352713 0.318863970148 1
285 2.3511088836 0.0698186628469 1
286 2.70533171075 0.33276214652 1
287 2.13609262616 0.0689680989041 1
288 1.87619562912 0.0583660321877 1
289 2.61833583296 0.224947077003 1
290 1.08587431183 3.32082225904 1
291 3.00323049203 0.103999570604 1
292 1.85709673844 5.35708239487 1
293 1.94311234379 0.536847139229 1
294 1.90701277522 0.04685217243 1
295 2.31768335299 0.113198252794 1
296 2.32819926416 0.170247436919 1
297 1.26932657834 0.0332249596763 1
298 2.23269738389 0.209503387622 1
299 2.23305664519 0.2099364487 1
300 1.11671505041 0.300981815473 1
301 1.97600557268 0.116601446331 1
302 2.63386551484 0.24560933748 2,3,4,5,6,7,8,9,10,11,12,13,14,15,16,17,18,19,20,21,22,23,24,25,26,27,28,29,30,31,32,33,34,35,36,37,38,39,40,41,42,43,44,45,46,47,48,49,50,51,52,53,54,55,56,57,58,59,60,61,62,63,64,65,66,67,68,69,70,71,72,73,74,75,76,77,78,79,80,81,82,83,84,85,86,87,88,89,90,91,92,93,94,95,96,97,98,99,100,101,102,103,104,105,106,107,108,109,110,111,112,113,114,115,116,117,118,119,120,121,122,123,124,125,126,127,128,129,130,131,132,133,134,135,136,137,138,139,140,141,142,143,144,145,146,147,148,149,150,151,152,153,154,155,156,157,158,159,160,161,162,163,164,165,166,167,168,169,170,171,172,173,174,175,176,177,178,179,180,181,182,183,184,185,186,187,188,189,190,191,192,193,194,195,196,197,198,199,200,201,202,203,204,205,206,207,208,209,210,211,212,213,214,215,216,217,218,219,220,221,222,223,224,225,226,227,228,229,230,231,232,233,234,235,236,237,238,239,240,241,242,243,244,245,246,247,248,249,250,251,252,253,254,255,256,257,258,259,260,261,262,263,264,265,266,267,268,269,270,271,272,273,274,275,276,277,278,279,280,281,282,283,284,285,286,287,288,289,290,291,292,293,294,295,296,297,298,299,300,301
303 2.43026059663 0.118442459247 302
304 2.49632770505 0.059147310619 302
305 2.74425923622 0.204709704034 302
306 2.1220952958 0.062535001949 302
307 1.38275135356 0.0613154308818 302
308 2.8362489395 0.108528489749 302
309 1.11101654217 0.0700402454933 302
310 2.08324206359 0.462151944315 302
311 2.29229237157 0.0706207841741 302
312 2.62408626966 0.0734908035293 302
313 2.12089734868 0.0554037601482 302
314 2.93807340748 0.10424919488 302
315 1.82512061313 0.0679615461639 302
316 2.32930409106 0.360778749908 302
317 2.4937646953 0.0786758187453 302
318 2.19712399308 0.0757447263146 302
319 1.54706395771 0.0453625247169 302
320 2.92376702177 0.128498966841 302
321 2.44677763421 0.0959469580443 302
322 1.88076357389 0.0430660723478 302
323 2.15490255483 0.0889549086149 302
324 2.21740255329 0.0595178525412 302
325 2.0111732193 0.0658943081401 302
326 1.61302486996 0.035414566661 302
327 1.46879866087 0.0568173969831 302
328 2.06961601312 0.136179278343 302
329 2.72561932877 0.749882227977 302
330 2.62967938723 0.107148875639 302
331 2.63793394149 0.063467643999 302
332 2.28776173079 0.160559420764 302
333 1.67599979575 3.46598597249 302
334 1.55702701415 8.96458581739 302
335 1.55056475925 11.5904114188 302
336 1.6232310877 0.10595772354 302
337 2.49140201714 0.719476910552 302
338 1.53577194372 0.150268654476 302
339 2.17811171756 0.0551743241264 302
340 1.52793402838 0.0339134159325 302
341 1.45822472378 0.0404936360774 302
342 1.35891467834 0.135969961591 302
343 1.44211732944 0.11021832516 302
344 2.46411538874 0.123787397522 302
345 1.66415162122 0.21102049089 302
346 1.91847709733 0.0592362503965 302
347 0.709894101094 0.0882007939769 302
348 1.73625916223 0.0439184952787 302
349 2.25181527065 0.0460217038424 302
350 2.03387174299 1.20422726674 302
351 1.45641283112 0.0296681335849 302
352 2.16625550472 0.120565663215 302
353 1.62079580892 0.0726292462969 302
354 3.03238348612 0.0734835317567 302
355 2.20891006136 0.0486362878982 302
356 1.97967428144 0.043602478181 302
357 2.42014465377 0.0611224045459 302
358 2.57321679664 0.0547546872425 302
359 2.29022395226 0.337504475285 302
360 1.24583640443 0.0300437033383 302
361 2.35100243707 1.82007636786 302
362 1.31521324208 0.150733252132 302
363 2.53405259197 0.115561288059 302
364 1.39270450505 0.0333499444376 302
365 1.2924184175 0.0635717368993 302
366 1.58506251357 0.0854837431966 302
367 1.24685232469 0.0908856039482 302
368 1.17476782188 0.106522073781 302
369 1.91294392248 0.0845573100239 302
370 2.49111253697 0.0887228509404 302
371 2.82680635092 0.109809267101 302
372 2.03399575066 0.168458587998 302
373 2.13380065403 0.229860936468 302
374 2.00948884581 0.104938581942 302
375 3.31787879575 0.693982850215 302
376 2.21331800984 1.01446670676 302
377 1.56458165717 0.077183405385 302
378 2.97678432938 0.099163155077 302
379 1.87727995877 0.0781661933232 302
380 2.54574046071 0.0902833382808 302
381 2.61742431823 0.116354678236 302
382 1.67641620248 0.0397916054294 302
383 1.5561460797 0.0434149956219 302
384 1.72897496112 0.0440855495456 302
385 1.8738188311 9.28196348083 302
386 2.5438255457 0.0948321266023 302
387 1.55168006189 0.0637369392993 302
388 2.04565096268 0.0842084639812 302
389 2.93871969574 1.02932101253 302
390 1.70151518613 0.0486970765988 302
391 1.44233191372 0.0871137935968 302
392 1.14971900366 0.0450536765847 302
393 1.94341800397 0.121953030757 302
394 2.26563020443 4.56632330295 302
395 1.97480946791 0.448502290595 302
396 1.82693911254 0.0388008252527 302
397 2.25569514418 0.0739239703838 302
398 1.78888439556 0.0444736449883 302
399 1.87413633325 0.0504528135273 302
400 3.12931390832 0.0630755011195 302
401 1.57327742181 0.0352504804738 302
402 1.95059109877 0.328092406418 302
403 1.87262373962 0.24951676121 302
404 1.4910887255 0.0535581298966 302
405 2.38994149285 0.0681302658508 302
406 1.42601797016 0.0896996561575 302
407 1.91999756657 0.0539245303614 302
408 2.01375104524 0.83260254953 302
409 2.45207697864 0.115486394923 302
410 1.55587877819 0.147453148418 302
411 0.699548566337 0.0298398430123 302
412 2.24999332406 0.771646520335 302
413 1.70220436344 0.0403820582073 302
414 2.18806911246 0.100153633768 302
415 1.60099943214 0.110746522017 302
416 2.04546328463 0.0924549309317 302
417 2.72357874576 0.0708652829995 302
418 1.06326764427 0.027672686512 302
419 1.70780687083 0.0519194263546 302
420 2.41116558584 0.0531836362291 302
421 2.24859270241 0.105283051345 302
422 2.15694459357 1.39801378191 302
423 2.19715458029 0.0666127359877 302
424 1.61224774731 0.0524700131285 302
425 1.4035841084 0.0440629114937 302
426 2.25095794573 0.0542277965991 302
427 1.93801032178 0.93932509687 302
428 2.03804840194 0.206806450826 302
429 2.98605647938 0.115718196383 302
430 1.94938907829 0.167618117579 302
431 2.22027463412 0.166784527807 302
432 1.97570125631 0.0621364101914 302
433 1.80822460723 0.103485112127 302
434 1.8430512928 0.0474977740781 302
435 2.25644587487 2.89423984737 302
436 1.71445655009 0.159060580483 302
437 1.72402479486 0.0346304182804 302
438 2.58474580227 8.46123243749 302
439 1.57921503117 0.153192511879 302
440 1.98121903372 0.098319638758 302
441 1.53656919109 0.0309630189585 302
442 1.81660247279 0.0680852698872 302
443 1.37471758374 0.080064572972 302
444 1.78981331502 0.065248313965 302
445 2.64622100788 0.0859414306071 302
446 2.89560572654 0.0653848945019 302
447 1.53962361562 0.032847453373 302
448 1.7111946745 0.0847000649945 302
449 1.63634612357 0.0902951016558 302
450 2.00454282903 0.0578445570993 302
451 1.5691118751 0.0782275661096 302
452 2.02827955821 0.0873066950784 302
453 1.57750199853 0.0526281585778 302
454 2.87484537369 0.189139567109 302
455 2.24419833586 0.244784823754 302
456 1.70714810789 0.263973282228 302
457 2.04367077819 0.132562723162 302
458 2.20364623892 0.059621779395 302
459 2.73833287696 0.100332994479 302
460 1.44197379147 0.463542100566 302
461 1.93190362194 0.0988433588056 302
462 2.1390866496 0.107973418292 302
463 1.98274661732 15.9390230923 302
464 1.47591940948 0.114515454735 302
465 2.22854425953 0.0707819154389 302
466 2.2733666569 0.0604096879234 302
467 1.58368641703 0.0654497162137 302
468 1.30252008923 0.0275287694134 302
469 1.78394835776 0.19038130316 302
470 1.98080204177 0.055636783485 302
471 2.10936276269 0.0805449281457 302
472 1.0229166493 0.0219925388747 302
473 1.18130788881 0.0402487130675 302
474 2.2966772792 0.0575438885428 302
475 1.85214410032 0.12287663524 302
476 1.97953034624 0.0587708518734 302
477 1.96812304169 0.0603690976751 302
478 1.28053936161 0.0573352983811 302
479 1.30946010494 0.186754446347 302
480 1.65280565985 0.044089817389 302
481 1.63595903359 0.162323513149 302
482 1.99459707776 0.320423854452 302
483 2.82942510963 0.135551771462 302
484 2.5377285535 0.192466781873 302
485 2.07132255112 7.00122988118 302
486 2.2396408972 0.117818294936 302
487 2.4482140841 0.105370879332 302
488 1.17363641599 0.0285127225457 302
489 2.46644065252 0.0897248042844 302
490 1.35971827217 0.0294759774928 302
491 1.80135985016 4.34433044418 302
492 2.32822171102 0.0972494233571 302
493 2.14594322299 0.0437660842585 302
494 1.80434853707 0.163133425668 302
495 2.26515897353 0.0801438121781 302
496 2.53482998737 0.0693800180142 302
497 1.7294148155 0.409500004714 302
498 2.70219390713 2.75143677105 302
499 1.9436478103 8.97717467595 302
500 2.74179759514 0.074791492892 302
501 2.04964970673 0.114051065552 302
502 1.58760820051 6.67122486579 302
503 1.57782578277 0.144528652124 302
504 1.22541171721 0.0548585240634 302
505 2.30849581406 0.0990725747545 302
506 2.4112064302 0.0876065774012 302
507 2.6148060737 0.449513092715 302
508 1.96462586904 0.0864258708548 302
509 1.64005866939 0.0556180029374 302
510 1.63883858581 8.04293880037 302
511 1.62218193796 0.0448444024304 302
512 1.91694318223 0.0830596720023 302
513 2.26164930149 0.0597658742993 302
514 1.36917476821 0.12373239203 302
515 1.87771749479 0.0732755789167 302
516 2.40099091039 0.146218298746 302
517 1.777823221 0.0905264062556 302
518 2.16038145262 0.0460185839372 302
519 2.66905438319 0.0968361962602 302
520 1.77325794853 0.0412726256388 302
521 2.13360356619 0.250272326642 302
522 3.37916342668 0.0896997916308 302
523 1.64154069162 0.0659250380199 302
524 2.16447976346 0.201302450313 302
525 1.9689978233 0.0400412034571 302
526 1.55790235677 0.200750188259 302
527 2.06350435373 0.141734736 302
528 2.61405598171 0.130505512832 302
529 1.67372616814 0.166563944479 302
530 1.80814811464 0.396140671287 302
531 2.0540317079 0.0447439918046 302
532 0.549101901351 0.0481660878597 302
533 2.04413855921 0.0755642427944 302
534 1.90212773354 0.438808406123 302
535 1.8976907215 0.0491975511761 302
536 1.41320201889 0.372250373118 302
537 1.12882671764 0.0300471152327 302
538 2.85341640451 0.0996476104369 302
539 1.73939427638 0.0356424366092 302
540 2.27520354924 0.272308674609 302
541 2.08324864297 0.0569736365234 302
542 1.84836140496 0.0454260584554 302
543 1.87240643828 4.34066388439 302
544 2.17460892163 0.0552943937604 302
545 1.45489697428 0.218244728947 302
546 1.50077705983 0.0419194643775 302
547 2.09838836463 4.71998770273 302
548 1.66701724105 0.0396739467516 302
549 2.51150099425 0.0623959394448 302
550 1.7309234206 0.0629798567664 302
551 1.87844814651 0.07116677511 302
552 1.35616219387 0.0369909290883 302
553 1.90534930789 0.129182439878 302
554 1.7184372314 0.0563730680498 302
555 1.49358978925 0.042277269159 302
556 1.7034158255 0.0424909074549 302
557 2.46352418277 0.0539550904199 302
558 1.84237566308 0.249745450629 302
559 2.87876055307 0.361872310626 302
560 2.90373787535 0.645423369849 302
561 2.04169479864 0.0577219498988 302
562 2.29649619999 0.264313704551 302
563 2.34439168986 0.142677026867 302
564 1.60354132531 0.034572340703 302
565 1.5103052461 0.0757502491113 302
566 2.04430080447 0.232742763576 302
567 2.07474507065 0.0831848316407 302
568 1.3088449108 0.0307873922543 302
569 1.9338191931 0.0714233027751 302
570 1.85178073435 0.953087874146 302
571 1.62917317616 0.0452961397315 302
572 1.89252919825 0.0612717963883 302
573 2.1854279728 0.0684875175774 302
574 1.75744507974 0.0657045283526 302
575 1.39888435036 0.0752584142861 302
576 2.19085586079 0.0744159008429 302
577 2.33180416512 0.392089204685 302
578 2.33628011057 0.345583475932 302
579 1.87099090499 0.130451594755 302
580 2.11975130228 0.0429374853471 302
581 2.69429520456 0.20669797817 302
582 3.11203225365 0.475100514701 302
583 2.21903912329 0.0471499298189 302
584 2.42295978303 0.0711687978458 302
585 2.83894652701 0.0632453145933 302
586 1.12213314397 0.0621463405246 302
587 2.13386477316 0.120974755833 302
588 1.69157760866 0.0447016621404 302
589 3.24871938277 0.174198075672 302
590 1.8715916069 0.0620218809192 302
591 1.79108462983 0.0654573293769 302
592 2.16552939462 0.0548398073262 302
593 1.90126150283 0.0769346380516 302
594 2.56139729538 0.147678283811 302
595 2.37994305396 0.0593419182304 302
596 2.03431069402 0.0773859502189 302
597 1.43067362904 0.0450737046295 302
598 2.06748689492 0.0560787322411 302
599 1.74623117159 5.19520275603 302
600 2.65080893362 0.220814955911 302
601 2.57468477977 0.082764820372 302
602 2.23787763357 0.0755107150575 302
603 1.30986806904 0.0787709229754 303,304,305,306,307,308,309,310,311,312,313,314,315,316,317,318,319,320,321,322,323,324,325,326,327,328,329,330,331,332,333,334,335,336,337,338,339,340,341,342,343,344,345,346,347,348,349,350,351,352,353,354,355,356,357,358,359,360,361,362,363,364,365,366,367,368,369,370,371,372,373,374,375,376,377,378,379,380,381,382,383,384,385,386,387,388,389,390,391,392,393,394,395,396,397,398,399,400,401,402,403,404,405,406,407,408,409,410,411,412,413,414,415,416,417,418,419,420,421,422,423,424,425,426,427,428,429,430,431,432,433,434,435,436,437,438,439,440,441,442,443,444,445,446,447,448,449,450,451,452,453,454,455,456,457,458,459,460,461,462,463,464,465,466,467,468,469,470,471,472,473,474,475,476,477,478,479,480,481,482,483,484,485,486,487,488,489,490,491,492,493,494,495,496,497,498,499,500,501,502,503,504,505,506,507,508,509,510,511,512,513,514,515,516,517,518,519,520,521,522,523,524,525,526,527,528,529,530,531,532,533,534,535,536,537,538,539,540,541,542,543,544,545,546,547,548,549,550,551,552,553,554,555,556,557,558,559,560,561,562,563,564,565,566,567,568,569,570,571,572,573,574,575,576,577,578,579,580,581,582,583,584,585,586,587,588,589,590,591,592,593,594,595,596,597,598,599,600,601,602
