1 5.2264922375 0.383231070804
2 5.76390523691 0.234263645681 1
3 4.35685539572 0.345604125703 1
4 2.99160742973 0.0726253392095 1
5 4.48468888437 0.45484914064 1
6 4.1493670992 0.11382484951 1
7 4.43903765603 1.09106788675 1
8 5.16551113491 0.736592879425 1
9 5.70904757242 0.748332879261 1
10 6.06487021814 2.65101160638 1
11 5.82752499428 0.142259704709 1
12 5.59493907857 0.269736427982 1
13 6.19117163911 0.433909901422 1
14 5.95239723297 0.193227972846 1
15 5.02432387332 0.328604093959 1
16 5.52245839329 0.156650337238 1
17 4.44670971944 0.110505220169 1
18 2.91170907738 0.240762736768 1
19 6.72468795339 0.271411769511 1
20 7.04120427356 3.79736729885 1
21 2.8497779431 14.0595579379 1
22 4.84912699271 0.0983606571406 1
23 6.67675762601 0.271331204763 1
24 4.97304075139 0.122328280819 1
25 5.03091212882 0.151167067638 1
26 5.281000124 0.109625421301 1
27 4.36272512436 0.202644595857 1
28 5.37320162276 0.317658783121 1
29 4.77859847554 0.547219465515 1
30 5.08067143399 11.3344005862 1
31 5.55869090811 0.160132446583 1
32 5.85821232332 15.1316510086 1
33 6.1902888648 0.149799820848 1
34 3.61604759648 0.0730765794586 1
35 5.52383771133 0.488586788098 1
36 4.19972316622 0.111688092745 1
37 4.1593781077 0.0841902899118 1
38 5.77639520821 17.6046185613 1
39 6.65590345008 1.67851062253 1
40 4.48751265396 0.289634590688 1
41 6.74930258995 7.09107249093 1
42 5.83340286553 0.850667194056 1
43 3.23939281887 0.087094710537 1
44 7.0615009577 0.691786724413 1
45 3.61210986902 0.132288402544 1
46 6.03250558476 0.164956501303 1
47 3.67155535778 0.111558969361 1
48 3.2901816256 0.174269556199 1
49 4.98682137765 0.188036113698 1
50 5.68985286217 0.130562963694 1
51 3.87303777766 0.640901980546 1
52 7.00408341702 0.232849572859 1
53 5.04431275434 0.1997247159 1
54 2.76959802059 0.273678522853 1
55 5.44858027318 0.155722256036 1
56 5.2866351603 0.126477940046 1
57 2.96356693317 0.0960103384209 1
58 4.46039358383 0.117255095996 1
59 5.21935303673 0.15125717914 1
60 2.27938565896 0.106901552547 1
61 6.46971139231 0.177801378202 1
62 3.81504625242 0.0805061554374 1
63 5.53201319815 1.1233302153 1
64 5.75546178667 12.4827542879 1
65 4.5156536579 0.14375409412 1
66 4.96752897741 1.05982709967 1
67 4.83981344339 1.51730251836 1
68 2.50489639512 0.0556474582416 1
69 3.95993915143 0.303727839564 1
70 4.04503694195 0.0975380653721 1
71 6.28751423692 0.139171299575 1
72 4.18791679793 0.112758148007 1
73 6.1045418559 0.154307182961 1
74 4.10690839584 0.322529549802 1
75 6.51516776408 0.514256622896 1
76 5.69691146841 0.144665013846 1
77 6.98347379538 16.2916963204 1
78 4.61831293437 0.121118240654 1
79 5.17750753444 0.13338332308 1
80 4.79814911807 0.151859655263 1
81 5.89589997014 0.230668475209 1
82 5.15708938699 0.215308583132 1
83 6.16217548284 0.195464370001 1
84 5.20957963947 0.174376148679 1
85 3.66897111387 0.0962395027172 1
86 5.04680923411 0.146982981151 1
87 5.72458900767 0.123650814145 1
88 2.76650705865 0.670196390722 1
89 6.47965543591 0.353768647561 1
90 3.9113023161 0.108048955535 1
91 6.42847978532 0.405633544675 1
92 2.48513846621 0.29773220981 1
93 8.08255407467 0.58592704214 1
94 5.214393427 2.23977562534 1
95 6.14803409802 0.212961254016 1
96 4.00416556389 0.0957691769933 1
97 7.32192811357 0.167905257758 1
98 4.73201511515 0.105886051163 1
99 5.67934492937 0.248563844962 1
100 2.06998796004 0.0643796660053 1
101 6.31579624337 0.208512883791 1
102 3.20209767571 0.390114203372 1
103 4.72478741189 0.150634929417 1
104 6.69632630269 0.447216050705 1
105 4.9163080529 2.09906326592 1
106 7.20342758094 0.238101685199 1
107 4.87526227808 0.654109730355 1
108 5.252513234 0.46875947072 1
109 4.73097976386 0.166487402999 1
110 6.07802547855 2.92423112535 1
111 4.19228392765 0.281716799495 1
112 6.07888557762 26.5586197656 1
113 5.38144733605 0.143869620749 1
114 4.59991982125 0.110707280248 1
115 3.9427622641 0.148095553937 1
116 4.74039011323 0.334034565337 1
117 6.2449696514 0.143891090097 1
118 4.34154033847 0.315906603956 1
119 3.95615856187 0.0973589396356 1
120 6.96273310877 0.144964769622 1
121 4.4171948455 0.409151086442 1
122 4.35790785929 0.138216357538 1
123 2.77596962327 0.0592536559871 1
124 6.86138855566 0.179045331932 1
125 7.13910993016 1.46892350537 1
126 5.64080395133 0.254922996318 1
127 3.8738843441 0.0811145933551 1
128 5.89763605872 0.550935407507 1
129 3.76261164006 0.196430051077 1
130 5.00846518658 0.13893835624 1
131 7.91210750669 0.750146494516 1
132 6.01218278342 0.133468012988 1
133 7.60897195326 0.199530763117 1
134 4.7898036652 0.38910334851 1
135 5.25221374432 0.224506454175 1
136 4.59332665606 26.1472025981 1
137 6.40515766753 0.158783282524 1
138 5.49152490808 0.178282961968 1
139 6.324079219 17.7640429791 1
140 4.2419215093 0.940799975793 1
141 5.01443154576 0.101996916135 1
142 3.96872357813 0.0904403834485 1
143 6.25686615889 0.261840464062 1
144 6.15680210826 0.295630255449 1
145 4.36463748229 0.386893970455 1
146 2.61394666991 0.0661453647619 1
147 5.03674632913 0.176540355362 1
148 4.26105920732 0.260195913307 1
149 4.58824102505 0.0953253877563 1
150 4.7683125425 0.104460594239 1
151 5.63235223757 0.113350306329 1
152 5.31460080319 0.204792040582 1
153 5.7369761035 0.37014369613 1
154 4.22876877936 0.361605114025 1
155 3.71235747307 0.128533387163 1
156 5.65712363783 0.173344884575 1
157 6.0890973342 0.944889122025 1
158 4.82431498726 0.42682890893 1
159 5.43818348654 0.1697888595 1
160 6.16170832493 24.8311238953 1
161 3.31599588174 0.0873649008249 1
162 5.21432237378 0.150081533231 1
163 4.21215419092 0.0861851267821 1
164 2.57256388248 0.159485616906 1
165 4.89882007021 0.153198649439 1
166 4.56995379351 0.0918613120262 1
167 5.2611540485 4.22278928929 1
168 4.80989869987 1.1037340014 1
169 3.08603395289 0.0823334088072 1
170 4.06689449158 0.190688226224 1
171 3.34529680052 0.0906644114677 1
172 3.38111032709 0.126904520711 1
173 8.21066607735 0.167655166991 1
174 6.2914658462 0.858939690895 1
175 5.76066577325 0.182977438482 1
176 4.38992989119 0.139847217904 1
177 5.35660367835 0.166777834452 1
178 4.41630437242 0.104078286569 1
179 4.99701254809 0.222838404799 1
180 5.02544143013 0.225853507737 1
181 4.62402980622 0.187712036598 1
182 6.10432122097 0.208956340421 1
183 4.0840811853 0.134368889103 1
184 5.7387443483 0.142384000288 1
185 7.31248325063 0.151727135133 1
186 5.30598180539 0.282589789698 1
187 6.80639794625 0.86950923099 1
188 2.31009224205 0.0536365465119 1
189 4.20358504226 0.898720504056 1
190 5.75735700661 0.415581339672 1
191 4.02085893812 0.228420338029 1
192 7.34903178783 0.148769268122 1
193 7.03508037694 0.327096206978 1
194 4.52555908488 0.262110820557 1
195 7.00681832374 0.195256679413 1
196 4.44416537047 1.03658516625 1
197 5.79911170731 0.186566180989 1
198 4.91281746916 0.461191714056 1
199 4.26790147236 0.125139393693 1
200 4.32002459272 0.123133917646 1
201 4.96245094339 0.126265429045 1
202 3.86787917466 0.14373360001 2 3,4,5,6,7,8,9,10,11,12,13,14,15,16,17,18,19,20,21,22,23,24,25,26,27,28,29,30,31,32,33,34,35,36,37,38,39,40,41,42,43,44,45,46,47,48,49,50,51,52,53,54,55,56,57,58,59,60,61,62,63,64,65,66,67,68,69,70,71,72,73,74,75,76,77,78,79,80,81,82,83,84,85,86,87,88,89,90,91,92,93,94,95,96,97,98,99,100,101,102,103,104,105,106,107,108,109,110,111,112,113,114,115,116,117,118,119,120,121,122,123,124,125,126,127,128,129,130,131,132,133,134,135,136,137,138,139,140,141,142,143,144,145,146,147,148,149,150,151,152,153,154,155,156,157,158,159,160,161,162,163,164,165,166,167,168,169,170,171,172,173,174,175,176,177,178,179,180,181,182,183,184,185,186,187,188,189,190,191,192,193,194,195,196,197,198,199,200,201
203 3.24686567467 0.143438979562 202
204 5.46877925911 0.268200918079 202
205 4.57845858988 0.122910446256 202
206 4.7224848835 0.0964856535589 202
207 4.03424650932 0.351446072889 202
208 6.28382163809 0.186896940556 202
209 5.33838504644 0.195518955034 202
210 4.24558907708 0.218565528433 202
211 6.51769771249 0.321825201038 202
212 4.46867399219 0.142862048652 202
213 4.91418652716 0.156156631806 202
214 3.29629746857 0.0677056145046 202
215 6.06283930994 0.909345275332 202
216 2.46284578546 0.112942243783 202
217 6.03033024651 0.269428371201 202
218 6.09995981168 15.2045069267 202
219 5.27905033469 0.228059652598 202
220 5.91455407743 0.415592057798 202
221 7.16911391436 1.41229953138 202
222 6.40265971207 1.08413543806 202
223 7.93173145038 39.925613709 202
224 6.66426023992 0.384030459111 202
225 4.60099235344 0.180979001501 202
226 5.25425979295 0.113676946796 202
227 2.78768627356 0.205390422465 202
228 4.17112323348 0.29759429062 202
229 6.58061389408 14.4655672378 202
230 4.19477804447 0.214709890496 202
231 2.13480433329 0.0638707321713 202
232 5.15536334675 0.167660472107 202
233 5.08271726334 0.142841796058 202
234 4.27819269789 12.6344417631 202
235 5.2349039138 0.114093841874 202
236 5.43869445233 0.148497259557 202
237 7.03227737468 0.235137436366 202
238 6.32216645308 0.254079180549 202
239 4.28686971335 0.109935942472 202
240 5.90775888007 0.647685952147 202
241 7.70054634605 0.207557421988 202
242 4.21380564083 0.119990815456 202
243 2.32949039377 0.0692780771818 202
244 3.9653411333 0.331527791723 202
245 4.00065346951 0.117805186965 202
246 7.33344592198 7.65647034277 202
247 2.35026914995 0.0622821982418 202
248 4.47905015412 0.0904351212824 202
249 4.53890833169 0.211228562899 202
250 4.97807320489 0.172812708246 202
251 6.18297124816 1.51881018223 202
252 4.70763763917 0.141388120051 202
253 3.81593204225 0.494004818524 202
254 2.49408312928 0.102414617958 202
255 4.98029097458 0.175247776935 202
256 6.41190120889 1.39397237727 202
257 7.0032723666 0.205890642571 202
258 4.80522431063 0.222803029514 202
259 5.25797993941 0.197765231402 202
260 6.3119605898 0.155848604861 202
261 7.62680284091 0.248827542425 202
262 5.592172993 0.161474115981 202
263 5.68423258073 0.196116824967 202
264 6.73178205745 0.628333143574 202
265 3.67970452902 0.139829033967 202
266 3.20005323841 0.0999336558577 202
267 4.86010673572 1.08780652364 202
268 7.00803625061 0.149049540798 202
269 3.44674390423 0.0768763962207 202
270 4.37516480718 0.197836654299 202
271 4.72716026119 0.41411793468 202
272 2.90317878162 0.0589359821536 202
273 5.68225964649 0.273058407217 202
274 5.68973651569 0.156281761628 202
275 5.85606897322 0.433349360247 202
276 5.57765958424 0.235498948147 202
277 6.3289720631 0.174740759052 202
278 4.37942159449 0.0922283013712 202
279 5.27366041209 0.350849473449 202
280 5.46579452051 1.46823708969 202
281 5.91029066015 0.207257260635 202
282 7.51181724487 0.285643963328 202
283 5.55961782837 0.215002573886 202
284 7.67882719493 1.29419858525 202
285 3.81105473816 0.09434188119 202
286 5.24320809962 0.542206875695 202
287 4.80870019717 0.110363162265 202
288 7.27141092912 0.153307882327 202
289 3.73055536779 0.448502583262 202
290 5.40681862207 0.222175121419 202
291 5.13522991379 0.134396486038 202
292 5.36967528196 16.0630043432 202
293 6.66414386298 3.42275246936 202
294 5.39795484843 0.140137849005 202
295 4.94279815614 18.8134893359 202
296 3.68855253187 0.15962391296 202
297 7.35375283827 0.157086564621 202
298 5.44758230239 0.143424337707 202
299 5.12280831686 0.139151936133 202
300 3.83529140702 0.666381912329 202
301 3.80936255483 0.190992315661 202
302 3.56509118779 0.202273284593 202
303 4.6256191966 0.439465074366 202
304 4.94516836799 0.183510613887 202
305 5.89723040341 0.159040840215 202
306 6.35395893524 0.238915156365 202
307 4.93730672328 1.53062049247 202
308 6.51924888585 0.26104903248 202
309 4.9061717608 0.119675617488 202
310 5.71466765682 0.652719109202 202
311 3.20342612368 0.0712925625557 202
312 3.49178860854 0.261269965623 202
313 3.39813785065 0.241540322688 202
314 5.3214258242 0.13966601595 202
315 6.25228532341 0.382910639939 202
316 4.84214056771 0.151496475154 202
317 7.49894070958 0.269647803035 202
318 5.75525940154 0.129282368998 202
319 4.77717631634 0.131996514916 202
320 4.07656379428 0.103108838403 202
321 5.42005549615 26.9577757227 202
322 4.11803126752 0.0930536145115 202
323 3.52188038129 0.11771066147 202
324 4.48129772328 0.156444511908 202
325 3.96483450688 0.178946860977 202
326 4.52556527061 0.482368498407 202
327 3.02242924488 0.300697205414 202
328 6.06050056446 0.156903777526 202
329 4.24828913777 0.235547159935 202
330 4.49883505799 1.09760928668 202
331 6.20329377162 1.87236535474 202
332 3.91756909075 0.11659172137 202
333 4.25211197585 0.779098598728 202
334 5.86419747257 0.239966833025 202
335 5.04016606735 0.184160921641 202
336 7.38811407941 1.27872393707 202
337 6.28354638592 0.31583288032 202
338 5.82156442928 0.22996705182 202
339 6.01230020205 0.1329155482 202
340 3.36394548756 0.522692506112 202
341 5.95438855315 0.150578137109 202
342 6.15031746808 0.315468293421 202
343 5.46178949079 1.5711694523 202
344 5.21368239754 0.147884043121 202
345 4.6554530471 0.5309566059 202
346 4.86873272829 0.391258534472 202
347 4.2594116462 0.471206074222 202
348 5.62679940656 0.193867418123 202
349 6.16319264524 3.3511585539 202
350 3.63628545511 0.0750761307453 202
351 4.68789164748 0.122648895657 202
352 7.30419824934 0.189700046351 202
353 4.72662469464 0.621447924742 202
354 6.02794174367 2.71001429833 202
355 4.91150991669 0.281950603739 202
356 4.10309161385 0.115461431787 202
357 6.49272675237 33.1228997066 202
358 4.18969062719 0.110616443942 202
359 5.00098652506 0.314657238532 202
360 6.01073484075 0.12321159684 202
361 4.75071474182 0.42009436359 202
362 6.72539657135 0.26141354312 202
363 3.7487354836 0.185891253547 202
364 4.80906974742 0.134083181156 202
365 3.89833482859 0.136722376995 202
366 5.6401788293 0.156146206927 202
367 4.74462260936 0.867540937322 202
368 6.39649958885 28.8490599279 202
369 4.69890602552 0.118838150414 202
370 4.74892492771 0.116749914141 202
371 5.93878772923 0.192681892853 202
372 4.77765868446 0.115721393067 202
373 4.50041325269 0.148183657511 202
374 3.04539829844 0.20380481699 202
375 5.45226883308 0.26297091865 202
376 7.14192338134 0.177022173811 202
377 5.43245492848 0.218915114836 202
378 6.86919282443 36.4540075516 202
379 3.93510567442 0.11810569159 202
380 4.47951823415 0.153260188327 202
381 6.05697934135 0.18795009432 202
382 3.96538330381 0.135018324722 202
383 6.26832620551 0.616643443334 202
384 6.74156867479 1.1029786764 202
385 3.89919740944 0.148441254086 202
386 7.85474014295 0.349008222498 202
387 5.67775914222 1.45839695055 202
388 5.22422255523 0.420934403078 202
389 4.97215779405 0.307473292824 202
390 3.17127248743 0.104515092872 202
391 5.47081271025 0.416021204339 202
392 5.61212463929 0.329841190237 202
393 5.49580974689 0.272230577262 202
394 2.85653362149 0.526066355561 202
395 6.22320491263 0.180201109557 202
396 4.2689576331 0.102213675129 202
397 5.90700536182 0.268678533932 202
398 6.12769454632 4.60646482439 202
399 5.71817589307 0.118845067273 202
400 5.89301051461 0.122687466707 202
401 6.05133927311 0.166632781008 202
402 2.01697307258 0.0602964389828 202
403 8.45273701253 0.410462732041 203 204,205,206,207,208,209,210,211,212,213,214,215,216,217,218,219,220,221,222,223,224,225,226,227,228,229,230,231,232,233,234,235,236,237,238,239,240,241,242,243,244,245,246,247,248,249,250,251,252,253,254,255,256,257,258,259,260,261,262,263,264,265,266,267,268,269,270,271,272,273,274,275,276,277,278,279,280,281,282,283,284,285,286,287,288,289,290,291,292,293,294,295,296,297,298,299,300,301,302,303,304,305,306,307,308,309,310,311,312,313,314,315,316,317,318,319,320,321,322,323,324,325,326,327,328,329,330,331,332,333,334,335,336,337,338,339,340,341,342,343,344,345,346,347,348,349,350,351,352,353,354,355,356,357,358,359,360,361,362,363,364,365,366,367,368,369,370,371,372,373,374,375,376,377,378,379,380,381,382,383,384,385,386,387,388,389,390,391,392,393,394,395,396,397,398,399,400,401,402
404 5.48359731665 0.609078316644 403
405 4.31015782517 1.10553035529 403
406 6.33411308414 0.136492622721 403
407 3.57482738228 0.0834798339177 403
408 4.92685152117 0.101804518183 403
409 2.79887654136 0.071034964287 403
410 5.24539185477 0.6772777659 403
411 5.11602969942 0.190840096939 403
412 5.56897628192 0.11787954775 403
413 4.90127826108 0.124138539426 403
414 3.8977683633 0.515534978717 403
415 2.95309363491 0.0622956397701 403
416 3.41677696871 0.0796955567165 403
417 4.82475889383 0.110172541834 403
418 4.26344878302 0.424182055132 403
419 4.64584559564 5.65666277706 403
420 3.63395382175 0.142105589228 403
421 6.68792653275 1.69536776178 403
422 5.51099600519 0.17290675672 403
423 4.95162514046 0.188823573764 403
424 4.66334402026 0.58170076282 403
425 6.11443796479 0.669043690914 403
426 5.42729271014 0.150082819622 403
427 5.16174419222 0.205228100041 403
428 4.29848547584 1.19682643811 403
429 4.3194216083 0.177809415271 403
430 4.57814796452 0.123632286979 403
431 4.34605183163 0.105729766202 403
432 6.13416347001 0.89622806195 403
433 5.330560868 0.108982960121 403
434 5.40763260055 0.109322594979 403
435 4.01720104318 0.747200814109 403
436 5.03407095001 0.133534753163 403
437 3.0071727123 0.504075045024 403
438 7.51581868322 46.520000675 403
439 5.3493174677 0.463963225363 403
440 4.48528007508 0.0919081896051 403
441 4.53623057271 0.265281277637 403
442 4.58358788076 2.599493971 403
443 6.94707297909 1.2498082444 403
444 5.86811663704 0.166285305878 403
445 1.68290546082 0.0367507209869 403
446 8.8029025419 0.212815944888 403
447 4.6812696991 0.0942290341365 403
448 6.60305101309 0.186433252884 403
449 6.4293249743 1.17239323717 403
450 4.85807144083 0.882223966162 403
451 5.96767480879 30.6447314711 403
452 4.05130707053 0.291890519791 403
453 3.65317424363 0.122206907946 403
454 6.37494403525 0.161583412476 403
455 4.41705854823 0.210092735655 403
456 4.15823737175 0.16435314672 403
457 3.33704189788 0.163604431179 403
458 5.23132773241 0.127542611999 403
459 6.37876604048 0.532285492432 403
460 4.03732699664 0.889950586522 403
461 5.35189723426 0.165231526879 403
462 4.61593534096 0.193795142353 403
463 4.09962091702 19.7146475186 403
464 2.99933838228 0.209279306736 403
465 5.61799935808 1.36410449415 403
466 5.7699195337 0.124896880864 403
467 6.57445256131 0.15766530221 403
468 4.91941732531 0.101653544806 403
469 5.9681202436 0.207496682523 403
470 2.75681497868 0.0574335081707 403
471 3.23166900055 0.27654943039 403
472 5.70473533927 0.19570793003 403
473 5.00806025191 0.107920891711 403
474 5.29782535187 19.5450631844 403
475 5.61080813266 0.138638256984 403
476 4.11075929256 0.146933522239 403
477 5.44602606096 0.145128186092 403
478 4.7367218285 0.215995944571 403
479 4.102313008 0.117640019714 403
480 4.9935349169 0.144838588326 403
481 4.03657658061 0.0968348574618 403
482 5.99217955162 0.238422558552 403
483 4.11082575314 0.946507483242 403
484 6.54433125217 0.158274076599 403
485 5.28631651643 0.11762991623 403
486 4.30169475744 0.439976590133 403
487 5.557675194 0.205496785852 403
488 6.24931040933 0.128421113912 403
489 7.58161313915 0.239606514939 403
490 4.62944269197 0.411098168621 403
491 2.58715311725 0.0914052006932 403
492 3.5619649321 0.0803403074612 403
493 5.38888503145 0.458601721832 403
494 5.37278753744 49.0416200625 403
495 3.88309261115 0.085185439195 403
496 5.31933280109 21.68600197 403
497 5.31877518493 0.442671207247 403
498 4.89191282078 0.188833703637 403
499 6.94827649425 0.142148948759 403
500 4.91989140468 0.411691949638 403
501 4.15007093396 0.129887684053 403
502 4.61694270635 0.238861140329 403
503 5.59832941822 0.137567204972 403
504 3.86824061191 0.0802914465527 403
505 6.77914795904 0.191675610297 403
506 6.16622840568 0.128417666819 403
507 5.59152398116 0.144609460535 403
508 5.02766217908 0.191626598827 403
509 3.75401878151 0.550613976226 403
510 5.29059910125 0.210539447308 403
511 4.24255649245 0.305521838949 403
512 4.83777155598 17.4354405308 403
513 5.82227464306 0.119136569794 403
514 5.52948725061 3.62188625684 403
515 5.17214097148 0.310851855042 403
516 4.72077181457 0.128894682932 403
517 4.72168348422 0.183779520371 403
518 5.7695702427 0.247313199981 403
519 1.62997289102 0.0758312139965 403
520 5.3806809489 0.151129125056 403
521 5.22109459959 13.6310509653 403
522 6.12830730391 0.129265277376 403
523 5.19586817046 0.126747140253 403
524 4.89421349983 0.300067235167 403
525 4.6969626094 0.106264327733 403
526 5.96348015718 0.695754026971 403
527 4.38058875965 0.174119168935 403
528 3.29191145066 0.381493009758 403
529 4.82420046187 0.121850645695 403
530 3.75914881051 4.05758721284 403
531 3.27792305332 0.0714007455382 403
532 6.53968203314 0.155871624442 403
533 6.9659922045 0.548748925877 403
534 4.56358015001 0.123540902685 403
535 5.33464925903 13.2886992845 403
536 5.11981258528 0.176210807545 403
537 5.95288999136 0.341035597523 403
538 4.48890443348 0.716329664699 403
539 6.67065053719 0.716090169241 403
540 5.66362727541 0.169825801799 403
541 5.88809931364 0.308528840283 403
542 4.36051474374 0.941071776927 403
543 4.78823173061 0.111917446562 403
544 4.02967535121 0.0866603015845 403
545 3.85239705678 0.0813920346901 403
546 4.58236310908 0.136525765603 403
547 4.49098777466 0.0941644962091 403
548 7.78425793568 0.160051104698 403
549 7.31673476034 0.199434563896 403
550 4.39802550863 0.518458148709 403
551 2.58303042779 0.143921502506 403
552 5.6151995725 0.685499355986 403
553 2.80030209297 0.0758767573321 403
554 4.43654781516 0.131365658463 403
555 4.87885950138 0.852991997911 403
556 6.56440628199 3.25828871275 403
557 5.79484865196 0.18607365615 403
558 5.17300071737 0.200642931417 403
559 5.37353721789 0.14686377126 403
560 5.64189398463 0.341830309662 403
561 4.01981219021 0.0887734136438 403
562 4.77415763256 0.109103836024 403
563 5.05161096177 0.109512583352 403
564 5.17644624991 0.364027090359 403
565 3.1354307865 0.161021188547 403
566 5.13861807498 0.212932387258 403
567 3.2606049619 0.141174861914 403
568 3.56537801006 0.205682259558 403
569 6.18826525165 0.217979664174 403
570 5.43153994283 0.180071058152 403
571 7.99286193187 18.3989163563 403
572 5.71368970255 0.42260042931 403
573 5.12086784552 0.181115630899 403
574 5.27953947933 0.653231184177 403
575 2.92061972955 0.0694339202058 403
576 4.59611697194 0.663483051116 403
577 3.90523817768 0.137119749011 403
578 5.95845233623 0.804580188854 403
579 4.073437957 0.114954678157 403
580 3.50503837995 0.084856646457 403
581 3.50522334383 0.0730381595928 403
582 8.14602336038 1.00678203007 403
583 4.40215767948 0.243015552824 403
584 3.08016590983 0.106338399384 403
585 4.30269316955 0.235038305955 403
586 6.89286116678 1.28720849269 403
587 6.39891787387 0.804997266638 403
588 6.31266624867 2.35999251695 403
589 6.0017104791 0.178822868332 403
590 4.23557574059 0.158906331322 403
591 5.98296086824 0.162685092671 403
592 4.48922438048 0.214606584534 403
593 3.17166301037 0.132693239196 403
594 7.34571706386 0.480919203608 403
595 3.68626213094 0.0859957198168 403
596 5.42021162057 0.157625005977 403
597 2.27198682475 0.135260658888 403
598 5.26833731209 0.296740380861 403
599 4.27739428112 0.123325298306 403
600 3.71091526904 6.90907594246 403
601 5.21519760348 0.652751411034 403
602 5.92292570183 0.932699802604 403
603 5.53123828901 1.3981137351 403
604 7.28570063873 0.550564234703 404 405,406,407,408,409,410,411,412,413,414,415,416,417,418,419,420,421,422,423,424,425,426,427,428,429,430,431,432,433,434,435,436,437,438,439,440,441,442,443,444,445,446,447,448,449,450,451,452,453,454,455,456,457,458,459,460,461,462,463,464,465,466,467,468,469,470,471,472,473,474,475,476,477,478,479,480,481,482,483,484,485,486,487,488,489,490,491,492,493,494,495,496,497,498,499,500,501,502,503,504,505,506,507,508,509,510,511,512,513,514,515,516,517,518,519,520,521,522,523,524,525,526,527,528,529,530,531,532,533,534,535,536,537,538,539,540,541,542,543,544,545,546,547,548,549,550,551,552,553,554,555,556,557,558,559,560,561,562,563,564,565,566,567,568,569,570,571,572,573,574,575,576,577,578,579,580,581,582,583,584,585,586,587,588,589,590,591,592,593,594,595,596,597,598,599,600,601,602,603
605 5.95214324253 0.178177440696 604
606 5.34109851077 0.253439950527 604
607 3.18888909258 0.10086876475 604
608 5.50688183762 0.399658694486 604
609 4.45796596494 0.0929170174765 604
610 6.53761790719 0.411507345337 604
611 6.00087561017 0.466645378376 604
612 8.00249101122 0.490788909182 604
613 4.34435801168 0.109280263655 604
614 7.09189839216 0.157897899848 604
615 4.66801196729 1.0099571782 604
616 4.83932194365 0.18699469436 604
617 4.55469607237 0.108772710065 604
618 4.17828083456 0.112450799147 604
619 6.97192473001 0.334659575185 604
620 3.81534447321 6.36467119162 604
621 5.82688623904 0.261251832922 604
622 2.54632196389 0.101105147901 604
623 4.64033098775 0.170897714225 604
624 7.2193611336 1.54761950496 604
625 3.41182963292 0.175289251764 604
626 5.17063854031 0.13959897862 604
627 6.27793839729 0.427481640827 604
628 2.6464980657 8.24853439524 604
629 3.2822604558 0.106684674931 604
630 3.0994168716 0.118175922123 604
631 6.33690314095 2.45259235009 604
632 5.25509698429 3.42609650939 604
633 4.84406970418 0.461305008624 604
634 6.55435437818 0.313915410209 604
635 4.23936640833 0.511601060958 604
636 2.78220748988 0.0667818075487 604
637 5.21987068611 0.986698043616 604
638 6.36831409727 0.351322832079 604
639 6.28636925655 0.369213091035 604
640 4.38230077473 0.336844799216 604
641 3.53244068844 0.397273147036 604
642 5.50941090361 7.02799914687 604
643 4.58120800922 0.121514868199 604
644 5.85542644902 0.249780425049 604
645 4.87741790503 0.414236112206 604
646 5.19905761471 0.123836492752 604
647 5.07344203198 5.2686194536 604
648 3.41246160993 0.878463047591 604
649 5.6405912371 0.147323907506 604
650 5.53044517348 0.116147745213 604
651 5.20733721869 0.141390764632 604
652 5.32225921196 0.183550167812 604
653 5.62443714408 0.436505748812 604
654 5.87429374543 0.155637402271 604
655 5.16627430491 0.389090901363 604
656 5.62916585727 0.177533866289 604
657 2.90347307362 0.294731125458 604
658 6.47396030931 0.177550717721 604
659 4.74768914314 0.113973048717 604
660 5.49467415591 0.145034008597 604
661 3.72685150842 0.0894461278044 604
662 3.74112193417 0.0868690565487 604
663 6.30186150735 0.385390349611 604
664 4.64204260278 0.833269060817 604
665 4.83985883626 0.205032563207 604
666 4.43418566338 11.5065193218 604
667 5.76040072643 4.99349385525 604
668 5.25847844217 0.107335133763 604
669 5.73335779747 0.354385837299 604
670 6.33211510591 0.207698477897 604
671 6.73713986373 0.494829680254 604
672 3.41309334387 0.079553257349 604
673 3.57141270408 0.0802209799664 604
674 4.92884782938 0.130171480804 604
675 6.9050070862 25.4029391055 604
676 7.65690282011 1.32254494135 604
677 4.30557801938 8.67964752791 604
678 5.92614743844 25.8094148816 604
679 4.82391715631 0.549106009716 604
680 5.22299569534 0.168373633896 604
681 5.8605515452 0.118629462429 604
682 2.7351024512 0.205979376378 604
683 3.80100713007 0.0897673134737 604
684 3.82176035176 0.119451070314 604
685 4.03087670666 0.0845626279231 604
686 3.24581194479 0.0872983464268 604
687 5.55439696548 0.231302498444 604
688 6.84622908762 0.275961727196 604
689 4.54500621111 16.4130598088 604
690 3.69790472347 0.10774768413 604
691 5.45756513575 0.650809094219 604
692 3.86061332062 0.0804808468932 604
693 5.64175462014 0.593622874284 604
694 4.12373940031 0.105816874347 604
695 4.90201185243 0.125677191669 604
696 6.75035072301 17.5779255729 604
697 8.3100820216 0.344527692478 604
698 6.47703210557 0.519200091731 604
699 5.93738363834 0.419497505269 604
700 4.70390462931 0.800479826267 604
701 7.30189025858 0.151168789418 604
702 5.11901189092 0.137656193953 604
703 4.92916442916 0.235033076498 604
704 4.26369523069 0.100025878971 604
705 3.19051254586 0.233910939534 604
706 5.97492783144 0.200802186472 604
707 6.10576370418 1.28107614064 604
708 3.61962220914 0.0991741322294 604
709 6.16492914728 0.246222633109 604
710 4.1364139459 0.0936998997069 604
711 5.44884639069 0.295036210079 604
712 4.1792141716 0.52524867423 604
713 4.12058425036 0.0854262106851 604
714 5.24363706512 0.27163581333 604
715 5.96936910403 0.14197676453 604
716 8.4389951609 0.196408509188 604
717 7.18605443596 0.153176910699 604
718 4.11138353569 3.67985677212 604
719 8.32059570097 0.335318290957 604
720 8.00694901889 0.186898595827 604
721 5.32642751341 0.148414813557 604
722 5.92695345079 0.339161162262 604
723 4.7002858021 0.590429300642 604
724 3.3610310726 0.213135563367 604
725 6.1470158256 0.136433914262 604
726 4.96131768354 0.615671452222 604
727 2.78413284907 0.140156365249 604
728 4.40838411098 0.0938775623567 604
729 4.82958773983 0.124858586227 604
730 4.96883502646 0.286272482859 604
731 5.58485255071 0.119746681121 604
732 7.13935551532 0.195688176865 604
733 5.81045216838 0.129973902982 604
734 5.25661524033 0.21893016564 604
735 4.66862290453 0.116996101908 604
736 6.37330867901 0.155181506084 604
737 4.07033755059 0.117924569125 604
738 5.01627181825 0.565534293133 604
739 5.68573262643 0.447871833228 604
740 5.74524965036 0.14023093133 604
741 6.3530606554 0.753076876103 604
742 6.44933881002 0.132950729947 604
743 4.97492981848 0.361768166295 604
744 4.10198823664 0.0836817466137 604
745 3.823113529 0.161325221325 604
746 4.16545766459 0.106440392077 604
747 2.48936629019 0.245942153231 604
748 4.2425271595 0.0851204886747 604
749 6.07183678838 0.286338402732 604
750 5.08614394297 0.61775938743 604
751 4.27590881676 0.0930223631471 604
752 6.8672398349 1.35326881534 604
753 4.15650932734 0.0884420072406 604
754 5.74652627683 0.16620287008 604
755 4.84532972807 0.131125522134 604
756 4.01265488192 0.184727679864 604
757 0.659429345763 0.0883274109869 604
758 6.23348245534 0.181362527163 604
759 6.80330054369 2.29085509191 604
760 6.01035098314 0.186932923464 604
761 7.06733138359 0.413109477428 604
762 5.54591121895 1.99304348565 604
763 3.90374047758 0.359025723266 604
764 5.03108398259 0.162301377243 604
765 5.67719200975 0.115625637358 604
766 4.05891562684 0.499697587632 604
767 5.73741484603 0.168336170221 604
768 2.7812636698 0.095190113667 604
769 3.50281483485 0.0866989745194 604
770 3.82215591562 0.0922059443394 604
771 3.50395182948 0.128312444035 604
772 2.97798991981 0.0634782370756 604
773 4.82109447315 35.3368340082 604
774 4.47184131887 0.107958531806 604
775 4.17275268857 0.240979367672 604
776 5.78942247251 0.23940780984 604
777 5.02106205246 0.111262593188 604
778 5.12983027013 1.23428924776 604
779 4.84138094467 0.0999213778657 604
780 4.52329496484 0.171346905783 604
781 3.86344938835 0.123544752761 604
782 6.77496378198 0.212170876434 604
783 5.91094989796 16.3083380396 604
784 7.22314812917 0.295159236437 604
785 4.12822527916 0.114540567935 604
786 6.31887435618 0.200275914529 604
787 4.28084169453 0.285152703171 604
788 6.48623531343 0.205907729656 604
789 6.93335199492 0.69886969722 604
790 6.36449119062 0.151090118725 604
791 5.87909295735 0.32503139625 604
792 4.79809093829 0.141429037328 604
793 5.56897276536 0.115759043333 604
794 3.77399480133 0.239528839134 604
795 6.55586149079 15.2637607667 604
796 4.57415231335 0.228952732679 604
797 6.31107258406 0.18203726622 604
798 3.0258996085 0.092010815096 604
799 5.24402451739 0.392651574869 604
800 5.5250075039 1.92171114891 604
801 6.01885474064 0.254779150686 604
802 6.55288279028 0.51937433099 604
803 5.77500607298 0.174751760709 604
804 4.35047084079 0.11631354294 604
805 4.70168824703 0.125197987188 605 606,607,608,609,610,611,612,613,614,615,616,617,618,619,620,621,622,623,624,625,626,627,628,629,630,631,632,633,634,635,636,637,638,639,640,641,642,643,644,645,646,647,648,649,650,651,652,653,654,655,656,657,658,659,660,661,662,663,664,665,666,667,668,669,670,671,672,673,674,675,676,677,678,679,680,681,682,683,684,685,686,687,688,689,690,691,692,693,694,695,696,697,698,699,700,701,702,703,704,705,706,707,708,709,710,711,712,713,714,715,716,717,718,719,720,721,722,723,724,725,726,727,728,729,730,731,732,733,734,735,736,737,738,739,740,741,742,743,744,745,746,747,748,749,750,751,752,753,754,755,756,757,758,759,760,761,762,763,764,765,766,767,768,769,770,771,772,773,774,775,776,777,778,779,780,781,782,783,784,785,786,787,788,789,790,791,792,793,794,795,796,797,798,799,800,801,802,803,804
806 5.27353829203 0.185748293374 805
807 2.62729486767 0.056421994771 805
808 4.95077831039 0.525798887968 805
809 5.30586096131 0.137013006576 805
810 6.9365603562 0.451642593252 805
811 4.8987228781 0.167175744106 805
812 3.20530466379 0.107391915099 805
813 3.08797706736 0.493096043631 805
814 6.18109934 0.133451698245 805
815 4.85777197051 0.253997844696 805
816 5.68525832333 0.159521587595 805
817 4.60185342779 0.2091507629 805
818 5.5234488878 0.144376360816 805
819 7.40674086573 0.590859573141 805
820 3.05151802601 0.0636979605917 805
821 5.25564769511 0.337974715527 805
822 2.78575398425 0.064808397085 805
823 5.38502235123 0.244703226478 805
824 3.88231613579 0.224575015522 805
825 6.2166528661 0.513901844063 805
826 4.51462771115 0.526393539878 805
827 5.14994284422 0.477653253256 805
828 5.08500221226 0.112105392048 805
829 5.50472263684 0.118912297751 805
830 3.81118068705 0.174987903285 805
831 3.84913577206 0.0782043736655 805
832 6.89765401441 0.19705572782 805
833 5.18410326213 0.795642776206 805
834 6.18792405642 0.259129402147 805
835 5.06968184297 21.3916078073 805
836 5.16970863202 0.160040448265 805
837 4.17711646734 0.306522375067 805
838 5.64904812641 0.740398148272 805
839 4.42782157798 0.247581806141 805
840 5.86811139543 0.394038081044 805
841 5.02766525333 0.258524749647 805
842 6.58072083123 0.369172248362 805
843 4.62189205274 0.35049360018 805
844 5.60802584282 0.129352328422 805
845 6.84514404846 0.211361682036 805
846 6.58898096005 0.545849701233 805
847 5.27667249003 0.314407893009 805
848 8.06253185758 0.643691970564 805
849 5.046890825 0.144534035462 805
850 5.6436804335 7.43328276267 805
851 5.72716941388 2.11618427217 805
852 6.28552906629 0.166425728434 805
853 4.42855924666 0.0931149685159 805
854 6.18460482359 0.565336045419 805
855 5.86229207282 0.304729937988 805
856 5.81577365286 0.483115475407 805
857 4.7886756355 0.117917351935 805
858 8.16849217357 0.425452760264 805
859 5.08737042999 0.36027944846 805
860 5.28606679736 0.132722381857 805
861 4.56355348633 0.305730787219 805
862 7.07531391637 0.196921107977 805
863 4.29999025895 0.236316590287 805
864 5.76274251654 0.123097178973 805
865 3.76983288315 0.137921689746 805
866 6.006769849 1.47039149905 805
867 4.60476735537 1.97266647657 805
868 4.99151066105 0.199420709716 805
869 4.18128686916 0.432698389117 805
870 7.27769573838 3.53654573222 805
871 4.5628322925 0.206354315189 805
872 3.6160791312 0.115776887819 805
873 4.75146461303 0.173850677492 805
874 3.87241588463 0.130078609979 805
875 6.13036774938 1.6219429252 805
876 5.34912498275 0.946448801336 805
877 5.12928307712 0.131843914343 805
878 6.97792164517 0.156522437249 805
879 4.04354924937 0.645101128541 805
880 4.27370145356 0.162317694508 805
881 5.28882413685 0.116125834991 805
882 4.89802531447 0.229381637504 805
883 5.38958636584 27.0847981884 805
884 5.53267018616 0.257762808269 805
885 5.10972538139 0.122038241528 805
886 4.27792686012 0.452674882693 805
887 5.03462909448 5.79389330547 805
888 5.36805060444 0.28052918465 805
889 5.35765483741 16.3462289093 805
890 6.47808598707 0.149960740507 805
891 4.04317186036 0.0886278851795 805
892 3.49447150917 0.81974090374 805
893 3.16999024425 0.0661063885773 805
894 4.17945672251 0.0993868892421 805
895 4.09221086184 0.0840169956126 805
896 1.99312185208 4.21670007739 805
897 5.7954769357 0.57272199178 805
898 4.61053618891 0.278666187602 805
899 4.56464376689 0.183948328622 805
900 4.793831342 0.11471148264 805
901 6.27865345211 0.305780208113 805
902 4.83978179586 0.156951192188 805
903 2.32632580321 0.0663421153382 805
904 2.8961987488 0.29023291918 805
905 7.24042993395 2.09941981315 805
906 2.38125539845 0.0935034936339 805
907 7.03957322654 0.212537981187 805
908 4.38275386711 0.120331764285 805
909 7.28512515747 0.317842181722 805
910 5.42431746759 0.136623634745 805
911 4.67659002494 0.121400791699 805
912 7.58269559479 0.235384762352 805
913 4.17604620381 9.89457733832 805
914 6.36700788694 0.127371952748 805
915 6.43362598548 0.40228338892 805
916 5.32099831072 0.140128626343 805
917 4.17143634507 0.0864620381378 805
918 5.7962366564 0.143950459158 805
919 5.82824681279 0.165008458843 805
920 5.07270687118 0.104346383355 805
921 3.73882712939 0.217371811316 805
922 4.25474322569 0.0935125429301 805
923 4.92222578028 0.292554073457 805
924 5.10347942144 0.180771926756 805
925 5.46532428163 0.254785767487 805
926 4.82209979335 0.10299148696 805
927 4.09055625278 0.316037350726 805
928 7.00812864668 2.26177115716 805
929 6.28777599032 0.143267604415 805
930 6.15666757671 0.239836276224 805
931 5.69188952228 0.302632803489 805
932 6.66177647162 1.21122295878 805
933 4.00350327895 0.1501362765 805
934 6.65213526774 0.224267554572 805
935 3.9372485959 2.52884706696 805
936 4.30956305795 0.122343210968 805
937 4.42879801122 0.13450974715 805
938 5.21791926397 0.20355174518 805
939 5.02365272462 0.371433055491 805
940 6.35729752185 0.206731917515 805
941 4.74501698744 0.0966537895545 805
942 5.86915274698 0.141079447305 805
943 6.54308856787 0.578224483097 805
944 4.73109406469 0.429034843226 805
945 4.57264794992 0.115070500852 805
946 5.59271222151 0.670210617457 805
947 4.22005563877 0.242609003385 805
948 4.67165534566 0.258712329552 805
949 4.82205733447 0.109647226281 805
950 5.779270097 0.950295353611 805
951 3.45851958329 0.410506627157 805
952 5.41860280625 17.1930912593 805
953 5.87241237516 0.347363154839 805
954 3.65440674694 0.260287238099 805
955 4.22145220587 0.122822688277 805
956 3.29104100662 0.333075159124 805
957 3.39113901697 0.165463510041 805
958 4.84652683708 0.102127454475 805
959 6.04226901627 0.133625878941 805
960 3.30323961548 0.106682277183 805
961 3.74016475697 0.10200592023 805
962 5.76378980632 0.115687002679 805
963 3.26408055215 0.0792184135533 805
964 3.66175080482 0.13465194301 805
965 5.43366900975 0.575896227696 805
966 4.33792982314 0.13050727805 805
967 5.87193415446 0.149784990084 805
968 3.36232277124 0.0948713533687 805
969 6.54941090832 0.4387941052 805
970 4.39537808292 0.157009548221 805
971 4.9293924544 0.24565447165 805
972 5.31659709898 0.23031956829 805
973 3.62694241486 0.081682060174 805
974 3.58057430624 0.519781184067 805
975 2.22808310561 0.0492834267748 805
976 5.30795425444 0.543981769645 805
977 6.53417907814 0.258566128045 805
978 6.24093386609 0.13170458491 805
979 3.88968349734 0.0997368416078 805
980 6.09269508712 0.259343832789 805
981 5.91894068094 0.186537257468 805
982 6.16721528983 0.176208708767 805
983 5.68373127102 0.767810881557 805
984 5.71254698888 1.34072780635 805
985 3.25561973603 0.0697334549889 805
986 5.59869878219 0.183271348819 805
987 7.73646236486 0.168920363963 805
988 5.06702756543 0.114234479435 805
989 3.9884779367 0.379025720565 805
990 5.59404967833 0.239521348047 805
991 6.18522120022 15.3942044136 805
992 7.19999816472 0.956096660845 805
993 4.38902655979 2.06212304928 805
994 5.22988139714 13.3876950024 805
995 2.28167378474 0.065035456902 805
996 5.77921607638 0.186650995959 805
997 5.46302444706 0.161861125158 805
998 4.18852357338 0.165672693018 805
999 6.36346141277 0.346619883604 805
1000 3.96502329053 0.159391430843 805
1001 4.71855137723 0.139903271401 805
1002 3.03911368389 15.6448738364 805
1003 3.99809216401 8.61679301224 805
1004 4.25495843597 0.173861976457 805
1005 6.03950546537 1.92852223995 805
1006 2.59321039933 0.882742625751 806 807,808,809,810,811,812,813,814,815,816,817,818,819,820,821,822,823,824,825,826,827,828,829,830,831,832,833,834,835,836,837,838,839,840,841,842,843,844,845,846,847,848,849,850,851,852,853,854,855,856,857,858,859,860,861,862,863,864,865,866,867,868,869,870,871,872,873,874,875,876,877,878,879,880,881,882,883,884,885,886,887,888,889,890,891,892,893,894,895,896,897,898,899,900,901,902,903,904,905,906,907,908,909,910,911,912,913,914,915,916,917,918,919,920,921,922,923,924,925,926,927,928,929,930,931,932,933,934,935,936,937,938,939,940,941,942,943,944,945,946,947,948,949,950,951,952,953,954,955,956,957,958,959,960,961,962,963,964,965,966,967,968,969,970,971,972,973,974,975,976,977,978,979,980,981,982,983,984,985,986,987,988,989,990,991,992,993,994,995,996,997,998,999,1000,1001,1002,1003,1004,1005
