985,885
986,985 885 895
987,985 885 905
990,985 935
988,985 885 915
991,985 945
989,985 885 925
992,985 955
993,985 965
994,985 975
995,985 886
996,986 995 886 896
997,987 995 886 906
998,988 995 916
999,989 995 926
1000,990 995 936
1001,991 995 946
1002,992 995 956
1003,993 995 966
1004,994 995 976
1005,985 887
1006,986 1005 887 897
1007,987 1005 887 907
1010,990 1005 937
1008,988 1005 887 917
1011,991 1005 947
1009,989 1005 887 927
1012,992 1005 957
1013,993 1005 967
1014,994 1005 977
1015,985 888
1016,986 1015 888 898
1017,987 1015 888 908
1019,989 1015 888 928
1020,990 1015 938
1021,991 1015 948
1018,988 1015 888 918
1022,992 1015 958
1023,993 1015 968
1024,994 1015 978
1025,985 889
1030,990 1025 939
1028,988 1025 889 919
1027,987 1025 889 909
1029,989 1025 889 929
1026,986 1025 889 899
1031,991 1025 949
1032,992 1025 959
1033,993 1025 969
1034,994 1025 979
1035,985 890
1036,986 1035 890 900
1040,990 1035 940
1037,987 1035 890 910
1038,988 1035 890 920
1041,991 1035 950
1039,989 1035 890 930
1042,992 1035 960
1043,993 1035 970
1044,994 1035 980
1045,985 891
1046,986 1045 891 901
1047,987 1045 911
1048,988 1045 921
1049,989 1045 931
1050,990 1045 941
1051,991 1045 951
1052,992 1045 961
1053,993 1045 971
1054,994 1045 981
1055,985 892
1057,987 1055 892 912
1056,986 1055 892 902
1058,988 1055 892 922
1059,989 1055 892 932
1060,990 1055 892 942
1062,992 1055 962
1061,991 1055 952
1063,993 1055 972
1064,994 1055 982
1065,985 893
1067,987 1065 893 913
1073,993 1065 973
1066,986 1065 893 903
1068,988 1065 893 923
1069,989 1065 893 933
1074,994 1065 983
1071,991 1065 893 953
1072,992 1065 893 963
1070,990 1065 893 943
1075,985 894
1076,986 1075 894 904
1078,988 1075 894 924
1077,987 1075 894 914
1081,991 1075 954
1080,990 1075 894 944
1079,989 1075 894 934
1082,992 1075 964
1083,993 1075 974
1084,994 1075 984
1085,996
1086,1085 996 997
1089,1085 1000
1087,1085 996 998
1090,1085 1001
1088,1085 996 999
1091,1085 1002
1092,1085 1003
1093,1085 1004
1094,1085 1006
1095,1086 1094 1006 1007
1096,1087 1094 1006 1008
1101,1092 1094 1013
1098,1089 1094 1006 1010
1097,1088 1094 1006 1009
1100,1091 1094 1006 1012
1099,1090 1094 1006 1011
1102,1093 1094 1014
1103,1085 1016
1105,1087 1103 1016 1018
1104,1086 1103 1016 1017
1106,1088 1103 1016 1019
1107,1089 1103 1016 1020
1109,1091 1103 1022
1108,1090 1103 1016 1021
1110,1092 1103 1023
1111,1093 1103 1024
1112,1085 1026
1114,1087 1112 1026 1028
1113,1086 1112 1026 1027
1115,1088 1112 1026 1029
1117,1090 1112 1031
1116,1089 1112 1026 1030
1118,1091 1112 1032
1119,1092 1112 1033
1120,1093 1112 1034
1121,1085 1036
1122,1086 1121 1036 1037
1123,1087 1121 1036 1038
1124,1088 1121 1036 1039
1125,1089 1121 1040
1126,1090 1121 1041
1127,1091 1121 1042
1128,1092 1121 1043
1129,1093 1121 1044
1130,1085 1046
1131,1086 1130 1046 1047
1133,1088 1130 1046 1049
1134,1089 1130 1050
1132,1087 1130 1046 1048
1135,1090 1130 1051
1136,1091 1130 1052
1137,1092 1130 1053
1138,1093 1130 1054
1139,1085 1056
1140,1086 1139 1056 1057
1141,1087 1139 1056 1058
1143,1089 1139 1060
1142,1088 1139 1056 1059
1144,1090 1139 1061
1145,1091 1139 1062
1146,1092 1139 1063
1147,1093 1139 1064
1148,1085 1066
1149,1086 1148 1066 1067
1152,1089 1148 1070
1150,1087 1148 1066 1068
1151,1088 1148 1066 1069
1153,1090 1148 1071
1154,1091 1148 1072
1155,1092 1148 1073
1156,1093 1148 1074
1157,1085 1076
1159,1087 1157 1076 1078
1158,1086 1157 1076 1077
1160,1088 1157 1076 1079
1161,1089 1157 1080
1162,1090 1157 1081
1163,1091 1157 1082
1164,1092 1157 1083
1165,1093 1157 1084
1166,1095
1169,1166 1095 1098
1167,1166 1095 1096
1170,1166 1099
1168,1166 1095 1097
1171,1166 1100
1172,1166 1101
1173,1166 1102
1174,1166 1104
1175,1167 1174 1104 1105
1178,1170 1174 1104 1108
1177,1169 1174 1104 1107
1179,1171 1174 1109
1176,1168 1174 1104 1106
1180,1172 1174 1110
1181,1173 1174 1111
1182,1166 1113
1183,1167 1182 1113 1114
1184,1168 1182 1113 1115
1185,1169 1182 1113 1116
1186,1170 1182 1117
1187,1171 1182 1118
1188,1172 1182 1119
1189,1173 1182 1120
1190,1166 1122
1192,1168 1190 1122 1124
1193,1169 1190 1122 1125
1191,1167 1190 1122 1123
1196,1172 1190 1128
1195,1171 1190 1122 1127
1194,1170 1190 1122 1126
1197,1173 1190 1129
1198,1166 1131
1199,1167 1198 1131 1132
1200,1168 1198 1131 1133
1202,1170 1198 1131 1135
1203,1171 1198 1136
1201,1169 1198 1131 1134
1204,1172 1198 1137
1205,1173 1198 1138
1206,1166 1140
1208,1168 1206 1140 1142
1211,1171 1206 1145
1210,1170 1206 1140 1144
1209,1169 1206 1140 1143
1207,1167 1206 1140 1141
1212,1172 1206 1146
1213,1173 1206 1147
1214,1166 1149
1217,1169 1214 1149 1152
1216,1168 1214 1149 1151
1215,1167 1214 1149 1150
1219,1171 1214 1154
1218,1170 1214 1149 1153
1220,1172 1214 1155
1221,1173 1214 1156
1222,1166 1158
1224,1168 1222 1158 1160
1223,1167 1222 1158 1159
1225,1169 1222 1158 1161
1227,1171 1222 1163
1226,1170 1222 1158 1162
1228,1172 1222 1164
1229,1173 1222 1165
1230,1175
1232,1230 1175 1177
1231,1230 1175 1176
1234,1230 1179
1233,1230 1175 1178
1235,1230 1180
1236,1230 1181
1237,1230 1183
1239,1232 1237 1183 1185
1240,1233 1237 1183 1186
1238,1231 1237 1183 1184
1242,1235 1237 1188
1241,1234 1237 1183 1187
1243,1236 1237 1189
1244,1230 1191
1245,1231 1244 1191 1192
1247,1233 1244 1191 1194
1248,1234 1244 1195
1246,1232 1244 1191 1193
1249,1235 1244 1196
1250,1236 1244 1197
1251,1230 1199
1252,1231 1251 1199 1200
1253,1232 1251 1199 1201
1254,1233 1251 1199 1202
1255,1234 1251 1199 1203
1256,1235 1251 1199 1204
1257,1236 1251 1205
1258,1230 1207
1259,1231 1258 1207 1208
1260,1232 1258 1207 1209
1262,1234 1258 1211
1261,1233 1258 1207 1210
1263,1235 1258 1212
1264,1236 1258 1213
1265,1230 1215
1266,1231 1265 1215 1216
1267,1232 1265 1215 1217
1268,1233 1265 1215 1218
1269,1234 1265 1215 1219
1270,1235 1265 1215 1220
1271,1236 1265 1221
1272,1230 1223
1273,1231 1272 1223 1224
1274,1232 1272 1223 1225
1276,1234 1272 1223 1227
1277,1235 1272 1228
1275,1233 1272 1223 1226
1278,1236 1272 1229
1279,1238
1283,1279 1242
1281,1279 1238 1240
1282,1279 1238 1241
1280,1279 1238 1239
1284,1279 1243
1285,1279 1245
1287,1281 1285 1245 1247
1288,1282 1285 1245 1248
1286,1280 1239 1285 1245 1246
1289,1283 1285 1249
1290,1284 1285 1250
1291,1279 1252
1294,1282 1291 1252 1255
1293,1281 1291 1252 1254
1292,1280 1291 1252 1253
1295,1283 1291 1256
1296,1284 1291 1257
1297,1279 1259
1298,1280 1297 1259 1260
1299,1281 1297 1259 1261
1301,1283 1297 1259 1263
1300,1282 1297 1259 1262
1303,1279 1266
1302,1284 1297 1259 1264
1304,1280 1303 1266 1267
1305,1281 1303 1266 1268
1308,1284 1303 1271
1306,1282 1303 1266 1269
1307,1283 1303 1266 1270
1309,1279 1273
1311,1281 1309 1273 1275
1310,1280 1309 1273 1274
1312,1282 1309 1273 1276
1313,1283 1309 1273 1277
1315,1286
1314,1284 1309 1273 1278
1316,1315 1286 1287
1317,1315 1286 1288
1318,1315 1286 1289
1320,1315 1292
1319,1315 1286 1290
1321,1316 1287 1320 1292 1293
1322,1317 1288 1320 1292 1294
1323,1318 1289 1320 1292 1295
1324,1319 1290 1320 1296
1325,1315 1298
1327,1317 1325 1298 1300
1326,1316 1325 1298 1299
1328,1318 1325 1298 1301
1330,1315 1304
1329,1319 1325 1298 1302
1331,1316 1330 1304 1305
1333,1318 1330 1304 1307
1332,1317 1330 1304 1306
1334,1319 1330 1308
1335,1315 1310
1339,1319 1335 1314
1336,1316 1335 1310 1311
1337,1317 1335 1310 1312
1338,1318 1335 1310 1313
1340,1321
1341,1340 1321 1322
1342,1340 1321 1323
1343,1340 1321 1324
1344,1340 1326
1345,1341 1322 1344 1326 1327
1346,1342 1323 1344 1326 1328
1348,1340 1331
1347,1343 1324 1344 1326 1329
1349,1341 1348 1331 1332
1350,1342 1348 1331 1333
1351,1343 1348 1331 1334
1352,1340 1336
1356,1345
1355,1343 1352 1336 1339
1353,1341 1352 1336 1337
1354,1342 1352 1336 1338
1357,1356 1345 1346
1359,1356 1345 1349
1358,1356 1345 1347
1361,1358 1347 1359 1349 1351
1362,1356 1353
1360,1357 1346 1359 1349 1350
1363,1357 1362 1353 1354
1364,1358 1347 1362 1353 1355
1365,1360 1350
1366,1365 1350 1361 1351
1367,1365 1350 1363 1354
1368,1366 1361 1367 1354 1364 1355
1369,1368 1355
1371,985
1370,1371
1373,986
1372,1373
1375,987
1374,1375
1377,988
1376,1377
1379,989
1378,1379
1381,990
1380,1381
1383,991
1382,1383
1385,992
1384,1385
1387,993
1386,1387
1389,994
1388,1389
1391,995
1390,1391
1393,1085
1392,1393
1395,1086
1394,1395
1397,1087
1396,1397
1399,1088
1398,1399
1401,1089
1400,1401
1403,1090
1402,1403
1405,1091
1404,1405
1407,1092
1406,1407
1409,1093
1408,1409
1411,1005
1410,1411
1413,1094
1412,1413
1415,1166
1414,1415
1417,1167
1416,1417
1419,1168
1418,1419
1421,1169
1420,1421
1423,1170
1422,1423
1425,1171
1424,1425
1427,1172
1426,1427
1429,1173
1428,1429
1431,1015
1430,1431
1433,1103
1432,1433
1435,1174
1434,1435
1437,1230
1436,1437
1439,1231
1438,1439
1441,1232
1440,1441
1443,1233
1442,1443
1445,1234
1444,1445
1447,1235
1446,1447
1449,1236
1448,1449
1451,1025
1450,1451
1453,1112
1452,1453
1455,1182
1454,1455
1457,1237
1456,1457
1459,1279
1458,1459
1461,1280
1460,1461
1463,1281
1462,1463
1465,1282
1464,1465
1467,1283
1466,1467
1469,1284
1468,1469
1471,1035
1470,1471
1473,1121
1472,1473
1475,1190
1474,1475
1477,1244
1476,1477
1479,1285
1478,1479
1481,1315
1480,1481
1483,1316
1482,1483
1485,1317
1484,1485
1487,1318
1486,1487
1489,1319
1488,1489
1491,1045
1490,1491
1493,1130
1492,1493
1495,1198
1494,1495
1497,1251
1496,1497
1499,1291
1498,1499
1501,1320
1500,1501
1503,1340
1502,1503
1505,1341
1504,1505
1507,1342
1506,1507
1509,1343
1508,1509
1511,1055
1510,1511
1513,1139
1512,1513
1515,1206
1514,1515
1517,1258
1516,1517
1519,1297
1518,1519
1521,1325
1520,1521
1523,1344
1522,1523
1525,1356
1524,1525
1527,1357
1526,1527
1529,1358
1528,1529
1531,1065
1530,1531
1533,1148
1532,1533
1535,1214
1534,1535
1537,1265
1536,1537
1539,1303
1538,1539
1541,1330
1540,1541
1543,1348
1542,1543
1545,1359
1544,1545
1547,1365
1546,1547
1549,1366
1548,1549
1551,1075
1550,1551
1553,1157
1552,1553
1555,1222
1554,1555
1557,1272
1556,1557
1559,1309
1558,1559
1561,1335
1560,1561
1563,1352
1562,1563
1565,1362
1564,1565
1567,1367
1566,1567
1569,1369
1568,1569
