5270,4870
5272,5270 4870 4910
5273,5270 4870 4930
5271,5270 4870 4890
5276,5270 4870 4990
5274,5270 4870 4950
5275,5270 4870 4970
5286,5270 5190
5285,5270 5170
5282,5270 5110
5277,5270 4870 5010
5284,5270 5150
5279,5270 4870 5050
5278,5270 4870 5030
5288,5270 5230
5280,5270 4870 5070
5283,5270 5130
5287,5270 5210
5281,5270 4870 5090
5289,5270 5250
5290,5270 4871
5310,5270 4872
5291,5271 5290 4871 4891
5294,5274 5290 4871 4951
5293,5273 5290 4871 4931
5292,5272 5290 4871 4911
5311,5271 5310 4872 4892
5322,5282 5310 5112
5312,5272 5310 4872 4912
5295,5275 4970 5290 4871 4971
5324,5284 5310 5152
5313,5273 5310 4872 4932
5327,5287 5310 5212
5328,5288 5310 5232
5314,5274 5310 4872 4952
5325,5285 5310 5172
5296,5276 5290 4871 4991
5315,5275 5310 4872 4972
5316,5276 5310 4872 4992
5317,5277 5310 4872 5012
5298,5278 5030 5290 4871 5031
5318,5278 5310 4872 5032
5319,5279 5310 4872 5052
5320,5280 5310 4872 5072
5297,5277 5010 5290 4871 5011
5321,5281 5310 4872 5092
5323,5283 5310 5132
5330,5270 4873
5329,5289 5310 5252
5299,5279 5050 5290 4871 5051
5300,5280 5070 5290 4871 5071
5331,5271 5330 4873 4893
5349,5289 5330 5253
5333,5273 5330 4873 4933
5332,5272 5330 4873 4913
5301,5281 5090 5290 4871 5091
5334,5274 5330 4873 4953
5335,5275 5330 4873 4973
5336,5276 5330 4873 4993
5347,5287 5330 5213
5337,5277 5330 4873 5013
5338,5278 5330 4873 5033
5302,5282 5290 4871 5111
5339,5279 5330 4873 5053
5350,5270 4874
5303,5283 5130 5290 4871 5131
5340,5280 5330 4873 5073
5366,5286 5350 5194
5341,5281 5330 4873 5093
5351,5271 5350 4874 4894
5304,5284 5290 4871 5151
5342,5282 5330 4873 5113
5343,5283 5330 4873 5133
5344,5284 5330 4873 5153
5368,5288 5350 5234
5352,5272 5350 4874 4914
5345,5285 5330 4873 5173
5305,5285 5290 4871 5171
5346,5286 5330 4873 5193
5367,5287 5350 5214
5353,5273 5350 4874 4934
5307,5287 5210 5290 4871 5211
5309,5289 5250 5290 4871 5251
5306,5286 5290 4871 5191
5326,5286 5310 5192
5308,5288 5290 4871 5231
5354,5274 5350 4874 4954
5348,5288 5330 5233
5369,5289 5350 5254
5356,5276 5350 4874 4994
5358,5278 5350 4874 5034
5355,5275 5350 4874 4974
5357,5277 5350 4874 5014
5359,5279 5350 4874 5054
5360,5280 5350 4874 5074
5361,5281 5350 4874 5094
5364,5284 5350 4874 5154
5363,5283 5350 4874 5134
5362,5282 5350 4874 5114
5365,5285 5350 4874 5174
5390,5270 4876
5391,5271 5390 4876 4896
5405,5285 5390 5176
5392,5272 5390 4876 4916
5394,5274 5390 4876 4956
5393,5273 5390 4876 4936
5404,5284 5390 5156
5370,5270 4875
5406,5286 5390 5196
5395,5275 5390 4876 4976
5407,5287 5390 5216
5371,5271 5370 4875 4895
5372,5272 5370 4875 4915
5408,5288 5390 5236
5396,5276 5390 4876 4996
5374,5274 5370 4875 4955
5373,5273 5370 4875 4935
5375,5275 5370 4875 4975
5397,5277 5390 4876 5016
5376,5276 5370 4875 4995
5377,5277 5370 4875 5015
5410,5270 4877
5379,5279 5370 4875 5055
5398,5278 5390 4876 5036
5378,5278 5370 4875 5035
5380,5280 5370 4875 5075
5411,5271 5410 4877 4897
5399,5279 5390 4876 5056
5429,5289 5410 5257
5381,5281 5370 4875 5095
5382,5282 5370 4875 5115
5412,5272 5410 4877 4917
5400,5280 5390 4876 5076
5383,5283 5370 4875 5135
5385,5285 5370 4875 5175
5413,5273 5410 4877 4937
5401,5281 5390 4876 5096
5384,5284 5370 4875 5155
5386,5286 5370 4875 5195
5387,5287 5370 4875 5215
5414,5274 5410 4877 4957
5430,5270 4878
5402,5282 5390 4876 5116
5388,5288 5370 4875 5235
5389,5289 5370 4875 5255
5415,5275 5410 4877 4977
5403,5283 5390 4876 5136
5416,5276 5410 4877 4997
5431,5271 5430 4878 4898
5450,5270 4879
5409,5289 5390 5256
5417,5277 5410 4877 5017
5418,5278 5410 4877 5037
5462,5282 5450 5119
5451,5271 5450 4879 4899
5419,5279 5410 4877 5057
5420,5280 5410 4877 5077
5432,5272 5430 4878 4918
5463,5283 5450 5139
5421,5281 5410 4877 5097
5452,5272 5450 4879 4919
5422,5282 5410 4877 5117
5469,5289 5450 5259
5468,5288 5450 5239
5467,5287 5450 5219
5433,5273 5430 4878 4938
5453,5273 5450 4879 4939
5423,5283 5410 4877 5137
5424,5284 5410 4877 5157
5425,5285 5410 4877 5177
5427,5287 5410 4877 5217
5454,5274 5450 4879 4959
5428,5288 5410 4877 5237
5426,5286 5410 4877 5197
5434,5274 5430 4878 4958
5464,5284 5450 5159
5455,5275 5450 4879 4979
5456,5276 5450 4879 4999
5458,5278 5450 4879 5039
5457,5277 5450 4879 5019
5459,5279 5450 4879 5059
5460,5280 5450 4879 5079
5435,5275 5430 4878 4978
5461,5281 5450 4879 5099
5470,5270 4880
5465,5285 5450 5179
5471,5271 5470 4880 4900
5472,5272 5470 4880 4920
5473,5273 5470 4880 4940
5436,5276 5430 4878 4998
5475,5275 5470 4880 4980
5474,5274 5470 4880 4960
5476,5276 5470 4880 5000
5477,5277 5470 4880 5020
5490,5270 4881
5478,5278 5470 4880 5040
5437,5277 5430 4878 5018
5480,5280 5470 4880 5080
5481,5281 5470 4880 5100
5491,5271 5490 4881 4901
5479,5279 5470 4880 5060
5482,5282 5470 4880 5120
5483,5283 5470 4880 5140
5484,5284 5470 4880 5160
5492,5272 5490 4881 4921
5438,5278 5430 4878 5038
5485,5285 5470 4880 5180
5486,5286 5470 4880 5200
5487,5287 5470 4880 5220
5493,5273 5490 4881 4941
5488,5288 5470 4880 5240
5489,5289 5470 4880 5260
5439,5279 5430 4878 5058
5494,5274 5490 4881 4961
5495,5275 5490 4881 4981
5496,5276 5490 4881 5001
5510,5270 4882
5497,5277 5490 4881 5021
5498,5278 5490 4881 5041
5499,5279 5490 4881 5061
5440,5280 5430 4878 5078
5500,5280 5490 4881 5081
5511,5271 5510 4882 4902
5530,5270 4883
5501,5281 5490 4881 5101
5502,5282 5490 4881 5121
5441,5281 5430 4878 5098
5503,5283 5490 4881 5141
5531,5271 5530 4883 4903
5544,5284 5530 5163
5504,5284 5490 4881 5161
5512,5272 5510 4882 4922
5545,5285 5530 5183
5532,5272 5530 4883 4923
5505,5285 5490 4881 5181
5442,5282 5430 4878 5118
5513,5273 5510 4882 4942
5506,5286 5490 4881 5201
5533,5273 5530 4883 4943
5507,5287 5490 4881 5221
5550,5270 4884
5508,5288 5490 4881 5241
5443,5283 5430 4878 5138
5534,5274 5530 4883 4963
5514,5274 5510 4882 4962
5546,5286 5530 5203
5551,5271 5550 4884 4904
5562,5282 5550 5124
5535,5275 5530 4883 4983
5563,5283 5550 5144
5552,5272 5550 4884 4924
5444,5284 5430 4878 5158
5515,5275 5510 4882 4982
5568,5288 5550 5244
5536,5276 5530 4883 5003
5569,5289 5550 5264
5553,5273 5550 4884 4944
5446,5286 5430 4878 5198
5537,5277 5530 4883 5023
5516,5276 5510 4882 5002
5445,5285 5430 4878 5178
5447,5287 5430 4878 5218
5554,5274 5550 4884 4964
5448,5288 5430 4878 5238
5538,5278 5530 4883 5043
5555,5275 5550 4884 4984
5517,5277 5510 4882 5022
5466,5286 5450 5199
5449,5289 5430 4878 5258
5509,5289 5490 5261
5539,5279 5530 4883 5063
5556,5276 5550 4884 5004
5547,5287 5530 5223
5518,5278 5510 4882 5042
5540,5280 5530 4883 5083
5557,5277 5550 4884 5024
5564,5284 5550 5164
5519,5279 5510 4882 5062
5541,5281 5530 4883 5103
5520,5280 5510 4882 5082
5558,5278 5550 4884 5044
5570,5270 4885
5522,5282 5510 4882 5122
5542,5282 5530 4883 5123
5521,5281 5510 4882 5102
5559,5279 5550 4884 5064
5571,5271 5570 4885 4905
5524,5284 5510 4882 5162
5523,5283 5510 4882 5142
5543,5283 5530 4883 5143
5560,5280 5550 4884 5084
5572,5272 5570 4885 4925
5525,5285 5510 4882 5182
5526,5286 5510 4882 5202
5549,5289 5530 5263
5527,5287 5510 4882 5222
5561,5281 5550 4884 5104
5573,5273 5570 4885 4945
5529,5289 5510 4882 5262
5566,5286 5550 5204
5528,5288 5510 4882 5242
5567,5287 5550 5224
5548,5288 5530 5243
5574,5274 5570 4885 4965
5565,5285 5550 5184
5575,5275 5570 4885 4985
5577,5277 5570 4885 5025
5578,5278 5570 4885 5045
5576,5276 5570 4885 5005
5579,5279 5570 4885 5065
5610,5270 4887
5580,5280 5570 4885 5085
5611,5271 5610 4887 4907
5612,5272 5610 4887 4927
5581,5281 5570 4885 5105
5613,5273 5610 4887 4947
5630,5270 4888
5590,5270 4886
5615,5275 5610 4887 4987
5582,5282 5570 4885 5125
5614,5274 5610 4887 4967
5631,5271 5630 4888 4908
5591,5271 5590 4886 4906
5616,5276 5610 4887 5007
5583,5283 5570 4885 5145
5632,5272 5630 4888 4928
5646,5286 5630 5208
5648,5288 5630 5248
5592,5272 5590 4886 4926
5584,5284 5570 4885 5165
5617,5277 5610 4887 5027
5633,5273 5630 4888 4948
5593,5273 5590 4886 4946
5618,5278 5610 4887 5047
5619,5279 5610 4887 5067
5585,5285 5570 4885 5185
5594,5274 5590 4886 4966
5634,5274 5630 4888 4968
5595,5275 5590 4886 4986
5621,5281 5610 4887 5107
5586,5286 5570 4885 5205
5635,5275 5630 4888 4988
5620,5280 5610 4887 5087
5597,5277 5590 4886 5026
5596,5276 5590 4886 5006
5622,5282 5610 4887 5127
5587,5287 5570 4885 5225
5636,5276 5630 4888 5008
5598,5278 5590 4886 5046
5623,5283 5610 4887 5147
5624,5284 5610 4887 5167
5588,5288 5570 4885 5245
5637,5277 5630 4888 5028
5599,5279 5590 4886 5066
5600,5280 5590 4886 5086
5626,5286 5610 4887 5207
5589,5289 5570 4885 5265
5625,5285 5610 4887 5187
5638,5278 5630 4888 5048
5601,5281 5590 4886 5106
5647,5287 5630 5228
5627,5287 5610 4887 5227
5645,5285 5630 5188
5639,5279 5630 4888 5068
5602,5282 5590 4886 5126
5628,5288 5610 4887 5247
5629,5289 5610 4887 5267
5640,5280 5630 4888 5088
5603,5283 5590 4886 5146
5604,5284 5590 4886 5166
5641,5281 5630 4888 5108
5649,5289 5630 5268
5642,5282 5630 4888 5128
5670,5291
5606,5286 5590 4886 5206
5643,5283 5630 4888 5148
5605,5285 5590 4886 5186
5644,5284 5630 4888 5168
5607,5287 5590 4886 5226
5671,5670 5291 5292
5672,5670 5291 5293
5608,5288 5590 4886 5246
5650,5270 4889
5674,5670 5291 5295
5673,5670 5291 5294
5651,5271 5650 4889 4909
5652,5272 5650 4889 4929
5708,5670 5331
5609,5289 5590 4886 5266
5654,5274 5650 4889 4969
5675,5670 5291 5296
5655,5275 5650 4889 4989
5653,5273 5650 4889 4949
5709,5671 5292 5708 5331 5332
5657,5277 5650 4889 5029
5658,5278 5650 4889 5049
5656,5276 5650 4889 5009
5676,5670 5291 5297
5710,5672 5293 5708 5331 5333
5659,5279 5650 4889 5069
5660,5280 5650 4889 5089
5661,5281 5650 4889 5109
5711,5673 5294 5708 5331 5334
5677,5670 5291 5298
5663,5283 5650 4889 5149
5662,5282 5650 4889 5129
5664,5284 5650 4889 5169
5712,5674 5295 5708 5331 5335
5665,5285 5650 4889 5189
5667,5287 5650 4889 5229
5678,5670 5291 5299
5666,5286 5650 4889 5209
5668,5288 5650 4889 5249
5727,5670 5351
5669,5289 5650 4889 5269
5679,5670 5291 5300
5746,5670 5371
5681,5670 5291 5302
5680,5670 5291 5301
5682,5670 5291 5303
5728,5671 5727 5351 5352
5747,5671 5746 5371 5372
5683,5670 5291 5304
5719,5681 5302 5708 5331 5342
5720,5682 5303 5708 5331 5343
5748,5672 5746 5371 5373
5718,5680 5301 5708 5331 5341
5729,5672 5727 5351 5353
5738,5681 5302 5727 5351 5362
5739,5682 5303 5727 5351 5363
5684,5670 5291 5305
5749,5673 5746 5371 5374
5737,5680 5301 5727 5351 5361
5757,5681 5302 5746 5371 5382
5758,5682 5303 5746 5383
5730,5673 5727 5351 5354
5750,5674 5746 5371 5375
5685,5670 5291 5306
5756,5680 5301 5746 5371 5381
5751,5675 5746 5371 5376
5686,5670 5291 5307
5731,5674 5727 5351 5355
5687,5670 5291 5308
5752,5676 5746 5371 5377
5765,5670 5391
5724,5686 5307 5708 5331 5347
5753,5677 5746 5371 5378
5766,5671 5765 5391 5392
5743,5686 5307 5727 5351 5367
5732,5675 5727 5351 5356
5688,5670 5291 5309
5767,5672 5765 5391 5393
5762,5686 5307 5746 5387
5754,5678 5746 5371 5379
5784,5670 5411
5733,5676 5297 5727 5351 5357
5713,5675 5296 5708 5331 5336
5768,5673 5765 5391 5394
5755,5679 5300 5746 5371 5380
5785,5671 5784 5411 5412
5714,5676 5297 5708 5331 5337
5769,5674 5765 5391 5395
5689,5670 5291 5311
5734,5677 5298 5727 5351 5358
5786,5672 5784 5411 5413
5770,5675 5765 5391 5396
5715,5677 5298 5708 5331 5338
5716,5678 5299 5708 5331 5339
5735,5678 5299 5727 5351 5359
5803,5670 5431
5771,5676 5765 5391 5397
5717,5679 5300 5708 5331 5340
5736,5679 5300 5727 5351 5360
5787,5673 5784 5411 5414
5804,5671 5803 5431 5432
5772,5677 5765 5391 5398
5721,5683 5304 5708 5331 5344
5740,5683 5304 5727 5351 5364
5788,5674 5784 5411 5415
5805,5672 5803 5431 5433
5773,5678 5765 5391 5399
5759,5683 5304 5746 5384
5722,5684 5305 5708 5331 5345
5806,5673 5803 5431 5434
5774,5679 5765 5391 5400
5741,5684 5305 5727 5351 5365
5789,5675 5784 5411 5416
5760,5684 5305 5746 5385
5807,5674 5803 5431 5435
5822,5670 5451
5775,5680 5765 5391 5401
5723,5685 5306 5708 5331 5346
5742,5685 5306 5727 5351 5366
5790,5676 5784 5411 5417
5808,5675 5803 5431 5436
5776,5681 5765 5391 5402
5761,5685 5306 5746 5386
5725,5687 5308 5708 5348
5823,5671 5822 5451 5452
5791,5677 5784 5411 5418
5809,5676 5803 5431 5437
5777,5682 5765 5391 5403
5744,5687 5308 5727 5351 5368
5763,5687 5308 5746 5388
5810,5677 5803 5431 5438
5778,5683 5765 5391 5404
5726,5688 5309 5708 5349
5745,5688 5309 5727 5351 5369
5824,5672 5822 5451 5453
5792,5678 5784 5411 5419
5811,5678 5803 5431 5439
5779,5684 5765 5391 5405
5764,5688 5309 5746 5389
5783,5688 5309 5765 5391 5409
5793,5679 5784 5411 5420
5825,5673 5822 5451 5454
5812,5679 5803 5431 5440
5780,5685 5306 5765 5391 5406
5802,5688 5784 5429
5690,5671 5292 5689 5311 5312
5781,5686 5307 5765 5391 5407
5813,5680 5803 5431 5441
5794,5680 5784 5411 5421
5691,5672 5293 5689 5311 5313
5692,5673 5294 5689 5311 5314
5826,5674 5822 5451 5455
5782,5687 5308 5765 5391 5408
5814,5681 5803 5431 5442
5693,5674 5295 5689 5311 5315
5795,5681 5784 5411 5422
5827,5675 5822 5451 5456
5694,5675 5296 5689 5311 5316
5815,5682 5803 5431 5443
5879,5670 5511
5796,5682 5784 5411 5423
5695,5676 5297 5689 5311 5317
5816,5683 5803 5431 5444
5828,5676 5822 5451 5457
5860,5670 5491
5880,5671 5879 5511 5512
5696,5677 5298 5689 5311 5318
5817,5684 5803 5431 5445
5797,5683 5784 5411 5424
5881,5672 5879 5511 5513
5861,5671 5860 5491 5492
5697,5678 5299 5689 5311 5319
5818,5685 5803 5431 5446
5829,5677 5822 5451 5458
5882,5673 5879 5511 5514
5862,5672 5860 5491 5493
5798,5684 5784 5411 5425
5698,5679 5300 5689 5311 5320
5819,5686 5803 5431 5447
5883,5674 5879 5511 5515
5863,5673 5860 5491 5494
5830,5678 5822 5451 5459
5799,5685 5784 5411 5426
5699,5680 5301 5689 5311 5321
5820,5687 5803 5431 5448
5884,5675 5879 5511 5516
5864,5674 5860 5491 5495
5700,5681 5302 5689 5311 5322
5821,5688 5803 5431 5449
5831,5679 5822 5451 5460
5800,5686 5784 5411 5427
5885,5676 5879 5511 5517
5701,5682 5303 5689 5311 5323
5895,5686 5879 5527
5886,5677 5879 5511 5518
5832,5680 5822 5451 5461
5801,5687 5784 5411 5428
5702,5683 5304 5689 5311 5324
5898,5670 5531
5833,5681 5822 5451 5462
5887,5678 5879 5511 5519
5703,5684 5305 5689 5311 5325
5865,5675 5860 5491 5496
5835,5683 5822 5451 5464
5834,5682 5822 5451 5463
5888,5679 5879 5511 5520
5704,5685 5306 5689 5311 5326
5866,5676 5860 5491 5497
5836,5684 5822 5451 5465
5889,5680 5879 5511 5521
5837,5685 5822 5451 5466
5705,5686 5307 5689 5311 5327
5867,5677 5860 5491 5498
5838,5686 5822 5451 5467
5890,5681 5879 5511 5522
5841,5670 5471
5868,5678 5860 5491 5499
5706,5687 5308 5689 5311 5328
5840,5688 5822 5451 5469
5839,5687 5822 5451 5468
5891,5682 5879 5511 5523
5897,5688 5879 5529
5707,5688 5309 5689 5311 5329
5869,5679 5860 5491 5500
5892,5683 5879 5511 5524
5896,5687 5879 5528
5894,5685 5879 5526
5870,5680 5860 5491 5501
5842,5671 5841 5471 5472
5893,5684 5879 5511 5525
5955,5670 5591
5871,5681 5860 5491 5502
5843,5672 5841 5471 5473
5844,5673 5841 5471 5474
5956,5671 5955 5591 5592
5872,5682 5860 5491 5503
5936,5670 5571
5972,5687 5955 5608
5957,5672 5955 5591 5593
5917,5670 5551
5845,5674 5841 5471 5475
5873,5683 5860 5491 5504
5937,5671 5936 5571 5572
5958,5673 5955 5591 5594
5918,5671 5917 5551 5552
5874,5684 5860 5491 5505
5846,5675 5841 5471 5476
5847,5676 5841 5471 5477
5938,5672 5936 5571 5573
5919,5672 5917 5551 5553
5959,5674 5955 5591 5595
5875,5685 5860 5491 5506
5939,5673 5936 5571 5574
5849,5678 5841 5471 5479
5920,5673 5917 5551 5554
5960,5675 5955 5591 5596
5848,5677 5841 5471 5478
5876,5686 5860 5491 5507
5940,5674 5936 5571 5575
5961,5676 5955 5591 5597
5921,5674 5917 5551 5555
5877,5687 5860 5491 5508
5850,5679 5841 5471 5480
5851,5680 5841 5471 5481
5941,5675 5936 5571 5576
5922,5675 5917 5551 5556
5962,5677 5955 5591 5598
5878,5688 5860 5491 5509
5942,5676 5936 5571 5577
5852,5681 5841 5471 5482
5923,5676 5917 5551 5557
5963,5678 5955 5591 5599
5853,5682 5841 5471 5483
5899,5671 5898 5531 5532
5943,5677 5936 5571 5578
5924,5677 5917 5551 5558
5964,5679 5955 5591 5600
5854,5683 5841 5471 5484
5900,5672 5898 5531 5533
5944,5678 5936 5571 5579
5855,5684 5841 5471 5485
5925,5678 5917 5551 5559
5965,5680 5955 5591 5601
5901,5673 5898 5531 5534
5856,5685 5841 5471 5486
5945,5679 5936 5571 5580
5926,5679 5917 5551 5560
5902,5674 5898 5531 5535
5966,5681 5955 5591 5602
5857,5686 5841 5471 5487
5946,5680 5936 5571 5581
5927,5680 5917 5551 5561
5858,5687 5841 5471 5488
5903,5675 5898 5531 5536
5967,5682 5955 5591 5603
5947,5681 5936 5571 5582
5859,5688 5841 5471 5489
5928,5681 5917 5551 5562
5904,5676 5898 5531 5537
5968,5683 5955 5591 5604
5973,5688 5955 5609
5948,5682 5936 5571 5583
5929,5682 5917 5551 5563
5906,5678 5898 5531 5539
5969,5684 5955 5591 5605
5905,5677 5898 5531 5538
5949,5683 5936 5571 5584
5907,5679 5898 5531 5540
5930,5683 5917 5551 5564
5908,5680 5898 5531 5541
5970,5685 5955 5591 5606
5950,5684 5936 5571 5585
5931,5684 5917 5551 5565
5909,5681 5898 5531 5542
5911,5683 5898 5531 5544
5971,5686 5955 5591 5607
5910,5682 5898 5531 5543
5951,5685 5936 5571 5586
5932,5685 5917 5551 5566
5913,5685 5898 5531 5546
5912,5684 5898 5531 5545
5952,5686 5936 5571 5587
5914,5686 5898 5531 5547
5933,5686 5917 5551 5567
5915,5687 5898 5531 5548
6031,5690
5953,5687 5936 5571 5588
5934,5687 5917 5551 5568
5916,5688 5898 5531 5549
5935,5688 5917 5551 5569
5954,5688 5936 5571 5589
6032,6031 5690 5691
6033,6031 5690 5692
6034,6031 5690 5693
5974,5670 5611
6035,6031 5690 5694
5993,5670 5631
6036,6031 5690 5695
5994,5671 5993 5631 5632
6037,6031 5690 5696
5975,5671 5974 5611 5612
6038,6031 5690 5697
5995,5672 5993 5631 5633
6012,5670 5651
5996,5673 5993 5631 5634
6039,6031 5690 5698
5997,5674 5993 5631 5635
5976,5672 5974 5611 5613
6040,6031 5690 5699
5998,5675 5993 5631 5636
5999,5676 5993 5631 5637
6041,6031 5690 5700
6000,5677 5993 5631 5638
5977,5673 5974 5611 5614
6042,6031 5690 5701
6001,5678 5993 5631 5639
6002,5679 5993 5631 5640
6043,6031 5690 5702
6003,5680 5993 5631 5641
5978,5674 5974 5611 5615
6085,6031 5747
6044,6031 5690 5703
6004,5681 5993 5631 5642
6045,6031 5690 5704
6005,5682 5993 5631 5643
5979,5675 5974 5611 5616
6013,5671 6012 5651 5652
6046,6031 5690 5705
6099,6045 5704 6085 5747 5761
6121,6031 5785
6006,5683 5993 5631 5644
5980,5676 5974 5611 5617
6014,5672 6012 5651 5653
6047,6031 5690 5706
6122,6032 6121 5785 5786
6007,5684 5993 5631 5645
6048,6031 5690 5707
5981,5677 5974 5611 5618
6123,6033 6121 5785 5787
6008,5685 5993 5631 5646
6134,6044 6121 5798
6015,5673 6012 5651 5654
6124,6034 6121 5785 5788
6009,5686 5993 5631 5647
5982,5678 5974 5611 5619
6102,6048 5707 6085 5747 5764
6049,6031 5690 5709
6016,5674 6012 5651 5655
6125,6035 6121 5785 5789
6010,5687 5993 5631 5648
6138,6048 5707 6121 5802
5983,5679 5974 5611 5620
6126,6036 6121 5785 5790
6011,5688 5993 5631 5649
6098,6044 5703 6085 5747 5760
6017,5675 6012 5651 5656
6127,6037 6121 5785 5791
6133,6043 6121 5797
5984,5680 5974 5611 5621
6067,6031 5690 5728
6100,6046 5705 6085 5747 5762
6128,6038 6121 5785 5792
6018,5676 6012 5651 5657
6135,6045 6121 5799
6101,6047 5706 6085 5747 5763
6137,6047 5706 6121 5801
5985,5681 5974 5611 5622
6129,6039 6121 5785 5793
6050,6032 5691 6049 5709 5710
6051,6033 5692 6049 5709 5711
6052,6034 5693 6049 5709 5712
6019,5677 6012 5651 5658
5986,5682 5974 5611 5623
6130,6040 6121 5785 5794
6053,6035 5694 6049 5709 5713
6054,6036 5695 6049 5709 5714
6131,6041 6121 5785 5795
6020,5678 6012 5651 5659
5987,5683 5974 5611 5624
6055,6037 5696 6049 5709 5715
6056,6038 5697 6049 5709 5716
6175,6031 5842
6132,6042 6121 5785 5796
6057,6039 5698 6049 5709 5717
6189,6045 6175 5856
6176,6032 6175 5842 5843
6021,5679 6012 5651 5660
5988,5684 5974 5611 5625
6058,6040 5699 6049 5709 5718
6177,6033 6175 5842 5844
6059,6041 5700 6049 5709 5719
5989,5685 5974 5611 5626
6022,5680 6012 5651 5661
6060,6042 5701 6049 5709 5720
6157,6031 5823
6178,6034 6175 5842 5845
6061,6043 5702 6049 5709 5721
6062,6044 5703 6049 5709 5722
5990,5686 5974 5611 5627
6179,6035 6175 5842 5846
6063,6045 5704 6049 5709 5723
6023,5681 6012 5651 5662
6180,6036 6175 5842 5847
6064,6046 5705 6049 5709 5724
6065,6047 5706 6049 5709 5725
5991,5687 5974 5611 5628
6193,6031 5861
6024,5682 6012 5651 5663
6181,6037 6175 5842 5848
6066,6048 5707 6049 5709 5726
6068,6032 5691 6067 5728 5729
6158,6032 6157 5823 5824
5992,5688 5974 5611 5629
6182,6038 6175 5842 5849
6069,6033 5692 6067 5728 5730
6070,6034 5693 6067 5728 5731
6025,5683 6012 5651 5664
6159,6033 6157 5823 5825
6183,6039 6175 5842 5850
6071,6035 5694 6067 5728 5732
6160,6034 6157 5823 5826
6026,5684 6012 5651 5665
6184,6040 6175 5842 5851
6072,6036 5695 6067 5728 5733
6161,6035 6157 5823 5827
6229,6031 5899
6185,6041 6175 5842 5852
6073,6037 5696 6067 5728 5734
6027,5685 6012 5651 5666
6103,6031 5766
6162,6036 6157 5823 5828
6230,6032 6229 5899 5900
6186,6042 6175 5842 5853
6074,6038 5697 6067 5728 5735
6163,6037 6157 5823 5829
6231,6033 6229 5899 5901
6187,6043 6175 5842 5854
6028,5686 6012 5651 5667
6075,6039 5698 6067 5728 5736
6164,6038 6157 5823 5830
6232,6034 6229 5899 5902
6188,6044 6175 5842 5855
6076,6040 5699 6067 5728 5737
6029,5687 6012 5651 5668
6165,6039 6157 5823 5831
6233,6035 6229 5899 5903
6139,6031 5804
6077,6041 5700 6067 5728 5738
6166,6040 6157 5823 5832
6234,6036 6229 5899 5904
6030,5688 6012 5651 5669
6078,6042 5701 6067 5728 5739
6211,6031 5880
6192,6048 6175 5859
6167,6041 6157 5823 5833
6235,6037 6229 5899 5905
6079,6043 5702 6067 5728 5740
6245,6047 6229 5915
6086,6032 6085 5747 5748
6168,6042 6157 5823 5834
6236,6038 6229 5899 5906
6243,6045 6229 5913
6080,6044 5703 6067 5728 5741
6212,6032 6211 5880 5881
6237,6039 6229 5899 5907
6169,6043 6157 5823 5835
6087,6033 6085 5747 5749
6081,6045 5704 6067 5728 5742
6104,6032 6103 5766 5767
6213,6033 6211 5880 5882
6238,6040 6229 5899 5908
6170,6044 6157 5823 5836
6082,6046 5705 6067 5728 5743
6214,6034 6211 5880 5883
6239,6041 6229 5899 5909
6088,6034 5693 6085 5747 5750
6171,6045 6157 5823 5837
6105,6033 6103 5766 5768
6083,6047 5706 6067 5728 5744
6215,6035 6211 5880 5884
6240,6042 6229 5899 5910
6172,6046 6157 5823 5838
6089,6035 5694 6085 5747 5751
6106,6034 6103 5766 5769
6084,6048 5707 6067 5728 5745
6216,6036 6211 5880 5885
6246,6048 6229 5916
6173,6047 6157 5823 5839
6190,6046 6175 5857
6217,6037 6211 5880 5886
6241,6043 6229 5911
6174,6048 6157 5823 5840
6107,6035 6103 5766 5770
6090,6036 5695 6085 5747 5752
6218,6038 6211 5880 5887
6194,6032 6193 5861 5862
6091,6037 5696 6085 5747 5753
6108,6036 6103 5766 5771
6092,6038 5697 6085 5747 5754
6219,6039 6211 5880 5888
6195,6033 6193 5861 5863
6093,6039 5698 6085 5747 5755
6247,6031 5918
6109,6037 6103 5766 5772
6220,6040 6211 5880 5889
6196,6034 6193 5861 5864
6248,6032 6247 5918 5919
6094,6040 5699 6085 5747 5756
6249,6033 6247 5918 5920
6197,6035 6193 5861 5865
6221,6041 6211 5880 5890
6250,6034 6247 5918 5921
6110,6038 6103 5766 5773
6251,6035 6247 5918 5922
6095,6041 5700 6085 5747 5757
6198,6036 6193 5861 5866
6222,6042 6211 5880 5891
6252,6036 6247 5918 5923
6253,6037 6247 5918 5924
6111,6039 6103 5766 5774
6199,6037 6193 5861 5867
6223,6043 6211 5880 5892
6096,6042 5701 6085 5747 5758
6254,6038 6247 5918 5925
6200,6038 6193 5861 5868
6112,6040 6103 5766 5775
6224,6044 6211 5880 5893
6255,6039 6247 5918 5926
6337,6031 6013
6097,6043 5702 6085 5747 5759
6201,6039 6193 5861 5869
6225,6045 6211 5880 5894
6256,6040 6247 5918 5927
6113,6041 6103 5766 5776
6338,6032 6337 6013 6014
6202,6040 6193 5861 5870
6226,6046 6211 5880 5895
6136,6046 6121 5800
6257,6041 6247 5918 5928
6339,6033 6337 6013 6015
6114,6042 5701 6103 5766 5777
6203,6041 6193 5861 5871
6227,6047 6211 5880 5896
6258,6042 6247 5918 5929
6340,6034 6337 6013 6016
6191,6047 6175 5858
6204,6042 6193 5861 5872
6228,6048 6211 5880 5897
6115,6043 5702 6103 5766 5778
6259,6043 6247 5918 5930
6341,6035 6337 6013 6017
6205,6043 6193 5861 5873
6260,6044 6247 5918 5931
6242,6044 6229 5912
6342,6036 6337 6013 6018
6116,6044 5703 6103 5766 5779
6206,6044 6193 5861 5874
6261,6045 6247 5918 5932
6343,6037 6337 6013 6019
6319,6031 5994
6207,6045 6193 5861 5875
6117,6045 5704 6103 5766 5780
6262,6046 6247 5918 5933
6344,6038 6337 6013 6020
6320,6032 6319 5994 5995
6208,6046 6193 5861 5876
6118,6046 5705 6103 5766 5781
6345,6039 6337 6013 6021
6263,6047 6247 5918 5934
6321,6033 6319 5994 5996
6209,6047 6193 5861 5877
6346,6040 6337 6013 6022
6265,6031 5937
6322,6034 6319 5994 5997
6264,6048 6247 5918 5935
6210,6048 6193 5861 5878
6119,6047 5706 6103 5766 5782
6347,6041 6337 6013 6023
6323,6035 6319 5994 5998
6353,6047 6337 6029
6244,6046 6229 5914
6354,6048 6337 6030
6120,6048 5707 6103 5766 5783
6348,6042 6337 6013 6024
6324,6036 6319 5994 5999
6266,6032 6265 5937 5938
6349,6043 6337 6013 6025
6325,6037 6319 5994 6000
6267,6033 6265 5937 5939
6268,6034 6265 5937 5940
6140,6032 6139 5804 5805
6350,6044 6337 6013 6026
6301,6031 5975
6326,6038 6319 5994 6001
6270,6036 6265 5937 5942
6269,6035 6265 5937 5941
6141,6033 6139 5804 5806
6351,6045 6337 6013 6027
6302,6032 6301 5975 5976
6327,6039 6319 5994 6002
6271,6037 6265 5937 5943
6352,6046 6337 6013 6028
6303,6033 6301 5975 5977
6328,6040 6319 5994 6003
6142,6034 6139 5804 5807
6272,6038 6265 5937 5944
6273,6039 6265 5937 5945
6274,6040 6265 5937 5946
6304,6034 6301 5975 5978
6329,6041 6319 5994 6004
6276,6042 6265 5937 5948
6143,6035 6139 5804 5808
6275,6041 6265 5937 5947
6277,6043 6265 5937 5949
6305,6035 6301 5975 5979
6330,6042 6319 5994 6005
6278,6044 6265 5937 5950
6280,6046 6265 5937 5952
6306,6036 6301 5975 5980
6144,6036 6139 5804 5809
6331,6043 6319 5994 6006
6279,6045 6265 5937 5951
6281,6047 6265 5937 5953
6282,6048 6265 5937 5954
6307,6037 6301 5975 5981
6332,6044 6319 5994 6007
6147,6039 6139 5804 5812
6145,6037 6139 5804 5810
6146,6038 6139 5804 5811
6148,6040 6139 5804 5813
6308,6038 6301 5975 5982
6333,6045 6319 5994 6008
6149,6041 6139 5804 5814
6150,6042 6139 5804 5815
6152,6044 6139 5804 5817
6309,6039 6301 5975 5983
6334,6046 6319 5994 6009
6151,6043 6139 5804 5816
6153,6045 6139 5804 5818
6335,6047 6319 5994 6010
6310,6040 6301 5975 5984
6155,6047 6139 5804 5820
6154,6046 6139 5804 5819
6156,6048 6139 5804 5821
6311,6041 6301 5975 5985
6336,6048 6319 5994 6011
6312,6042 6301 5975 5986
6314,6044 6301 5975 5988
6315,6045 6301 5975 5989
6283,6031 5956
6355,6050
6313,6043 6301 5975 5987
6316,6046 6301 5975 5990
6317,6047 6301 5975 5991
6284,6032 6283 5956 5957
6356,6355 6050 6051
6357,6355 6050 6052
6318,6048 6301 5975 5992
6285,6033 6283 5956 5958
6358,6355 6050 6053
6360,6355 6050 6055
6359,6355 6050 6054
6286,6034 6283 5956 5959
6361,6355 6050 6056
6362,6355 6050 6057
6287,6035 6283 5956 5960
6363,6355 6050 6058
6365,6355 6050 6060
6364,6355 6050 6059
6288,6036 6283 5956 5961
6366,6355 6050 6061
6491,6355 6194
6367,6355 6050 6062
6368,6355 6050 6063
6289,6037 6283 5956 5962
6369,6355 6050 6064
6503,6367 6062 6491 6194 6206
6290,6038 6283 5956 5963
6492,6356 6491 6194 6195
6370,6355 6050 6065
6505,6369 6064 6491 6194 6208
6291,6039 6283 5956 5964
6371,6355 6050 6066
6508,6355 6212
6493,6357 6491 6194 6196
6507,6371 6066 6491 6194 6210
6292,6040 6283 5956 5965
6509,6356 6508 6212 6213
6494,6358 6053 6491 6194 6197
6293,6041 6283 5956 5966
6372,6355 6050 6068
6389,6355 6050 6086
6294,6042 6283 5956 5967
6510,6357 6508 6212 6214
6390,6356 6051 6389 6086 6087
6495,6359 6054 6491 6194 6198
6406,6355 6050 6104
6295,6043 6283 5956 5968
6391,6357 6052 6389 6086 6088
6511,6358 6508 6212 6215
6423,6355 6050 6122
6407,6356 6051 6406 6104 6105
6496,6360 6055 6491 6194 6199
6296,6044 6283 5956 5969
6392,6358 6053 6389 6086 6089
6408,6357 6052 6406 6104 6106
6512,6359 6508 6212 6216
6297,6045 6283 5956 5970
6393,6359 6054 6389 6086 6090
6497,6361 6056 6491 6194 6200
6409,6358 6053 6406 6104 6107
6440,6355 6050 6140
6298,6046 6283 5956 5971
6394,6360 6055 6389 6086 6091
6513,6360 6508 6212 6217
6410,6359 6054 6406 6104 6108
6498,6362 6057 6491 6194 6201
6299,6047 6283 5956 5972
6395,6361 6056 6389 6086 6092
6411,6360 6055 6406 6104 6109
6514,6361 6508 6212 6218
6300,6048 6283 5956 5973
6396,6362 6057 6389 6086 6093
6499,6363 6058 6491 6194 6202
6412,6361 6056 6406 6104 6110
6457,6355 6050 6158
6397,6363 6058 6389 6086 6094
6515,6362 6508 6212 6219
6413,6362 6057 6406 6104 6111
6500,6364 6059 6491 6194 6203
6398,6364 6059 6389 6086 6095
6414,6363 6058 6406 6104 6112
6516,6363 6508 6212 6220
6542,6355 6248
6474,6355 6050 6176
6501,6365 6060 6491 6194 6204
6399,6365 6060 6389 6086 6096
6415,6364 6059 6406 6104 6113
6543,6356 6542 6248 6249
6517,6364 6508 6212 6221
6504,6368 6063 6491 6194 6207
6400,6366 6061 6389 6086 6097
6416,6365 6060 6406 6104 6114
6544,6357 6542 6248 6250
6502,6366 6061 6491 6194 6205
6506,6370 6065 6491 6194 6209
6401,6367 6062 6389 6086 6098
6417,6366 6061 6406 6104 6115
6518,6365 6508 6212 6222
6545,6358 6542 6248 6251
6402,6368 6063 6389 6086 6099
6418,6367 6062 6406 6104 6116
6546,6359 6542 6248 6252
6519,6366 6508 6212 6223
6403,6369 6064 6389 6086 6100
6419,6368 6063 6406 6104 6117
6547,6360 6542 6248 6253
6525,6355 6230
6520,6367 6508 6212 6224
6420,6369 6064 6406 6104 6118
6404,6370 6065 6389 6086 6101
6548,6361 6542 6248 6254
6559,6355 6266
6373,6356 6051 6372 6068 6069
6421,6370 6065 6406 6104 6119
6405,6371 6066 6389 6086 6102
6549,6362 6542 6248 6255
6521,6368 6508 6212 6225
6374,6357 6052 6372 6068 6070
6560,6356 6559 6266 6267
6422,6371 6066 6406 6104 6120
6550,6363 6542 6248 6256
6375,6358 6053 6372 6068 6071
6522,6369 6508 6212 6226
6561,6357 6559 6266 6268
6551,6364 6542 6248 6257
6376,6359 6054 6372 6068 6072
6593,6355 6302
6523,6370 6065 6508 6212 6227
6552,6365 6542 6248 6258
6377,6360 6055 6372 6068 6073
6610,6355 6320
6562,6358 6559 6266 6269
6594,6356 6593 6302 6303
6553,6366 6542 6248 6259
6378,6361 6056 6372 6068 6074
6524,6371 6066 6508 6212 6228
6611,6356 6610 6320 6321
6595,6357 6593 6302 6304
6563,6359 6559 6266 6270
6554,6367 6542 6248 6260
6379,6362 6057 6372 6068 6075
6612,6357 6610 6320 6322
6596,6358 6593 6302 6305
6555,6368 6542 6248 6261
6380,6363 6058 6372 6068 6076
6613,6358 6610 6320 6323
6564,6360 6559 6266 6271
6597,6359 6593 6302 6306
6556,6369 6542 6248 6262
6381,6364 6059 6372 6068 6077
6614,6359 6610 6320 6324
6598,6360 6593 6302 6307
6565,6361 6559 6266 6272
6557,6370 6542 6248 6263
6576,6355 6284
6382,6365 6060 6372 6068 6078
6615,6360 6610 6320 6325
6599,6361 6593 6302 6308
6558,6371 6542 6248 6264
6566,6362 6559 6266 6273
6577,6356 6576 6284 6285
6383,6366 6061 6372 6068 6079
6616,6361 6610 6320 6326
6600,6362 6593 6302 6309
6384,6367 6062 6372 6068 6080
6601,6363 6593 6302 6310
6617,6362 6610 6320 6327
6578,6357 6576 6284 6286
6567,6363 6559 6266 6274
6644,6373
6602,6364 6593 6302 6311
6618,6363 6610 6320 6328
6385,6368 6063 6372 6068 6081
6579,6358 6576 6284 6287
6645,6644 6373 6374
6568,6364 6559 6266 6275
6603,6365 6593 6302 6312
6619,6364 6610 6320 6329
6386,6369 6064 6372 6068 6082
6604,6366 6593 6302 6313
6620,6365 6610 6320 6330
6580,6359 6576 6284 6288
6387,6370 6065 6372 6068 6083
6646,6644 6373 6375
6569,6365 6559 6266 6276
6605,6367 6593 6302 6314
6621,6366 6610 6320 6331
6388,6371 6066 6372 6068 6084
6581,6360 6576 6284 6289
6647,6644 6373 6376
6570,6366 6559 6266 6277
6606,6368 6593 6302 6315
6622,6367 6610 6320 6332
6424,6356 6051 6423 6122 6123
6582,6361 6576 6284 6290
6607,6369 6593 6302 6316
6648,6644 6373 6377
6623,6368 6610 6320 6333
6425,6357 6052 6423 6122 6124
6571,6367 6559 6266 6278
6608,6370 6593 6302 6317
6624,6369 6610 6320 6334
6583,6362 6576 6284 6291
6426,6358 6053 6423 6122 6125
6649,6644 6373 6378 6074
6572,6368 6559 6266 6279
6609,6371 6593 6302 6318
6625,6370 6610 6320 6335
6427,6359 6054 6423 6122 6126
6584,6363 6576 6284 6292
6650,6644 6373 6379 6075
6626,6371 6610 6320 6336
6428,6360 6055 6423 6122 6127
6573,6369 6559 6266 6280
6429,6361 6056 6423 6122 6128
6430,6362 6057 6423 6122 6129
6585,6364 6576 6284 6293
6431,6363 6058 6423 6122 6130
6651,6644 6373 6380 6076
6432,6364 6059 6423 6122 6131
6574,6370 6559 6266 6281
6433,6365 6060 6423 6122 6132
6434,6366 6061 6423 6122 6133
6435,6367 6062 6423 6122 6134
6586,6365 6576 6284 6294
6652,6644 6373 6381 6077
6436,6368 6063 6423 6122 6135
6437,6369 6064 6423 6122 6136
6575,6371 6559 6266 6282
6438,6370 6065 6423 6122 6137
6587,6366 6576 6284 6295
6439,6371 6066 6423 6122 6138
6653,6644 6373 6382 6078
6441,6356 6051 6440 6140 6141
6442,6357 6052 6440 6140 6142
6588,6367 6576 6284 6296
6443,6358 6053 6440 6140 6143 5808
6589,6368 6576 6284 6297
6654,6644 6373 6383 6079
6444,6359 6054 6440 6140 6144 5809
6445,6360 6055 6440 6140 6145 5810
6590,6369 6576 6284 6298
6708,6644 6441 6141
6446,6361 6056 6440 6140 6146 5811
6591,6370 6576 6284 6299
6655,6644 6373 6384 6080
6447,6362 6057 6440 6140 6147 5812
6709,6645 6708 6141 6442 6142
6448,6363 6058 6440 6140 6148 5813
6592,6371 6576 6284 6300
6714,6650 6379 6708 6141 6447 6147
6710,6646 6708 6141 6443 6143
6449,6364 6059 6440 6140 6149 5814
6712,6648 6377 6708 6141 6445 6145
6660,6644 6373 6390
6450,6365 6060 6440 6140 6150 5815
6711,6647 6708 6141 6444 6144
6451,6366 6061 6440 6140 6151 5816
6756,6644 6492
6452,6367 6062 6440 6140 6152 5817
6717,6653 6078 6708 6141 6450 6150
6453,6368 6063 6440 6140 6153 5818
6719,6655 6080 6708 6141 6452 6152
6454,6369 6064 6440 6140 6154 5819
6757,6645 6756 6492 6493
6676,6644 6373 6407
6455,6370 6065 6440 6140 6155 5820
6456,6371 6066 6440 6140 6156 5821
6458,6356 6051 6457 6158 6159
6661,6645 6374 6660 6390 6391
6459,6357 6052 6457 6158 6160
6772,6644 6509
6758,6646 6756 6492 6494
6460,6358 6053 6457 6158 6161
6662,6646 6375 6660 6390 6392
6461,6359 6054 6457 6158 6162
6462,6360 6055 6457 6158 6163
6773,6645 6772 6509 6510
6759,6647 6756 6492 6495
6724,6644 6458 6159
6663,6647 6376 6660 6390 6393
6463,6361 6056 6457 6158 6164
6464,6362 6057 6457 6158 6165
6725,6645 6724 6159 6459 6160
6664,6648 6377 6660 6390 6394
6774,6646 6772 6509 6511
6465,6363 6058 6457 6158 6166
6760,6648 6756 6492 6496
6726,6646 6724 6159 6460 6161
6665,6649 6378 6660 6390 6395
6466,6364 6059 6457 6158 6167
6775,6647 6772 6509 6512
6727,6647 6724 6159 6461 6162
6761,6649 6756 6492 6497
6804,6644 6543
6666,6650 6379 6660 6390 6396
6467,6365 6060 6457 6158 6168
6728,6648 6724 6159 6462 6163
6730,6650 6724 6159 6464 6165
6776,6648 6772 6509 6513
6667,6651 6380 6660 6390 6397
6468,6366 6061 6457 6158 6169
6762,6650 6756 6492 6498
6805,6645 6804 6543 6544
6668,6652 6077 6660 6390 6398
6469,6367 6062 6457 6158 6170
6777,6649 6772 6509 6514
6806,6646 6804 6543 6545
6763,6651 6756 6492 6499
6669,6653 6078 6660 6390 6399
6820,6644 6560
6470,6368 6063 6457 6158 6171
6778,6650 6772 6509 6515
6807,6647 6804 6543 6546
6670,6654 6079 6660 6390 6400
6821,6645 6820 6560 6561
6471,6369 6064 6457 6158 6172
6764,6652 6756 6492 6500
6808,6648 6804 6543 6547
6671,6655 6080 6660 6390 6401
6822,6646 6820 6560 6562
6779,6651 6772 6509 6516
6472,6370 6065 6457 6158 6173
6809,6649 6804 6543 6548
6765,6653 6756 6492 6501
6823,6647 6820 6560 6563
6677,6645 6374 6676 6407 6408
6473,6371 6066 6457 6158 6174
6780,6652 6772 6509 6517
6810,6650 6804 6543 6549
6824,6648 6820 6560 6564
6678,6646 6375 6676 6407 6409
6766,6654 6756 6492 6502
6475,6356 6051 6474 6176 6177
6811,6651 6804 6543 6550
6825,6649 6820 6560 6565
6679,6647 6376 6676 6407 6410
6781,6653 6772 6509 6518
6476,6357 6052 6474 6176 6178
6812,6652 6804 6543 6551
6767,6655 6756 6492 6503
6826,6650 6820 6560 6566
6680,6648 6377 6676 6407 6411
6782,6654 6772 6509 6519
6477,6358 6053 6474 6176 6179
6813,6653 6804 6543 6552
6827,6651 6820 6560 6567
6681,6649 6378 6676 6407 6412
6478,6359 6054 6474 6176 6180
6814,6654 6804 6543 6553
6783,6655 6772 6509 6520
6828,6652 6820 6560 6568
6682,6650 6379 6676 6407 6413
6479,6360 6055 6474 6176 6181
6815,6655 6804 6543 6554
6830,6654 6820 6560 6570
6683,6651 6380 6676 6407 6414
6829,6653 6820 6560 6569
6868,6644 6611
6480,6361 6056 6474 6176 6182
6831,6655 6820 6560 6571
6684,6652 6077 6676 6407 6415
6481,6362 6057 6474 6176 6183
6483,6364 6059 6474 6176 6185
6484,6365 6060 6474 6176 6186
6482,6363 6058 6474 6176 6184
6685,6653 6078 6676 6407 6416
6869,6645 6868 6611 6612
6485,6366 6061 6474 6176 6187
6486,6367 6062 6474 6176 6188
6487,6368 6063 6474 6176 6189
6686,6654 6079 6676 6407 6417
6489,6370 6065 6474 6176 6191
6488,6369 6064 6474 6176 6190
6870,6646 6868 6611 6613
6490,6371 6066 6474 6176 6192
6526,6356 6525 6230 6231
6687,6655 6080 6676 6407 6418
6527,6357 6525 6230 6232
6528,6358 6525 6230 6233
6871,6647 6868 6611 6614
6529,6359 6525 6230 6234
6530,6360 6525 6230 6235
6900,6661
6788,6644 6526 6231
6531,6361 6525 6230 6236
6852,6644 6594
6872,6648 6868 6611 6615
6532,6362 6525 6230 6237
6789,6645 6788 6231 6527 6232
6793,6649 6788 6231 6531 6236
6853,6645 6852 6594 6595
6533,6363 6525 6230 6238
6790,6646 6788 6231 6528 6233
6901,6900 6661 6662
6873,6649 6868 6611 6616
6534,6364 6525 6230 6239
6854,6646 6852 6594 6596
6791,6647 6788 6231 6529 6234
6535,6365 6525 6230 6240
6796,6652 6788 6231 6534 6239
6855,6647 6852 6594 6597
6874,6650 6868 6611 6617
6792,6648 6788 6231 6530 6235
6902,6900 6661 6663
6536,6366 6525 6230 6241
6537,6367 6525 6230 6242
6856,6648 6852 6594 6598
6538,6368 6525 6230 6243
6539,6369 6525 6230 6244
6875,6651 6868 6611 6618
6799,6655 6788 6231 6537 6242
6857,6649 6852 6594 6599
6903,6900 6661 6664
6540,6370 6525 6230 6245
6541,6371 6525 6230 6246
6858,6650 6852 6594 6600
6876,6652 6868 6611 6619
6859,6651 6852 6594 6601
6904,6900 6661 6665
6656,6644 6373 6385 6081
6627,6355 6338
6945,6900 6709
6877,6653 6868 6611 6620
6860,6652 6852 6594 6602
6628,6356 6627 6338 6339
6946,6901 6945 6709 6710
6861,6653 6852 6594 6603
6878,6654 6868 6611 6621
6905,6900 6661 6666
6657,6644 6373 6386 6082
6947,6902 6945 6709 6711
6629,6357 6627 6338 6340
6862,6654 6852 6594 6604
6948,6903 6664 6945 6709 6712
6630,6358 6627 6338 6341
6879,6655 6868 6611 6622
6863,6655 6852 6594 6605
6906,6900 6661 6667
6658,6644 6373 6387 6083
6632,6360 6627 6338 6343
6631,6359 6627 6338 6342
6908,6900 6661 6669
6633,6361 6627 6338 6344
6634,6362 6627 6338 6345
6907,6900 6661 6668
6909,6900 6661 6670
6659,6644 6373 6388 6084
6953,6908 6669 6945 6709 6717
6635,6363 6627 6338 6346
6636,6364 6627 6338 6347
6950,6905 6666 6945 6709 6714
6637,6365 6627 6338 6348
6638,6366 6627 6338 6349
6910,6900 6661 6671
6639,6367 6627 6338 6350
6692,6644 6424 6123
6640,6368 6627 6338 6351
6641,6369 6627 6338 6352
6642,6370 6627 6338 6353
6915,6900 6661 6677
6643,6371 6627 6338 6354
6955,6910 6671 6945 6709 6719
6713,6649 6378 6708 6141 6446 6146
6715,6651 6380 6708 6141 6448 6148
6916,6901 6662 6915 6677 6678
6960,6900 6725
6917,6902 6663 6915 6677 6679
7005,6900 6773
6716,6652 6077 6708 6141 6449 6149
6961,6901 6960 6725 6726
6918,6903 6664 6915 6677 6680
6884,6644 6628 6339
6919,6904 6665 6915 6677 6681
7006,6901 7005 6773 6774
6718,6654 6079 6708 6141 6451 6151
6962,6902 6960 6725 6727
6885,6645 6884 6339 6629 6340
6920,6905 6666 6915 6677 6682
7007,6902 7005 6773 6775
6963,6903 6960 6725 6728
6729,6649 6724 6159 6463 6164
6886,6646 6884 6339 6630 6341
7008,6903 7005 6773 6776
6965,6905 6666 6960 6725 6730
6731,6651 6380 6724 6159 6465 6166
6921,6906 6667 6915 6677 6683
6887,6647 6884 6339 6631 6342
7009,6904 7005 6773 6777
6888,6648 6884 6339 6632 6343
6732,6652 6077 6724 6159 6466 6167
6889,6649 6884 6339 6633 6344
7020,6900 6789
6922,6907 6668 6915 6677 6684
7010,6905 7005 6773 6778
6890,6650 6884 6339 6634 6345
6891,6651 6884 6339 6635 6346
6733,6653 6078 6724 6159 6467 6168
7021,6901 7020 6789 6790
6892,6652 6884 6339 6636 6347
6923,6908 6669 6915 6677 6685
7011,6906 7005 6773 6779
6893,6653 6884 6339 6637 6348
6734,6654 6079 6724 6159 6468 6169
6894,6654 6884 6339 6638 6349
7012,6907 7005 6773 6780
6895,6655 6884 6339 6639 6350
6735,6655 6080 6724 6159 6469 6170
7022,6902 7020 6789 6791
6924,6909 6670 6915 6677 6686
7013,6908 7005 6773 6781
6896,6656 6081 6884 6339 6640 6351
6925,6910 6671 6915 6677 6687
7023,6903 7020 6789 6792
7014,6909 7005 6773 6782
6897,6657 6082 6884 6339 6641 6352
7050,6900 6821
6836,6644 6577
7015,6910 7005 6773 6783
6898,6658 6083 6884 6339 6642 6353
7024,6904 7020 6789 6793
7051,6901 7050 6821 6822
7027,6907 7020 6789 6796
6899,6659 6084 6884 6339 6643 6354
7052,6902 7050 6821 6823
7030,6910 7020 6789 6799
7053,6903 7050 6821 6824
6794,6650 6788 6231 6532 6237
7035,6900 6805
7054,6904 7050 6821 6825
6740,6644 6475 6177
7037,6902 7035 6805 6807
7036,6901 7035 6805 6806
7055,6905 7050 6821 6826
6795,6651 6788 6231 6533 6238
7038,6903 7035 6805 6808
7039,6904 7035 6805 6809
7056,6906 7050 6821 6827
6797,6653 6788 6231 6535 6240
7080,6900 6853
7040,6905 7035 6805 6810
7041,6906 7035 6805 6811
7042,6907 7035 6805 6812
7057,6907 7050 6821 6828
7025,6905 7020 6789 6794 6532
6798,6654 6788 6231 6536 6241
7045,6910 7035 6805 6815
7043,6908 7035 6805 6813
7058,6908 7050 6821 6829
7044,6909 7035 6805 6814
7081,6901 7080 6853 6854
6672,6656 6081 6660 6390 6402
7059,6909 7050 6821 6830
7082,6902 7080 6853 6855
7084,6904 7080 6853 6857
7060,6910 7050 6821 6831
6688,6656 6081 6676 6407 6419
7083,6903 7080 6853 6856
7085,6905 7080 6853 6858
7086,6906 7080 6853 6859
7087,6907 7080 6853 6860
6720,6656 6081 6708 6141 6453 6153
7088,6908 7080 6853 6861
7090,6910 7080 6853 6863
7089,6909 7080 6853 6862
6736,6656 6081 6724 6159 6470 6171
6768,6656 6081 6756 6492 6504
6800,6656 6081 6788 6231 6538 6243
7110,6900 6885
6832,6656 6081 6820 6560 6572
6784,6656 6081 6772 6509 6521
6864,6656 6081 6852 6594 6606
6816,6656 6081 6804 6543 6555
6880,6656 6081 6868 6611 6623
7111,6901 7110 6885 6886
6673,6657 6082 6660 6390 6403
6689,6657 6082 6676 6407 6420
6721,6657 6082 6708 6141 6454 6154
6737,6657 6082 6724 6159 6471 6172
7112,6902 7110 6885 6887
6769,6657 6082 6756 6492 6505
6912,6900 6661 6673 6403
7125,6916
6801,6657 6082 6788 6231 6539 6244
7113,6903 7110 6885 6888
6785,6657 6082 6772 6509 6522
6817,6657 6082 6804 6543 6556
6927,6912 6403 6915 6677 6689 6420
7032,6912 6403 7020 6789 6801 6539
7114,6904 7110 6885 6889
6833,6657 6082 6820 6560 6573
6957,6912 6403 6945 6709 6721 6454
7017,6912 6403 7005 6785 6522
6972,6912 6403 6960 6725 6737 6471
7115,6905 7110 6885 6890
7126,7125 6916 6917
6865,6657 6082 6852 6594 6607
7122,6912 6403 7110 6885 6897
7116,6906 7110 6885 6891
6881,6657 6082 6868 6611 6624
7136,7125 6916 6927 6689
6690,6658 6083 6676 6407 6421
6674,6658 6083 6660 6390 6404
7117,6907 7110 6885 6892
6722,6658 6083 6708 6141 6455 6155
7127,7125 6916 6918
6738,6658 6083 6724 6159 6472 6173
6770,6658 6083 6756 6492 6506
7118,6908 7110 6885 6893
6786,6658 6083 6772 6509 6523
6802,6658 6083 6788 6231 6540 6245
6818,6658 6083 6804 6543 6557
7119,6909 7110 6885 6894
6834,6658 6083 6820 6560 6574
7128,7125 6916 6919
6866,6658 6083 6852 6594 6608
6882,6658 6083 6868 6611 6625
7120,6910 7110 6885 6895
7153,7125 6946
6675,6659 6084 6660 6390 6405
6691,6659 6084 6676 6407 6422
7154,7126 7153 6946 6947
7167,7125 6961
7130,7125 6916 6921
7129,7125 6916 6920
6723,6659 6084 6708 6141 6456 6156
7168,7126 7167 6961 6962
6914,6900 6661 6675 6405
7155,7127 6918 7153 6946 6948
7131,7125 6916 6922
6739,6659 6084 6724 6159 6473 6174
7169,7127 7167 6961 6963
6929,6914 6405 6915 6677 6691 6422
7132,7125 6916 6923
6771,6659 6084 6756 6492 6507
7164,7136 7153 6946 6957
7178,7136 7167 6961 6972
7133,7125 6916 6924
6959,6914 6405 6945 6709 6723 6456
6787,6659 6084 6772 6509 6524
7157,7129 6920 7153 6946 6950
6803,6659 6084 6788 6231 6541 6246
7124,6914 6405 7110 6899
7138,7125 6916 6929 6422
7134,7125 6916 6925
6819,6659 6084 6804 6543 6558
7034,6914 6405 7020 6789 6803 6541
7171,7129 6920 7167 6961 6965
7166,7138 6422 7153 6946 6959 6456
6835,6659 6084 6820 6560 6575
6867,6659 6084 6852 6594 6609
7162,7134 6925 7153 6946 6955
6883,6659 6084 6868 6611 6626
7160,7132 6923 7153 6946 6953
7064,6914 6405 7050 6821 6835 6575
6694,6646 6375 6692 6123 6426 6125
6693,6645 6374 6692 6123 6425 6124
6695,6647 6376 6692 6123 6427 6126
7209,7125 7006
6697,6649 6378 6692 6123 6429 6128
6990,6900 6757
6696,6648 6377 6692 6123 6428 6127
7211,7127 7209 7006 7008
7210,7126 7209 7006 7007
6698,6650 6379 6692 6123 6430 6129
6699,6651 6380 6692 6123 6431 6130
6930,6900 6693 6425
7213,7129 7209 7006 7010
7212,7128 7209 7006 7009
6700,6652 6077 6692 6123 6432 6131
6701,6653 6078 6692 6123 6433 6132
6931,6901 6930 6425 6694 6426
7214,7130 7209 7006 7011
7215,7131 7209 7006 7012
6937,6907 6668 6930 6425 6700 6432
7216,7132 7209 7006 7013
6932,6902 6663 6930 6425 6695 6427
6702,6654 6079 6692 6123 6434 6133
7218,7134 7209 7006 7015
7217,7133 7209 7006 7014
6933,6903 6664 6930 6425 6696 6428
6703,6655 6080 6692 6123 6435 6134
6704,6656 6081 6692 6123 6436 6135
7220,7136 7209 7006 7017
6705,6657 6082 6692 6123 6437 6136
6934,6904 6665 6930 6425 6697 6429
6940,6910 6671 6930 6425 6703 6435
6706,6658 6083 6692 6123 6438 6137
6707,6659 6084 6692 6123 6439 6138
6942,6912 6403 6930 6425 6705 6437
6949,6904 6665 6945 6709 6713 6446
6935,6905 6666 6930 6425 6698 6430
6951,6906 6667 6945 6709 6715 6448
6952,6907 6668 6945 6709 6716 6449
6954,6909 6670 6945 6709 6718 6451
6936,6906 6667 6930 6425 6699 6431
7158,7130 6921 7153 6946 6951 6715
7156,7128 6919 7153 6946 6949 6713
6964,6904 6960 6725 6729 6463
7161,7133 6924 7153 6946 6954 6718
6966,6906 6667 6960 6725 6731 6465
6968,6908 6669 6960 6725 6733 6467
6969,6909 6670 6960 6725 6734 6468
7251,7125 7051
6967,6907 6668 6960 6725 6732 6466
7172,7130 6921 7167 6961 6966 6731
7139,7125 6916 6931 6426
6970,6910 6671 6960 6725 6735 6469
7175,7133 6924 7167 6961 6969 6734
7252,7126 7251 7051 7052
7173,7131 6922 7167 6961 6967 6732
6837,6645 6836 6577 6578
6838,6646 6836 6577 6579
6839,6647 6836 6577 6580
6840,6648 6836 6577 6581
7253,7127 7251 7051 7053
6841,6649 6836 6577 6582
6842,6650 6836 6577 6583
7237,7125 7036
6843,6651 6836 6577 6584
6844,6652 6836 6577 6585
7140,7126 6917 7139 6426 6932 6427
6845,6653 6836 6577 6586
7254,7128 7251 7051 7054
6846,6654 6836 6577 6587
7065,6900 6837 6578
7141,7127 6918 7139 6426 6933 6428
6847,6655 6836 6577 6588
6848,6656 6081 6836 6577 6589
6849,6657 6082 6836 6577 6590
7255,7129 7251 7051 7055
7142,7128 6919 7139 6426 6934 6429
6850,6658 6083 6836 6577 6591
6851,6659 6084 6836 6577 6592
7077,6912 6403 7065 6578 6849 6590
7143,7129 6920 7139 6426 6935 6430
7079,6914 6405 7065 6578 6851 6592
7256,7130 7251 7051 7056
6741,6645 6740 6177 6476 6178
6742,6646 6740 6177 6477 6179
7144,7130 6921 7139 6426 6936 6431
6743,6647 6740 6177 6478 6180
7279,7125 7081
7257,7131 7251 7051 7057
6744,6648 6740 6177 6479 6181
7145,7131 6922 7139 6426 6937 6432
6745,6649 6740 6177 6480 6182
7307,7125 7111
7148,7134 6925 7139 6426 6940 6435
6746,6650 6740 6177 6481 6183
7066,6901 7065 6578 6838 6579
7258,7132 7251 7051 7058
6747,6651 6740 6177 6482 6184
7308,7126 7307 7111 7112
7150,7136 6927 7139 6426 6942 6437
7320,7138 7307 7124
7067,6902 7065 6578 6839 6580
6748,6652 6740 6177 6483 6185
7259,7133 7251 7051 7059
7309,7127 7307 7111 7113
7238,7126 7237 7036 7037
6749,6653 6078 6740 6177 6484 6186
6750,6654 6079 6740 6177 6485 6187
7310,7128 7307 7111 7114
7068,6903 7065 6578 6840 6581
7239,7127 7237 7036 7038
6751,6655 6080 6740 6177 6486 6188
7260,7134 7251 7051 7060
6752,6656 6081 6740 6177 6487 6189
7311,7129 7307 7111 7115
7240,7128 7237 7036 7039
6753,6657 6082 6740 6177 6488 6190
7069,6904 7065 6578 6841 6582
6754,6658 6083 6740 6177 6489 6191
7264,7138 7251 7051 7064
7312,7130 7307 7111 7116
7241,7129 7237 7036 7040
6755,6659 6084 6740 6177 6490 6192
7026,6906 7020 6789 6795 6533
7070,6905 7065 6578 6842 6583
7313,7131 7307 7111 7117
7071,6906 7065 6578 6843 6584
7242,7130 7237 7036 7041
7028,6908 7020 6789 6797 6535
7314,7132 7307 7111 7118
7243,7131 7237 7036 7042
7072,6907 7065 6578 6844 6585
7029,6909 7020 6789 6798 6536
7073,6908 7065 6578 6845 6586
7315,7133 7307 7111 7119
7244,7132 7237 7036 7043
7095,6900 6869
7074,6909 7065 6578 6846 6587
7316,7134 7307 7111 7120
7280,7126 7279 7081 7082
7245,7133 7237 7036 7044
7047,6912 6403 7035 6805 6817 6556
6911,6900 6661 6672 6402
7318,7136 7307 7111 7122
7281,7127 7279 7081 7083
7246,7134 7237 7036 7045
7062,6912 6403 7050 6821 6833 6573
6926,6911 6402 6915 6677 6688 6419
7282,7128 7279 7081 7084
6941,6911 6402 6930 6425 6704 6436
7284,7130 7279 7081 7086
6956,6911 6402 6945 6709 6720 6453
7283,7129 7279 7081 7085
7092,6912 6403 7080 6853 6865 6607
6971,6911 6402 6960 6725 6736 6470
7285,7131 7279 7081 7087
7286,7132 7279 7081 7088
7001,6911 6402 6990 6757 6768 6504
7287,7133 7279 7081 7089
7016,6911 6402 7005 6773 6784 6521
6913,6900 6661 6674 6404
7288,7134 7279 7081 7090
7031,6911 6402 7020 6789 6800 6538
7061,6911 6402 7050 6821 6832 6572
7046,6911 6402 7035 6805 6816 6555
7091,6911 6402 7080 6853 6864 6606
6974,6914 6405 6960 6725 6739 6473
7265,7125 7066 6579
7076,6911 6402 7065 6578 6848 6589
7106,6911 6402 7095 6869 6880 6623
7019,6914 6405 7005 6787 6524
7266,7126 7265 6579 7067 6580
7121,6911 6402 7110 6885 6896
7094,6914 6405 7080 6867 6609
7135,7125 6916 6926 6688
7049,6914 6405 7035 6805 6819 6558
7267,7127 7265 6579 7068 6581
6991,6901 6990 6757 6758
7292,7138 7279 7081 7094 6867
7149,7135 6688 7139 6426 6941 6436
6992,6902 6990 6757 6759
7268,7128 7265 6579 7069 6582
6993,6903 6990 6757 6760
7250,7138 7237 7036 7049 6819
7163,7135 6688 7153 6946 6956 6720
7177,7135 6688 7167 6961 6971 6736
7269,7129 7265 6579 7070 6583
7219,7135 6688 7209 7006 7016 6784
7261,7135 6688 7251 7051 7061 6832
7275,7135 6688 7265 6579 7076 6589
7247,7135 6688 7237 7036 7046 6816
7270,7130 7265 6579 7071 6584
7317,7135 6688 7307 7111 7121 6896
7289,7135 6688 7279 7081 7091 6864
6994,6904 6990 6757 6761
7223,7125 7021
7271,7131 7265 6579 7072 6585
6995,6905 6990 6757 6762
6996,6906 6990 6757 6763
6998,6908 6990 6757 6765
6999,6909 6990 6757 6766
7272,7132 7265 6579 7073 6586
6997,6907 6990 6757 6764
7002,6912 6403 6990 6757 6769 6505
7000,6910 6990 6757 6767
7004,6914 6405 6990 6757 6771 6507
6938,6908 6669 6930 6425 6701 6433
7273,7133 7265 6579 7074 6587
6939,6909 6670 6930 6425 6702 6434
6944,6914 6405 6930 6425 6707 6439
7170,7128 6919 7167 6961 6964 6729
7174,7132 6923 7167 6961 6968 6733
7276,7136 7265 6579 7077 6590
7159,7131 6922 7153 6946 6952 6716
7152,7138 6422 7139 6426 6944 6439
7176,7134 6925 7167 6961 6970 6735
7075,6910 7065 6578 6847 6588
7147,7133 6924 7139 6426 6939 6434
7278,7138 7265 6579 7079 6592
7097,6902 7095 6869 6871
7096,6901 7095 6869 6870
7099,6904 7095 6869 6873
7098,6903 7095 6869 6872
7321,7140
7100,6905 7095 6869 6874
7101,6906 7095 6869 6875
6975,6900 6741 6476
7102,6907 7095 6869 6876
7293,7125 7096 6870
7323,7321 7140 7142
7322,7321 7140 7141
7103,6908 7095 6869 6877
7451,7321 7280
7294,7126 7293 6870 7097 6871
6976,6901 6975 6476 6742 6477
7324,7321 7140 7143
7104,6909 7095 6869 6878
7452,7322 7141 7451 7280 7281
7295,7127 7293 6870 7098 6872
7325,7321 7140 7144
6977,6902 6975 6476 6743 6478
7453,7323 7142 7451 7280 7282
7105,6910 7095 6869 6879
7296,7128 7293 6870 7099 6873
7326,7321 7140 7145
7455,7325 7144 7451 7280 7284
6978,6903 6975 6476 6744 6479
6979,6904 6975 6476 6745 6480
7297,7129 7293 6870 7100 6874
7107,6912 6403 7095 6869 6881 6624
7328,7321 7140 7147 6434
7298,7130 7293 6870 7101 6875
6981,6906 6975 6476 6747 6482
7109,6914 6405 7095 6869 6883 6626
6980,6905 6975 6476 6746 6481
7329,7321 7140 7148
7330,7321 7140 7149 6436
7299,7131 7293 6870 7102 6876
6982,6907 6668 6975 6476 6748 6483
7248,7136 7237 7036 7047 6817
6983,6908 6669 6975 6476 6749 6484
7303,7135 6688 7293 6870 7106 6880
6984,6909 6670 6975 6476 6750 6485
7262,7136 7251 7051 7062 6833
7459,7329 7148 7451 7280 7288
7331,7321 7140 7150
6986,6911 6402 6975 6476 6752 6487
7290,7136 7279 7081 7092 6865
6985,6910 6671 6975 6476 6751 6486
7333,7321 7140 7152 6439
6987,6912 6403 6975 6476 6753 6488
6928,6913 6404 6915 6677 6690 6421
7464,7321 7294 7097
6988,6913 6404 6975 6476 6754 6489
7334,7321 7140 7154
6989,6914 6405 6975 6476 6755 6490
6943,6913 6404 6930 6425 6706 6438
7465,7322 7464 7097 7295 7098
7463,7333 6439 7451 7280 7292
7466,7323 7464 7097 7296 7099
6958,6913 6404 6945 6709 6722 6455
7467,7324 7143 7464 7097 7297 7100
6973,6913 6404 6960 6725 6738 6472
7347,7321 7140 7168
7477,7321 7308
7468,7325 7144 7464 7097 7298 7101
7003,6913 6404 6990 6757 6770 6506
7181,7125 6976 6477
7478,7322 7477 7308 7309
7386,7321 7140 7210
7469,7326 7145 7464 7097 7299 7102
7018,6913 6404 7005 6786 6523
7479,7323 7477 7308 7310
7412,7321 7140 7238
7182,7126 7181 6477 6977 6478
7473,7330 6436 7464 7097 7303 7106
7387,7322 7141 7386 7210 7211
7033,6913 6404 7020 6789 6802 6540
7480,7324 7477 7308 7311
7048,6913 6404 7035 6805 6818 6557
7183,7127 7181 6477 6978 6479
7063,6913 6404 7050 6821 6834 6574
7481,7325 7477 7308 7312
7388,7323 7142 7386 7210 7212
7078,6913 6404 7065 6578 6850 6591
7425,7321 7140 7252
7093,6913 6404 7080 6866 6608
7184,7128 7181 6477 6979 6480
7482,7326 7477 7308 7313
7108,6913 6404 7095 6869 6882 6625
7389,7324 7143 7386 7210 7213
7123,6913 6404 7110 6885 6898
7484,7328 7477 7308 7315
7185,7129 7181 6477 6980 6481
7180,7138 6422 7167 6961 6974 6473
7438,7321 7140 7266
7222,7138 7209 7019 6787
7485,7329 7148 7477 7308 7316
7390,7325 7144 7386 7210 7214
7359,7333 6439 7347 7168 7180 6473
7186,7130 7181 6477 6981 6482
7454,7324 7143 7451 7280 7283
7486,7330 6436 7477 7308 7317
7391,7326 7145 7386 7210 7215
7224,7126 7223 7021 7022
7456,7326 7145 7451 7280 7285
7487,7331 7150 7477 7308 7318
7187,7131 6922 7181 6477 6982 6483
7195,7125 6991 6758
7458,7328 6434 7451 7280 7287
7393,7328 6434 7386 7210 7217
7489,7333 6439 7477 7308 7320
7225,7127 7223 7021 7023
7188,7132 6923 7181 6477 6983 6484
7399,7321 7140 7224 7022
7460,7330 6436 7451 7280 7289
7189,7133 6924 7181 6477 6984 6485
7394,7329 7148 7386 7210 7218
7226,7128 7223 7021 7024
7400,7322 7141 7399 7022 7225 7023
7191,7135 6688 7181 6477 6986 6487
7335,7322 7141 7334 7154 7155
7190,7134 6925 7181 6477 6985 6486
7227,7129 7223 7021 7025
7228,7130 7223 7021 7026 6795
7395,7330 6436 7386 7210 7219 7016
7336,7323 7142 7334 7154 7156
7192,7136 7181 6477 6987 6488
7194,7138 6422 7181 6477 6989 6490
7403,7325 7144 7399 7022 7228 7026
7229,7131 7223 7021 7027
7337,7324 7143 7334 7154 7157
7396,7331 7150 7386 7210 7220
7230,7132 7223 7021 7028 6797
7231,7133 7223 7021 7029 6798
7338,7325 7144 7334 7154 7158
7339,7326 7145 7334 7154 7159 6952
7360,7321 7140 7182 6478
7341,7328 6434 7334 7154 7161
7232,7134 7223 7021 7030
7233,7135 6688 7223 7021 7031 6800
7343,7330 6436 7334 7154 7163 6720
7361,7322 7141 7360 6478 7183 6479
7342,7329 7148 7334 7154 7162
7407,7329 7148 7399 7022 7232 7030
7346,7333 6439 7334 7154 7166
7234,7136 7223 7021 7032
7344,7331 7150 7334 7154 7164
7362,7323 7142 7360 6478 7184 6480
7236,7138 7223 7021 7034
7348,7322 7141 7347 7168 7169
7349,7323 7142 7347 7168 7170 6964
7146,7132 6923 7139 6426 6938 6433
7363,7324 7143 7360 6478 7185 6481
7350,7324 7143 7347 7168 7171
7411,7333 6439 7399 7022 7236 7034
7352,7326 7145 7347 7168 7173
7274,7134 7265 6579 7075 6588
7364,7325 7144 7360 6478 7186 6482
7351,7325 7144 7347 7168 7172
7300,7132 7293 6870 7103 6877
7355,7329 7148 7347 7168 7176 6970
7354,7328 6434 7347 7168 7175
7365,7326 7145 7360 6478 7187 6483
7301,7133 7293 6870 7104 6878
7356,7330 6436 7347 7168 7177 6736
7302,7134 7293 6870 7105 6879
7357,7331 7150 7347 7168 7178
7367,7328 6434 7360 6478 7189 6485
7304,7136 7293 6870 7107 6881
7413,7322 7141 7412 7238 7239
7472,7329 7148 7464 7097 7302 6879
7415,7324 7143 7412 7238 7241
7368,7329 7148 7360 6478 7190 6486
7414,7323 7142 7412 7238 7240
7306,7138 7293 6870 7109 6883
7461,7331 7150 7451 7280 7290 7092
7416,7325 7144 7412 7238 7242
7369,7330 6436 7360 6478 7191 6487
7417,7326 7145 7412 7238 7243
7419,7328 6434 7412 7238 7245
7398,7333 6439 7386 7210 7222 6787
7370,7331 7150 7360 6478 7192 6488
7421,7330 6436 7412 7238 7247
7137,7125 6916 6928 6421
7420,7329 7148 7412 7238 7246
7196,7126 7195 6758 6992 6759
7372,7333 6439 7360 6478 7194 6490
7424,7333 6439 7412 7238 7250
7422,7331 7150 7412 7238 7248 7047
7197,7127 7195 6758 6993 6760
7426,7322 7141 7425 7252 7253
7427,7323 7142 7425 7252 7254
7428,7324 7143 7425 7252 7255
7198,7128 7195 6758 6994 6761
7429,7325 7144 7425 7252 7256
7373,7321 7140 7196 6759
7432,7328 6434 7425 7252 7259
7433,7329 7148 7425 7252 7260
7199,7129 7195 6758 6995 6762
7430,7326 7145 7425 7252 7257
7374,7322 7141 7373 6759 7197 6760
7434,7330 6436 7425 7252 7261
7435,7331 7150 7425 7252 7262 7062
7437,7333 6439 7425 7252 7264
7200,7130 7195 6758 6996 6763
7439,7322 7141 7438 7266 7267
7375,7323 7142 7373 6759 7198 6761
7442,7325 7144 7438 7266 7270
7441,7324 7143 7438 7266 7269
7201,7131 7195 6758 6997 6764
7440,7323 7142 7438 7266 7268
7202,7132 7195 6758 6998 6765
7445,7328 6434 7438 7266 7273
7447,7330 6436 7438 7266 7275
7443,7326 7145 7438 7266 7271
7203,7133 7195 6758 6999 6766
7204,7134 6925 7195 6758 7000 6767
7448,7331 7150 7438 7266 7276
7450,7333 6439 7438 7266 7278
7206,7136 7195 6758 7002 6769
7205,7135 6688 7195 6758 7001 6768
7381,7329 7148 7373 6759 7204 6767
7401,7323 7142 7399 7022 7226 7024
7208,7138 7195 6758 7004 6771
7402,7324 7143 7399 7022 7227 7025
7490,7335 7155
7404,7326 7145 7399 7022 7229 7027
7382,7330 6436 7373 6759 7205 6768
7406,7328 6434 7399 7022 7231 7029
7408,7330 6436 7399 7022 7233 7031
7385,7333 6439 7373 6759 7208 6771
7409,7331 7150 7399 7022 7234 7032
7491,7490 7155 7336 7156
7446,7329 7148 7438 7266 7274 7075
7471,7328 6434 7464 7097 7301 7104
7476,7333 6439 7464 7097 7306 6883
7474,7331 7150 7464 7097 7304 6881
7151,7137 6421 7139 6426 6943 6438
7492,7490 7155 7337 7157
7165,7137 6421 7153 6946 6958 6722
7327,7321 7140 7146 6433
7179,7137 6421 7167 6961 6973 6738
7193,7137 6421 7181 6477 6988 6489
7207,7137 6421 7195 6758 7003 6770
7221,7137 6421 7209 7018 6786
7493,7490 7155 7338 7158
7332,7321 7140 7151 6438
7340,7327 6433 7334 7154 7160
7235,7137 6421 7223 7021 7033 6802
7249,7137 6421 7237 7036 7048 6818
7345,7332 6438 7334 7154 7165 6722
7353,7327 6433 7347 7168 7174 6968
7494,7490 7155 7339 7159
7366,7327 6433 7360 6478 7188 6484
7263,7137 6421 7251 7051 7063 6834
7358,7332 6438 7347 7168 7179 6738
7423,7332 6438 7412 7238 7249 6818
7379,7327 6433 7373 6759 7202 6765
7496,7490 7155 7341 7161
7277,7137 6421 7265 6579 7078 6591
7371,7332 6438 7360 6478 7193 6489
7291,7137 6421 7279 7081 7093 6866
7392,7327 6433 7386 7210 7216
7405,7327 6433 7399 7022 7230 7028
7384,7332 6438 7373 6759 7207 6770
7305,7137 6421 7293 6870 7108 6882
7462,7332 6438 7451 7280 7291 6866
7497,7490 7155 7342 7162
7418,7327 6433 7412 7238 7244
7397,7332 6438 7386 7210 7221 6786
7376,7324 7143 7373 6759 7199 6762
7319,7137 6421 7307 7123 6898
7431,7327 6433 7425 7252 7258
7498,7490 7155 7343 7163
7444,7327 6433 7438 7266 7272
7377,7325 7144 7373 6759 7200 6763
7378,7326 7145 7373 6759 7201 6764
7500,7490 7155 7345 6722
7457,7327 6433 7451 7280 7286
7380,7328 6434 7373 6759 7203 6766
7383,7331 7150 7373 6759 7206 6769
7499,7490 7155 7344 7164
7410,7332 6438 7399 7022 7235 6802
7470,7327 6433 7464 7097 7300 7103
7436,7332 6438 7425 7252 7263 6834
7449,7332 6438 7438 7266 7277 6591
7483,7327 6433 7477 7308 7314
7475,7332 6438 7464 7097 7305 6882
7501,7490 7155 7346 7166
7488,7332 6438 7477 7308 7319 6898
7495,7490 7155 7340 7160
7502,7490 7155 7348 7169
7526,7490 7155 7374 6760
7538,7490 7155 7387
7503,7491 7156 7502 7169 7349 7170
7550,7490 7155 7400 7023
7514,7490 7155 7361 6479
7527,7491 7156 7526 6760 7375 6761
7504,7492 7157 7502 7169 7350 7171
7551,7491 7156 7550 7023 7401 7024
7528,7492 7157 7526 6760 7376 6762
7562,7490 7155 7413 7239
7515,7491 7156 7514 6479 7362 6480
7505,7493 7158 7502 7169 7351 7172
7552,7492 7157 7550 7023 7402 7025
7574,7490 7155 7426 7253
7529,7493 7158 7526 6760 7377 6763
7563,7491 7156 7562 7239 7414 7240
7516,7492 7157 7514 6479 7363 6481
7506,7494 7159 7502 7169 7352 7173
7553,7493 7158 7550 7023 7403 7026
7530,7494 7159 7526 6760 7378 6764
7507,7495 7160 7502 7169 7353 7174
7554,7494 7159 7550 7023 7404 7027
7564,7492 7157 7562 7239 7415 7241
7531,7495 7160 7526 6760 7379 6765
7517,7493 7158 7514 6479 7364 6482
7586,7490 7155 7439 7267
7508,7496 7161 7502 7169 7354 7175
7555,7495 7160 7550 7023 7405 7028
7532,7496 7161 7526 6760 7380 6766
7565,7493 7158 7562 7239 7416 7242
7518,7494 7159 7514 6479 7365 6483
7509,7497 7162 7502 7169 7355 7176
7556,7496 7161 7550 7023 7406 7029
7533,7497 7162 7526 6760 7381 6767
7566,7494 7159 7562 7239 7417 7243
7598,7490 7155 7452
7510,7498 7163 7502 7169 7356 7177
7557,7497 7162 7550 7023 7407 7030
7519,7495 7160 7514 6479 7366 6484
7534,7498 7163 7526 6760 7382 6768
7511,7499 7164 7502 7169 7357 7178
7558,7498 7163 7550 7023 7408 7031
7535,7499 7164 7526 6760 7383 6769
7567,7495 7160 7562 7239 7418 7244
7520,7496 7161 7514 6479 7367 6485
7512,7500 6722 7502 7169 7358 6738
7559,7499 7164 7550 7023 7409 7032
7536,7500 6722 7526 6760 7384 6770
7610,7490 7155 7465
7568,7496 7161 7562 7239 7419 7245
7521,7497 7162 7514 6479 7368 6486
7560,7500 6722 7550 7023 7410 6802
7513,7501 7166 7502 7169 7359 6473
7537,7501 7166 7526 6760 7385 6771
7561,7501 7166 7550 7023 7411 7034
7569,7497 7162 7562 7239 7420 7246
7539,7491 7156 7538 7387 7388 7212
7522,7498 7163 7514 6479 7369 6487
7622,7490 7155 7478
7540,7492 7157 7538 7387 7389 7213
7634,7503 7349
7541,7493 7158 7538 7387 7390 7214
7570,7498 7163 7562 7239 7421 7247
7523,7499 7164 7514 6479 7370 6488
7542,7494 7159 7538 7387 7391 7215
7635,7634 7349 7504 7350
7636,7634 7349 7505 7351
7637,7634 7349 7506 7352
7543,7495 7160 7538 7387 7392 7216
7524,7500 6722 7514 6479 7371 6489
7571,7499 7164 7562 7239 7422 7248
7544,7496 7161 7538 7387 7393 7217
7638,7634 7349 7507 7174
7639,7634 7349 7508 7354
7640,7634 7349 7509 7355
7525,7501 7166 7514 6479 7372 6490
7572,7500 6722 7562 7239 7423 6818
7545,7497 7162 7538 7387 7394 7218
7641,7634 7349 7510 7356
7642,7634 7349 7511 7357
7643,7634 7349 7512 6738
7573,7501 7166 7562 7239 7424 7250
7546,7498 7163 7538 7387 7395 7219
7644,7634 7349 7513 7359
7547,7499 7164 7538 7387 7396 7220
7548,7500 6722 7538 7387 7397 6786
7645,7634 7349 7515 7362
7656,7634 7349 7527 6761
7667,7634 7349 7539 7388
7549,7501 7166 7538 7387 7398 6787
7646,7635 7350 7645 7362 7516 7363
7668,7635 7350 7667 7388 7540 7389
7657,7635 7350 7656 6761 7528 6762
7678,7634 7349 7551 7024
7689,7634 7349 7563 7414
7647,7636 7351 7645 7362 7517 7364
7575,7491 7156 7574 7253 7427 7254
7658,7636 7351 7656 6761 7529 6763
7669,7636 7351 7667 7388 7541 7390
7679,7635 7350 7678 7024 7552 7025
7648,7637 7352 7645 7362 7518 7365
7576,7492 7157 7574 7253 7428 7255
7659,7637 7352 7656 6761 7530 6764
7670,7637 7352 7667 7388 7542 7391
7690,7635 7350 7689 7414 7564 7415
7680,7636 7351 7678 7024 7553 7403
7649,7638 7174 7645 7362 7519 6484
7577,7493 7158 7574 7253 7429 7256
7660,7638 7174 7656 6761 7531 6765
7671,7638 7174 7667 7388 7543 7216
7691,7636 7351 7689 7414 7565 7416
7650,7639 7354 7645 7362 7520 7367
7578,7494 7159 7574 7253 7430 7257
7661,7639 7354 7656 6761 7532 6766
7672,7639 7354 7667 7388 7544 7393
7681,7637 7352 7678 7024 7554 7027
7651,7640 7355 7645 7362 7521 7368
7692,7637 7352 7689 7414 7566 7417
7579,7495 7160 7574 7253 7431 7258
7662,7640 7355 7656 6761 7533 6767
7673,7640 7355 7667 7388 7545 7394
7682,7638 7174 7678 7024 7555 7028
7652,7641 7356 7645 7362 7522 7369
7580,7496 7161 7574 7253 7432 7259
7663,7641 7356 7656 6761 7534 6768
7674,7641 7356 7667 7388 7546 7395
7693,7638 7174 7689 7414 7567 7244
7653,7642 7357 7645 7362 7523 7370
7581,7497 7162 7574 7253 7433 7260
7675,7642 7357 7667 7388 7547 7396
7664,7642 7357 7656 6761 7535 6769
7683,7639 7354 7678 7024 7556 7029
7694,7639 7354 7689 7414 7568 7419
7654,7643 6738 7645 7362 7524 6489
7582,7498 7163 7574 7253 7434 7261
7665,7643 6738 7656 6761 7536 6770
7676,7643 6738 7667 7388 7548 6786
7684,7640 7355 7678 7024 7557 7407
7655,7644 7359 7645 7362 7525 7372
7583,7499 7164 7574 7253 7435 7262
7695,7640 7355 7689 7414 7569 7420
7666,7644 7359 7656 6761 7537 6771
7685,7641 7356 7678 7024 7558 7031
7584,7500 6722 7574 7253 7436 6834
7585,7501 7166 7574 7253 7437 7264
7755,7646 7363
7587,7491 7156 7586 7267 7440 7268
7696,7641 7356 7689 7414 7570 7421
7588,7492 7157 7586 7267 7441 7269
7589,7493 7158 7586 7267 7442 7270
7686,7642 7357 7678 7024 7559 7032
7756,7755 7363 7647 7364
7697,7642 7357 7689 7414 7571 7422
7590,7494 7159 7586 7267 7443 7271
7591,7495 7160 7586 7267 7444 7272
7711,7634 7349 7587 7440
7687,7643 6738 7678 7024 7560 6802
7688,7644 7359 7678 7024 7561 7411
7757,7755 7363 7648 7365
7592,7496 7161 7586 7267 7445 7273
7698,7643 6738 7689 7414 7572 6818
7712,7635 7350 7711 7440 7588 7441
7699,7644 7359 7689 7414 7573 7424
7594,7498 7163 7586 7267 7447 7275
7593,7497 7162 7586 7267 7446 7075
7714,7637 7352 7711 7440 7590 7443
7758,7755 7363 7649 6484
7713,7636 7351 7711 7440 7589 7442
7595,7499 7164 7586 7267 7448 7276
7717,7640 7355 7711 7440 7593 7446
7715,7638 7174 7711 7440 7591 7272
7759,7755 7363 7650 7367
7596,7500 6722 7586 7267 7449 6591
7597,7501 7166 7586 7267 7450 7278
7815,7755 7363 7712 7441
7760,7755 7363 7651 7368
7721,7644 7359 7711 7440 7597 7450
7599,7491 7156 7598 7452 7453
7762,7755 7363 7653 7370
7761,7755 7363 7652 7369
7816,7756 7364 7815 7441 7713 7442
7820,7760 7368 7815 7441 7717 7446
7600,7492 7157 7598 7452 7454
7601,7493 7158 7598 7452 7455
7818,7758 6484 7815 7441 7715 7272
7763,7755 7363 7654 6489
7817,7757 7365 7815 7441 7714 7443
7602,7494 7159 7598 7452 7456
7603,7495 7160 7598 7452 7457 7286
7764,7755 7363 7655 7372
7604,7496 7161 7598 7452 7458
7605,7497 7162 7598 7452 7459
7775,7755 7363 7668 7389
7606,7498 7163 7598 7452 7460
7607,7499 7164 7598 7452 7461 7290
7824,7764 7372 7815 7441 7721 7450
7765,7755 7363 7657 6762
7785,7755 7363 7679 7552
7608,7500 6722 7598 7452 7462 6866
7609,7501 7166 7598 7452 7463
7767,7757 7365 7765 6762 7659 6764
7766,7756 7364 7765 6762 7658 6763
7612,7492 7157 7610 7465 7467
7611,7491 7156 7610 7465 7466
7795,7755 7363 7690 7564
7768,7758 6484 7765 6762 7660 6765
7786,7756 7364 7785 7552 7680 7553
7613,7493 7158 7610 7465 7468
7776,7756 7364 7775 7389 7669 7390
7769,7759 7367 7765 6762 7661 6766
7787,7757 7365 7785 7552 7681 7554
7614,7494 7159 7610 7465 7469
7777,7757 7365 7775 7389 7670 7391
7855,7766 6763
7733,7634 7349 7611 7466
7770,7760 7368 7765 6762 7662 6767
7615,7495 7160 7610 7465 7470 7103
7788,7758 6484 7785 7552 7682 7028
7778,7758 6484 7775 7389 7671 7216
7734,7635 7350 7733 7466 7612 7467
7771,7761 7369 7765 6762 7663 6768
7779,7759 7367 7775 7389 7672 7393
7856,7855 6763 7767 6764
7616,7496 7161 7610 7465 7471 7104
7735,7636 7351 7733 7466 7613 7468
7772,7762 7370 7765 6762 7664 6769
7789,7759 7367 7785 7552 7683 7029
7780,7760 7368 7775 7389 7673 7394
7617,7497 7162 7610 7465 7472 6879
7736,7637 7352 7733 7466 7614 7469
7773,7763 6489 7765 6762 7665 6770
7790,7760 7368 7785 7552 7684 7407
7857,7855 6763 7768 6765
7781,7761 7369 7775 7389 7674 7395
7618,7498 7163 7610 7465 7473
7774,7764 7372 7765 6762 7666 6771
7782,7762 7370 7775 7389 7675 7396
7791,7761 7369 7785 7552 7685 7031
7619,7499 7164 7610 7465 7474 6881
7835,7755 7363 7734 7467
7859,7855 6763 7770 6767
7858,7855 6763 7769 6766
7783,7763 6489 7775 7389 7676 6786
7620,7500 6722 7610 7465 7475 6882
7836,7756 7364 7835 7467 7735 7468
7792,7762 7370 7785 7552 7686 7032
7796,7756 7364 7795 7564 7691 7565
7860,7855 6763 7771 6768
7837,7757 7365 7835 7467 7736 7469
7621,7501 7166 7610 7465 7476 6883
7793,7763 6489 7785 7552 7687 6802
7797,7757 7365 7795 7564 7692 7417
7623,7491 7156 7622 7478 7479
7861,7855 6763 7772 6769
7798,7758 6484 7795 7564 7693 7244
7864,7855 6763 7776 7390
7794,7764 7372 7785 7552 7688 7411
7918,7855 6763 7836 7468
7624,7492 7157 7622 7478 7480
7799,7759 7367 7795 7564 7694 7419
7862,7855 6763 7773 6770
7919,7856 6764 7918 7468 7837 7469
7625,7493 7158 7622 7478 7481
7800,7760 7368 7795 7564 7695 7420
7626,7494 7159 7622 7478 7482
7627,7495 7160 7622 7478 7483 7314
7863,7855 6763 7774 6771
7801,7761 7369 7795 7564 7696 7421
7628,7496 7161 7622 7478 7484
7900,7855 6763 7816 7442
7871,7862 6770 7864 7390 7783 6786
7629,7497 7162 7622 7478 7485
7873,7855 6763 7786 7553
7802,7762 7370 7795 7564 7697 7422
7630,7498 7163 7622 7478 7486
7803,7763 6489 7795 7564 7698 6818
7631,7499 7164 7622 7478 7487
7901,7856 6764 7900 7442 7817 7443
7804,7764 7372 7795 7564 7699 7424
7865,7856 6764 7864 7390 7777 7391
7632,7500 6722 7622 7478 7488 6898
7633,7501 7166 7622 7478 7489
7677,7644 7359 7667 7388 7549 7398
7902,7857 6765 7900 7442 7818 7272
7866,7857 6765 7864 7390 7778 7216
7716,7639 7354 7711 7440 7592 7445
7882,7855 6763 7796 7691
7784,7764 7372 7775 7389 7677 7398
7718,7641 7356 7711 7440 7594 7447
7904,7859 6767 7900 7442 7820 7446
7700,7634 7349 7575 7427
7883,7856 6764 7882 7691 7797 7417
7867,7858 6766 7864 7390 7779 7393
7872,7863 6771 7864 7390 7784 7398
7719,7642 7357 7711 7440 7595 7448
7884,7857 6765 7882 7691 7798 7244
7701,7635 7350 7700 7427 7576 7428
7702,7636 7351 7700 7427 7577 7429
7908,7863 6771 7900 7442 7824 7450
7868,7859 6767 7864 7390 7780 7394
7720,7643 6738 7711 7440 7596 6591
7885,7858 6766 7882 7691 7799 7419
7703,7637 7352 7700 7427 7578 7430
7704,7638 7174 7700 7427 7579 7258
7869,7860 6768 7864 7390 7781 7395
7870,7861 6769 7864 7390 7782 7396
7886,7859 6767 7882 7691 7800 7420
7706,7640 7355 7700 7427 7581 7433
7705,7639 7354 7700 7427 7580 7432
7874,7856 6764 7873 7553 7787 7554
7707,7641 7356 7700 7427 7582 7434
7708,7642 7357 7700 7427 7583 7435
7887,7860 6768 7882 7691 7801 7421
7722,7634 7349 7599 7453
7875,7857 6765 7873 7553 7788 7028
7709,7643 6738 7700 7427 7584 6834
7888,7861 6769 7882 7691 7802 7422
7710,7644 7359 7700 7427 7585 7437
7737,7638 7174 7733 7466 7615 7103
7876,7858 6766 7873 7553 7789 7029
7877,7859 6767 7873 7553 7790 7407
7889,7862 6770 7882 7691 7803 6818
7739,7640 7355 7733 7466 7617 7472
7738,7639 7354 7733 7466 7616 7471
7878,7860 6768 7873 7553 7791 7031
7879,7861 6769 7873 7553 7792 7032
7890,7863 6771 7882 7691 7804 7424
7740,7641 7356 7733 7466 7618 7473
7839,7759 7367 7835 7467 7738 7471
7805,7755 7363 7701 7428
7880,7862 6770 7873 7553 7793 6802
7741,7642 7357 7733 7466 7619 7474
7921,7858 6766 7918 7468 7839 7471
7742,7643 6738 7733 7466 7620 6882
7881,7863 6771 7873 7553 7794 7411
7806,7756 7364 7805 7428 7702 7429
7842,7762 7370 7835 7467 7741 7474
7807,7757 7365 7805 7428 7703 7430
7743,7644 7359 7733 7466 7621 7476
7809,7759 7367 7805 7428 7705 7432
7808,7758 6484 7805 7428 7704 7258
7924,7861 6769 7918 7468 7842 7474
7810,7760 7368 7805 7428 7706 7433
7811,7761 7369 7805 7428 7707 7434
7936,7865 7391
7813,7763 6489 7805 7428 7709 6834
7814,7764 7372 7805 7428 7710 7437
7812,7762 7370 7805 7428 7708 7435
7744,7634 7349 7623 7479
7819,7759 7367 7815 7441 7716 7445
7821,7761 7369 7815 7441 7718 7447
7823,7763 6489 7815 7441 7720 6591
7891,7855 6763 7806 7429
7822,7762 7370 7815 7441 7719 7448
7937,7936 7391 7866 7216
7903,7858 6766 7900 7442 7819 7445
7905,7860 6768 7900 7442 7821 7447
7723,7635 7350 7722 7453 7600 7454
7892,7856 6764 7891 7429 7807 7430
7893,7857 6765 7891 7429 7808 7258
7894,7858 6766 7891 7429 7809 7432
7906,7861 6769 7900 7442 7822 7448
7724,7636 7351 7722 7453 7601 7455
7895,7859 6767 7891 7429 7810 7433
7938,7936 7391 7867 7393
7896,7860 6768 7891 7429 7811 7434
7897,7861 6769 7891 7429 7812 7435
7898,7862 6770 7891 7429 7813 6834
7725,7637 7352 7722 7453 7602 7456
7899,7863 6771 7891 7429 7814 7437
7726,7638 7174 7722 7453 7603 7286
7727,7639 7354 7722 7453 7604 7458
7728,7640 7355 7722 7453 7605 7459
7729,7641 7356 7722 7453 7606 7460
7730,7642 7357 7722 7453 7607 7461
7731,7643 6738 7722 7453 7608 7462
7939,7936 7391 7868 7394
7960,7936 7391 7892 7430
7732,7644 7359 7722 7453 7609 7463
7838,7758 6484 7835 7467 7737 7103
7961,7937 7216 7960 7430 7893 7258
7840,7760 7368 7835 7467 7739 7472
7962,7938 7393 7960 7430 7894 7432
7841,7761 7369 7835 7467 7740 7473
7920,7857 6765 7918 7468 7838 7103
7922,7859 6767 7918 7468 7840 7472
7963,7939 7394 7960 7430 7895 7433
7843,7763 6489 7835 7467 7742 6882
7940,7936 7391 7869 7395
7844,7764 7372 7835 7467 7743 7476
7745,7635 7350 7744 7479 7624 7480
7746,7636 7351 7744 7479 7625 7481
7747,7637 7352 7744 7479 7626 7482
7925,7862 6770 7918 7468 7843 6882
7748,7638 7174 7744 7479 7627 7483
7749,7639 7354 7744 7479 7628 7484
7751,7641 7356 7744 7479 7630 7486
7750,7640 7355 7744 7479 7629 7485
7752,7642 7357 7744 7479 7631 7487
7941,7936 7391 7870 7396
7845,7755 7363 7745 7480
7753,7643 6738 7744 7479 7632 7488
7907,7862 6770 7900 7442 7823 6591
7754,7644 7359 7744 7479 7633 7489
7846,7756 7364 7845 7480 7746 7481
7853,7763 6489 7845 7480 7753 7488
7854,7764 7372 7845 7480 7754 7489
7847,7757 7365 7845 7480 7747 7482
7848,7758 6484 7845 7480 7748 7483
7825,7755 7363 7723 7454
7942,7936 7391 7871 6786
7849,7759 7367 7845 7480 7749 7484
7851,7761 7369 7845 7480 7751 7486
7850,7760 7368 7845 7480 7750 7485
7852,7762 7370 7845 7480 7752 7487
7923,7860 6768 7918 7468 7841 7473
7926,7863 6771 7918 7468 7844 7476
7826,7756 7364 7825 7454 7724 7455
7827,7757 7365 7825 7454 7725 7456
7828,7758 6484 7825 7454 7726 7286
7943,7936 7391 7872 7398
7829,7759 7367 7825 7454 7727 7458
7927,7855 6763 7846 7481
7830,7760 7368 7825 7454 7728 7459
7831,7761 7369 7825 7454 7729 7460
7928,7856 6764 7927 7481 7847 7482
7929,7857 6765 7927 7481 7848 7483
7909,7855 6763 7826 7455
7832,7762 7370 7825 7454 7730 7461
7833,7763 6489 7825 7454 7731 7462
7930,7858 6766 7927 7481 7849 7484
7910,7856 6764 7909 7455 7827 7456
7915,7861 6769 7909 7455 7832 7461
7834,7764 7372 7825 7454 7732 7463
7944,7936 7391 7874 7554
7992,7936 7391 7928 7482
7931,7859 6767 7927 7481 7850 7485
7911,7857 6765 7909 7455 7828 7286
7916,7862 6770 7909 7455 7833 7462
7917,7863 6771 7909 7455 7834 7463
7993,7937 7216 7992 7482 7929 7483
7912,7858 6766 7909 7455 7829 7458
7932,7860 6768 7927 7481 7851 7486
7994,7938 7393 7992 7482 7930 7484
7913,7859 6767 7909 7455 7830 7459
7933,7861 6769 7927 7481 7852 7487
7968,7936 7391 7901 7817
7984,7936 7391 7919 7469
7952,7936 7391 7883 7417
7934,7862 6770 7927 7481 7853 7488
7914,7860 6768 7909 7455 7831 7460
7935,7863 6771 7927 7481 7854 7489
7969,7937 7216 7968 7817 7902 7818
7985,7937 7216 7984 7469 7920 7103
7998,7942 6786 7992 7482 7934 7488
7995,7939 7394 7992 7482 7931 7485
7964,7940 7395 7960 7430 7896 7434
7986,7938 7393 7984 7469 7921 7471
7970,7938 7393 7968 7817 7903 7445
7996,7940 7395 7992 7482 7932 7486
7997,7941 7396 7992 7482 7933 7487
7976,7936 7391 7910 7456
7965,7941 7396 7960 7430 7897 7435
7987,7939 7394 7984 7469 7922 7472
7971,7939 7394 7968 7817 7904 7820
7999,7943 7398 7992 7482 7935 7489
7972,7940 7395 7968 7817 7905 7447
7977,7937 7216 7976 7456 7911 7286
7988,7940 7395 7984 7469 7923 7473
7973,7941 7396 7968 7817 7906 7448
7974,7942 6786 7968 7817 7907 6591
7966,7942 6786 7960 7430 7898 6834
7975,7943 7398 7968 7817 7908 7824
7978,7938 7393 7976 7456 7912 7458
7989,7941 7396 7984 7469 7924 7474
7990,7942 6786 7984 7469 7925 6882
7991,7943 7398 7984 7469 7926 7476
7945,7937 7216 7944 7554 7875 7028
7979,7939 7394 7976 7456 7913 7459
7967,7943 7398 7960 7430 7899 7437
7946,7938 7393 7944 7554 7876 7029
7947,7939 7394 7944 7554 7877 7407
7948,7940 7395 7944 7554 7878 7031
7980,7940 7395 7976 7456 7914 7460
7950,7942 6786 7944 7554 7880 6802
7949,7941 7396 7944 7554 7879 7032
7951,7943 7398 7944 7554 7881 7411
7953,7937 7216 7952 7417 7884 7244
8000,7945 7028
7981,7941 7396 7976 7456 7915 7461
7954,7938 7393 7952 7417 7885 7419
7956,7940 7395 7952 7417 7887 7421
7955,7939 7394 7952 7417 7886 7420
7982,7942 6786 7976 7456 7916 7462
8001,8000 7028 7946 7029
7957,7941 7396 7952 7417 7888 7422
7958,7942 6786 7952 7417 7889 6818
7983,7943 7398 7976 7456 7917 7463
8007,8000 7028 7953 7244
7959,7943 7398 7952 7417 7890 7424
8002,8000 7028 7947 7407
8003,8000 7028 7948 7031
8008,8001 7029 8007 7244 7954 7419
8004,8000 7028 7949 7032
8005,8000 7028 7950 6802
8010,8003 7031 8007 7244 7956 7421
8011,8004 7032 8007 7244 7957 7422
8006,8000 7028 7951 7411
8012,8005 6802 8007 7244 7958 6818
8049,8008 7419
8014,8000 7028 7961 7258
8013,8006 7411 8007 7244 7959 7424
8051,8049 7419 8010 7421
8021,8000 7028 7969 7818
8028,8000 7028 7977 7286
8022,8001 7029 8021 7818 7970 7445
8042,8000 7028 7993 7483
8029,8001 7029 8028 7286 7978 7458
8035,8000 7028 7985 7103
8052,8049 7419 8011 7422
8054,8049 7419 8013 7424
8023,8002 7407 8021 7818 7971 7820
8030,8002 7407 8028 7286 7979 7459
8009,8002 7407 8007 7244 7955 7420
8036,8001 7029 8035 7103 7986 7471
8037,8002 7407 8035 7103 7987 7472
8053,8049 7419 8012 6818
8024,8003 7031 8021 7818 7972 7447
8031,8003 7031 8028 7286 7980 7460
8015,8001 7029 8014 7258 7962 7432
8038,8003 7031 8035 7103 7988 7473
8016,8002 7407 8014 7258 7963 7433
8025,8004 7032 8021 7818 7973 7448
8039,8004 7032 8035 7103 7989 7474
8032,8004 7032 8028 7286 7981 7461
8017,8003 7031 8014 7258 7964 7434
8040,8005 6802 8035 7103 7990 6882
8018,8004 7032 8014 7258 7965 7435
8026,8005 6802 8021 7818 7974 6591
8033,8005 6802 8028 7286 7982 7462
8019,8005 6802 8014 7258 7966 6834
8041,8006 7411 8035 7103 7991 7476
8020,8006 7411 8014 7258 7967 7437
8027,8006 7411 8021 7818 7975 7824
8034,8006 7411 8028 7286 7983 7463
8043,8001 7029 8042 7483 7994 7484
8045,8003 7031 8042 7483 7996 7486
8044,8002 7407 8042 7483 7995 7485
8046,8004 7032 8042 7483 7997 7487
8073,8049 7419 8036 7471
8047,8005 6802 8042 7483 7998 7488
8048,8006 7411 8042 7483 7999 7489
8075,8051 7421 8073 7471 8038 7473
8061,8049 7419 8022 7445
8067,8049 7419 8029 7458
8050,8049 7419 8009 7420
8077,8053 6818 8073 7471 8040 6882
8063,8051 7421 8061 7445 8024 7447
8069,8051 7421 8067 7458 8031 7460
8076,8052 7422 8073 7471 8039 7474
8055,8049 7419 8015 7432
8078,8054 7424 8073 7471 8041 7476
8070,8052 7422 8067 7458 8032 7461
8064,8052 7422 8061 7445 8025 7448
8062,8050 7420 8061 7445 8023 7820
8079,8049 7419 8043 7484
8056,8050 7420 8055 7432 8016 7433
8057,8051 7421 8055 7432 8017 7434
8071,8053 6818 8067 7458 8033 7462
8065,8053 6818 8061 7445 8026 6591
8068,8050 7420 8067 7458 8030 7459
8059,8053 6818 8055 7432 8019 6834
8058,8052 7422 8055 7432 8018 7435
8060,8054 7424 8055 7432 8020 7437
8066,8054 7424 8061 7445 8027 7824
8072,8054 7424 8067 7458 8034 7463
8074,8050 7420 8073 7471 8037 7472
8081,8051 7421 8079 7484 8045 7486
8082,8052 7422 8079 7484 8046 7487
8083,8053 6818 8079 7484 8047 7488
8080,8050 7420 8079 7484 8044 7485
8085,8056 7433
8084,8054 7424 8079 7484 8048 7489
8087,8085 7433 8058 7435
8088,8085 7433 8059 6834
8089,8085 7433 8060 7437
8086,8085 7433 8057 7434
8090,8085 7433 8062 7820
8095,8085 7433 8068 7459
8091,8086 7434 8090 7820 8063 7447
8093,8088 6834 8090 7820 8065 6591
8096,8086 7434 8095 7459 8069 7460
8092,8087 7435 8090 7820 8064 7448
8100,8085 7433 8074 7472
8105,8085 7433 8080 7485
8094,8089 7437 8090 7820 8066 7824
8097,8087 7435 8095 7459 8070 7461
8101,8086 7434 8100 7472 8075 7473
8107,8087 7435 8105 7485 8082 7487
8106,8086 7434 8105 7485 8081 7486
8110,8091 7447
8099,8089 7437 8095 7459 8072 7463
8098,8088 6834 8095 7459 8071 7462
8102,8087 7435 8100 7472 8076 7474
8108,8088 6834 8105 7485 8083 7488
8109,8089 7437 8105 7485 8084 7489
8111,8110 7447 8092 7448
8103,8088 6834 8100 7472 8077 6882
8113,8110 7447 8094 7824
8112,8110 7447 8093 6591
8104,8089 7437 8100 7472 8078 7476
8114,8110 7447 8096 7460
8122,8110 7447 8106 7486
8115,8111 7448 8114 7460 8097 7461
8116,8112 6591 8114 7460 8098 7462
8117,8113 7824 8114 7460 8099 7463
8118,8110 7447 8101 7473
8123,8111 7448 8122 7486 8107 7487
8124,8112 6591 8122 7486 8108 7488
8125,8113 7824 8122 7486 8109 7489
8119,8111 7448 8118 7473 8102 7474
8126,8115 7461
8120,8112 6591 8118 7473 8103 6882
8121,8113 7824 8118 7473 8104 7476
8127,8126 7461 8116 7462
8128,8126 7461 8117 7463
8129,8126 7461 8119 7474
8132,8126 7461 8123 7487
8134,8128 7463 8132 7487 8125 7489
8133,8127 7462 8132 7487 8124 7488
8131,8128 7463 8129 7474 8121 7476
8130,8127 7462 8129 7474 8120 6882
8135,8130 6882
8136,8135 6882 8131 7476
8137,8135 6882 8133 7488
8138,8136 7476 8137 7488 8134 7489
8139,8138 7489
8141,5270
8140,8141
8143,5271
8142,8143
8145,5272
8144,8145
8147,5273
8146,8147
8149,5274
8148,8149
8151,5275
8150,8151
8153,5276
8152,8153
8155,5277
8154,8155
8157,5278
8156,8157
8159,5279
8158,8159
8161,5280
8160,8161
8163,5281
8162,8163
8165,5282
8164,8165
8167,5283
8166,8167
8169,5284
8168,8169
8171,5285
8170,8171
8173,5286
8172,8173
8175,5287
8174,8175
8177,5288
8176,8177
8179,5289
8178,8179
8181,5290
8180,8181
8183,5670
8182,8183
8185,5671
8184,8185
8187,5672
8186,8187
8189,5673
8188,8189
8191,5674
8190,8191
8193,5675
8192,8193
8195,5676
8194,8195
8197,5677
8196,8197
8199,5678
8198,8199
8201,5679
8200,8201
8203,5680
8202,8203
8205,5681
8204,8205
8207,5682
8206,8207
8209,5683
8208,8209
8211,5684
8210,8211
8213,5685
8212,8213
8215,5686
8214,8215
8217,5687
8216,8217
8219,5688
8218,8219
8221,5310
8220,8221
8223,5689
8222,8223
8225,6031
8224,8225
8227,6032
8226,8227
8229,6033
8228,8229
8231,6034
8230,8231
8233,6035
8232,8233
8235,6036
8234,8235
8237,6037
8236,8237
8239,6038
8238,8239
8241,6039
8240,8241
8243,6040
8242,8243
8245,6041
8244,8245
8247,6042
8246,8247
8249,6043
8248,8249
8251,6044
8250,8251
8253,6045
8252,8253
8255,6046
8254,8255
8257,6047
8256,8257
8259,6048
8258,8259
8261,5330
8260,8261
8263,5708
8262,8263
8265,6049
8264,8265
8267,6355
8266,8267
8269,6356
8268,8269
8271,6357
8270,8271
8273,6358
8272,8273
8275,6359
8274,8275
8277,6360
8276,8277
8279,6361
8278,8279
8281,6362
8280,8281
8283,6363
8282,8283
8285,6364
8284,8285
8287,6365
8286,8287
8289,6366
8288,8289
8291,6367
8290,8291
8293,6368
8292,8293
8295,6369
8294,8295
8297,6370
8296,8297
8299,6371
8298,8299
8301,5350
8300,8301
8303,5727
8302,8303
8305,6067
8304,8305
8307,6372
8306,8307
8309,6644
8308,8309
8311,6645
8310,8311
8313,6646
8312,8313
8315,6647
8314,8315
8317,6648
8316,8317
8319,6649
8318,8319
8321,6650
8320,8321
8323,6651
8322,8323
8325,6652
8324,8325
8327,6653
8326,8327
8329,6654
8328,8329
8331,6655
8330,8331
8333,6656
8332,8333
8335,6657
8334,8335
8337,6658
8336,8337
8339,6659
8338,8339
8341,5370
8340,8341
8343,5746
8342,8343
8345,6085
8344,8345
8347,6389
8346,8347
8349,6660
8348,8349
8351,6900
8350,8351
8353,6901
8352,8353
8355,6902
8354,8355
8357,6903
8356,8357
8359,6904
8358,8359
8361,6905
8360,8361
8363,6906
8362,8363
8365,6907
8364,8365
8367,6908
8366,8367
8369,6909
8368,8369
8371,6910
8370,8371
8373,6911
8372,8373
8375,6912
8374,8375
8377,6913
8376,8377
8379,6914
8378,8379
8381,5390
8380,8381
8383,5765
8382,8383
8385,6103
8384,8385
8387,6406
8386,8387
8389,6676
8388,8389
8391,6915
8390,8391
8393,7125
8392,8393
8395,7126
8394,8395
8397,7127
8396,8397
8399,7128
8398,8399
8401,7129
8400,8401
8403,7130
8402,8403
8405,7131
8404,8405
8407,7132
8406,8407
8409,7133
8408,8409
8411,7134
8410,8411
8413,7135
8412,8413
8415,7136
8414,8415
8417,7137
8416,8417
8419,7138
8418,8419
8421,5410
8420,8421
8423,5784
8422,8423
8425,6121
8424,8425
8427,6423
8426,8427
8429,6692
8428,8429
8431,6930
8430,8431
8433,7139
8432,8433
8435,7321
8434,8435
8437,7322
8436,8437
8439,7323
8438,8439
8441,7324
8440,8441
8443,7325
8442,8443
8445,7326
8444,8445
8447,7327
8446,8447
8449,7328
8448,8449
8451,7329
8450,8451
8453,7330
8452,8453
8455,7331
8454,8455
8457,7332
8456,8457
8459,7333
8458,8459
8461,5430
8460,8461
8463,5803
8462,8463
8465,6139
8464,8465
8467,6440
8466,8467
8469,6708
8468,8469
8471,6945
8470,8471
8473,7153
8472,8473
8475,7334
8474,8475
8477,7490
8476,8477
8479,7491
8478,8479
8481,7492
8480,8481
8483,7493
8482,8483
8485,7494
8484,8485
8487,7495
8486,8487
8489,7496
8488,8489
8491,7497
8490,8491
8493,7498
8492,8493
8495,7499
8494,8495
8497,7500
8496,8497
8499,7501
8498,8499
8501,5450
8500,8501
8503,5822
8502,8503
8505,6157
8504,8505
8507,6457
8506,8507
8509,6724
8508,8509
8511,6960
8510,8511
8513,7167
8512,8513
8515,7347
8514,8515
8517,7502
8516,8517
8519,7634
8518,8519
8521,7635
8520,8521
8523,7636
8522,8523
8525,7637
8524,8525
8527,7638
8526,8527
8529,7639
8528,8529
8531,7640
8530,8531
8533,7641
8532,8533
8535,7642
8534,8535
8537,7643
8536,8537
8539,7644
8538,8539
8541,5470
8540,8541
8543,5841
8542,8543
8545,6175
8544,8545
8547,6474
8546,8547
8549,6740
8548,8549
8551,6975
8550,8551
8553,7181
8552,8553
8555,7360
8554,8555
8557,7514
8556,8557
8559,7645
8558,8559
8561,7755
8560,8561
8563,7756
8562,8563
8565,7757
8564,8565
8567,7758
8566,8567
8569,7759
8568,8569
8571,7760
8570,8571
8573,7761
8572,8573
8575,7762
8574,8575
8577,7763
8576,8577
8579,7764
8578,8579
8581,5490
8580,8581
8583,5860
8582,8583
8585,6193
8584,8585
8587,6491
8586,8587
8589,6756
8588,8589
8591,6990
8590,8591
8593,7195
8592,8593
8595,7373
8594,8595
8597,7526
8596,8597
8599,7656
8598,8599
8601,7765
8600,8601
8603,7855
8602,8603
8605,7856
8604,8605
8607,7857
8606,8607
8609,7858
8608,8609
8611,7859
8610,8611
8613,7860
8612,8613
8615,7861
8614,8615
8617,7862
8616,8617
8619,7863
8618,8619
8621,5510
8620,8621
8623,5879
8622,8623
8625,6211
8624,8625
8627,6508
8626,8627
8629,6772
8628,8629
8631,7005
8630,8631
8633,7209
8632,8633
8635,7386
8634,8635
8637,7538
8636,8637
8639,7667
8638,8639
8641,7775
8640,8641
8643,7864
8642,8643
8645,7936
8644,8645
8647,7937
8646,8647
8649,7938
8648,8649
8651,7939
8650,8651
8653,7940
8652,8653
8655,7941
8654,8655
8657,7942
8656,8657
8659,7943
8658,8659
8661,5530
8660,8661
8663,5898
8662,8663
8665,6229
8664,8665
8667,6525
8666,8667
8669,6788
8668,8669
8671,7020
8670,8671
8673,7223
8672,8673
8675,7399
8674,8675
8677,7550
8676,8677
8679,7678
8678,8679
8681,7785
8680,8681
8683,7873
8682,8683
8685,7944
8684,8685
8687,8000
8686,8687
8689,8001
8688,8689
8691,8002
8690,8691
8693,8003
8692,8693
8695,8004
8694,8695
8697,8005
8696,8697
8699,8006
8698,8699
8701,5550
8700,8701
8703,5917
8702,8703
8705,6247
8704,8705
8707,6542
8706,8707
8709,6804
8708,8709
8711,7035
8710,8711
8713,7237
8712,8713
8715,7412
8714,8715
8717,7562
8716,8717
8719,7689
8718,8719
8721,7795
8720,8721
8723,7882
8722,8723
8725,7952
8724,8725
8727,8007
8726,8727
8729,8049
8728,8729
8731,8050
8730,8731
8733,8051
8732,8733
8735,8052
8734,8735
8737,8053
8736,8737
8739,8054
8738,8739
8741,5570
8740,8741
8743,5936
8742,8743
8745,6265
8744,8745
8747,6559
8746,8747
8749,6820
8748,8749
8751,7050
8750,8751
8753,7251
8752,8753
8755,7425
8754,8755
8757,7574
8756,8757
8759,7700
8758,8759
8761,7805
8760,8761
8763,7891
8762,8763
8765,7960
8764,8765
8767,8014
8766,8767
8769,8055
8768,8769
8771,8085
8770,8771
8773,8086
8772,8773
8775,8087
8774,8775
8777,8088
8776,8777
8779,8089
8778,8779
8781,5590
8780,8781
8783,5955
8782,8783
8785,6283
8784,8785
8787,6576
8786,8787
8789,6836
8788,8789
8791,7065
8790,8791
8793,7265
8792,8793
8795,7438
8794,8795
8797,7586
8796,8797
8799,7711
8798,8799
8801,7815
8800,8801
8803,7900
8802,8803
8805,7968
8804,8805
8807,8021
8806,8807
8809,8061
8808,8809
8811,8090
8810,8811
8813,8110
8812,8813
8815,8111
8814,8815
8817,8112
8816,8817
8819,8113
8818,8819
8821,5610
8820,8821
8823,5974
8822,8823
8825,6301
8824,8825
8827,6593
8826,8827
8829,6852
8828,8829
8831,7080
8830,8831
8833,7279
8832,8833
8835,7451
8834,8835
8837,7598
8836,8837
8839,7722
8838,8839
8841,7825
8840,8841
8843,7909
8842,8843
8845,7976
8844,8845
8847,8028
8846,8847
8849,8067
8848,8849
8851,8095
8850,8851
8853,8114
8852,8853
8855,8126
8854,8855
8857,8127
8856,8857
8859,8128
8858,8859
8861,5630
8860,8861
8863,5993
8862,8863
8865,6319
8864,8865
8867,6610
8866,8867
8869,6868
8868,8869
8871,7095
8870,8871
8873,7293
8872,8873
8875,7464
8874,8875
8877,7610
8876,8877
8879,7733
8878,8879
8881,7835
8880,8881
8883,7918
8882,8883
8885,7984
8884,8885
8887,8035
8886,8887
8889,8073
8888,8889
8891,8100
8890,8891
8893,8118
8892,8893
8895,8129
8894,8895
8897,8135
8896,8897
8899,8136
8898,8899
8901,5650
8900,8901
8903,6012
8902,8903
8905,6337
8904,8905
8907,6627
8906,8907
8909,6884
8908,8909
8911,7110
8910,8911
8913,7307
8912,8913
8915,7477
8914,8915
8917,7622
8916,8917
8919,7744
8918,8919
8921,7845
8920,8921
8923,7927
8922,8923
8925,7992
8924,8925
8927,8042
8926,8927
8929,8079
8928,8929
8931,8105
8930,8931
8933,8122
8932,8933
8935,8132
8934,8935
8937,8137
8936,8937
8939,8139
8938,8939
