1439,1440
1440,1429 1329
1429,1329
1450,1451
1451,1430 1339
1430,1429 1329 1339
1477,1478
1478,1433 1369
1433,1429 1329 1369
1490,1491
1469,1470
1491,1435 1389
1470,1432 1359
1432,1429 1329 1359
1435,1429 1329 1389
1484,1485
1485,1434 1379
1434,1429 1329 1379
1460,1461
1461,1431 1349
1431,1429 1329 1349
1441,1430 1339 1340
1443,1432 1359 1430 1339 1360
1444,1433 1369 1430 1339 1370
1513,1514
1514,1504 1340
1445,1434 1379 1430 1339 1380
1504,1441 1340
1495,1496
1496,1436 1399
1436,1429 1329 1399
1462,1432 1359 1362
1471,1433 1369 1373
1442,1431 1349 1430 1339 1350
1464,1434 1379 1432 1359 1382
1532,1533
1533,1506 1360
1506,1504 1340 1443 1360
1499,1500
1500,1437 1409
1437,1429 1329 1409
1452,1431 1349 1351
1463,1433 1369 1432 1359 1372
1525,1506 1360 1462 1362
1540,1541
1541,1507 1370
1507,1504 1340 1444 1370
1472,1434 1379 1433 1369 1383
1479,1434 1379 1384
1502,1503
1503,1438 1419
1438,1429 1329 1419
1465,1435 1389 1432 1359 1392
1526,1507 1370 1506 1360 1463 1372
1453,1432 1359 1431 1349 1361
1480,1435 1389 1434 1379 1394
1534,1507 1370 1471 1373
1547,1548
1548,1508 1380
1508,1504 1340 1445 1380
1446,1435 1389 1430 1339 1390
1473,1435 1389 1433 1369 1393
1486,1435 1389 1395
1454,1433 1369 1431 1349 1371
1447,1436 1399 1430 1339 1400
1527,1508 1380 1506 1360 1464 1382
1457,1436 1399 1431 1349 1401
1466,1436 1399 1432 1359 1402
1474,1436 1399 1433 1369 1403
1492,1436 1399 1406
1535,1508 1380 1507 1370 1472 1383
1558,1559
1559,1510 1400
1510,1504 1340 1447 1400
1481,1436 1399 1434 1379 1404
1487,1436 1399 1435 1389 1405
1455,1434 1379 1431 1349 1381
1542,1508 1380 1479 1384
1448,1437 1409 1430 1339 1410
1529,1510 1400 1506 1360 1466 1402
1458,1437 1409 1431 1349 1411
1467,1437 1409 1432 1359 1412
1475,1437 1409 1433 1369 1413
1456,1435 1389 1431 1349 1391
1537,1510 1400 1507 1370 1474 1403
1562,1563
1563,1511 1410
1511,1504 1340 1448 1410
1488,1437 1409 1435 1389 1415
1482,1437 1409 1434 1379 1414
1555,1510 1400 1492 1406
1493,1437 1409 1436 1399 1416
1497,1437 1409 1417
1530,1511 1410 1506 1360 1467 1412
1538,1511 1410 1507 1370 1475 1413
1523,1524
1524,1505 1350
1505,1504 1340 1442 1350
1556,1511 1410 1510 1400 1493 1416
1760,1449 1448 1447 1446 1442 1445 1444 1443 1441 1450
1449,1438 1419 1430 1339 1420
1762,1459 1458 1457 1456 1455 1454 1453 1452 1442 1460
1459,1438 1419 1431 1349 1421
1764,1468 1467 1466 1465 1463 1453 1464 1462 1443 1469
1468,1438 1419 1432 1359 1422
1515,1505 1350 1452 1351
1766,1476 1475 1474 1473 1472 1463 1454 1471 1444 1477
1476,1438 1419 1433 1369 1423
1768,1483 1482 1481 1480 1479 1472 1455 1464 1445 1484
1483,1438 1419 1434 1379 1424
1565,1566
1566,1512 1420
1512,1504 1340 1449 1420
1770,1489 1488 1487 1486 1480 1473 1465 1456 1446 1490
1489,1438 1419 1435 1389 1425
1763,1429 1764 1432
1765,1429 1766 1433
1516,1506 1360 1505 1350 1453 1361
1767,1429 1768 1434
1501,1438 1419 1428
1772,1494 1493 1492 1487 1481 1474 1466 1457 1447 1495
1494,1438 1419 1436 1399 1426
1759,1429 1760 1430
1774,1498 1497 1493 1488 1482 1475 1467 1458 1448 1499
1776,1502 1501 1498 1494 1489 1483 1476 1468 1459 1449
1498,1438 1419 1437 1409 1427
1564,1512 1420 1501 1428
1517,1507 1370 1505 1350 1454 1371
1553,1554
1554,1509 1390
1509,1504 1340 1446 1390
1544,1510 1400 1508 1380 1481 1404
1522,1512 1420 1505 1350 1459 1421
1561,1512 1420 1511 1410 1498 1427
1773,1429 1774 1437
1518,1508 1380 1505 1350 1455 1381
1519,1509 1390 1505 1350 1456 1391
1545,1511 1410 1508 1380 1482 1414
1531,1512 1420 1506 1360 1468 1422
1560,1511 1410 1497 1417
1775,1429 1776 1419
1520,1510 1400 1505 1350 1457 1401
1782,1531 1530 1529 1528 1527 1526 1516 1525 1532
1528,1509 1390 1506 1360 1465 1392
1539,1512 1420 1507 1370 1476 1423
1761,1429 1762 1431
1769,1429 1770 1435
1557,1512 1420 1510 1400 1494 1426
1780,1523 1522 1521 1520 1519 1518 1517 1516 1515
1521,1511 1410 1505 1350 1458 1411
1575,1576
1576,1567 1351
1567,1515 1351
1784,1539 1538 1537 1536 1535 1534 1526 1517 1540
1536,1509 1390 1507 1370 1473 1393
1546,1512 1420 1508 1380 1483 1424
1778,1775 1773 1771 1769 1767 1765 1763 1761 1759 1438 1437 1436 1431 1434 1435 1432 1433 1430 1439
1771,1429 1772 1436
1786,1547 1546 1545 1544 1543 1542 1535 1527 1518
1543,1509 1390 1508 1380 1480 1394
1549,1509 1390 1486 1395
1779,1504 1780 1350
1584,1585
1585,1568 1361
1568,1567 1351 1516 1361
1790,1558 1557 1556 1555 1550 1544 1537 1529 1520
1550,1510 1400 1509 1390 1487 1405
1785,1504 1786 1380
1792,1562 1561 1560 1556 1551 1545 1538 1530 1521
1551,1511 1410 1509 1390 1488 1415
1777,1778 1429
1795,1779 1350 1759 1430 1761 1431
2085,1777 1429
1592,1593
1593,1569 1371
1569,1567 1351 1517 1371
1789,1504 1790 1400
1798,1785 1380 1759 1430 1767 1434
1788,1553 1552 1551 1550 1549 1543 1536 1528 1519
1794,1565 1564 1561 1557 1552 1546 1539 1531 1522
1552,1512 1420 1509 1390 1489 1425
1781,1504 1782 1506
1783,1504 1784 1507
1800,1789 1400 1759 1430 1771 1436
1599,1600
1600,1570 1381
1570,1567 1351 1518 1381
1791,1504 1792 1410
1787,1504 1788 1390
1796,1781 1506 1759 1430 1763 1432
1797,1783 1507 1759 1430 1765 1433
1793,1504 1794 1420
1801,1791 1410 1759 1430 1773 1437
1605,1606
1606,1571 1391
1571,1567 1351 1519 1391
1799,1787 1390 1759 1430 1769 1435
1610,1611
1611,1572 1401
1572,1567 1351 1520 1401
1804,1802 1801 1800 1799 1798 1797 1796 1795
1802,1793 1420 1759 1430 1775 1419
1577,1568 1361 1525 1362
1614,1615
1615,1573 1411
1573,1567 1351 1521 1411
1617,1618
1618,1574 1421
1574,1567 1351 1522 1421
1578,1569 1371 1568 1361 1526 1372
1586,1569 1371 1534 1373
1581,1572 1401 1568 1361 1529 1402
1582,1573 1411 1568 1361 1530 1412
1583,1574 1421 1568 1361 1531 1422
1806,1803 1793 1791 1789 1787 1785 1783 1781 1779 1512 1511 1510 1509 1508 1505 1507 1506 1513
1803,1504 1804 1430
1579,1570 1381 1568 1361 1527 1382
1587,1570 1381 1569 1371 1535 1383
1589,1572 1401 1569 1371 1537 1403
1590,1573 1411 1569 1371 1538 1413
1594,1570 1381 1542 1384
1591,1574 1421 1569 1371 1539 1423
1808,1584 1583 1582 1581 1580 1579 1578 1577
1580,1571 1391 1568 1361 1528 1392
1596,1572 1401 1570 1381 1544 1404
1805,1806 1504
1597,1573 1411 1570 1381 1545 1414
1810,1592 1591 1590 1589 1588 1587 1586 1578
1588,1571 1391 1569 1371 1536 1393
2086,1803 1430 2085 1429
1598,1574 1421 1570 1381 1546 1424
1812,1599 1598 1597 1596 1595 1594 1587 1579
1595,1571 1391 1570 1381 1543 1394
1602,1572 1401 1571 1391 1550 1405
2087,1805 1504 2086 1430
1603,1573 1411 1571 1391 1551 1415
2088,2087 1504
1809,1567 1351 1810 1371
1601,1571 1391 1549 1395
1607,1572 1401 1555 1406
1814,1605 1604 1603 1602 1601 1595 1588 1580
1604,1574 1421 1571 1391 1552 1425
1626,1627
1627,1619 1362
1619,1577 1362
1608,1573 1411 1572 1401 1556 1416
1824,1809 1371 1779 1350 1797 1507
1856,1824 1823
1823,1809 1371 1795 1431 1797 1433
1807,1567 1351 1808 1361
1816,1610 1609 1608 1607 1602 1596 1589 1581
1609,1574 1421 1572 1401 1557 1426
1612,1573 1411 1560 1417
1811,1567 1351 1812 1381
1821,1807 1361 1795 1431 1796 1432
1634,1635
1635,1620 1372
1620,1619 1362 1578 1372
1818,1614 1613 1612 1608 1603 1597 1590 1582
1613,1574 1421 1573 1411 1561 1427
1641,1642
1642,1621 1382
1621,1619 1362 1579 1382
1822,1807 1361 1779 1350 1796 1506
1647,1648
1648,1622 1392
1622,1619 1362 1580 1392
1628,1620 1372 1586 1373
1820,1617 1616 1613 1609 1604 1598 1591 1583
1616,1574 1421 1564 1428
1636,1621 1382 1594 1384
1629,1621 1382 1620 1372 1587 1383
1652,1653
1653,1623 1402
1623,1619 1362 1581 1402
1667,1668
1668,1661 1373
1661,1628 1373
1656,1657
1657,1624 1412
1813,1567 1351 1814 1391
1624,1619 1362 1582 1412
1659,1660
1660,1625 1422
1625,1619 1362 1583 1422
1631,1623 1402 1620 1372 1589 1403
1825,1811 1381 1795 1431 1798 1434
1674,1675
1675,1662 1383
1662,1661 1373 1629 1383
1860,1826 1825
1826,1811 1381 1779 1350 1798 1380
1669,1662 1383 1636 1384
1815,1567 1351 1816 1401
1638,1623 1402 1621 1382 1596 1404
1633,1625 1422 1620 1372 1591 1423
1630,1622 1392 1620 1372 1588 1393
1699,1700
1700,1694 1384
1694,1669 1384
1637,1622 1392 1621 1382 1595 1394
1643,1622 1392 1601 1395
1817,1567 1351 1818 1411
1644,1623 1402 1622 1392 1602 1405
1640,1625 1422 1621 1382 1598 1424
1680,1681
1681,1663 1393
1663,1661 1373 1630 1393
1649,1623 1402 1607 1406
1842,1634 1633 1632 1631 1630 1629 1628
1632,1624 1412 1620 1372 1590 1413
1844,1641 1640 1639 1638 1637 1636 1629
1639,1624 1412 1621 1382 1597 1414
1819,1567 1351 1820 1421
1646,1625 1422 1622 1392 1604 1425
1670,1663 1393 1662 1383 1637 1394
1846,1647 1646 1645 1644 1643 1637 1630
1645,1624 1412 1622 1392 1603 1415
1685,1686
1686,1664 1403
1664,1661 1373 1631 1403
1676,1663 1393 1643 1395
1843,1619 1362 1844 1382
1827,1813 1391 1795 1431 1799 1435
1651,1625 1422 1623 1402 1609 1426
1848,1652 1651 1650 1649 1644 1638 1631
1650,1624 1412 1623 1402 1608 1416
1671,1664 1403 1662 1383 1638 1404
1857,1843 1382 1821 1432 1825 1434
1705,1706
1706,1695 1394
1695,1694 1384 1670 1394
1864,1828 1827
1828,1813 1391 1779 1350 1799 1390
1655,1625 1422 1624 1412 1613 1427
1850,1656 1655 1654 1650 1645 1639 1632
1654,1624 1412 1612 1417
1701,1695 1394 1676 1395
1852,1659 1658 1655 1651 1646 1640 1633
1658,1625 1422 1616 1428
1677,1664 1403 1663 1393 1644 1405
1858,1843 1382 1822 1506 1826 1380
1723,1724
1724,1719 1395
1719,1701 1395
1829,1815 1401 1795 1431 1800 1436
1682,1664 1403 1649 1406
1689,1690
1690,1665 1413
1665,1661 1373 1632 1413
1692,1693
1693,1666 1423
1666,1661 1373 1633 1423
1899,1859 1858 1857
1859,1843 1382 1807 1361 1860 1381
1868,1830 1829
1830,1815 1401 1779 1350 1800 1400
1841,1619 1362 1842 1372
1710,1711
1711,1696 1404
1696,1694 1384 1671 1404
1845,1619 1362 1846 1392
1851,1619 1362 1852 1422
1847,1619 1362 1848 1402
1831,1817 1411 1795 1431 1801 1437
1853,1841 1372 1821 1432 1823 1433
1702,1696 1404 1695 1394 1677 1405
1849,1619 1362 1850 1412
1865,1847 1402 1821 1432 1829 1436
1673,1666 1423 1662 1383 1640 1424
1872,1832 1831
1832,1817 1411 1779 1350 1801 1410
1707,1696 1404 1682 1406
1854,1841 1372 1822 1506 1824 1507
1886,1674 1673 1672 1671 1670 1669
1672,1665 1413 1662 1383 1639 1414
1866,1847 1402 1822 1506 1830 1400
1679,1666 1423 1663 1393 1646 1425
1855,1841 1372 1807 1361 1856 1371
1836,1833 1831 1829 1827 1825 1823 1821
1833,1819 1421 1795 1431 1802 1419
1728,1729
1729,1720 1405
1720,1719 1395 1702 1405
1888,1680 1679 1678 1677 1676 1670
1678,1665 1413 1663 1393 1645 1415
1725,1720 1405 1707 1406
1909,1867 1866 1865
1867,1847 1402 1807 1361 1868 1401
1684,1666 1423 1664 1403 1651 1426
1838,1834 1832 1830 1828 1826 1824 1822 1795
1890,1685 1684 1683 1682 1677 1671
1683,1665 1413 1664 1403 1650 1416
1876,1834 1833
1834,1819 1421 1779 1350 1802 1420
1740,1741
1741,1737 1406
1737,1725 1406
1687,1665 1413 1654 1417
1861,1845 1392 1821 1432 1827 1435
1892,1689 1688 1687 1683 1678 1672
1688,1666 1423 1665 1413 1655 1427
1870,1849 1412 1822 1506 1832 1410
1889,1661 1373 1890 1403
1862,1845 1392 1822 1506 1828 1390
1904,1863 1862 1861
1863,1845 1392 1807 1361 1864 1391
1894,1692 1691 1688 1684 1679 1673
1691,1666 1423 1658 1428
1869,1849 1412 1821 1432 1831 1437
1914,1871 1870 1869
1871,1849 1412 1807 1361 1872 1411
1906,1889 1403 1854 1507 1866 1400
1905,1889 1403 1853 1433 1865 1436
1714,1715
1715,1697 1414
1697,1694 1384 1672 1414
1717,1718
1718,1698 1424
1698,1694 1384 1673 1424
1885,1661 1373 1886 1383
1907,1889 1403 1855 1371 1867 1401
1949,1908 1907 1906 1905
1908,1889 1403 1841 1372 1909 1402
1835,1567 1351 1836 1431
1887,1661 1373 1888 1393
1895,1885 1383 1853 1433 1857 1434
1891,1661 1373 1892 1413
1896,1885 1383 1854 1507 1858 1380
1897,1885 1383 1855 1371 1859 1381
1878,1873 1869 1865 1861 1857 1853
1703,1697 1414 1695 1394 1678 1415
1873,1851 1422 1821 1432 1833 1419
1712,1697 1414 1687 1417
1898,1885 1383 1841 1372 1899 1382
1893,1661 1373 1894 1423
1708,1697 1414 1696 1404 1683 1416
1900,1887 1393 1853 1433 1861 1435
1902,1887 1393 1855 1371 1863 1391
1901,1887 1393 1854 1507 1862 1390
1931,1705 1704 1703 1702 1701
1704,1698 1424 1695 1394 1679 1425
1840,1837 1835 1819 1817 1815 1813 1811 1809 1807 1575 1574 1573 1572 1571 1570 1569 1568
1837,1567 1351 1838 1350
1943,1903 1902 1901 1900
1903,1887 1393 1841 1372 1904 1392
2089,1835 1431 2086 1429
1732,1733
1733,1721 1415
1721,1719 1395 1703 1415
1880,1874 1870 1866 1862 1858 1854
1874,1851 1422 1822 1506 1834 1420
1882,1875 1871 1867 1863 1859 1855 1822 1821
1919,1875 1874 1873
1875,1851 1422 1807 1361 1876 1421
1933,1710 1709 1708 1707 1702
1709,1698 1424 1696 1404 1684 1426
1877,1619 1362 1878 1432
1726,1721 1415 1720 1405 1708 1416
1839,1840 1351
1935,1714 1713 1712 1708 1703
1713,1698 1424 1697 1414 1688 1427
2098,1877 1432 2089 1429
1879,1619 1362 1880 1506
1884,1881 1879 1877 1851 1849 1847 1845 1843 1841 1626 1625 1624 1623 1622 1621 1620
1881,1619 1362 1882 1361
1730,1721 1415 1712 1417
1937,1717 1716 1713 1709 1704
1716,1698 1424 1691 1428
2093,2090 2089
2090,1837 1350 1835 1431 2087 1430
1916,1893 1423 1854 1507 1874 1420
1917,1893 1423 1855 1371 1875 1421
1918,1893 1423 1841 1372 1919 1422
1744,1745
1745,1738 1416
1738,1737 1406 1726 1416
2095,2091 2090
2091,1837 1350 2088 1504
1910,1891 1413 1853 1433 1869 1437
2092,1839 1351 2093 1431
1742,1738 1416 1730 1417
2099,1879 1506 1877 1432 2090 1430
2097,2094 2092
2094,1839 1351 2095 1350
1883,1884 1362
1751,1752
1752,1749 1417
1749,1742 1417
2096,2097 1351
1923,1916 1911 1906 1901 1896
1911,1891 1413 1854 1507 1870 1410
2105,2100 2099 2098
2100,1881 1361 1877 1432 2092 1431
2101,1879 1506 2091 1504
2103,1881 1361 2096 1351
2104,1883 1362 2105 1432
2107,2102 2101 2099
2109,2103 2102 2100
2102,1881 1361 1879 1506 2094 1350
1925,1917 1912 1907 1902 1897
1912,1891 1413 1855 1371 1871 1411
1927,1918 1913 1908 1903 1898 1855 1854 1853
1955,1913 1912 1911 1910
1913,1891 1413 1841 1372 1914 1412
1921,1915 1910 1905 1900 1895
1961,1918 1917 1916 1915
1915,1893 1423 1853 1433 1873 1419
2106,1883 1362 2107 1506
1735,1736
1736,1722 1425
1722,1719 1395 1704 1425
1930,1694 1384 1931 1394
2111,2108 2106 2104
2108,1883 1362 2109 1361
1932,1694 1384 1933 1404
1924,1661 1373 1925 1371
2110,2111 1362
1920,1661 1373 1921 1433
1975,1728 1727 1726 1725
1727,1722 1425 1720 1405 1709 1426
1938,1930 1394 1895 1434 1900 1435
2119,1924 1371 2103 1351
2112,1920 1433 2098 1429
1934,1694 1384 1935 1414
1939,1930 1394 1896 1380 1901 1390
1734,1722 1425 1716 1428
1977,1732 1731 1730 1726
1979,1735 1734 1731 1727
1731,1722 1425 1721 1415 1713 1427
1940,1930 1394 1897 1381 1902 1391
2114,1924 1371 1920 1433 2100 1431
1941,1930 1394 1898 1382 1903 1392
1936,1694 1384 1937 1424
1747,1748
1748,1739 1426
1739,1737 1406 1727 1426
1942,1930 1394 1885 1383 1943 1393
1974,1719 1395 1975 1405
1976,1719 1395 1977 1415
1978,1719 1395 1979 1425
1746,1739 1426 1734 1428
2016,1744 1743 1742
2018,1747 1746 1743
1743,1739 1426 1738 1416 1731 1427
1922,1661 1373 1923 1507
1944,1932 1404 1895 1434 1905 1436
1929,1926 1924 1922 1920 1893 1891 1889 1887 1885 1667 1666 1665 1664 1663 1662
1926,1661 1373 1927 1372
1946,1932 1404 1897 1381 1907 1401
1945,1932 1404 1896 1380 1906 1400
1947,1932 1404 1898 1382 1908 1402
1754,1755
1755,1750 1427
1750,1749 1417 1743 1427
1980,1974 1405 1938 1435 1944 1436
1982,1974 1405 1940 1391 1946 1401
1981,1974 1405 1939 1390 1945 1400
1928,1929 1373
1986,1948 1947 1946 1945 1944
1948,1932 1404 1885 1383 1949 1403
2015,1737 1406 2016 1416
2052,1754 1753
1753,1750 1427 1746 1428
2017,1737 1406 2018 1426
2115,1926 1372 1920 1433 2104 1432
1757,1758
1758,1756 1428
1756,1753 1428
2118,1926 1372 1922 1507 2106 1506
1950,1934 1414 1895 1434 1910 1437
2120,1926 1372 1924 1371 2108 1361
2129,2121 2120 2118 2115
2121,1926 1372 2110 1362
2051,1749 1417 2052 1427
1951,1934 1414 1896 1380 1911 1410
2128,1928 1373 2129 1372
1952,1934 1414 1897 1381 1912 1411
1954,1934 1414 1885 1383 1955 1413
1993,1954 1953 1952 1951 1950
1953,1934 1414 1898 1382 1913 1412
1963,1956 1950 1944 1938
1956,1936 1424 1895 1434 1915 1419
1988,1976 1415 1939 1390 1951 1410
1965,1957 1951 1945 1939
1957,1936 1424 1896 1380 1916 1420
1989,1976 1415 1940 1391 1952 1411
1991,1976 1415 1942 1393 1954 1413
1967,1958 1952 1946 1940
1958,1936 1424 1897 1381 1917 1421
2020,2015 1416 1981 1400 1988 1410
2021,2015 1416 1982 1401 1989 1411
1969,1959 1953 1947 1941
1959,1936 1424 1898 1382 1918 1422
1971,1960 1954 1948 1942 1898 1897 1896 1895
2000,1960 1959 1958 1957 1956
1960,1936 1424 1885 1383 1961 1423
1962,1694 1384 1963 1434
1964,1694 1384 1965 1380
2116,1922 1507 2101 1504
2123,2115 2114 2113 2112
2113,1922 1507 1920 1433 2099 1430
2137,1964 1380 2116 1504
2125,2118 2117 2116 2113
2127,2120 2119 2117 2114
2117,1924 1371 1922 1507 2102 1350
2004,1995 1988 1981
1995,1978 1425 1939 1390 1957 1420
1994,1978 1425 1938 1435 1956 1419
2122,1928 1373 2123 1433
1968,1694 1384 1969 1382
2132,1962 1434 2112 1429
1983,1974 1405 1941 1392 1947 1402
1984,1974 1405 1942 1393 1948 1403
2133,1964 1380 1962 1434 2113 1430
1997,1978 1425 1941 1392 1959 1422
2003,1719 1395 2004 1390
2027,2017 1426 1980 1436 1994 1419
1985,1974 1405 1930 1394 1986 1404
2002,1994 1987 1980
1987,1976 1415 1938 1435 1950 1437
2135,1968 1382 1962 1434 2115 1432
2139,1968 1382 1964 1380 2118 1506
2144,1968 1382 2121 1362
2038,2028 2020
2028,2017 1426 1981 1400 1995 1420
2008,1997 1990 1983
1990,1976 1415 1941 1392 1953 1412
2026,1992 1991 1990 1989 1988 1987
1992,1976 1415 1930 1394 1993 1414
2030,2017 1426 1983 1402 1997 1422
2165,2003 1390 2137 1504
2006,1996 1989 1982
1996,1978 1425 1940 1391 1958 1421
1966,1694 1384 1967 1381
2042,2030 2022
2022,2015 1416 1983 1402 1990 1412
2007,1719 1395 2008 1392
1973,1970 1968 1966 1964 1962 1936 1934 1932 1930 1699 1698 1697 1696 1695
1970,1694 1384 1971 1383
2037,1737 1406 2038 1400
2134,1966 1381 1962 1434 2114 1431
2005,1719 1395 2006 1391
2167,2007 1392 2003 1390 2139 1506
2041,1737 1406 2042 1402
2010,1998 1991 1984
1998,1978 1425 1942 1393 1960 1423
2138,1966 1381 1964 1380 2117 1350
2054,2051 1427 2020 1410 2028 1420
2040,2029 2021
2029,2017 1426 1982 1401 1996 1421
2174,2007 1392 2144 1362
2141,1966 1381 2119 1351
2201,2037 1400 2165 1504
2056,2051 1427 2022 1412 2030 1422
2212,2041 1402 2174 1362
2012,1999 1992 1985 1942 1941 1940 1939 1938
2034,1999 1998 1997 1996 1995 1994
1999,1978 1425 1930 1394 2000 1424
2126,1928 1373 2127 1371
2131,2128 2126 2124 2122
2124,1928 1373 2125 1507
2142,1968 1382 1966 1381 2120 1361
2039,1737 1406 2040 1401
2203,2041 1402 2037 1400 2167 1506
2130,2131 1373
2063,1749 1417 2054 1410
2166,2005 1391 2003 1390 2138 1350
2023,2015 1416 1984 1403 1991 1413
2055,2051 1427 2021 1411 2029 1421
2150,2140 2139 2138 2137 2133
2140,1970 1383 1964 1380 2124 1507
2065,1749 1417 2056 1412
2170,2005 1391 2141 1351
2146,1970 1383 2130 1373
2074,1756 1428 2054 1420
2001,1719 1395 2002 1435
2171,2007 1392 2005 1391 2142 1361
2064,1749 1417 2055 1411
2246,2063 1410 2201 1504
2036,2027 2019
2019,2015 1416 1980 1436 1987 1437
2076,1756 1428 2056 1422
2301,2074 1420 2246 1504
2024,2015 1416 1985 1404 1992 1414
2202,2039 1401 2037 1400 2166 1350
2259,2065 1412 2212 1362
2248,2065 1412 2063 1410 2203 1506
2075,1756 1428 2055 1421
2207,2039 1401 2170 1351
2035,1737 1406 2036 1436
2316,2076 1422 2259 1362
2025,2015 1416 1974 1405 2026 1415
2303,2076 1422 2074 1420 2248 1506
2208,2041 1402 2039 1401 2171 1361
2247,2064 1411 2063 1410 2202 1350
2253,2064 1411 2207 1351
2053,2051 1427 2019 1437 2027 1419
2309,2075 1421 2253 1351
1972,1973 1384
2254,2065 1412 2064 1411 2208 1361
2148,2136 2135 2134 2133 2132
2136,1970 1383 1962 1434 2122 1433
2302,2075 1421 2074 1420 2247 1350
2147,1972 1384 2148 1434
2310,2076 1422 2075 1421 2254 1361
2062,1749 1417 2053 1437
2154,2145 2144 2142 2139 2135
2145,1970 1383 1968 1382 2128 1372
2073,1756 1428 2053 1419
2009,1719 1395 2010 1393
2044,2031 2023
2031,2017 1426 1984 1403 1998 1423
2046,2032 2024
2048,2033 2025 1985 1984 1983 1982 1981 1980
2032,2017 1426 1985 1404 1999 1424
2061,2033 2032 2031 2030 2029 2028 2027
2033,2017 1426 1974 1405 2034 1425
2152,2143 2142 2141 2138 2134
2156,2146 2145 2143 2140 2136
2143,1970 1383 1966 1381 2126 1371
2014,2011 2009 2007 2005 2003 2001 1978 1976 1974 1723 1722 1721 1720
2011,1719 1395 2012 1394
2163,2009 1393 2001 1435 2136 1433
2159,2001 1435 2132 1429
2151,1972 1384 2152 1381
2043,1737 1406 2044 1403
2045,1737 1406 2046 1404
2155,1972 1384 2156 1383
2168,2009 1393 2003 1390 2140 1507
2160,2003 1390 2001 1435 2133 1430
2013,2014 1395
2057,2051 1427 2023 1413 2031 1423
2058,2051 1427 2024 1414 2032 1424
2172,2009 1393 2005 1391 2143 1371
2175,2009 1393 2007 1392 2145 1372
2161,2005 1391 2001 1435 2134 1431
2164,2011 1394 2001 1435 2147 1434
2177,2009 1393 2146 1373
2198,2043 1403 2035 1436 2163 1433
2185,2173 2172 2171 2170 2166 2161
2173,2011 1394 2005 1391 2151 1381
2181,2164 2163 2162 2161 2160 2159
2162,2007 1392 2001 1435 2135 1432
2199,2045 1404 2035 1436 2164 1434
2067,1749 1417 2058 1414
2204,2043 1403 2037 1400 2168 1507
2149,1972 1384 2150 1380
2189,2178 2177 2175 2172 2168 2163
2178,2011 1394 2009 1393 2155 1383
2066,1749 1417 2057 1413
2158,2155 2153 2151 2149 2147
2153,1972 1384 2154 1382
2213,2043 1403 2041 1402 2175 1372
2077,1756 1428 2057 1423
2078,1756 1428 2058 1424
2209,2043 1403 2039 1401 2172 1371
2242,2066 1413 2062 1437 2198 1433
2216,2043 1403 2177 1373
2184,2013 1395 2185 1391
2249,2066 1413 2063 1410 2204 1507
2243,2067 1414 2062 1437 2199 1434
2050,2047 2045 2043 2041 2039 2037 2035 2017 2015 1740 1739 1738
2047,1737 1406 2048 1405
2296,2077 1423 2073 1419 2242 1433
2260,2066 1413 2065 1412 2213 1372
2210,2045 1404 2039 1401 2173 1381
2304,2077 1423 2074 1420 2249 1507
2264,2066 1413 2216 1373
2297,2078 1424 2073 1419 2243 1434
2059,2051 1427 2025 1415 2033 1425
2317,2077 1423 2076 1422 2260 1372
2188,2013 1395 2189 1393
2322,2077 1423 2264 1373
2194,2035 1436 2159 1429
2070,2060 2025 2024 2023 2022 2021 2020 2019
2082,2060 2059 2058 2057 2056 2055 2054 2053
2060,2051 1427 2015 1416 2061 1426
2180,2013 1395 2181 1435
2238,2062 1437 2194 1429
2195,2037 1400 2035 1436 2160 1430
2196,2039 1401 2035 1436 2161 1431
2217,2045 1404 2043 1403 2178 1383
2292,2073 1419 2238 1429
2200,2047 1405 2035 1436 2180 1435
2240,2064 1411 2062 1437 2196 1431
2223,2200 2199 2198 2197 2196 2195 2194
2197,2041 1402 2035 1436 2162 1432
2255,2066 1413 2064 1411 2209 1371
2069,1749 1417 2070 1416
2157,2158 1384
2183,2169 2168 2167 2166 2165 2160
2169,2011 1394 2003 1390 2149 1380
2179,2011 1394 2157 1384
2294,2075 1421 2073 1419 2240 1431
2187,2176 2175 2174 2171 2167 2162
2191,2179 2178 2176 2173 2169 2164
2176,2011 1394 2007 1392 2153 1382
2256,2067 1414 2064 1411 2210 1381
2182,2013 1395 2183 1390
2219,2045 1404 2179 1384
2080,1756 1428 2060 1426
2205,2045 1404 2037 1400 2169 1380
2268,2067 1414 2219 1384
2231,2218 2217 2216 2213 2209 2204 2198
2218,2047 1405 2043 1403 2188 1393
2225,2206 2205 2204 2203 2202 2201 2195
2206,2047 1405 2037 1400 2182 1390
2049,2050 1406
2327,2078 1424 2268 1384
2250,2067 1414 2063 1410 2205 1380
2265,2067 1414 2066 1413 2217 1383
2081,1756 1428 2082 1427
2227,2211 2210 2209 2208 2207 2202 2196
2211,2047 1405 2039 1401 2184 1391
2305,2078 1424 2074 1420 2250 1380
2226,2049 1406 2227 1401
2072,2069 2068 2067 2066 2065 2064 2063 2062 2051 1751 1750
2068,1749 1417 2059 1415
2311,2077 1423 2075 1421 2255 1371
2084,2081 2080 2079 2078 2077 2076 2075 2074 2073 1757
2079,1756 1428 2059 1425
2239,2063 1410 2062 1437 2195 1430
2186,2013 1395 2187 1392
2258,2069 1416 2064 1411 2226 1401
2241,2065 1412 2062 1437 2197 1432
2312,2078 1424 2075 1421 2256 1381
2293,2074 1420 2073 1419 2239 1430
2193,2190 2188 2186 2184 2182 2180
2190,2013 1395 2191 1394
2083,2084 1428
2314,2080 1426 2075 1421 2258 1401
2295,2076 1422 2073 1419 2241 1432
2222,2049 1406 2223 1436
2323,2078 1424 2077 1423 2265 1383
2224,2049 1406 2225 1400
2214,2045 1404 2041 1402 2176 1382
2230,2049 1406 2231 1403
2244,2068 1415 2062 1437 2200 1435
2251,2068 1415 2063 1410 2206 1390
2277,2252 2251 2250 2249 2248 2247 2246 2239
2252,2069 1416 2063 1410 2224 1400
2071,2072 1417
2261,2067 1414 2065 1412 2214 1382
2267,2069 1416 2066 1413 2230 1403
2276,2071 1417 2277 1410
2279,2258 2257 2256 2255 2254 2253 2247 2240
2257,2068 1415 2064 1411 2211 1391
2306,2079 1425 2074 1420 2251 1390
2307,2080 1426 2074 1420 2252 1400
2318,2078 1424 2076 1422 2261 1382
2325,2080 1426 2077 1423 2267 1403
2192,2193 1395
2340,2308 2307 2306 2305 2304 2303 2302 2301 2293
2308,2081 1427 2074 1420 2276 1410
2283,2267 2266 2265 2264 2260 2255 2249 2242
2266,2068 1415 2066 1413 2218 1393
2221,2047 1405 2192 1395
2229,2215 2214 2213 2212 2208 2203 2197
2215,2047 1405 2041 1402 2186 1392
2233,2220 2219 2217 2214 2210 2205 2199
2235,2221 2220 2218 2215 2211 2206 2200
2220,2047 1405 2045 1404 2190 1394
2275,2245 2244 2243 2242 2241 2240 2239 2238
2245,2069 1416 2062 1437 2222 1436
2339,2083 1428 2340 1420
2271,2068 1415 2221 1395
2228,2049 1406 2229 1402
2232,2049 1406 2233 1404
2274,2071 1417 2275 1437
2298,2079 1425 2073 1419 2244 1435
2278,2071 1417 2279 1411
2331,2079 1425 2271 1395
2237,2234 2232 2230 2228 2226 2224 2222
2234,2049 1406 2235 1405
2262,2068 1415 2065 1412 2215 1392
2299,2080 1426 2073 1419 2245 1436
2313,2079 1425 2075 1421 2257 1391
2342,2315 2314 2313 2312 2311 2310 2309 2302 2294
2315,2081 1427 2075 1421 2278 1411
2338,2300 2299 2298 2297 2296 2295 2294 2293 2292
2300,2081 1427 2073 1419 2274 1437
2269,2068 1415 2067 1414 2220 1394
2282,2071 1417 2283 1413
2341,2083 1428 2342 1421
2281,2263 2262 2261 2260 2259 2254 2248 2241
2263,2069 1416 2065 1412 2228 1402
2337,2083 1428 2338 1419
2324,2079 1425 2077 1423 2266 1393
2280,2071 1417 2281 1412
2236,2237 1406
2346,2326 2325 2324 2323 2322 2317 2311 2304 2296
2326,2081 1427 2077 1423 2282 1413
2285,2270 2269 2268 2265 2261 2256 2250 2243
2270,2069 1416 2067 1414 2232 1404
2319,2079 1425 2076 1422 2262 1392
2320,2080 1426 2076 1422 2263 1402
2273,2069 1416 2236 1406
2345,2083 1428 2346 1423
2344,2321 2320 2319 2318 2317 2316 2310 2303 2295
2321,2081 1427 2076 1422 2280 1412
2287,2272 2271 2269 2266 2262 2257 2251 2244
2289,2273 2272 2270 2267 2263 2258 2252 2245
2272,2069 1416 2068 1415 2234 1405
2284,2071 1417 2285 1414
2334,2080 1426 2273 1406
2328,2079 1425 2078 1424 2269 1394
2343,2083 1428 2344 1422
2329,2080 1426 2078 1424 2270 1404
2286,2071 1417 2287 1415
2291,2288 2286 2284 2282 2280 2278 2276 2274
2288,2071 1417 2289 1416
2348,2330 2329 2328 2327 2323 2318 2312 2305 2297
2330,2081 1427 2078 1424 2284 1414
2332,2080 1426 2079 1425 2272 1405
2290,2291 1417
2347,2083 1428 2348 1424
2350,2333 2332 2331 2328 2324 2319 2313 2306 2298
2333,2081 1427 2079 1425 2286 1415
2352,2335 2334 2332 2329 2325 2320 2314 2307 2299
2335,2081 1427 2080 1426 2288 1416
2354,2336 2335 2333 2330 2326 2321 2315 2308 2300
2336,2081 1427 2290 1417
2349,2083 1428 2350 1425
2351,2083 1428 2352 1426
2356,2353 2351 2349 2347 2345 2343 2341 2339 2337
2353,2083 1428 2354 1427
2355,2356 1428
2358,2292
2357,2358
2360,2293
2359,2360
2362,2294
2361,2362
2364,2295
2363,2364
2366,2296
2365,2366
2368,2297
2367,2368
2370,2298
2369,2370
2372,2299
2371,2372
2374,2300
2373,2374
2376,2337
2375,2376
2378,1330
2377,2378
2380,2301
2379,2380
2382,2302
2381,2382
2384,2303
2383,2384
2386,2304
2385,2386
2388,2305
2387,2388
2390,2306
2389,2390
2392,2307
2391,2392
2394,2308
2393,2394
2396,2339
2395,2396
2398,1331
2397,2398
2400,1341
2399,2400
2402,2309
2401,2402
2404,2310
2403,2404
2406,2311
2405,2406
2408,2312
2407,2408
2410,2313
2409,2410
2412,2314
2411,2412
2414,2315
2413,2414
2416,2341
2415,2416
2418,1332
2417,2418
2420,1342
2419,2420
2422,1352
2421,2422
2424,2316
2423,2424
2426,2317
2425,2426
2428,2318
2427,2428
2430,2319
2429,2430
2432,2320
2431,2432
2434,2321
2433,2434
2436,2343
2435,2436
2438,1333
2437,2438
2440,1343
2439,2440
2442,1353
2441,2442
2444,1363
2443,2444
2446,2322
2445,2446
2448,2323
2447,2448
2450,2324
2449,2450
2452,2325
2451,2452
2454,2326
2453,2454
2456,2345
2455,2456
2458,1334
2457,2458
2460,1344
2459,2460
2462,1354
2461,2462
2464,1364
2463,2464
2466,1374
2465,2466
2468,2327
2467,2468
2470,2328
2469,2470
2472,2329
2471,2472
2474,2330
2473,2474
2476,2347
2475,2476
2478,1335
2477,2478
2480,1345
2479,2480
2482,1355
2481,2482
2484,1365
2483,2484
2486,1375
2485,2486
2488,1385
2487,2488
2490,2331
2489,2490
2492,2332
2491,2492
2494,2333
2493,2494
2496,2349
2495,2496
2498,1336
2497,2498
2500,1346
2499,2500
2502,1356
2501,2502
2504,1366
2503,2504
2506,1376
2505,2506
2508,1386
2507,2508
2510,1396
2509,2510
2512,2334
2511,2512
2514,2335
2513,2514
2516,2351
2515,2516
2518,1337
2517,2518
2520,1347
2519,2520
2522,1357
2521,2522
2524,1367
2523,2524
2526,1377
2525,2526
2528,1387
2527,2528
2530,1397
2529,2530
2532,1407
2531,2532
2534,2336
2533,2534
2536,2353
2535,2536
2538,1338
2537,2538
2540,1348
2539,2540
2542,1358
2541,2542
2544,1368
2543,2544
2546,1378
2545,2546
2548,1388
2547,2548
2550,1398
2549,2550
2552,1408
2551,2552
2554,1418
2553,2554
2556,2355
2555,2556
