1429,1329
1439,1440
1440,1429
1431,1429 1329 1349
1432,1429 1329 1359
1434,1429 1329 1379
1433,1429 1329 1369
1435,1429 1329 1389
1438,1429 1419
1436,1429 1329 1399
1450,1451
1451,1430 1339
1430,1429 1329 1339
1437,1429 1409
1452,1431 1351
1453,1432 1431 1361
1441,1430 1339 1340
1442,1431 1349 1430 1339 1350
1460,1461
1461,1431
1458,1437 1431 1411
1456,1435 1431 1391
1455,1434 1431 1381
1454,1433 1431 1371
1443,1432 1359 1430 1339 1360
1448,1437 1409 1430 1339 1410
1459,1438 1431 1421
1464,1434 1432 1382
1469,1470
1463,1433 1432 1372
1470,1432
1462,1432 1362
1466,1436 1432 1402
1445,1434 1379 1430 1339 1380
1446,1435 1389 1430 1339 1390
1444,1433 1369 1430 1339 1370
1477,1478
1478,1433
1468,1438 1432 1422
1474,1436 1433 1403
1472,1434 1433 1383
1471,1433 1373
1467,1437 1432 1412
1484,1485
1479,1434 1384
1485,1434
1480,1435 1434 1394
1475,1437 1433 1413
1476,1438 1433 1423
1447,1436 1399 1430 1339 1400
1457,1436 1431 1401
1490,1491
1482,1437 1434 1414
1491,1435
1465,1435 1432 1392
1486,1435 1395
1449,1438 1419 1430 1339 1420
1495,1496
1496,1436
1487,1436 1435 1405
1483,1438 1434 1424
1488,1437 1435 1415
1473,1435 1433 1393
1499,1500
1500,1437
1502,1503
1503,1438
1481,1436 1434 1404
1492,1436 1406
1489,1438 1435 1425
1494,1438 1436 1426
1493,1437 1436 1416
1501,1438 1428
1497,1437 1417
1504,1441
1498,1438 1437 1427
1513,1514
1514,1504
1505,1504 1441 1442
1509,1504 1446
1508,1504 1441 1445
1510,1504 1447
1515,1505 1442 1452
1523,1524
1524,1505
1506,1504 1441 1443
1512,1504 1449
1511,1504 1448
1507,1504 1441 1444
1518,1508 1445 1505 1455
1520,1510 1447 1505 1457
1522,1512 1449 1505 1459
1519,1509 1505 1456
1532,1533
1533,1506
1516,1506 1443 1505 1442 1453
1528,1509 1506 1465
1529,1510 1506 1466
1521,1511 1448 1505 1458
1525,1506 1462
1527,1508 1506 1464
1531,1512 1506 1468
1540,1541
1541,1507
1517,1507 1444 1505 1442 1454
1526,1507 1444 1506 1463
1530,1511 1506 1467
1536,1509 1507 1473
1535,1508 1507 1472
1537,1510 1507 1474
1539,1512 1507 1476
1534,1507 1471
1547,1548
1548,1508
1544,1510 1508 1481
1542,1508 1479
1545,1511 1508 1482
1538,1511 1507 1475
1553,1554
1554,1509
1543,1509 1508 1480
1549,1509 1486
1550,1510 1509 1487
1551,1511 1509 1488
1558,1559
1559,1510
1546,1512 1508 1483
1555,1510 1492
1556,1511 1510 1493
1562,1563
1563,1511
1557,1512 1510 1494
1552,1512 1509 1489
1565,1566
1566,1512
1564,1512 1501
1561,1512 1511 1498
1560,1511 1497
1567,1515
1575,1576
1576,1567
1569,1567 1515 1517
1570,1567 1515 1518
1572,1567 1515 1520
1573,1567 1521
1574,1567 1522
1586,1569 1534
1584,1585
1585,1568 1516
1568,1567 1515 1516
1592,1593
1593,1569
1571,1567 1515 1519
1589,1572 1569 1537
1587,1570 1569 1535
1577,1568 1516 1525
1590,1573 1569 1538
1594,1570 1542
1599,1600
1600,1570
1581,1572 1520 1568 1516 1529
1582,1573 1521 1568 1516 1530
1578,1569 1517 1568 1516 1526
1579,1570 1518 1568 1516 1527
1580,1571 1519 1568 1516 1528
1588,1571 1519 1569 1536
1605,1606
1606,1571
1597,1573 1570 1545
1598,1574 1570 1546
1602,1572 1571 1550
1610,1611
1611,1572
1596,1572 1570 1544
1601,1571 1549
1583,1574 1522 1568 1516 1531
1591,1574 1569 1539
1614,1615
1615,1573
1617,1618
1618,1574
1603,1573 1571 1551
1607,1572 1555
1595,1571 1570 1543
1608,1573 1572 1556
1604,1574 1571 1552
1612,1573 1560
1609,1574 1572 1557
1613,1574 1573 1561
1619,1577
1626,1627
1627,1619
1616,1574 1564
1621,1619 1577 1579
1620,1619 1577 1578
1634,1635
1635,1620
1623,1619 1577 1581
1622,1619 1577 1580
1628,1620 1578 1586
1629,1621 1579 1620 1578 1587
1631,1623 1581 1620 1578 1589
1641,1642
1642,1621
1625,1619 1583
1636,1621 1594
1638,1623 1621 1596
1630,1622 1580 1620 1578 1588
1637,1622 1580 1621 1595
1647,1648
1648,1622
1624,1619 1577 1582
1640,1625 1583 1621 1598
1643,1622 1601
1633,1625 1583 1620 1591
1652,1653
1653,1623
1646,1625 1622 1604
1644,1623 1622 1602
1649,1623 1607
1656,1657
1657,1624
1639,1624 1582 1621 1597
1659,1660
1660,1625
1651,1625 1623 1609
1654,1624 1612
1632,1624 1582 1620 1578 1590
1655,1625 1624 1613
1650,1624 1623 1608
1645,1624 1582 1622 1603
1661,1628
1667,1668
1668,1661
1658,1625 1616
1663,1661 1628 1630
1665,1661 1628 1632
1674,1675
1675,1662 1629
1680,1681
1662,1661 1628 1629
1681,1663
1676,1663 1630 1643
1669,1662 1629 1636
1678,1665 1663 1645
1685,1686
1686,1664 1631
1664,1661 1628 1631
1689,1690
1672,1665 1632 1662 1629 1639
1690,1665
1666,1661 1633
1670,1663 1630 1662 1629 1637
1692,1693
1693,1666
1677,1664 1631 1663 1644
1671,1664 1631 1662 1629 1638
1683,1665 1664 1631 1650
1682,1664 1631 1649
1679,1666 1633 1663 1646
1684,1666 1633 1664 1631 1651
1673,1666 1633 1662 1629 1640
1687,1665 1654
1699,1700
1700,1694 1669
1694,1669
1691,1666 1658
1688,1666 1633 1665 1655
1705,1706
1706,1695 1670
1695,1694 1669 1670
1698,1694 1669 1673 1640
1717,1718
1718,1698
1710,1711
1711,1696 1671
1696,1694 1669 1671
1701,1695 1670 1676
1704,1698 1673 1695 1670 1679
1702,1696 1671 1695 1670 1677
1716,1698 1673 1691
1707,1696 1671 1682
1723,1724
1724,1719 1676
1719,1701 1676
1714,1715
1715,1697 1672
1709,1698 1673 1696 1671 1684
1697,1694 1669 1672
1703,1697 1672 1695 1670 1678
1708,1697 1672 1696 1671 1683
1712,1697 1672 1687
1735,1736
1736,1722 1704
1722,1719 1676 1704 1679
1732,1733
1733,1721 1678
1721,1719 1676 1703 1678
1713,1698 1673 1697 1672 1688
1734,1722 1704 1716
1728,1729
1729,1720 1677
1720,1719 1676 1702 1677
1730,1721 1678 1712 1687
1760,1449 1447 1444 1446 1445 1448 1443 1442 1441 1450
1725,1720 1677 1707 1682
1762,1457 1459 1454 1455 1456 1458 1460 1442 1453 1452
1727,1722 1704 1720 1677 1709 1684
1731,1722 1704 1721 1678 1713 1688
1764,1465 1467 1468 1466 1462 1463 1469 1464 1443 1453
1766,1473 1476 1475 1471 1472 1474 1477 1444 1463 1454
1726,1721 1678 1720 1677 1708 1683
1768,1481 1483 1482 1480 1479 1484 1472 1445 1464 1455
1759,1429 1760 1430
1770,1489 1473 1488 1487 1486 1465 1490 1480 1446 1456
1761,1429 1762 1431
1740,1741
1741,1737 1707
1737,1725 1707
1772,1493 1494 1492 1481 1487 1495 1457 1447 1474 1466
1763,1429 1764 1432
1774,1498 1497 1493 1499 1488 1482 1475 1467 1448 1458
1776,1498 1501 1494 1489 1502 1483 1449 1476 1468 1459
1765,1429 1766 1433
1744,1745
1769,1429 1770 1435
1745,1738 1683
1738,1737 1707 1726 1683
1771,1429 1772 1436
1780,1517 1521 1516 1519 1522 1520 1518 1523 1515
1782,1530 1526 1531 1527 1525 1529 1528 1516 1532
1742,1738 1683 1730 1712
1784,1538 1534 1539 1537 1535 1536 1526 1517 1540
1767,1429 1768 1434
1786,1546 1543 1545 1542 1544 1547 1535 1527 1518
1775,1429 1776 1438
1747,1748
1748,1739 1709
1739,1737 1707 1727 1709
1778,1775 1773 1771 1769 1767 1765 1763 1761 1759 1437 1436 1438 1435 1430 1433 1434 1432 1431 1439
1773,1429 1774 1437
1779,1504 1780 1505
1788,1552 1551 1550 1549 1543 1553 1536 1528 1519
1751,1752
1752,1749 1712
1749,1742 1712
1790,1557 1556 1555 1558 1550 1544 1537 1529 1520
1792,1560 1561 1562 1556 1551 1538 1545 1530 1521
1746,1739 1709 1734 1716
1794,1561 1564 1565 1552 1557 1546 1539 1531 1522
1785,1504 1786 1508
1783,1504 1784 1507
1743,1739 1709 1738 1683 1731 1688
1777,1778 1429
1787,1504 1788 1509
1789,1504 1790 1510
1781,1504 1782 1506
1791,1504 1792 1511
1795,1779 1759 1761
1797,1783 1759 1765
1808,1583 1580 1579 1578 1582 1581 1577 1584
1801,1791 1792 1759 1773
1810,1591 1588 1578 1590 1587 1589 1592 1586
1799,1787 1788 1759 1769
1812,1595 1596 1598 1597 1579 1599 1594 1587
1793,1504 1794 1512
1800,1789 1790 1759 1771
1754,1755
1755,1750 1688
1750,1749 1712 1743 1688
1796,1781 1782 1759 1763
1814,1604 1595 1603 1601 1602 1605 1588 1580
1816,1609 1608 1607 1596 1610 1602 1581 1589
1807,1567 1808 1568
1798,1785 1759 1767
1753,1750 1688 1746 1716
1818,1613 1612 1608 1603 1614 1597 1582 1590
1804,1802 1801 1800 1799 1798 1797 1796 1795
1802,1793 1794 1759 1775
1820,1616 1613 1609 1604 1617 1591 1583 1598
1757,1758
1758,1756 1716
1756,1753 1716
1813,1567 1814 1571
1815,1567 1816 1572
1809,1567 1810 1569
1817,1567 1818 1573
1821,1807 1795 1796
1811,1567 1812 1570
1819,1567 1820 1574
1828,1813 1779 1799
1827,1813 1795 1799
1806,1803 1793 1791 1781 1789 1787 1783 1785 1779 1507 1511 1512 1506 1510 1508 1509 1505 1513
1803,1504 1804 1759
1830,1815 1779 1800
1823,1809 1810 1795 1797
1824,1809 1810 1779 1797
1833,1819 1795 1802
1825,1811 1812 1795 1798
1826,1811 1812 1779 1798
1842,1632 1633 1630 1631 1629 1628 1634
1822,1807 1779 1796
1844,1639 1640 1637 1638 1636 1641 1629
1831,1817 1795 1801
1834,1819 1779 1802
1846,1645 1644 1646 1643 1647 1637 1630
1836,1833 1831 1829 1825 1823 1827 1821
1829,1815 1795 1800
1848,1650 1651 1649 1644 1652 1638 1631
1850,1645 1650 1655 1632 1654 1639 1656
1852,1658 1655 1651 1659 1646 1633 1640
1805,1806 1504
1843,1619 1844 1621
1838,1834 1832 1826 1824 1822 1830 1828 1795
1841,1619 1842 1620
1832,1817 1779 1801
1845,1619 1846 1622
1856,1824 1823
1847,1619 1848 1623
1860,1826 1825
1849,1619 1850 1624
1853,1841 1842 1821 1823
1851,1619 1852 1625
1864,1827 1828
1855,1841 1807 1856 1809
1859,1843 1807 1860 1811
1861,1845 1821 1827
1868,1829 1830
1858,1843 1822 1826
1835,1567 1836 1795
1863,1845 1807 1864 1813
1854,1841 1822 1824
1872,1832 1831
1862,1845 1822 1828
1865,1847 1821 1829
1876,1834 1833
1866,1847 1822 1830
1867,1847 1807 1868 1815
1869,1849 1821 1831
1857,1843 1821 1825
1840,1837 1835 1819 1811 1817 1809 1815 1813 1807 1571 1574 1568 1573 1572 1570 1569 1575
1837,1567 1838 1779
1871,1849 1807 1872 1817
1882,1875 1871 1867 1863 1859 1855 1822 1821
1875,1851 1807 1876 1819
1874,1851 1822 1834
1880,1874 1870 1866 1862 1854 1858
1870,1849 1822 1832
1886,1673 1671 1670 1672 1669 1674
1888,1679 1677 1670 1678 1676 1680
1890,1684 1682 1683 1671 1677 1685
1878,1873 1869 1857 1865 1861 1853
1873,1851 1821 1833
1892,1688 1687 1683 1672 1689 1678
1894,1688 1691 1673 1684 1679 1692
1885,1661 1886 1662
1881,1619 1882 1807
1879,1619 1880 1822
1887,1661 1888 1663
1899,1857 1858 1859
1895,1885 1853 1857
1889,1661 1890 1664
1891,1661 1892 1665
1904,1862 1863 1861
1839,1840 1567
1896,1885 1854 1858
1897,1885 1855 1859
1898,1885 1841 1899 1843
1893,1661 1894 1666
1909,1867 1866 1865
1884,1881 1879 1877 1851 1849 1847 1845 1841 1843 1624 1625 1622 1623 1621 1620 1626
1877,1619 1878 1821
1902,1887 1855 1863
1903,1887 1841 1904 1845
1906,1889 1854 1866
1914,1870 1871 1869
1900,1887 1853 1861
1901,1887 1854 1862
1910,1891 1853 1869
1911,1891 1854 1870
1907,1889 1855 1867
1919,1873 1874 1875
1905,1889 1853 1865
1912,1891 1855 1871
1913,1891 1841 1914 1849
1921,1915 1905 1910 1900 1895
1915,1893 1853 1873
1908,1889 1841 1909 1847
1925,1917 1912 1907 1902 1897
1917,1893 1855 1875
1927,1918 1908 1913 1903 1898 1854 1855 1853
1918,1893 1841 1919 1851
1931,1703 1702 1704 1701 1705
1883,1884 1619
1933,1708 1709 1707 1702 1710
1923,1916 1911 1901 1906 1896
1916,1893 1854 1874
1935,1713 1712 1708 1703 1714
1937,1713 1709 1716 1704 1717
1920,1661 1921 1853
1930,1694 1931 1695
1926,1661 1927 1841
1943,1901 1900 1903 1902
1932,1694 1933 1696
1934,1694 1935 1697
1938,1930 1931 1895 1900
1940,1930 1897 1902
1949,1908 1905 1907 1906
1944,1932 1895 1905
1939,1930 1931 1896 1901
1941,1930 1898 1903
1936,1694 1937 1698
1945,1932 1896 1906
1948,1932 1885 1949 1889
1955,1913 1912 1911 1910
1922,1661 1923 1854
1929,1926 1924 1922 1920 1893 1891 1889 1887 1885 1666 1664 1662 1665 1663 1667
1924,1661 1925 1855
1947,1932 1898 1908
1951,1934 1896 1911
1942,1930 1885 1943 1887
1946,1932 1897 1907
1961,1916 1918 1917 1915
1954,1934 1885 1955 1891
1950,1934 1895 1910
1958,1936 1897 1917
1963,1956 1950 1944 1938
1956,1936 1895 1915
1967,1952 1958 1946 1940
1952,1934 1897 1912
1965,1957 1951 1945 1939
1957,1936 1896 1916
1953,1934 1898 1913
1969,1959 1953 1947 1941
1959,1936 1898 1918
1975,1726 1727 1725 1728
1977,1726 1731 1730 1732
1979,1731 1727 1734 1735
1971,1960 1954 1942 1948 1898 1897 1896 1895
1960,1936 1885 1961 1893
1962,1694 1963 1895
1964,1694 1965 1896
1968,1694 1969 1898
1986,1946 1947 1948 1945 1944
1928,1929 1661
1976,1719 1977 1721
1974,1719 1975 1720
1978,1719 1979 1722
1993,1953 1952 1950 1954 1951
1988,1976 1977 1939 1951
1970,1694 1971 1885
1980,1974 1975 1938 1944
1973,1970 1968 1966 1964 1962 1936 1934 1932 1930 1697 1696 1698 1695 1699
1966,1694 1967 1897
1987,1976 1977 1938 1950
1989,1976 1940 1952
1990,1976 1941 1953
2000,1960 1959 1957 1956 1958
1981,1974 1975 1939 1945
1991,1976 1942 1954
1996,1978 1940 1958
2002,1994 1987 1980
1994,1978 1938 1956
2006,1982 1996 1989
2004,1995 1981 1988
1982,1974 1975 1940 1946
1995,1978 1939 1957
1997,1978 1941 1959
1998,1978 1942 1960
2016,1743 1742 1744
2008,1997 1983 1990
1983,1974 1975 1941 1947
2018,1743 1746 1747
2010,1998 1984 1991
1984,1974 1975 1942 1948
2001,1719 2002 1938
1985,1974 1975 1930 1986 1932
1992,1976 1930 1993 1934
2026,1992 1991 1990 1989 1987 1988
1972,1973 1694
2015,1737 2016 1738
2009,1719 2010 1942
2012,1999 1992 1985 1942 1941 1939 1940 1938
1999,1978 1930 2000 1936
2034,1999 1998 1997 1995 1994 1996
2019,2015 2016 1980 1987
2005,1719 2006 1940
2003,1719 2004 1939
2020,2015 2016 1981 1988
2021,2015 2016 1982 1989
2022,2015 2016 1983 1990
2011,1719 2012 1930
2023,2015 2016 1984 1991
2051,1753 1754
2025,2015 2016 1974 2026 1976
2024,2015 2016 1985 1992
2017,1737 2018 1739
2014,2011 2009 2007 2005 2003 2001 1978 1974 1976 1720 1721 1722 1723
2007,1719 2008 1941
2050,1749 2051 1750
2039,2029 2021
2027,2017 2018 1980 1994
2029,2017 2018 1982 1996
2037,2028 2020
2028,2017 2018 1981 1995
2043,2031 2023
2031,2017 2018 1984 1998
2041,2030 2022
2030,2017 2018 1983 1997
2035,1737 2027 1980
2038,1737 2039 1982
2042,1737 2043 1984
2045,2032 2024
2032,2017 2018 1985 1999
2052,2050 2051 2019 2027 1994
2054,2050 2051 2021 2029 1996
2036,1737 2037 1981
2013,2014 1719
2056,2050 2051 2023 2031 1998
2053,2050 2051 2020 2028 1995
2047,2033 2025 1985 1984 1983 1982 1981 1980
2060,2033 2032 2031 2030 2029 2028 2027
2061,1749 2052 2019
2033,2017 2018 1974 2034 1978
2063,1749 2054 2021
2065,1749 2056 2023
2055,2050 2051 2022 2030 1997
2074,1756 2054 2029
2062,1749 2053 2020
2076,1756 2056 2031
2072,1756 2052 2027
2064,1749 2055 2022
2084,1777
2040,1737 2041 1983
2075,1756 2055 2030
2057,2050 2051 2024 2032 1999
2085,1803 2084 1777
2058,2050 2051 2025 2033 2034
2086,1805 2085 1803
2073,1756 2053 2028
2088,1835 2085 1777
2066,1749 2057 2024
2087,2086 1805
2067,1749 2058 2025
2046,1737 2047 1974
2092,2089 2088
2089,1837 1835 2086 1803
2049,2046 2044 2042 2040 2038 2036 2035 2017 2015 1739 1738 1740
2044,1737 2045 1985
2069,2059 2024 2025 2023 2022 2021 2020 2019
2081,2059 2058 2057 2056 2055 2053 2054 2052
2059,2050 2015 2060 2017
2077,1756 2057 1999
2078,1756 2058 2034
2094,2090 2089
2090,1837 2087 1805
2091,1839 2092 1835
2097,1877 2088 1777
2098,1879 1877 2089 1803
2104,2099 2098 2097
2099,1881 1877 2091 1835
2071,2068 2067 2066 2065 2064 2063 2062 2061 2050 1750 1751
2068,1749 2069 2015
2096,2093 2091
2093,1839 2094 1837
2111,1920 2097 1777
2103,1883 2104 1877
2079,1756 2059 2017
2100,1879 2090 1805
2048,2049 1737
2113,1924 1920 2099 1835
2083,2080 2079 2078 2077 2076 2075 2074 2073 2072 1757
2080,1756 2081 2050
2131,1962 2111 1777
2112,1922 1920 2098 1803
2133,1966 1962 2113 1835
2095,2096 1839
2070,2071 1749
2158,2001 2131 1777
2160,2005 2001 2133 1835
2122,2114 2113 2112 2111
2082,2083 1756
2106,2101 2100 2098
2114,1926 1920 2103 1877
2101,1881 1879 2093 1837
2108,2102 2101 2099
2102,1881 2095 1839
2105,1883 2106 1879
2115,1922 2100 1805
2116,1924 1922 2101 1837
2194,2035 2019
2110,2107 2105 2103
2107,1883 2108 1881
2121,1928 2122 1920
2132,1964 1962 2112 1803
2124,2117 2116 2115 2112
2117,1926 1922 2105 1879
2137,1966 1964 2116 1837
2136,1964 2115 1805
2118,1924 2102 1839
2196,2038 2194 2160
2165,2005 2003 2137 1837
2109,2110 1883
2193,2194 2027 2158
2159,2003 2001 2132 1803
2134,1968 1962 2114 1877
2123,1928 2124 1922
2202,2038 2036 2165 2137
2126,2119 2118 2116 2113
2119,1926 1924 2107 1881
2164,2003 2136 1805
2138,1968 1964 2117 1879
2161,2007 2001 2134 1877
2140,1966 2118 1839
2195,2036 2194 2159 1803
2201,2036 2164 2136
2147,2135 2134 2133 2132 2131
2135,1970 1962 2121 1920
2149,2139 2138 2137 2136 2132
2128,2120 2119 2117 2114
2139,1970 1964 2123 1922
2197,2040 2194 2161 1877
2120,1926 2109 1883
2125,1928 2126 1924
2148,1972 2149 1964
2141,1968 1966 2119 1881
2162,2009 2001 2135 1920
2166,2007 2003 2138 1879
2146,1972 2147 1962
2169,2005 2140 1839
2167,2009 2003 2139 1922
2151,2142 2141 2140 2137 2133
2198,2042 2194 2162 1920
2142,1970 1966 2125 1924
2130,2127 2125 2123 2121
2127,1928 2128 1926
2203,2040 2036 2166 1879
2150,1972 2151 1966
2182,2168 2167 2166 2165 2164 2159
2168,2011 2003 2148 1964
2180,2163 2162 2161 2160 2159 2158
2163,2011 2001 2146 1962
2171,2009 2005 2142 1924
2143,1968 2120 1883
2181,2013 2182 2003
2172,2011 2005 2150 1966
2204,2042 2036 2167 1922
2184,2172 2171 2170 2169 2165 2160
2170,2007 2005 2141 1881
2205,2044 2036 2168 1964
2240,2063 2061 2196
2209,2042 2038 2171 1924
2179,2013 2180 2001
2207,2038 2169 1839
2225,2206 2205 2204 2203 2201 2195 2202
2210,2044 2038 2172 1966
2206,2046 2036 2181 2003
2239,2062 2061 2195
2242,2065 2061 2198
2129,2130 1928
2246,2062 2201
2249,2065 2062 2204
2199,2044 2194 2163 1962
2153,2144 2143 2141 2138 2134
2144,1970 1968 2127 1926
2253,2063 2207
2224,2048 2225 2036
2248,2064 2062 2203
2241,2064 2061 2197
2238,2061 2193
2255,2065 2063 2209
2251,2067 2062 2206 2181
2243,2066 2061 2199 2163
2223,2200 2199 2198 2197 2195 2193 2196
2200,2046 2194 2179 2001
2173,2007 2143 1883
2250,2066 2062 2205
2252,2068 2062 2224 2225
2183,2013 2184 2005
2208,2040 2038 2170 1881
2247,2063 2062 2202
2277,2247 2252 2250 2251 2248 2249 2246 2239
2155,2145 2144 2142 2139 2135
2222,2048 2223 2194
2145,1970 2129 1928
2254,2064 2063 2208 2170
2256,2066 2063 2210
2244,2067 2061 2200 2001
2227,2211 2210 2209 2208 2207 2202 2196
2211,2046 2038 2183 2005
2154,1972 2155 1970
2157,2154 2152 2150 2148 2146
2152,1972 2153 1968
2176,2009 2145 1928
2177,2011 2009 2154 1970
2226,2048 2227 2038
2276,2070 2277 2062
2275,2245 2244 2243 2238 2241 2242 2239 2240
2245,2068 2061 2222 2194
2216,2042 2176 1928
2188,2177 2176 2174 2171 2167 2162
2174,2009 2007 2144 1926
2217,2044 2042 2177 1970
2292,2072 2238
2257,2067 2063 2211 2005
2212,2040 2173 1883
2274,2070 2275 2061
2279,2258 2257 2256 2254 2247 2255 2253 2240
2258,2068 2063 2226 2038
2295,2075 2072 2241
2264,2065 2216 1928
2156,2157 1972
2294,2074 2072 2240
2265,2066 2065 2217 1970
2298,2078 2072 2244
2186,2175 2174 2173 2170 2166 2161
2175,2011 2007 2152 1968
2297,2077 2072 2243
2293,2073 2072 2239
2301,2073 2246
2187,2013 2188 2009
2304,2076 2073 2249
2300,2080 2072 2274
2307,2079 2073 2252
2278,2070 2279 2063
2305,2077 2073 2250
2213,2042 2040 2174 1926
2306,2078 2073 2251
2299,2079 2072 2245
2296,2076 2072 2242
2259,2064 2212 1883
2310,2075 2074 2254
2303,2075 2073 2248
2190,2178 2177 2175 2172 2168 2163
2313,2078 2074 2257
2302,2074 2073 2247
2178,2011 2156 1972
2312,2077 2074 2256
2311,2076 2074 2255
2185,2013 2186 2007
2322,2076 2264
2309,2074 2253
2214,2044 2040 2175 1968
2308,2080 2073 2276
2229,2215 2214 2213 2212 2208 2203 2197
2215,2046 2040 2185 2007
2231,2218 2217 2216 2213 2209 2204 2198
2218,2046 2042 2187 2009
2260,2065 2064 2213 1926
2323,2077 2076 2265
2228,2048 2229 2040
2338,2296 2299 2300 2293 2297 2298 2294 2295 2292
2315,2080 2074 2278
2230,2048 2231 2042
2314,2079 2074 2258
2316,2075 2259 2212
2340,2308 2302 2303 2306 2305 2307 2304 2301 2293
2342,2314 2315 2309 2311 2312 2302 2313 2310 2294
2192,2189 2187 2185 2183 2181 2179
2189,2013 2190 2011
2263,2068 2064 2228 2040
2337,2082 2338 2072
2267,2068 2065 2230 2042
2283,2267 2266 2265 2264 2260 2255 2249 2242
2339,2082 2340 2073
2266,2067 2065 2218 2009
2219,2044 2178 1972
2262,2067 2064 2215 2007
2325,2079 2076 2267 2042
2320,2079 2075 2263 2040
2281,2263 2262 2261 2260 2259 2254 2241 2248
2317,2076 2075 2260 2213
2261,2066 2064 2214 1968
2341,2082 2342 2074
2282,2070 2283 2065
2191,2192 2013
2280,2070 2281 2064
2319,2078 2075 2262 2007
2233,2220 2219 2217 2214 2210 2205 2199
2318,2077 2075 2261 1968
2220,2046 2044 2189 2011
2235,2221 2220 2218 2215 2211 2206 2200
2221,2046 2191 2013
2344,2321 2320 2319 2318 2317 2316 2303 2310 2295
2321,2080 2075 2280 2064
2324,2078 2076 2266 2009
2232,2048 2233 2044
2237,2234 2232 2230 2228 2226 2224 2222
2234,2048 2235 2046
2269,2067 2066 2220 2011
2343,2082 2344 2075
2268,2066 2219 1972
2285,2270 2269 2268 2265 2261 2256 2250 2243
2270,2068 2066 2232 2044
2271,2067 2221 2013
2328,2078 2077 2269 2011
2236,2237 2048
2346,2326 2325 2324 2317 2323 2322 2311 2296 2304
2326,2080 2076 2282 2065
2284,2070 2285 2066
2273,2068 2236 2048
2287,2272 2271 2269 2266 2262 2257 2244 2251
2289,2273 2272 2270 2267 2263 2258 2245 2252
2329,2079 2077 2270 2044
2272,2068 2067 2234 2046
2327,2077 2268 1972
2348,2330 2329 2328 2327 2318 2323 2312 2305 2297
2330,2080 2077 2284 2066
2345,2082 2346 2076
2334,2079 2273 2048
2286,2070 2287 2067
2331,2078 2271 2013
2347,2082 2348 2077
2291,2288 2286 2284 2282 2280 2278 2276 2274
2333,2080 2078 2286 2067
2288,2070 2289 2068
2350,2333 2332 2331 2328 2324 2319 2313 2306 2298
2332,2079 2078 2272 2046
2290,2291 2070
2352,2335 2334 2332 2329 2325 2320 2314 2299 2307
2335,2080 2079 2288 2068
2349,2082 2350 2078
2354,2336 2335 2333 2330 2326 2321 2315 2308 2300
2336,2080 2290 2070
2351,2082 2352 2079
2356,2353 2351 2349 2347 2345 2343 2341 2339 2337
2353,2082 2354 2080
2355,2356 2082
2358,2292
2357,2358
2360,2293
2359,2360
2362,2294
2361,2362
2364,2295
2363,2364
2366,2296
2365,2366
2368,2297
2367,2368
2370,2298
2369,2370
2372,2299
2371,2372
2374,2300
2373,2374
2376,2337
2375,2376
2378,1330
2377,2378
2380,2301
2379,2380
2382,2302
2381,2382
2384,2303
2383,2384
2386,2304
2385,2386
2388,2305
2387,2388
2390,2306
2389,2390
2392,2307
2391,2392
2394,2308
2393,2394
2396,2339
2395,2396
2398,1331
2397,2398
2400,1341
2399,2400
2402,2309
2401,2402
2404,2310
2403,2404
2406,2311
2405,2406
2408,2312
2407,2408
2410,2313
2409,2410
2412,2314
2411,2412
2414,2315
2413,2414
2416,2341
2415,2416
2418,1332
2417,2418
2420,1342
2419,2420
2422,1352
2421,2422
2424,2316
2423,2424
2426,2317
2425,2426
2428,2318
2427,2428
2430,2319
2429,2430
2432,2320
2431,2432
2434,2321
2433,2434
2436,2343
2435,2436
2438,1333
2437,2438
2440,1343
2439,2440
2442,1353
2441,2442
2444,1363
2443,2444
2446,2322
2445,2446
2448,2323
2447,2448
2450,2324
2449,2450
2452,2325
2451,2452
2454,2326
2453,2454
2456,2345
2455,2456
2458,1334
2457,2458
2460,1344
2459,2460
2462,1354
2461,2462
2464,1364
2463,2464
2466,1374
2465,2466
2468,2327
2467,2468
2470,2328
2469,2470
2472,2329
2471,2472
2474,2330
2473,2474
2476,2347
2475,2476
2478,1335
2477,2478
2480,1345
2479,2480
2482,1355
2481,2482
2484,1365
2483,2484
2486,1375
2485,2486
2488,1385
2487,2488
2490,2331
2489,2490
2492,2332
2491,2492
2494,2333
2493,2494
2496,2349
2495,2496
2498,1336
2497,2498
2500,1346
2499,2500
2502,1356
2501,2502
2504,1366
2503,2504
2506,1376
2505,2506
2508,1386
2507,2508
2510,1396
2509,2510
2512,2334
2511,2512
2514,2335
2513,2514
2516,2351
2515,2516
2518,1337
2517,2518
2520,1347
2519,2520
2522,1357
2521,2522
2524,1367
2523,2524
2526,1377
2525,2526
2528,1387
2527,2528
2530,1397
2529,2530
2532,1407
2531,2532
2534,2336
2533,2534
2536,2353
2535,2536
2538,1338
2537,2538
2540,1348
2539,2540
2542,1358
2541,2542
2544,1368
2543,2544
2546,1378
2545,2546
2548,1388
2547,2548
2550,1398
2549,2550
2552,1408
2551,2552
2554,1418
2553,2554
2556,2355
2555,2556
