206,181
211,212
212,206
207,206 181 182
209,206 181 184
208,206 181 183
213,207 182 187
214,207 208 183 188
210,206 185
217,218
218,207
215,207 209 189
216,207 210 185 190
219,208 193
220,208 209 194
222,223
223,208
221,208 210 195
224,209 199
226,227
227,209
225,209 210 200
229,230
230,210
228,210 205
235,236
236,231 213
231,213
240,241
241,232 214
232,231 213 214
234,231 213 216
244,245
233,231 213 215
245,233
237,232 214 219
239,232 214 234 216 221
238,232 214 233 215 220
247,248
243,233 215 234 216 225
242,233 215 224
248,234
246,234 228
252,253
253,249 237
249,237
259,260
260,251 239
251,249 237 239
258,251 239 246
256,257
257,250 238
250,249 237 238
254,250 238 242
255,250 238 251 239 243
263,264
264,261 242
261,254 242
266,267
267,262 243
262,261 242 255 243
265,262 243 258
269,270
270,268 258
268,265 258
272,206
271,272
274,186
273,274
276,191
275,276
278,196
277,278
280,201
279,280
282,207
281,282
284,231
283,284
286,192
285,286
288,197
287,288
290,202
289,290
292,208
291,292
294,232
293,294
296,249
295,296
298,198
297,298
300,203
299,300
302,209
301,302
304,233
303,304
306,250
305,306
308,261
307,308
310,204
309,310
312,210
311,312
314,234
313,314
316,251
315,316
318,262
317,318
320,268
319,320
