896,897
897,886 786
886,786
889,886 786 789
907,908
908,887 787
887,886 786 787
917,918
918,888 788
888,886 786 788
890,886 786 790
898,887 787 797
926,927
927,889
899,887 787 888 788 798
893,886 786 793
892,886 786 792
919,889 819
900,887 787 889 789 799
891,886 786 791
928,890 830
904,887 787 893 793 803
909,888 788 808
934,935
935,890
901,887 787 890 790 800
914,888 788 893 793 813
910,888 788 889 789 809
941,942
942,891
930,890 892 832
902,887 787 891 791 801
911,888 788 890 790 810
923,889 893 793 823
947,948
912,888 788 891 791 811
948,892
921,889 891 791 821
936,891 841
952,953
953,893
943,892 852
894,886 786 794
920,889 890 790 820
929,890 891 791 831
956,957
957,894
944,892 893 853
931,890 893 833
938,891 893 843
903,887 787 892 792 802
954,894 874
949,893 863
913,888 788 892 792 812
959,960
960,895 795
895,886 786 795
905,887 787 894 794 804
922,889 892 792 822
916,888 788 895 795 815
925,889 895 795 825
937,891 892 842
906,887 787 895 795 805
933,890 895 795 835
951,893 895 795 865
946,892 895 795 855
940,891 895 795 845
915,888 788 894 794 814
958,895 795 885
924,889 894 794 824
932,890 894 794 834
939,891 894 794 844
955,894 895 795 875
950,893 894 794 864
945,892 894 794 854
970,971
971,961 898
961,898
980,981
981,962 899
962,961 898 899
967,961 898 904
1015,1016
997,998
1016,967
998,964 901
964,961 898 901
989,990
990,963 900
963,961 898 900
972,962 899 909
991,964 901 928
974,962 899 964 901 911
1010,1011
1011,966 903
966,961 898 903
973,962 899 963 900 910
1019,1020
1020,968 905
968,961 898 905 804
1004,1005
1005,965 902
965,961 898 902
994,964 901 967 904 931
982,963 900 919
977,962 899 967 904 914
976,962 899 966 903 913
984,963 900 965 902 921
1012,967 904 949
975,962 899 965 902 912
1022,1023
983,963 900 964 901 920
1023,969 906
969,961 898 906 805
992,964 901 965 902 929
985,963 900 966 903 922
978,962 899 968 905 915 814
988,963 900 969 906 925
979,962 899 969 906 916
986,963 900 967 904 923
987,963 900 968 905 924 824
999,965 902 936
993,964 901 966 903 930
996,964 901 969 906 933
995,964 901 968 905 932
1003,965 902 969 906 940
1009,966 903 969 906 946
1000,965 902 966 903 937
1008,966 903 968 905 945
1006,966 903 943
1014,967 969 906 951
1018,968 905 969 906 955
1013,967 904 968 905 950
1021,969 906 958
1007,966 903 967 904 944
1017,968 905 954
1001,965 902 967 904 938
1002,965 902 968 905 939
1032,1033
1033,1024 972
1024,972
1049,1050
1050,1026 974
1026,1024 972 974 911
1062,1063
1063,1028 913
1028,1024 972 976 913
1056,1057
1057,1027 912
1027,1024 972 975 912
1043,1026 974 991
1071,1072
1072,1030 915
1030,1024 972 978 915
1045,1026 974 1028 913 993 930
1067,1068
1068,1029 977
1044,1026 974 1027 912 992 929
1029,1024 972 977 914
1058,1028 913 1006 943
1041,1042
1047,1026 974 1030 915 995 932
1042,1025 973
1025,1024 972 973 910
1074,1075
1075,1031 916
1031,1024 972 979 916
1051,1027 912 999 936
1052,1027 912 1028 913 1000 937
1046,1026 974 1029 977 994
1054,1027 912 1030 915 1002 939
1040,1025 973 1031 916 988 925
1035,1025 973 1026 974 983 920
1036,1025 973 1027 912 984 921
1034,1025 973 982 919
1048,1026 974 1031 916 996 933
1053,1027 912 1029 977 1001 938
1060,1028 913 1030 915 1008 945
1038,1025 973 1029 977 986 923
1037,1025 973 1028 913 985 922
1055,1027 912 1031 916 1003 940
1039,1025 973 1030 915 987 924
1069,1030 915 1017 954
1061,1028 913 1031 916 1009 946
1066,1029 977 1031 916 1014 951
1059,1028 913 1029 977 1007 944
1083,1084
1084,1076 982
1076,1034 982
1073,1031 916 1021 958
1064,1029 977 1012
1065,1029 977 1030 915 1013 950
1070,1030 915 1031 916 1018 955
1098,1099
1099,1078 984
1078,1076 982 1036 984
1113,1114
1114,1081 987
1081,1076 982 1039 987
1093,1078 984 1051 999
1109,1110
1110,1080 986
1080,1076 982 1038 986
1104,1105
1105,1079 985
1079,1076 982 1037 985
1091,1092
1092,1077 983
1077,1076 982 1035 983
1096,1078 984 1081 987 1054 1002
1111,1081 987 1069 1017
1095,1078 984 1080 986 1053 1001
1106,1080 986 1064 1012
1086,1077 983 1078 984 1044 992
1094,1078 984 1079 985 1052 1000
1085,1077 983 1043 991
1088,1077 983 1080 986 1046 994
1107,1080 986 1081 987 1065 1013
1087,1077 983 1079 985 1045 993
1116,1117
1117,1082 988
1082,1076 982 1040 988
1100,1079 985 1058 1006
1089,1077 983 1081 987 1047 995
1124,1125
1097,1078 984 1082 988 1055 1003
1125,1118 1043
1118,1085 1043
1090,1077 983 1082 988 1048 996
1101,1079 985 1080 986 1059 1007
1103,1079 985 1082 988 1061 1009
1108,1080 986 1082 988 1066 1014
1112,1081 987 1082 988 1070 1018
1102,1079 985 1081 987 1060 1008
1131,1132
1132,1119 1044
1119,1118 1043 1086 1044
1115,1082 988 1073 1021
1149,1150
1150,1123 996
1123,1118 1043 1090 996
1126,1119 1044 1093 1051
1137,1138
1138,1120 1045
1120,1118 1043 1087 1045
1142,1143
1143,1121 994
1121,1118 1043 1088 994
1148,1123 996 1115 1021
1127,1119 1044 1120 1045 1094 1052
1128,1119 1044 1121 994 1095 1001
1130,1119 1044 1123 996 1097 1003
1134,1120 1045 1121 994 1101 1007
1146,1147
1133,1120 1045 1100 1058
1147,1122 1047
1122,1118 1043 1089 1047
1139,1121 994 1106 1012
1156,1157
1157,1151 1051
1151,1126 1051
1136,1120 1045 1123 996 1103 1009
1129,1119 1044 1122 1047 1096 1054
1140,1121 994 1122 1047 1107 1013
1141,1121 994 1123 996 1108 1014
1135,1120 1045 1122 1047 1102 1060
1162,1163
1163,1152 1052
1152,1151 1051 1127 1052
1144,1122 1047 1111 1069
1174,1175
1145,1122 1047 1123 996 1112 1018
1175,1155 1003
1155,1151 1051 1130 1003
1167,1168
1168,1153 1001
1153,1151 1051 1128 1001
1158,1152 1052 1133 1058
1171,1172
1172,1154 1054
1154,1151 1051 1129 1054
1164,1153 1001 1139 1012
1159,1152 1052 1153 1001 1134 1007
1173,1155 1003 1148 1021
1180,1181
1181,1176 1058
1176,1158 1058
1160,1152 1052 1154 1054 1135 1060
1161,1152 1052 1155 1003 1136 1009
1165,1153 1001 1154 1054 1140 1013
1166,1153 1001 1155 1003 1141 1014
1169,1154 1054 1144 1069
1170,1154 1054 1155 1003 1145 1018
1185,1186
1186,1177 1007
1177,1176 1058 1159 1007
1189,1190
1190,1178 1060
1178,1176 1058 1160 1060
1182,1177 1007 1164 1012
1187,1178 1060 1169 1069
1183,1177 1007 1178 1060 1165 1013
1197,1198
1198,1194 1012
1194,1182 1012
1192,1193
1193,1179 1009
1179,1176 1058 1161 1009
1188,1178 1060 1179 1009 1170 1018
1184,1177 1007 1179 1009 1166 1014
1191,1179 1009 1173 1021
1201,1202
1202,1195 1013
1195,1194 1012 1183 1013
1199,1195 1013 1187 1069
1208,1209
1209,1206 1069
1206,1199 1069
1204,1205
1205,1196 1014
1196,1194 1012 1184 1014
1203,1196 1014 1191 1021
1200,1195 1013 1196 1014 1188 1018
1211,1212
1212,1207 1018
1207,1206 1069 1200 1018
1210,1207 1018 1203 1021
1214,1215
1215,1213 1021
1213,1210 1021
1217,886
1216,1217
1219,796
1218,1219
1221,806
1220,1221
1223,816
1222,1223
1225,826
1224,1225
1227,836
1226,1227
1229,846
1228,1229
1231,856
1230,1231
1233,866
1232,1233
1235,876
1234,1235
1237,887
1236,1237
1239,961
1238,1239
1241,807
1240,1241
1243,817
1242,1243
1245,827
1244,1245
1247,837
1246,1247
1249,847
1248,1249
1251,857
1250,1251
1253,867
1252,1253
1255,877
1254,1255
1257,888
1256,1257
1259,962
1258,1259
1261,1024
1260,1261
1263,818
1262,1263
1265,828
1264,1265
1267,838
1266,1267
1269,848
1268,1269
1271,858
1270,1271
1273,868
1272,1273
1275,878
1274,1275
1277,889
1276,1277
1279,963
1278,1279
1281,1025
1280,1281
1283,1076
1282,1283
1285,829
1284,1285
1287,839
1286,1287
1289,849
1288,1289
1291,859
1290,1291
1293,869
1292,1293
1295,879
1294,1295
1297,890
1296,1297
1299,964
1298,1299
1301,1026
1300,1301
1303,1077
1302,1303
1305,1118
1304,1305
1307,840
1306,1307
1309,850
1308,1309
1311,860
1310,1311
1313,870
1312,1313
1315,880
1314,1315
1317,891
1316,1317
1319,965
1318,1319
1321,1027
1320,1321
1323,1078
1322,1323
1325,1119
1324,1325
1327,1151
1326,1327
1329,851
1328,1329
1331,861
1330,1331
1333,871
1332,1333
1335,881
1334,1335
1337,892
1336,1337
1339,966
1338,1339
1341,1028
1340,1341
1343,1079
1342,1343
1345,1120
1344,1345
1347,1152
1346,1347
1349,1176
1348,1349
1351,862
1350,1351
1353,872
1352,1353
1355,882
1354,1355
1357,893
1356,1357
1359,967
1358,1359
1361,1029
1360,1361
1363,1080
1362,1363
1365,1121
1364,1365
1367,1153
1366,1367
1369,1177
1368,1369
1371,1194
1370,1371
1373,873
1372,1373
1375,883
1374,1375
1377,894
1376,1377
1379,968
1378,1379
1381,1030
1380,1381
1383,1081
1382,1383
1385,1122
1384,1385
1387,1154
1386,1387
1389,1178
1388,1389
1391,1195
1390,1391
1393,1206
1392,1393
1395,884
1394,1395
1397,895
1396,1397
1399,969
1398,1399
1401,1031
1400,1401
1403,1082
1402,1403
1405,1123
1404,1405
1407,1155
1406,1407
1409,1179
1408,1409
1411,1196
1410,1411
1413,1207
1412,1413
1415,1213
1414,1415
