15405,15406
15406,12604
15408,15409
15409,12605
15404,12604 15384
15411,15412
15407,12605 15404 15384 15385
15412,12606
15410,12606 15404 15386
15414,15415
15415,12607
15413,12607 15404 15387
15417,15418
15418,12608
15416,12608 15404 15388
15420,15421
15421,12609
15419,12609 15404 15389
15423,15424
15424,12610
15422,12610 15404 15390
15426,15427
15427,12611
15425,12611 15404 15391
15429,15430
15430,12612
15428,12612 15404 15392
15432,15433
15433,12613
15431,12613 15404 15393
15435,15436
15436,12614
15434,12614 15404 15394
15438,15439
15439,12615
15437,12615 15404 15395
15441,15442
15442,12616
15440,12616 15404 15396
15444,15445
15445,12617
15443,12617 15404 15397
15447,15448
15448,12618
15446,12618 15404 15398
15450,15451
15451,12619
15449,12619 15404 15399
15453,15454
15454,12620
15452,12620 15404 15400
15456,15457
15457,12621
15459,15460
15460,12622
15455,12621 15404 15401
15458,12622 15404 15402
15462,15463
15463,12623
15464,15465
15465,15404
15461,12623 15404 15403
15467,15468
15468,12854
15470,15471
15471,12855
15466,12854 15407
15473,15474
15474,12856
15469,12855 15466 15407 15410
15472,12856 15466 15413
15476,15477
15477,12857
15475,12857 15466 15416
15479,15480
15480,12858
15478,12858 15466 15419
15482,15483
15483,12859
15481,12859 15466 15422
15485,15486
15486,12860
15484,12860 15466 15425
15488,15489
15489,12861
15487,12861 15466 15428
15491,15492
15492,12862
15490,12862 15466 15431
15494,15495
15495,12863
15493,12863 15466 15434
15497,15498
15498,12864
15500,15501
15501,12865
15496,12864 15466 15437
15503,15504
15504,12866
15499,12865 15466 15440
15506,15507
15507,12867
15502,12866 15466 15443
15505,12867 15466 15446
15509,15510
15510,12868
15508,12868 15466 15449
15512,15513
15513,12869
15511,12869 15466 15452
15515,15516
15516,12870
15518,15519
15514,12870 15466 15455
15519,12871
15517,12871 15466 15458
15521,15522
15522,12872
15523,15524
15524,15466
15520,12872 15466 15461
15526,15527
15527,13082
15529,15530
15530,13083
15525,13082 15469
15532,15533
15528,13083 15525 15469 15472
15533,13084
15531,13084 15525 15475
15535,15536
15536,13085
15538,15539
15534,13085 15525 15478
15539,13086
15537,13086 15525 15481
15541,15542
15542,13087
15540,13087 15525 15484
15544,15545
15545,13088
15543,13088 15525 15487
15547,15548
15548,13089
15546,13089 15525 15490
15550,15551
15551,13090
15549,13090 15525 15493
15553,15554
15554,13091
15552,13091 15525 15496
15556,15557
15557,13092
15555,13092 15525 15499
15559,15560
15560,13093
15558,13093 15525 15502
15562,15563
15563,13094
15561,13094 15525 15505
15565,15566
15566,13095
15564,13095 15525 15508
15568,15569
15569,13096
15571,15572
15567,13096 15525 15511
15572,13097
15570,13097 15525 15514
15574,15575
15575,13098
15573,13098 15525 15517
15577,15578
15578,13099
15579,15580
15580,15525
15576,13099 15525 15520
15582,15583
15583,13289
15585,15586
15586,13290
15581,13289 15528
15588,15589
15589,13291
15584,13290 15581 15528 15531
15591,15592
15592,13292
15587,13291 15581 15534
15590,13292 15581 15537
15594,15595
15595,13293
15597,15598
15598,13294
15593,13293 15581 15540
15596,13294 15581 15543
15600,15601
15601,13295
15599,13295 15581 15546
15603,15604
15604,13296
15602,13296 15581 15549
15606,15607
15607,13297
15605,13297 15581 15552
15609,15610
15610,13298
15608,13298 15581 15555
15612,15613
15613,13299
15611,13299 15581 15558
15615,15616
15616,13300
15614,13300 15581 15561
15618,15619
15619,13301
15617,13301 15581 15564
15621,15622
15622,13302
15620,13302 15581 15567
15624,15625
15625,13303
15623,13303 15581 15570
15627,15628
15628,13304
15626,13304 15581 15573
15630,15631
15631,13305
15632,15633
15629,13305 15581 15576
15633,15581
15635,15636
15636,13476
15638,15639
15639,13477
15634,13476 15584
15641,15642
15642,13478
15640,13478 15634 15590
15637,13477 15634 15584 15587
15644,15645
15645,13479
15643,13479 15634 15593
15647,15648
15648,13480
15650,15651
15646,13480 15634 15596
15651,13481
15649,13481 15634 15599
15653,15654
15654,13482
15652,13482 15634 15602
15656,15657
15657,13483
15659,15660
15655,13483 15634 15605
15660,13484
15658,13484 15634 15608
15662,15663
15663,13485
15661,13485 15634 15611
15665,15666
15666,13486
15664,13486 15634 15614
15668,15669
15669,13487
15667,13487 15634 15617
15671,15672
15672,13488
15670,13488 15634 15620
15674,15675
15675,13489
15677,15678
15673,13489 15634 15623
15678,13490
15680,15681
15676,13490 15634 15626
15681,13491
15682,15683
15683,15634
15679,13491 15634 15629
15685,15686
15686,13644
15688,15689
15684,13644 15637
15689,13645
15687,13645 15684 15637 15640
15691,15692
15692,13646
15690,13646 15684 15643
15694,15695
15695,13647
15693,13647 15684 15646
15697,15698
15698,13648
15696,13648 15684 15649
15700,15701
15701,13649
15699,13649 15684 15652
15703,15704
15704,13650
15702,13650 15684 15655
15706,15707
15707,13651
15705,13651 15684 15658
15709,15710
15710,13652
15708,13652 15684 15661
15712,15713
15713,13653
15711,13653 15684 15664
15715,15716
15716,13654
15714,13654 15684 15667
15718,15719
15719,13655
15717,13655 15684 15670
15721,15722
15722,13656
15720,13656 15684 15673
15724,15725
15725,13657
15723,13657 15684 15676
15727,15728
15728,13658
15729,15730
15730,15684
15726,13658 15684 15679
15732,15733
15733,13794
15735,15736
15736,13795
15731,13794 15687
15738,15739
15739,13796
15734,13795 15731 15687 15690
15737,13796 15731 15693
15741,15742
15742,13797
15740,13797 15731 15696
15744,15745
15745,13798
15743,13798 15731 15699
15747,15748
15748,13799
15746,13799 15731 15702
15750,15751
15751,13800
15749,13800 15731 15705
15753,15754
15754,13801
15752,13801 15731 15708
15756,15757
15757,13802
15755,13802 15731 15711
15759,15760
15760,13803
15758,13803 15731 15714
15762,15763
15763,13804
15761,13804 15731 15717
15765,15766
15766,13805
15768,15769
15769,13806
15764,13805 15731 15720
15771,15772
15772,13807
15767,13806 15731 15723
15773,15774
15774,15731
15770,13807 15731 15726
15776,15777
15777,13927
15779,15780
15780,13928
15775,13927 15734
15778,13928 15775 15734 15737
15782,15783
15783,13929
15781,13929 15775 15740
15785,15786
15786,13930
15784,13930 15775 15743
15788,15789
15789,13931
15787,13931 15775 15746
15791,15792
15792,13932
15794,15795
15795,13933
15790,13932 15775 15749
15793,13933 15775 15752
15797,15798
15798,13934
15796,13934 15775 15755
15800,15801
15801,13935
15799,13935 15775 15758
15803,15804
15804,13936
15802,13936 15775 15761
15806,15807
15807,13937
15805,13937 15775 15764
15809,15810
15810,13938
15808,13938 15775 15767
15812,15813
15813,13939
15814,15815
15815,15775
15811,13939 15775 15770
15817,15818
15818,14044
15816,14044 15778
15820,15821
15821,14045
15819,14045 15816 15778 15781
15823,15824
15824,14046
15822,14046 15816 15784
15826,15827
15827,14047
15829,15830
15825,14047 15816 15787
15830,14048
15828,14048 15816 15790
15832,15833
15833,14049
15831,14049 15816 15793
15835,15836
15836,14050
15838,15839
15839,14051
15834,14050 15816 15796
15837,14051 15816 15799
15841,15842
15842,14052
15840,14052 15816 15802
15844,15845
15845,14053
15843,14053 15816 15805
15847,15848
15848,14054
15846,14054 15816 15808
15850,15851
15851,14055
15852,15853
15849,14055 15816 15811
15853,15816
15855,15856
15856,14146
15858,15859
15859,14147
15854,14146 15819
15861,15862
15862,14148
15857,14147 15854 15819 15822
15860,14148 15854 15825
15864,15865
15865,14149
15867,15868
15863,14149 15854 15828
15868,14150
15866,14150 15854 15831
15870,15871
15871,14151
15873,15874
15869,14151 15854 15834
15874,14152
15876,15877
15872,14152 15854 15837
15877,14153
15875,14153 15854 15840
15879,15880
15880,14154
15878,14154 15854 15843
15882,15883
15883,14155
15881,14155 15854 15846
15885,15886
15886,14156
15887,15888
15884,14156 15854 15849
15888,15854
15890,15891
15891,14234
15893,15894
15894,14235
15889,14234 15857
15896,15897
15897,14236
15892,14235 15889 15857 15860
15895,14236 15889 15863
15899,15900
15900,14237
15902,15903
15898,14237 15889 15866
15903,14238
15905,15906
15901,14238 15889 15869
15906,14239
15904,14239 15889 15872
15908,15909
15909,14240
15907,14240 15889 15875
15911,15912
15912,14241
15914,15915
15910,14241 15889 15878
15915,14242
15917,15918
15918,14243
15913,14242 15889 15881
15919,15920
15920,15889
15916,14243 15889 15884
15922,15923
15923,14309
15925,15926
15926,14310
15921,14309 15892
15928,15929
15924,14310 15921 15892 15895
15929,14311
15927,14311 15921 15898
15931,15932
15932,14312
15930,14312 15921 15901
15934,15935
15935,14313
15933,14313 15921 15904
15937,15938
15938,14314
15940,15941
15936,14314 15921 15907
15941,14315
15939,14315 15921 15910
15943,15944
15944,14316
15942,14316 15921 15913
15946,15947
15947,14317
15948,15949
15949,15921
15945,14317 15921 15916
15951,15952
15952,14372
15950,14372 15924
15954,15955
15955,14373
15953,14373 15950 15924 15927
15957,15958
15958,14374
15956,14374 15950 15930
15960,15961
15961,14375
15959,14375 15950 15933
15963,15964
15964,14376
15962,14376 15950 15936
15966,15967
15967,14377
15965,14377 15950 15939
15969,15970
15970,14378
15968,14378 15950 15942
15972,15973
15973,14379
15974,15975
15975,15950
15971,14379 15950 15945
15977,15978
15978,14424
15980,15981
15981,14425
15976,14424 15953
15983,15984
15979,14425 15976 15953 15956
15984,14426
15982,14426 15976 15959
15986,15987
15987,14427
15985,14427 15976 15962
15989,15990
15990,14428
15988,14428 15976 15965
15992,15993
15993,14429
15991,14429 15976 15968
15995,15996
15996,14430
15997,15998
15998,15976
15994,14430 15976 15971
16000,16001
16001,14466
16003,16004
16004,14467
15999,14466 15979
16006,16007
16002,14467 15999 15979 15982
16007,14468
16009,16010
16005,14468 15999 15985
16010,14469
16008,14469 15999 15988
16012,16013
16013,14470
16011,14470 15999 15991
16015,16016
16016,14471
16017,16018
16018,15999
16014,14471 15999 15994
16020,16021
16021,14499
16019,14499 16002
16023,16024
16024,14500
16026,16027
16027,14501
16022,14500 16019 16002 16005
16025,14501 16019 16008
16029,16030
16030,14502
16028,14502 16019 16011
16032,16033
16033,14503
16034,16035
16035,16019
16031,14503 16019 16014
16037,16038
16038,14524
16040,16041
16041,14525
16036,14524 16022
16039,14525 16036 16022 16025
16043,16044
16044,14526
16042,14526 16036 16028
16046,16047
16047,14527
16048,16049
16049,16036
16045,14527 16036 16031
16051,16052
16052,14542
16054,16055
16055,14543
16050,14542 16039
16053,14543 16050 16039 16042
16057,16058
16058,14544
16059,16060
16060,16050
16056,14544 16050 16045
16062,16063
16063,14554
16065,16066
16066,14555
16067,16068
16068,16061 16053
16070,16071
16061,14554 16053
16071,14561
16064,14555 16061 16053 16056
16072,16073
16075,16076
16073,16069 16064
16076,14561
16069,14561 16064 16056
16078,16064 16067
16079,16080
16074,14561 16072 16064
16080,14555
16082,16056 16059 16053
16077,14555 16074 16072 16078 16061
16083,16084
16084,14544
16086,16045 16048 16042 16039
16081,14544 16074 16082 16050
16087,16088
16088,14527
16090,16031 16034 16028 16025 16022
16085,14527 16074 16086 16036
16091,16092
16092,14503
16094,16014 16017 16011 16008 16005 16002
16089,14503 16074 16090 16019
16095,16096
16096,14471
16098,15994 15997 15991 15988 15985 15982 15979
16093,14471 16074 16094 15999
16099,16100
16100,14430
16097,14430 16074 16098 15976
16102,15971 15974 15968 15965 15962 15959 15956 15953
16103,16104
16104,14379
16101,14379 16074 16102 15950
16106,15945 15948 15942 15939 15936 15933 15930 15927 15924
16107,16108
16108,14317
16110,15916 15919 15913 15910 15907 15904 15901 15898 15895 15892
16105,14317 16074 16106 15921
16111,16112
16112,14243
16109,14243 16074 16110 15889
16114,15884 15887 15881 15878 15875 15872 15869 15866 15863 15860 15857
16115,16116
16116,14156
16113,14156 16074 16114 15854
16118,15849 15852 15846 15843 15840 15837 15834 15831 15828 15825 15822 15819
16119,16120
16120,14055
16122,15811 15814 15808 15805 15802 15799 15796 15793 15790 15787 15784 15781 15778
16117,14055 16074 16118 15816
16123,16124
16124,13939
16121,13939 16074 16122 15775
16126,15770 15773 15767 15764 15761 15758 15755 15752 15749 15746 15743 15740 15737 15734
16127,16128
16128,13807
16125,13807 16074 16126 15731
16130,15726 15729 15723 15720 15717 15714 15711 15708 15705 15702 15699 15696 15693 15690 15687
16131,16132
16132,13658
16129,13658 16074 16130 15684
16134,15679 15682 15676 15673 15670 15667 15664 15661 15658 15655 15652 15649 15646 15643 15637 15640
16135,16136
16136,13491
16133,13491 16074 16134 15634
16138,15629 15632 15626 15623 15620 15617 15614 15611 15608 15605 15602 15599 15596 15593 15590 15587 15584
16139,16140
16140,13305
16137,13305 16074 16138 15581
16142,15576 15579 15573 15570 15567 15564 15561 15558 15555 15552 15549 15546 15543 15540 15537 15534 15531 15528
16143,16144
16144,13099
16141,13099 16074 16142 15525
16146,15520 15523 15517 15514 15511 15508 15505 15502 15499 15496 15493 15490 15487 15484 15481 15478 15475 15472 15469
16147,16148
16148,12872
16145,12872 16074 16146 15466
16150,15461 15464 15458 15455 15452 15449 15446 15443 15440 15437 15434 15431 15428 15425 15422 15419 15416 15413 15410 15407
16151,16152
16152,12623
16153,16154
16149,12623 16074 16150 15404
16154,16074
16156,16157
16157,14554
16159,16160
16160,14543
16155,14554 16077
16162,16163
16158,14543 16155 16077 16081
16163,14526
16161,14526 16155 16085
16165,16166
16166,14502
16164,14502 16155 16089
16168,16169
16169,14470
16167,14470 16155 16093
16171,16172
16172,14429
16170,14429 16155 16097
16174,16175
16175,14378
16177,16178
16178,14316
16173,14378 16155 16101
16176,14316 16155 16105
16180,16181
16181,14242
16179,14242 16155 16109
16183,16184
16184,14155
16182,14155 16155 16113
16186,16187
16187,14054
16185,14054 16155 16117
16189,16190
16190,13938
16188,13938 16155 16121
16192,16193
16193,13806
16195,16196
16191,13806 16155 16125
16196,13657
16194,13657 16155 16129
16198,16199
16199,13490
16197,13490 16155 16133
16201,16202
16202,13304
16200,13304 16155 16137
16204,16205
16205,13098
16203,13098 16155 16141
16207,16208
16208,12871
16206,12871 16155 16145
16210,16211
16211,12622
16212,16213
16213,16155
16209,12622 16155 16149
16215,16216
16216,14542
16218,16219
16219,14525
16214,14542 16158
16221,16222
16222,14501
16217,14525 16214 16158 16161
16220,14501 16214 16164
16224,16225
16225,14469
16223,14469 16214 16167
16227,16228
16228,14428
16226,14428 16214 16170
16230,16231
16231,14377
16229,14377 16214 16173
16233,16234
16234,14315
16232,14315 16214 16176
16236,16237
16237,14241
16235,14241 16214 16179
16239,16240
16240,14154
16238,14154 16214 16182
16242,16243
16243,14053
16241,14053 16214 16185
16245,16246
16246,13937
16244,13937 16214 16188
16248,16249
16249,13805
16247,13805 16214 16191
16251,16252
16252,13656
16250,13656 16214 16194
16254,16255
16255,13489
16253,13489 16214 16197
16257,16258
16258,13303
16256,13303 16214 16200
16260,16261
16261,13097
16259,13097 16214 16203
16263,16264
16264,12870
16262,12870 16214 16206
16266,16267
16267,12621
16268,16269
16269,16214
16265,12621 16214 16209
16271,16272
16272,14524
16270,14524 16217
16274,16275
16275,14500
16273,14500 16270 16220
16277,16278
16278,14468
16276,14468 16270 16223
16280,16281
16281,14427
16279,14427 16270 16226
16283,16284
16284,14376
16282,14376 16270 16229
16286,16287
16287,14314
16285,14314 16270 16232
16289,16290
16290,14240
16288,14240 16270 16235
16292,16293
16293,14153
16291,14153 16270 16238
16295,16296
16296,14052
16294,14052 16270 16241
16298,16299
16299,13936
16297,13936 16270 16244
16301,16302
16302,13804
16300,13804 16270 16247
16304,16305
16305,13655
16303,13655 16270 16250
16307,16308
16308,13488
16306,13488 16270 16253
16310,16311
16311,13302
16309,13302 16270 16256
16313,16314
16314,13096
16312,13096 16270 16259
16316,16317
16317,12869
16315,12869 16270 16262
16319,16320
16320,12620
16321,16322
16318,12620 16270 16265
16322,16270
16324,16325
16325,14499
16327,16328
16328,14467
16323,14499 16273
16326,14467 16323 16273 16276
16330,16331
16331,14426
16329,14426 16323 16279
16333,16334
16334,14375
16336,16337
16337,14313
16332,14375 16323 16282
16335,14313 16323 16285
16339,16340
16340,14239
16338,14239 16323 16288
16342,16343
16343,14152
16341,14152 16323 16291
16345,16346
16346,14051
16344,14051 16323 16294
16348,16349
16349,13935
16347,13935 16323 16297
16351,16352
16352,13803
16350,13803 16323 16300
16354,16355
16355,13654
16353,13654 16323 16303
16357,16358
16358,13487
16356,13487 16323 16306
16360,16361
16361,13301
16363,16364
16364,13095
16359,13301 16323 16309
16362,13095 16323 16312
16366,16367
16367,12868
16365,12868 16323 16315
16369,16370
16370,12619
16371,16372
16368,12619 16323 16318
16372,16323
16374,16375
16375,14466
16377,16378
16378,14425
16373,14466 16326
16380,16381
16376,14425 16373 16326 16329
16381,14374
16383,16384
16379,14374 16373 16332
16384,14312
16382,14312 16373 16335
16386,16387
16387,14238
16385,14238 16373 16338
16389,16390
16390,14151
16388,14151 16373 16341
16392,16393
16393,14050
16391,14050 16373 16344
16395,16396
16396,13934
16394,13934 16373 16347
16398,16399
16399,13802
16397,13802 16373 16350
16401,16402
16402,13653
16400,13653 16373 16353
16404,16405
16405,13486
16403,13486 16373 16356
16407,16408
16408,13300
16406,13300 16373 16359
16410,16411
16411,13094
16409,13094 16373 16362
16413,16414
16414,12867
16412,12867 16373 16365
16416,16417
16417,12618
16418,16419
16415,12618 16373 16368
16419,16373
16421,16422
16422,14424
16424,16425
16425,14373
16420,14424 16376
16427,16428
16428,14311
16423,14373 16420 16376 16379
16426,14311 16420 16382
16430,16431
16431,14237
16429,14237 16420 16385
16433,16434
16434,14150
16432,14150 16420 16388
16436,16437
16437,14049
16435,14049 16420 16391
16439,16440
16440,13933
16438,13933 16420 16394
16442,16443
16443,13801
16441,13801 16420 16397
16445,16446
16446,13652
16444,13652 16420 16400
16448,16449
16449,13485
16447,13485 16420 16403
16451,16452
16452,13299
16450,13299 16420 16406
16454,16455
16455,13093
16453,13093 16420 16409
16457,16458
16458,12866
16456,12866 16420 16412
16460,16461
16461,12617
16462,16463
16463,16420
16459,12617 16420 16415
16465,16466
16466,14372
16468,16469
16469,14310
16464,14372 16423
16467,14310 16464 16423 16426
16471,16472
16472,14236
16470,14236 16464 16429
16474,16475
16475,14149
16473,14149 16464 16432
16477,16478
16478,14048
16476,14048 16464 16435
16480,16481
16481,13932
16479,13932 16464 16438
16483,16484
16484,13800
16482,13800 16464 16441
16486,16487
16487,13651
16485,13651 16464 16444
16489,16490
16490,13484
16488,13484 16464 16447
16492,16493
16493,13298
16491,13298 16464 16450
16495,16496
16496,13092
16494,13092 16464 16453
16498,16499
16499,12865
16497,12865 16464 16456
16501,16502
16502,12616
16503,16504
16504,16464
16500,12616 16464 16459
16506,16507
16507,14309
16509,16510
16505,14309 16467
16510,14235
16508,14235 16505 16467 16470
16512,16513
16513,14148
16511,14148 16505 16473
16515,16516
16516,14047
16514,14047 16505 16476
16518,16519
16519,13931
16517,13931 16505 16479
16521,16522
16522,13799
16520,13799 16505 16482
16524,16525
16525,13650
16523,13650 16505 16485
16527,16528
16528,13483
16526,13483 16505 16488
16530,16531
16531,13297
16529,13297 16505 16491
16533,16534
16534,13091
16532,13091 16505 16494
16536,16537
16537,12864
16535,12864 16505 16497
16539,16540
16540,12615
16541,16542
16542,16505
16538,12615 16505 16500
16544,16545
16545,14234
16547,16548
16548,14147
16543,14234 16508
16546,14147 16543 16508 16511
16550,16551
16551,14046
16549,14046 16543 16514
16553,16554
16554,13930
16552,13930 16543 16517
16556,16557
16557,13798
16555,13798 16543 16520
16559,16560
16560,13649
16558,13649 16543 16523
16562,16563
16563,13482
16561,13482 16543 16526
16565,16566
16566,13296
16564,13296 16543 16529
16568,16569
16569,13090
16567,13090 16543 16532
16571,16572
16572,12863
16570,12863 16543 16535
16574,16575
16575,12614
16576,16577
16573,12614 16543 16538
16577,16543
16579,16580
16580,14146
16578,14146 16546
16582,16583
16583,14045
16585,16586
16581,14045 16578 16546 16549
16586,13929
16584,13929 16578 16552
16588,16589
16589,13797
16587,13797 16578 16555
16591,16592
16592,13648
16590,13648 16578 16558
16594,16595
16595,13481
16593,13481 16578 16561
16597,16598
16598,13295
16596,13295 16578 16564
16600,16601
16601,13089
16599,13089 16578 16567
16603,16604
16604,12862
16602,12862 16578 16570
16606,16607
16607,12613
16608,16609
16605,12613 16578 16573
16609,16578
16611,16612
16612,14044
16610,14044 16581
16614,16615
16615,13928
16613,13928 16610 16584
16617,16618
16618,13796
16616,13796 16610 16587
16620,16621
16621,13647
16619,13647 16610 16590
16623,16624
16624,13480
16622,13480 16610 16593
16626,16627
16627,13294
16625,13294 16610 16596
16629,16630
16630,13088
16628,13088 16610 16599
16632,16633
16633,12861
16631,12861 16610 16602
16635,16636
16636,12612
16637,16638
16638,16610
16634,12612 16610 16605
16640,16641
16641,13927
16639,13927 16613
16643,16644
16644,13795
16642,13795 16639 16613 16616
16646,16647
16647,13646
16645,13646 16639 16619
16649,16650
16650,13479
16648,13479 16639 16622
16652,16653
16653,13293
16651,13293 16639 16625
16655,16656
16656,13087
16654,13087 16639 16628
16658,16659
16659,12860
16657,12860 16639 16631
16661,16662
16662,12611
16663,16664
16664,16639
16660,12611 16639 16634
16666,16667
16667,13794
16669,16670
16670,13645
16665,13794 16642
16668,13645 16665 16642 16645
16672,16673
16673,13478
16671,13478 16665 16648
16675,16676
16676,13292
16674,13292 16665 16651
16678,16679
16679,13086
16677,13086 16665 16654
16681,16682
16682,12859
16680,12859 16665 16657
16684,16685
16685,12610
16686,16687
16687,16665
16683,12610 16665 16660
16689,16690
16690,13644
16688,13644 16668
16692,16693
16693,13477
16691,13477 16688 16668 16671
16695,16696
16696,13291
16694,13291 16688 16674
16698,16699
16699,13085
16697,13085 16688 16677
16701,16702
16702,12858
16700,12858 16688 16680
16704,16705
16705,12609
16706,16707
16703,12609 16688 16683
16707,16688
16709,16710
16710,13476
16712,16713
16713,13290
16708,13476 16691
16711,13290 16708 16691 16694
16715,16716
16716,13084
16714,13084 16708 16697
16718,16719
16719,12857
16717,12857 16708 16700
16721,16722
16722,12608
16723,16724
16724,16708
16720,12608 16708 16703
16726,16727
16727,13289
16729,16730
16730,13083
16725,13289 16711
16728,13083 16725 16711 16714
16732,16733
16733,12856
16731,12856 16725 16717
16735,16736
16736,12607
16737,16738
16738,16725
16734,12607 16725 16720
16740,16741
16741,13082
16743,16744
16744,12855
16739,13082 16728
16742,12855 16739 16728 16731
16746,16747
16747,12606
16748,16749
16745,12606 16739 16734
16749,16739
16751,16752
16752,12854
16754,16755
16755,12605
16750,12854 16742
16756,16757
16757,16750
16759,16760
16760,12604
16753,12605 16750 16742 16745
16761,16762
16762,16758 16753
16758,12604 16753 16745
16764,12604
16763,16764
16766,11824
16765,16766
16768,11844
16767,16768
16770,11864
16769,16770
16772,11884
16771,16772
16774,11904
16773,16774
16776,11924
16775,16776
16778,11944
16777,16778
16780,11964
16779,16780
16782,11984
16781,16782
16784,12004
16783,16784
16786,12024
16785,16786
16788,12044
16787,16788
16790,12064
16789,16790
16792,12084
16791,16792
16794,12104
16793,16794
16796,12124
16795,16796
16798,12144
16797,16798
16800,12164
16799,16800
16802,12184
16801,16802
16804,12605
16803,16804
16806,12854
16805,16806
16808,11845
16807,16808
16810,11865
16809,16810
16812,11885
16811,16812
16814,11905
16813,16814
16816,11925
16815,16816
16818,11945
16817,16818
16820,11965
16819,16820
16822,11985
16821,16822
16824,12005
16823,16824
16826,12025
16825,16826
16828,12045
16827,16828
16830,12065
16829,16830
16832,12085
16831,16832
16834,12105
16833,16834
16836,12125
16835,16836
16838,12145
16837,16838
16840,12165
16839,16840
16842,12185
16841,16842
16844,12606
16843,16844
16846,12855
16845,16846
16848,13082
16847,16848
16850,11866
16849,16850
16852,11886
16851,16852
16854,11906
16853,16854
16856,11926
16855,16856
16858,11946
16857,16858
16860,11966
16859,16860
16862,11986
16861,16862
16864,12006
16863,16864
16866,12026
16865,16866
16868,12046
16867,16868
16870,12066
16869,16870
16872,12086
16871,16872
16874,12106
16873,16874
16876,12126
16875,16876
16878,12146
16877,16878
16880,12166
16879,16880
16882,12186
16881,16882
16884,12607
16883,16884
16886,12856
16885,16886
16888,13083
16887,16888
16890,13289
16889,16890
16892,11887
16891,16892
16894,11907
16893,16894
16896,11927
16895,16896
16898,11947
16897,16898
16900,11967
16899,16900
16902,11987
16901,16902
16904,12007
16903,16904
16906,12027
16905,16906
16908,12047
16907,16908
16910,12067
16909,16910
16912,12087
16911,16912
16914,12107
16913,16914
16916,12127
16915,16916
16918,12147
16917,16918
16920,12167
16919,16920
16922,12187
16921,16922
16924,12608
16923,16924
16926,12857
16925,16926
16928,13084
16927,16928
16930,13290
16929,16930
16932,13476
16931,16932
16934,11908
16933,16934
16936,11928
16935,16936
16938,11948
16937,16938
16940,11968
16939,16940
16942,11988
16941,16942
16944,12008
16943,16944
16946,12028
16945,16946
16948,12048
16947,16948
16950,12068
16949,16950
16952,12088
16951,16952
16954,12108
16953,16954
16956,12128
16955,16956
16958,12148
16957,16958
16960,12168
16959,16960
16962,12188
16961,16962
16964,12609
16963,16964
16966,12858
16965,16966
16968,13085
16967,16968
16970,13291
16969,16970
16972,13477
16971,16972
16974,13644
16973,16974
16976,11929
16975,16976
16978,11949
16977,16978
16980,11969
16979,16980
16982,11989
16981,16982
16984,12009
16983,16984
16986,12029
16985,16986
16988,12049
16987,16988
16990,12069
16989,16990
16992,12089
16991,16992
16994,12109
16993,16994
16996,12129
16995,16996
16998,12149
16997,16998
17000,12169
16999,17000
17002,12189
17001,17002
17004,12610
17003,17004
17006,12859
17005,17006
17008,13086
17007,17008
17010,13292
17009,17010
17012,13478
17011,17012
17014,13645
17013,17014
17016,13794
17015,17016
17018,11950
17017,17018
17020,11970
17019,17020
17022,11990
17021,17022
17024,12010
17023,17024
17026,12030
17025,17026
17028,12050
17027,17028
17030,12070
17029,17030
17032,12090
17031,17032
17034,12110
17033,17034
17036,12130
17035,17036
17038,12150
17037,17038
17040,12170
17039,17040
17042,12190
17041,17042
17044,12611
17043,17044
17046,12860
17045,17046
17048,13087
17047,17048
17050,13293
17049,17050
17052,13479
17051,17052
17054,13646
17053,17054
17056,13795
17055,17056
17058,13927
17057,17058
17060,11971
17059,17060
17062,11991
17061,17062
17064,12011
17063,17064
17066,12031
17065,17066
17068,12051
17067,17068
17070,12071
17069,17070
17072,12091
17071,17072
17074,12111
17073,17074
17076,12131
17075,17076
17078,12151
17077,17078
17080,12171
17079,17080
17082,12191
17081,17082
17084,12612
17083,17084
17086,12861
17085,17086
17088,13088
17087,17088
17090,13294
17089,17090
17092,13480
17091,17092
17094,13647
17093,17094
17096,13796
17095,17096
17098,13928
17097,17098
17100,14044
17099,17100
17102,11992
17101,17102
17104,12012
17103,17104
17106,12032
17105,17106
17108,12052
17107,17108
17110,12072
17109,17110
17112,12092
17111,17112
17114,12112
17113,17114
17116,12132
17115,17116
17118,12152
17117,17118
17120,12172
17119,17120
17122,12192
17121,17122
17124,12613
17123,17124
17126,12862
17125,17126
17128,13089
17127,17128
17130,13295
17129,17130
17132,13481
17131,17132
17134,13648
17133,17134
17136,13797
17135,17136
17138,13929
17137,17138
17140,14045
17139,17140
17142,14146
17141,17142
17144,12013
17143,17144
17146,12033
17145,17146
17148,12053
17147,17148
17150,12073
17149,17150
17152,12093
17151,17152
17154,12113
17153,17154
17156,12133
17155,17156
17158,12153
17157,17158
17160,12173
17159,17160
17162,12193
17161,17162
17164,12614
17163,17164
17166,12863
17165,17166
17168,13090
17167,17168
17170,13296
17169,17170
17172,13482
17171,17172
17174,13649
17173,17174
17176,13798
17175,17176
17178,13930
17177,17178
17180,14046
17179,17180
17182,14147
17181,17182
17184,14234
17183,17184
17186,12034
17185,17186
17188,12054
17187,17188
17190,12074
17189,17190
17192,12094
17191,17192
17194,12114
17193,17194
17196,12134
17195,17196
17198,12154
17197,17198
17200,12174
17199,17200
17202,12194
17201,17202
17204,12615
17203,17204
17206,12864
17205,17206
17208,13091
17207,17208
17210,13297
17209,17210
17212,13483
17211,17212
17214,13650
17213,17214
17216,13799
17215,17216
17218,13931
17217,17218
17220,14047
17219,17220
17222,14148
17221,17222
17224,14235
17223,17224
17226,14309
17225,17226
17228,12055
17227,17228
17230,12075
17229,17230
17232,12095
17231,17232
17234,12115
17233,17234
17236,12135
17235,17236
17238,12155
17237,17238
17240,12175
17239,17240
17242,12195
17241,17242
17244,12616
17243,17244
17246,12865
17245,17246
17248,13092
17247,17248
17250,13298
17249,17250
17252,13484
17251,17252
17254,13651
17253,17254
17256,13800
17255,17256
17258,13932
17257,17258
17260,14048
17259,17260
17262,14149
17261,17262
17264,14236
17263,17264
17266,14310
17265,17266
17268,14372
17267,17268
17270,12076
17269,17270
17272,12096
17271,17272
17274,12116
17273,17274
17276,12136
17275,17276
17278,12156
17277,17278
17280,12176
17279,17280
17282,12196
17281,17282
17284,12617
17283,17284
17286,12866
17285,17286
17288,13093
17287,17288
17290,13299
17289,17290
17292,13485
17291,17292
17294,13652
17293,17294
17296,13801
17295,17296
17298,13933
17297,17298
17300,14049
17299,17300
17302,14150
17301,17302
17304,14237
17303,17304
17306,14311
17305,17306
17308,14373
17307,17308
17310,14424
17309,17310
17312,12097
17311,17312
17314,12117
17313,17314
17316,12137
17315,17316
17318,12157
17317,17318
17320,12177
17319,17320
17322,12197
17321,17322
17324,12618
17323,17324
17326,12867
17325,17326
17328,13094
17327,17328
17330,13300
17329,17330
17332,13486
17331,17332
17334,13653
17333,17334
17336,13802
17335,17336
17338,13934
17337,17338
17340,14050
17339,17340
17342,14151
17341,17342
17344,14238
17343,17344
17346,14312
17345,17346
17348,14374
17347,17348
17350,14425
17349,17350
17352,14466
17351,17352
17354,12118
17353,17354
17356,12138
17355,17356
17358,12158
17357,17358
17360,12178
17359,17360
17362,12198
17361,17362
17364,12619
17363,17364
17366,12868
17365,17366
17368,13095
17367,17368
17370,13301
17369,17370
17372,13487
17371,17372
17374,13654
17373,17374
17376,13803
17375,17376
17378,13935
17377,17378
17380,14051
17379,17380
17382,14152
17381,17382
17384,14239
17383,17384
17386,14313
17385,17386
17388,14375
17387,17388
17390,14426
17389,17390
17392,14467
17391,17392
17394,14499
17393,17394
17396,12139
17395,17396
17398,12159
17397,17398
17400,12179
17399,17400
17402,12199
17401,17402
17404,12620
17403,17404
17406,12869
17405,17406
17408,13096
17407,17408
17410,13302
17409,17410
17412,13488
17411,17412
17414,13655
17413,17414
17416,13804
17415,17416
17418,13936
17417,17418
17420,14052
17419,17420
17422,14153
17421,17422
17424,14240
17423,17424
17426,14314
17425,17426
17428,14376
17427,17428
17430,14427
17429,17430
17432,14468
17431,17432
17434,14500
17433,17434
17436,14524
17435,17436
17438,12160
17437,17438
17440,12180
17439,17440
17442,12200
17441,17442
17444,12621
17443,17444
17446,12870
17445,17446
17448,13097
17447,17448
17450,13303
17449,17450
17452,13489
17451,17452
17454,13656
17453,17454
17456,13805
17455,17456
17458,13937
17457,17458
17460,14053
17459,17460
17462,14154
17461,17462
17464,14241
17463,17464
17466,14315
17465,17466
17468,14377
17467,17468
17470,14428
17469,17470
17472,14469
17471,17472
17474,14501
17473,17474
17476,14525
17475,17476
17478,14542
17477,17478
17480,12181
17479,17480
17482,12201
17481,17482
17484,12622
17483,17484
17486,12871
17485,17486
17488,13098
17487,17488
17490,13304
17489,17490
17492,13490
17491,17492
17494,13657
17493,17494
17496,13806
17495,17496
17498,13938
17497,17498
17500,14054
17499,17500
17502,14155
17501,17502
17504,14242
17503,17504
17506,14316
17505,17506
17508,14378
17507,17508
17510,14429
17509,17510
17512,14470
17511,17512
17514,14502
17513,17514
17516,14526
17515,17516
17518,14543
17517,17518
17520,14554
17519,17520
17522,12202
17521,17522
17524,12623
17523,17524
17526,12872
17525,17526
17528,13099
17527,17528
17530,13305
17529,17530
17532,13491
17531,17532
17534,13658
17533,17534
17536,13807
17535,17536
17538,13939
17537,17538
17540,14055
17539,17540
17542,14156
17541,17542
17544,14243
17543,17544
17546,14317
17545,17546
17548,14379
17547,17548
17550,14430
17549,17550
17552,14471
17551,17552
17554,14503
17553,17554
17556,14527
17555,17556
17558,14544
17557,17558
17560,14555
17559,17560
17562,14561
17561,17562
17564,16758
17563,17564
17566,16750
17565,17566
17568,16739
17567,17568
17570,16725
17569,17570
17572,16708
17571,17572
17574,16688
17573,17574
17576,16665
17575,17576
17578,16639
17577,17578
17580,16610
17579,17580
17582,16578
17581,17582
17584,16543
17583,17584
17586,16505
17585,17586
17588,16464
17587,17588
17590,16420
17589,17590
17592,16373
17591,17592
17594,16323
17593,17594
17596,16270
17595,17596
17598,16214
17597,17598
17600,16155
17599,17600
17602,16074
17601,17602
