1 2.83360616539 .25760056049000000000 .12880028024500000000 
2 2.25554663099 7.51848876996666666666 5.48849680207566666666 0
3 2.01937857057 10.09689285285000000000 6.26007356876700000000 0
4 1.53738390496 3.07476780992000000000 1.32215015826560000000 0
5 3.06569255302 15.32846276510000000000 9.81021616966400000000 0
6 2.34473547643 5.86183869107500000000 1.69993322041175000000 0
7 2.30472440306 .06314313433041095890 .01894294029912328767 0
8 1.31962522628 .03665625628555555555 .01136343944852222222 0
9 2.06114141334 .08082907503294117647 .02505701326021176470 0
10 2.09975747855 .59993070815714285714 .44394872403628571428 0
11 2.28860325914 .05449055378904761904 .01634716613671428571 0
12 2.05375712565 .05550694934189189189 .02553319669727027026 0
13 1.68813080144 .04625015894356164383 .03376261602879999999 0
14 2.23404910903 .13539691569878787878 .07582227279132121211 0
15 2.39678506176 .10420804616347826086 .05106194262010434782 0
16 2.65021107999 .13948479368368421052 .04045059016826842105 0
17 1.65034726995 .08920796053783783783 .03746734342589189188 0
18 1.50974322401 .03392681402269662921 .01967755213316404494 0
19 1.65344540499 .05801562824526315789 .02436656386301052631 0
20 2.2780594316 .13400349597647058823 .08442220246517647058 0
21 2.34065134282 .18725210742560000000 .07677336404449600000 0
22 2.13271081373 .06181770474579710144 .03461791465764637680 0
23 2.36167696274 .05248171028311111111 .03883646560950222222 0
24 1.7092444576 .04021751664941176470 .02332615965665882352 0
25 2.20342824304 2.20342824304000000000 .83730273235520000000 0
26 1.5810240319 .13748035060000000000 .07698899633600000000 0
27 1.82490300252 .04932170277081081081 .01824903002519999999 0
28 2.16654790089 .05935747673671232876 .02493014022941917807 0
29 2.01018402093 2.01018402093000000000 .50254600523250000000 0
30 2.51054383954 .05176379050597938144 .01449386134167422680 0
31 1.12049694257 .09743451674521739130 .05456332937732173912 0
32 1.85748150322 .24766420042933333333 .08668247015026666666 0
33 2.36908929435 .12468891022894736842 .03740667306868421052 0
34 1.60288634794 .06411545391760000000 .02628733610621600000 0
35 2.53278584943 .06177526462024390243 .03706515877214634145 0
36 1.99529650349 1.99529650349000000000 .61854191608190000000 0
37 1.92460149017 .03849202980340000000 .01963093519973400000 0
38 2.25008371377 .08182122595527272727 .04581988653495272727 0
39 3.1495755642 .07681891620000000000 .04225040391000000000 0
40 2.16855636944 .07608969717333333333 .04337112738879999999 0
41 2.11092886061 .06921078231508196721 .03737382245014426229 0
42 1.97445785567 .06927922300596491228 .04295311826369824561 0
43 1.51169722752 .08398317930666666666 .02855428096426666666 0
44 2.0989449107 .19081317370000000000 .09922285032400000000 0
45 2.34971767279 .04999399303808510638 .02399711665828085106 0
46 1.63153342653 .08157667132650000000 .04649870265610500000 0
47 1.4632313323 .04180660949428571428 .02842849445611428571 0
48 1.57841353225 .03946033830625000000 .01815175562087500000 0
49 1.89118452573 .15129476205840000000 .09531570009679200000 0
50 2.97182662063 .11006765261592592592 .05063112020332592592 0
51 1.64870145324 .08042446113365853658 .04825467668019512194 0
52 1.45168871679 .03540704187292682926 .01168432381806585365 0
53 2.75286279651 .14880339440594594594 .05803332381831891891 0
54 2.13419182045 .08536767281800000000 .05207428041898000000 0
55 1.95324024549 .10851334697166666666 .07812960981959999999 0
56 1.4594916617 .05032729867931034482 .01409164363020689654 0
57 2.21074911307 .10282554014279069767 .06580834569138604650 0
58 1.92581861607 .22656689600823529411 .16312816512592941175 0
59 2.03655595202 .04848942742904761904 .01697129960016666666 0
60 2.53539774765 .06585448695194805194 .03490287808453246752 0
61 2.35162067828 .07971595519593220338 .03666933939012881355 0
62 2.6375257509 .05611756916808510638 .03815994703429787233 0
63 2.13791249543 .08067594322377358490 .03146361785727169811 0
64 2.35731357501 1.17865678750500000000 .73076720825310000000 0
65 1.48211440162 .03257394289274725274 .01270383772817142856 0
66 3.02535993177 .33615110353000000000 .17816008487090000000 0
67 1.26682423756 .03470751335780821917 .01423008047670136985 0
68 2.13384514684 .06996213596196721311 .04267690293679999999 0
69 1.08369050607 .02167381012140000000 .01105364316191400000 0
70 2.10641910617 .08597629004775510204 .05244553692913061224 0
71 2.24747085099 .40863106381636363636 .21657446382267272727 0
72 2.00070900027 .08336287501125000000 .02750974875371250000 0
73 2.34518523322 .05154253259824175824 .01752446108340219780 0
74 2.3296263223 .07280082257187500000 .04513650999456250000 0
75 2.17627679593 .06696236295169230769 .04218628865956615384 0
76 2.16956370849 .06574435480272727272 .01906586289279090908 0
77 1.6313499844 .04409054011891891891 .01190444583210810810 0
78 1.82878287156 .04515513263111111111 .02438377162079999999 0
79 1.69269354243 .10920603499548387096 .04477447434814838709 0
80 2.36669469405 .09659978343061224489 .05795987005836734693 0
81 1.91574633576 .05248620097972602739 .03306630661722739725 0
82 1.46014384151 .04562949504718750000 .02281474752359375000 0
83 1.70255508284 .06191109392145454545 .04581420950187636363 0
84 1.69775691698 .15434153790727272727 .11112590729323636363 0
85 3.37808888635 .19303365064857142857 .12933254593454285714 0
86 1.51596561344 .14437767747047619047 .04331330324114285714 0
87 2.14596335654 .06922462440451612903 .04291926713079999999 0
88 2.25234242493 .16088160178071428571 .08044080089035714285 0
89 2.04784348839 .10778123623105263157 .05496843047783684210 0
90 2.7008134435 .25722032795238095238 .08745491150380952380 0
91 2.22495507704 .63570145058285714285 .17163939165737142856 0
92 1.91573168291 .05718602038537313432 .02973673060039402984 0
93 2.4512694596 .05635102205977011494 .01746881683852873563 0
94 2.05881653537 .05147041338425000000 .02470579842444000000 0
95 1.33895736253 .07438652014055555555 .04537577728573888888 0
96 1.96448705699 .06892937042070175438 .03791115373138596490 0
97 2.85178630715 .06710085428588235294 .02482731608577647058 0
98 0.770840884774 .01880099718960975609 .01128059831376585365 0
99 1.35974555085 .02719491101700000000 .01658889572037000000 0
100 1.54398451769 .06570146883787234042 .04139192536785957446 0
101 1.73969667767 .17396966776700000000 .10438180066020000000 0
102 1.74232134056 .07111515675755102040 .02631260800029387754 0
103 2.18485490139 .06620772428454545454 .04502125251349090908 0
104 2.23596123636 .18633010303000000000 .06148893399990000000 0
105 2.07340324304 .29620046329142857142 .12144218994948571428 0
106 2.61408817558 .15376989268117647058 .03998017209710588235 0
107 2.30630168852 .05426592208282352941 .02062105039147294117 0
108 1.4512897057 .05375147058148148148 .03601348528959259259 0
109 1.76907123809 .04478661362253164556 .03090276339954683543 0
110 1.66995342419 3.33990684838000000000 2.33793479386600000000 0
111 2.25932525683 .05134830129159090909 .03491684487828181818 0
112 1.80082982245 .13339480166296296296 .08804056909755555555 0
113 1.55804667095 .06109986944901960784 .02138495430715686274 0
114 1.90600646891 .19060064689100000000 .07052223934967000000 0
115 1.82354048279 .10726708722294117647 .06436025233376470588 0
116 2.48576477013 .10357353208875000000 .06317985457413750000 0
117 2.06806553188 .21769110861894736842 .15020686494707368420 0
118 2.49727559318 .06571777876789473684 .01971533363036842105 0
119 2.33983811824 .24629874928842105263 .18226107447343157894 0
120 1.92228211472 .04746375591901234567 .02230796528193580246 0
121 2.04777967285 .04222226129587628865 .02237779848681443298 0
122 1.73409233303 .06800362090313725490 .03060162940641176470 0
123 2.73020480204 .19501462871714285714 .14236067896351428571 0
124 2.07941056826 .05071733093317073170 .01825823913594146341 0
125 1.59013182993 .09938323937062500000 .06658677037831875000 0
126 1.78732553844 .51066443955428571428 .17873255384399999999 0
127 1.47816020591 .08958546702484848484 .03135491345869696969 0
128 2.07142705058 .10902247634631578947 .07522550867895789473 0
129 1.98701623394 .06307988044253968253 .03847872706994920634 0
130 2.09858547263 .04937848170894117647 .01431975969559294117 0
131 2.07144851565 .23016094618333333333 .11047725416799999999 0
132 2.690055595 .22417129958333333333 .05828453789166666666 0
133 1.53109719752 .05468204276857142857 .03499650737188571428 0
134 2.46287316133 .12630118776051282051 .06693962951307179487 0
135 2.08086395831 .12240376225352941176 .07344225735211764705 0
136 1.59611936208 .03224483559757575757 .01160814081512727272 0
137 1.1524160092 .02881040023000000000 .00835501606670000000 0
138 1.79182419737 .12798744266928571428 .09343083314857857142 0
139 1.44289670055 .57715868022000000000 .20777712487920000000 0
140 2.06115198058 .11141362057189189189 .08021780681176216216 0
141 2.43634618235 .04872692364700000000 .02290165411409000000 0
142 1.98668379216 .12817314788129032258 .07049523133470967741 0
143 1.61633915583 .06465356623320000000 .01810299854529600000 0
144 2.22001980599 .04484888496949494949 .01928502053688282828 0
145 2.0393126815 .23991913900000000000 .17274178008000000000 0
146 1.77054722857 .88527361428500000000 .38066765414255000000 0
147 1.10819726858 .02736289552049382716 .01121878716340246913 0
148 2.82776919572 .14138845978600000000 .08483307587160000000 0
149 2.37302615229 .11575737328243902439 .04398780184732682926 0
150 1.72002964805 .10750185300312500000 .07310126004212500000 0
151 2.61710909909 .17447393993933333333 .05932113957937333333 0
152 0.898143314976 .02088705383665116279 .00919030368812651162 0
153 0.853458955415 .02081607208329268292 .00978355387914756097 0
154 1.9861290427 .39722580854000000000 .12711225873280000000 0
155 2.6901581122 .35868774829333333333 .16140948673199999999 0
156 1.36318026793 .03170186669604651162 .01807006401674651162 0
157 1.64693589407 .05778722435333333333 .04276254602146666666 0
158 2.37290001809 .33898571687000000000 .09830585789230000000 0
159 2.29852771348 .51078393632888888888 .28093116498088888888 0
160 1.54000603935 .04812518872968750000 .01876882360457812500 0
161 2.14315953001 .32971685077076923076 .23409896404724615383 0
162 2.4515737384 .04952674218989898989 .01882016203216161615 0
163 1.59209313869 .16758875144105263157 .08882203826375789473 0
164 2.15874816851 .05834454509486486486 .02800538164553513513 0
165 2.40731482277 2.40731482277000000000 1.37216944897890000000 0
166 1.80838601988 .09041930099400000000 .02441321126838000000 0
167 2.65243690295 .20403360791923076923 .09589579572203846153 0
168 2.60773999835 .11853363628863636363 .07349085449895454545 0
169 2.75193653226 .06326290878758620689 .02087675989990344827 0
170 2.67085724014 .21366857921120000000 .10897097539771200000 0
171 2.87485275604 .06927356038650602409 .02493848173914216867 0
172 1.67135309451 .04989113714955223880 .01845972074533432835 0
173 1.91836781801 .06975882974581818181 .02511317870849454545 0
174 2.34378023617 2.34378023617000000000 1.52345715351050000000 0
175 1.55793391245 .03245695650937500000 .02369357825184375000 0
176 1.00572221432 .05436336293621621621 .01848354339831351351 0
177 1.66784155363 .03438848564185567010 .01581870339525360824 0
178 2.07265107115 .05527069523066666666 .01492308771227999999 0
179 2.37538144835 .23753814483500000000 .13777212400430000000 0
180 2.04551693231 .04446775939804347826 .01600839338329565217 0
181 2.25577534145 1.12788767072500000000 .71056923255675000000 0
182 2.18121302655 .05072588433837209302 .02384116563903488371 0
183 2.29628916848 .06560826195657142857 .02689938740219428571 0
184 2.17182572688 .04343651453760000000 .03083992532169600000 0
185 2.50018164063 .41669694010500000000 .14167695963570000000 0
186 2.57620828795 .42936804799166666666 .12881041439749999999 0
187 1.99191776658 .11382387237600000000 .06943256214936000000 0
188 1.02985148423 .03491021980440677966 .02094613188264406779 0
189 2.36412478434 .29551559804250000000 .16253357892337500000 0
190 1.14160692774 .06170848258054054054 .01666129029674594594 0
191 1.80006917968 .72002767187200000000 .41041577296704000000 0
192 1.42133524231 .11844460352583333333 .05330007158662499999 0
193 2.44918260465 .10204927519375000000 .06225005786818750000 0
194 1.76262157824 .07500517354212765957 .05475377668575319148 0
195 1.72071893448 .05462599792000000000 .02348917910560000000 0
196 1.34104374469 .07663107112514285714 .04981019623134285714 0
197 1.78437259344 .13217574766222222222 .09384478084017777777 0
198 0.702109173511 .01671688508359523809 .00885994909430547618 0
199 2.3166646029 .05791661507250000000 .04112079670147500000 0
200 2.13533351059 .04543262788489361702 .01181248325007234042 0
201 2.1427545569 .08745936966938775510 .05859777767848979591 0
202 2.01030917487 .13864201206000000000 .09982224868320000000 0
203 1.79341416715 .03985364815888888888 .02470926185851111110 0
204 2.49577197508 .49915439501600000000 .31945881281024000000 0
205 1.91386469254 .04556820696523809523 .03372047315427619047 0
206 1.97046014481 .08956637021863636363 .06269645915304545454 0
207 1.92011029117 1.28007352744666666666 .62723602844886666666 0
208 1.54010614423 .03312056224150537634 .01126099116211182795 0
209 2.32788970159 .05231212812561797752 .02301733637527191010 0
210 0.885915114413 .04662711128489473684 .03310524901227526315 0
211 1.46473468107 .04577295878343750000 .01235869887152812500 0
212 1.79991481313 .22498935164125000000 .16649212021452500000 0
213 2.12048212676 .08481928507040000000 .03901687113238400000 0
214 1.47681149579 .03938163988773333333 .02126608553937599999 0
215 2.23056923583 .17158224891000000000 .11667592925880000000 0
216 1.81130639136 .05938709479868852459 .03028741834733114754 0
217 1.65633203837 .05521106794566666666 .03699141552359666666 0
218 1.88396378721 .04140579752109890109 .02774188433913626373 0
219 2.71200390804 .05895660669652173913 .01945568020985217391 0
220 1.81863816705 .03953561232717391304 .01462817656105434782 0
221 2.62190843413 .05350833539040816326 .03317516794205306122 0
222 2.2443181301 .13201871353529411764 .06204879536158823529 0
223 1.47107526766 .03975879101783783783 .02703597789212972972 0
224 1.52660248527 .12212819882160000000 .07571948326939200000 0
225 2.27416797133 .09096671885320000000 .04730269380366400000 0
226 2.64072792844 .29341421427111111111 .14670710713555555555 0
227 2.18512954778 .07048804992838709677 .04581723245345161290 0
228 1.3650860335 .05687858472916666666 .03583350837937499999 0
229 1.86783228774 .31130538129000000000 .23036598215460000000 0
230 2.11213746711 .23468194079000000000 .10560687335550000000 0
231 2.9282692074 .08487736833043478260 .02461443681582608695 0
232 2.02295738341 .06422086931460317460 .02697276511213333333 0
233 2.53625852664 .05229399024000000000 .03294521385120000000 0
234 1.3229137591 .03948996295820895522 .02369397777492537313 0
235 2.0137782466 .08950125540444444444 .03580050216177777777 0
236 1.13060848171 .03647124134548387096 .01823562067274193548 0
237 2.83070366185 .08449861677164179104 .05492410090156716417 0
238 2.49892059388 .20824338282333333333 .08121491930109999999 0
239 2.38439847297 .14450899836181818181 .05202323941025454545 0
240 0.992105136756 .03607655042749090909 .02381052328214399999 0
241 1.61472582561 .07689170598142857142 .04613502358885714285 0
242 2.53532680055 .31691585006875000000 .10141307202200000000 0
243 2.61727519437 .13775132601947368421 .04408042432623157894 0
244 1.72275712631 .05839854665457627118 .02219144772873898304 0
245 1.71976467945 .10116262820294117647 .07081383974205882352 0
246 2.62386271474 2.62386271474000000000 1.57431762884400000000 0
247 1.5073400749 .06414213084680851063 .01667695402017021276 0
248 1.54248726276 .12854060523000000000 .06941192682420000000 0
249 1.99504216978 .05867771087588235294 .02171075302407647058 0
250 3.2282584469 .06456516893800000000 .04003040474156000000 0
251 1.78506083263 .04577079058025641025 .03020872178296923076 0
252 2.77836025338 .06776488422878048780 .03456009095667804877 0
253 1.70159760315 .20018795331176470588 .09408833805652941176 0
254 2.40409174949 .11181822090651162790 .03130910185382325581 0
255 2.08001193373 .04674184120741573033 .02056641013126292134 0
256 2.47959974676 .07629537682338461538 .05188085623990153845 0
257 3.25498668711 .06925503589595744680 .03185731651214042552 0
258 2.05820062408 .04243712626969072164 .01145802409281649484 0
259 2.30918854284 .05370205913581395348 .01503657655802790697 0
260 2.7364097941 .30404553267777777777 .14290140035855555555 0
261 2.26718384479 .21592227093238095238 .08852813108227619047 0
262 2.42154538625 .05322077771978021978 .01809506442472527472 0
263 1.70116015071 .06542923656576923076 .03794895720814615384 0
264 1.54841717274 .51613905758000000000 .16516449842560000000 0
265 2.38770948222 .11105625498697674418 .04220137689505116278 0
266 1.38904564399 .30867680977555555555 .22842083923391111110 0
267 1.14637747955 .05210806725227272727 .01563242017568181818 0
268 2.25335904293 .05007464539844444444 .03304926596297333333 0
269 1.76906000871 .04066804617724137931 .02399414724457241379 0
270 1.34175760178 .26835152035600000000 .14490982099224000000 0
271 1.99122808138 .04856653857024390243 .02671159621363414633 0
272 2.26987111824 .04934502430956521739 .02220526093930434782 0
273 2.479000225 .09721569509803921568 .06221804486274509803 0
274 2.61130266573 .06782604326571428571 .03391302163285714285 0
275 1.45075895458 .03054229378063157894 .02199045152205473683 0
276 2.05865428109 .10835022532052631578 .05959262392628947367 0
277 0.51281439973 .04273453331083333333 .02948682798447499999 0
278 1.53324908717 .03694576113662650602 .02253691429334216867 0
279 1.43447670028 .06997447318439024390 .02868953400559999999 0
280 1.9026799663 .06040253861269841269 .02174491390057142856 0
281 1.91674299629 .04356234082477272727 .01873180655465227272 0
282 1.70240061116 .03474286961551020408 .02466743742701224489 0
283 2.10764387673 .05269109691825000000 .01896879489057000000 0
284 1.78336288191 .05944542939700000000 .04339516345981000000 0
285 2.67803820193 .08926794006433333333 .02499502321801333333 0
286 1.91209714954 .10335660267783783783 .07234962187448648648 0
287 1.56445430596 .03769769411951807228 .01470210070661204818 0
288 1.71316924288 .05710564142933333333 .04168711824341333333 0
289 3.1023721675 .22980534574074074074 .10111435212592592592 0
290 1.55704171534 .08897381230514285714 .05160481113698285714 0
291 2.59223138026 .14012061514918918918 .05604824605967567567 0
292 2.33797938383 .11404777482097560975 .06158579840332682926 0
293 1.9515440481 .15011877293076923076 .04203325642061538461 0
294 1.99694355127 .13772024491517241379 .04957928816946206896 0
295 2.13008411062 .06085954601771428571 .02434381840708571428 0
296 1.79207998282 .13785230637076923076 .04549126110235384615 0
297 1.91541129839 .06280037043901639344 .03768022226340983606 0
298 2.28768961107 .09532040046125000000 .02954932414298750000 0
299 2.4288632816 .16192421877333333333 .11172771095359999999 0
300 1.81378199944 .04836751998506666666 .02950418719089066666 0
301 2.2172484421 .88689937684000000000 .33702176319920000000 0
302 2.77727051048 .19153589727448275862 .08810651274626206896 0
303 1.9187872591 .31979787651666666666 .17269085331899999999 0
304 2.39392678838 1.59595119225333333333 .71817803651399999999 0
305 1.71137377056 .04225614248296296296 .02239575551597037036 0
306 1.76682738578 .10393102269294117647 .06963378520427058823 0
307 2.15291494442 .06332102777705882352 .03609298583292352940 0
308 1.99387824898 .04430840553288888888 .02126803465578666666 0
309 1.05719306568 .21143861313600000000 .15435018758928000000 0
310 2.47724238415 .11796392305476190476 .05544304383573809523 0
311 2.01805538418 .04076879564000000000 .02731509307880000000 0
312 2.31270783603 .23127078360300000000 .07631935858899000000 0
313 2.38957356331 .05973933908275000000 .04062275057627000000 0
314 2.63883869717 .35184515962266666666 .09147974150189333333 0
315 1.77537560831 .04611365216389610389 .01152841304097402597 0
316 1.51654178136 .33700928474666666666 .19546538515306666666 0
317 1.19581586222 .10398398801913043478 .04991231424918260869 0
318 2.53196803505 .06028495321547619047 .03014247660773809523 0
319 2.10185278618 .04619456672923076923 .01940171802627692307 0
320 1.46073439585 .97382293056666666666 .62324667556266666666 0
321 2.41408280519 .16648846932344827586 .12153658260611724137 0
322 2.14241175473 .18629667432434782608 .04657416858108695652 0
323 1.95185432021 .06970908286464285714 .03485454143232142857 0
324 2.46903157262 .06250712842075949367 .03687920576824810126 0
325 1.24081563963 .19089471378923076923 .09162946261883076923 0
326 1.70712849306 .05020966156058823529 .01757338154620588235 0
327 1.77675509767 .05150014775855072463 .02111506058100579709 0
328 1.13368464494 .11933522578315789473 .04534738579759999999 0
329 2.25280441533 .30037392204400000000 .09011217661320000000 0
330 1.24773945022 .03564969857771428571 .02566778297595428571 0
331 2.56310981315 .11391599169555555555 .05240135617995555555 0
332 2.26851504772 .16803815168296296296 .05881335308903703703 0
333 3.03951294015 .11257455333888888888 .05853876773622222221 0
334 2.2822331159 .15214887439333333333 .05325210603766666666 0
335 1.95621825399 .17783802309000000000 .08714063131410000000 0
336 2.48071112561 .10336296356708333333 .04341244469817499999 0
337 2.3050894495 .06681418694202898550 .02405310729913043478 0
338 1.82924468053 1.82924468053000000000 1.33534861678690000000 0
339 2.18098205396 .05072051288279069767 .01521615386483720930 0
340 2.46347108597 .06008466063341463414 .02583640407236829268 0
341 2.02950797896 .36900145072000000000 .11070043521600000000 0
342 1.79881328147 .09467438323526315789 .05301765461174736841 0
343 2.05312307299 .04888388269023809523 .01270980949946190475 0
344 1.98245862956 .30499363531692307692 .19519592660283076922 0
345 2.2240052494 .08721589213333333333 .05232953527999999999 0
346 0.236693819849 .00622878473286842105 .00442243716033657894 0
347 1.47830761407 .06719580063954545454 .04636510244128636363 0
348 1.67749012459 .03607505644279569892 .02020203160796559139 0
349 2.64860467227 .27880049181789473684 .11709620656351578947 0
350 1.78188827106 .06599586189111111111 .04751702056159999999 0
351 1.44901752585 .03864046735600000000 .01004652151256000000 0
352 1.52966304353 .03220343249536842105 .02350850572161894736 0
353 2.43441418177 .21168818971913043478 .06774022071012173912 0
354 1.13736953461 .02274739069220000000 .01069127362533400000 0
355 2.20011148918 .13750696807375000000 .04812743882581250000 0
356 1.7231688083 .06757524738431372549 .03243611874447058823 0
357 2.92466746706 .06289607456043010752 .02264258684175483870 0
358 1.99533648799 .06139496886123076923 .03253933349645230769 0
359 2.30429389625 .46085877925000000000 .17973492390750000000 0
360 1.64299987283 .06443136756196078431 .02963842907850196078 0
361 1.42955283973 .03212478291528089887 .00963743487458426966 0
362 2.68252923498 .07349395164328767123 .03601203630521095890 0
363 2.4313414873 .05118613657473684210 .02866423648185263157 0
364 1.87063494394 .07794312266416666666 .02961838661238333333 0
365 1.84394981724 .46098745431000000000 .29042209621530000000 0
366 1.64373972052 .03735772092090909090 .02129390092491818181 0
367 1.92869556772 .12857970451466666666 .04757449067042666666 0
368 1.84191526227 .04547938919185185185 .01728216789290370370 0
369 1.42284029925 .03845514322297297297 .02345763736601351351 0
370 2.96168381734 .37021047716750000000 .16289260995370000000 0
371 2.57490795573 1.28745397786500000000 .73384876738305000000 0
372 1.80499422541 .11645124034903225806 .06288366978847741935 0
373 1.70050190785 .05232313562615384615 .02249894831924615384 0
374 1.25019396776 .02525644379313131313 .01490130183794747474 0
375 2.99061012318 .08668435139652173913 .04680954975412173913 0
376 2.84989003607 .33528118071411764705 .24140245011416470587 0
377 1.82576043123 .04245954491232558139 .02165436790528604650 0
378 1.93877487356 .06685430598482758620 .03676986829165517241 0
379 1.89293196145 .47323299036250000000 .22241950547037500000 0
380 2.0755263647 .09434210748636363636 .06509605416559090908 0
381 2.19596470118 .25834878837411764705 .07750463651223529411 0
382 1.63178269836 .09324472562057142857 .04382502104166857142 0
383 1.19103123857 .14012132218470588235 .08547400653267058823 0
384 1.9812047474 .18010952249090909090 .10806571349454545454 0
385 2.20122861426 .73374287142000000000 .27882229113960000000 0
386 1.77300455021 .11081278438812500000 .07867707691556875000 0
387 2.94970452436 .84277272124571428571 .26125954358617142857 0
388 2.57237474714 .11964533707627906976 .05862621516737674418 0
389 2.55640817287 .12173372251761904761 .07669224518609999999 0
390 2.50315693071 .05161148310742268041 .02374128222941443298 0
391 0.997783387778 .24944584694450000000 .11474508959447000000 0
392 1.72227615846 .03625844544126315789 .01595371599415578947 0
393 1.40949287824 .05125428648145454545 .01588882880925090908 0
394 1.85854033541 .16895821231000000000 .09461659889360000000 0
395 1.90193559351 .06916129430945454545 .04910451895971272726 0
396 1.45463070814 .03827975547736842105 .02794422149847894736 0
397 1.95252050071 .05828419405104477611 .01457104851276119402 0
398 1.81929869594 .04664868451128205128 .02425731594586666666 0
399 1.6359114884 .03760716065287356321 .02670108406354022987 0
400 2.33657693952 .06675934112914285714 .02336576939519999999 0
401 1.10447969708 .05259427128952380952 .03260844819950476190 0
402 2.43534878564 .18039620634370370370 .11004168586965925925 0
403 2.94672117571 .06203623527810526315 .03474029175573894736 0
404 1.22072695274 .02625219253204301075 .00735061390897204301 0
405 1.65370833249 .13780902770750000000 .05925788191422500000 0
406 2.31493787262 .08417955900436363636 .05976748689309818181 0
407 2.91322280834 .06473828462977777777 .02330578246671999999 0
408 3.56481932933 .54843374297384615384 .15904578546241538461 0
409 1.67053771312 .03977470745523809523 .02108059495127619047 0
410 2.44080031695 .09962450273265306122 .07372213202216326530 0
411 0.27999377084 .00674683785156626506 .00317101379023614457 0
412 2.34984743458 .05108363988217391304 .02145512875051304347 0
413 1.05134161195 .10012777256666666666 .07409455169933333332 0
414 1.96251951267 .04786632957731707317 .02441182808443170731 0
415 1.35264584323 .05410583372920000000 .02597080019001600000 0
416 1.68429951938 .11615858754344827586 .06388722314889655172 0
417 1.9298063316 .05760615915223880597 .01555366297110447761 0
418 2.56435572715 .06105608874166666666 .02991748348341666666 0
419 2.64606975549 .09284455282421052631 .05384984063804210525 0
420 2.44455156719 .11111598032681818181 .07444770681896818181 0
421 2.33127728094 .16651980578142857142 .08325990289071428571 0
422 2.10127829137 .05457865691870129870 .03929663298146493506 0
423 1.97731559398 .28247365628285714285 .20055629596082857142 0
424 1.93264519576 .18406144721523809523 .07362457888609523809 0
425 2.53881909998 .26724411578736842105 .19776064568265263157 0
426 1.44475551773 .06879788179666666666 .02614319508273333333 0
427 2.53112922613 .06173485917390243902 .03704091550434146341 0
428 1.78363659743 .03603306257434343434 .01297190252676363636 0
429 1.77178412949 .44294603237250000000 .18160787327272500000 0
430 2.8574717971 .17318010891515151515 .10390806534909090909 0
431 1.98705163832 .08455538886468085106 .02113884721617021276 0
432 2.96254097066 .09556583776322580645 .04969423563687741935 0
433 2.43300361198 .11316295869674418604 .07808244150075348836 0
434 2.62829307325 .13833121438157894736 .08023210434131578946 0
435 3.04494562973 .08699844656371428571 .04871913007567999999 0
436 1.7027573677 .03661843801505376344 .01354882206556989247 0
437 2.29632433921 .05467438902880952380 .01694906059893095237 0
438 1.44302656228 .03435777529238095238 .01889677641080952380 0
439 2.92910945889 .11955548811795918367 .02988887202948979591 0
440 2.33638839437 .11397016557902439024 .06268359106846341463 0
441 1.65747608433 .03526544860276595744 .01304821598302340425 0
442 2.69956597597 .05743757395680851063 .02067752662445106382 0
443 2.45329349605 .15827699974516129032 .08546957986238709677 0
444 2.38938205668 .79646068556000000000 .34247809479080000000 0
445 2.50697099732 .08644727576965517241 .04408811064252413792 0
446 2.32961856942 .06471162692833333333 .03882697615699999999 0
447 1.80884697297 .14470775783760000000 .04051817219452800000 0
448 3.73243810747 .10367883631861111111 .03317722762195555555 0
449 2.37332404635 .05519358247325581395 .02649291958716279069 0
450 2.19237460652 .07072176150064516129 .05091966828046451612 0
451 1.5921303243 .05220099423934426229 .01513828832940983606 0
452 1.74608455541 .04783793302493150684 .03492169110819999999 0
453 1.62709415022 .03537161196130434782 .01839323821987826086 0
454 2.6300580591 .13487477226153846153 .08362235880215384614 0
455 1.627955083 .20349438537500000000 .12413157507875000000 0
456 1.85056706651 .08224742517822222222 .04523608384802222222 0
457 1.64672283608 .04222366246358974358 .02280077773033846153 0
458 2.60002645035 .14857294002000000000 .06091490540820000000 0
459 1.90462510278 .06802232509928571428 .03401116254964285714 0
460 2.42305836481 .06638516067972602739 .03518413516025479451 0
461 1.50812766346 .16756974038444444444 .06702789615377777777 0
462 2.17394387137 1.44929591424666666666 1.00001418083019999999 0
463 1.99660062356 .09739515236878048780 .05551523685020487804 0
464 0.814639419068 .01715030355932631578 .00926116392203621052 0
465 2.31940186497 .12537307378216216216 .08274622869622702702 0
466 2.6493076828 .10597230731200000000 .04662781521728000000 0
467 2.80562864663 .06524717782860465116 .02348898401829767441 0
468 1.59018559484 .07950927974200000000 .03736936147874000000 0
469 2.97661269393 .10090212521796610169 .07466757266129491525 0
470 1.47606088953 .36901522238250000000 .14760608895300000000 0
471 1.84027773108 .04543895632296296296 .02726337379377777777 0
472 1.53410411562 .07867200592923076923 .02674848201593846153 0
473 1.47013029183 .03973325113054054054 .01907196054265945945 0
474 2.2451894339 .05282798668000000000 .02852711280720000000 0
475 1.63638475166 .03519106992817204301 .01689171356552258064 0
476 1.50345557173 .07333929618195121951 .03153589735823902438 0
477 2.12339981433 .07077999381100000000 .05237719542014000000 0
478 2.30660605906 .07562642816590163934 .02268792844977049180 0
479 2.09822191181 .15542384531925925925 .10568821481709629629 0
480 1.48585720157 .03668783213753086419 .02348021256801975308 0
481 1.92298592037 .06630985932310344827 .02453464794954827585 0
482 2.61511540085 .58113675574444444444 .30800248054455555555 0
483 1.56547962383 .04604351834794117647 .03038872210964117647 0
484 1.31665590524 .65832795262000000000 .22383150389080000000 0
485 2.49294020059 .06232350501475000000 .04237998341003000000 0
486 2.89989037691 .06823271475082352941 .04298661029301882352 0
487 2.13159586659 .05839988675589041095 .02043996036456164383 0
488 2.2822287776 .21735512167619047619 .13476017543923809523 0
489 2.06551908797 .14244959227379310344 .07834727575058620689 0
490 2.84522362835 .06540743973218390804 .03204964546877011493 0
491 2.72441236783 .06263016937540229885 .04446742025653563218 0
492 1.46128670833 .09741911388866666666 .05552889491653999999 0
493 0.915619500208 .01887875258160824742 .00698513845519505154 0
494 1.9792592608 .06825031933793103448 .04368020437627586206 0
495 1.36100471124 .03240487407714285714 .01393409585317142857 0
496 2.0944517641 .14960369743571428571 .06582562687171428571 0
497 2.49952609305 .19996208744400000000 .10398028547088000000 0
498 1.93440540613 .05861834564030303030 .03575719084058484848 0
499 2.05173473984 .06034513940705882352 .02715531273317647058 0
500 2.35882092126 .06462523071945205479 .03748263381728219177 0
501 2.57622071969 .06691482388805194805 .03747230137730909090 0
502 1.76585161701 .04586627576649350649 .02522645167157142856 1,2,3,4,5,6,7,8,9,10,11,12,13,14,15,16,17,18,19,20,21,22,23,24,25,26,27,28,29,30,31,32,33,34,35,36,37,38,39,40,41,42,43,44,45,46,47,48,49,50,51,52,53,54,55,56,57,58,59,60,61,62,63,64,65,66,67,68,69,70,71,72,73,74,75,76,77,78,79,80,81,82,83,84,85,86,87,88,89,90,91,92,93,94,95,96,97,98,99,100,101,102,103,104,105,106,107,108,109,110,111,112,113,114,115,116,117,118,119,120,121,122,123,124,125,126,127,128,129,130,131,132,133,134,135,136,137,138,139,140,141,142,143,144,145,146,147,148,149,150,151,152,153,154,155,156,157,158,159,160,161,162,163,164,165,166,167,168,169,170,171,172,173,174,175,176,177,178,179,180,181,182,183,184,185,186,187,188,189,190,191,192,193,194,195,196,197,198,199,200,201,202,203,204,205,206,207,208,209,210,211,212,213,214,215,216,217,218,219,220,221,222,223,224,225,226,227,228,229,230,231,232,233,234,235,236,237,238,239,240,241,242,243,244,245,246,247,248,249,250,251,252,253,254,255,256,257,258,259,260,261,262,263,264,265,266,267,268,269,270,271,272,273,274,275,276,277,278,279,280,281,282,283,284,285,286,287,288,289,290,291,292,293,294,295,296,297,298,299,300,301,302,303,304,305,306,307,308,309,310,311,312,313,314,315,316,317,318,319,320,321,322,323,324,325,326,327,328,329,330,331,332,333,334,335,336,337,338,339,340,341,342,343,344,345,346,347,348,349,350,351,352,353,354,355,356,357,358,359,360,361,362,363,364,365,366,367,368,369,370,371,372,373,374,375,376,377,378,379,380,381,382,383,384,385,386,387,388,389,390,391,392,393,394,395,396,397,398,399,400,401,402,403,404,405,406,407,408,409,410,411,412,413,414,415,416,417,418,419,420,421,422,423,424,425,426,427,428,429,430,431,432,433,434,435,436,437,438,439,440,441,442,443,444,445,446,447,448,449,450,451,452,453,454,455,456,457,458,459,460,461,462,463,464,465,466,467,468,469,470,471,472,473,474,475,476,477,478,479,480,481,482,483,484,485,486,487,488,489,490,491,492,493,494,495,496,497,498,499,500
503 1.50706870392 15.07068703920000000000 9.19311909391200000000 501
504 2.4288758953 6.07218973825000000000 3.76475763771500000000 501
505 1.72292425869 17.22924258690000000000 11.71588495909200000000 501
506 2.46769684423 6.16924211057500000000 2.96123621307600000000 501
507 1.90263276254 9.51316381270000000000 5.70789828762000000000 501
508 1.95503673319 .06516789110633333333 .03649401901954666666 501
509 2.1660676261 4.33213525220000000000 3.20578008662800000000 501
510 2.3832704217 .31776938956000000000 .14935161309320000000 501
511 2.02683145656 .10394007469538461538 .03430022464947692307 501
512 1.01012606523 .02730070446567567567 .00791720429504594594 501
513 1.09469733891 .27367433472750000000 .09852276050190000000 501
514 1.82418268762 .05527826326121212121 .01437234844791515151 501
515 2.263009215 .18104073720000000000 .08689955385600000000 501
516 1.65579299524 .82789649762000000000 .33115859904800000000 501
517 2.19534413152 .05105451468651162790 .02807998307758139534 501
518 2.25322816673 .26508566667411764705 .09543084000268235293 501
519 1.93680215117 .03873604302340000000 .02595314882567800000 501
520 2.10483871768 .04838709695816091954 .02661290332698850574 501
521 1.75700325385 .06275011620892857142 .03263006042864285713 501
522 1.99715952146 .09985797607300000000 .06390910468672000000 501
523 1.19985680446 .03287278916328767123 .01216293199041643835 501
524 3.16534459862 .08792623885055555555 .05275574331033333333 501
525 1.70022797336 .08719117812102564102 .03923603015446153845 501
526 2.18268183407 .14081818284322580645 .03942909119610322580 501
527 1.76711770656 .05197405019294117647 .01871065806945882352 501
528 2.1670951808 .08334981464615384615 .04667589620184615384 501
529 1.26032783889 .06633304415210526315 .03847316560822105262 501
530 2.01729653551 .14409260967928571428 .04755056119416428571 501
531 1.91965829367 .03917669987081632653 .01175300996124489795 501
532 1.41564078029 .23594013004833333333 .10381365722126666666 501
533 2.31627066354 .08422802412872727272 .05474821568367272726 501
534 1.81903323777 .11024443865272727272 .03858555352845454545 501
535 2.48844096691 .12761235727743589743 .07401516722091282050 501
536 2.72634056074 .18802348694758620689 .06580822043165517241 501
537 2.466332631 .10723185352173913043 .07077302332434782608 501
538 2.03952217234 .06686957942098360655 .02474174438576393442 501
539 1.53619875106 .16170513169052631578 .10834243823265263157 501
540 2.35921441353 .07735129224688524590 .04254321073578688524 501
541 1.77212976969 .04602934466727272727 .02025291165359999999 501
542 2.44841670606 .07651302206437500000 .03825651103218750000 501
543 2.65762117371 .33220264671375000000 .15281321748832500000 501
544 2.38877265921 .11375107901000000000 .03753785607330000000 501
545 2.50445668572 .08211333395803278688 .04844686703523934425 501
546 2.73116678522 .05937319098304347826 .02612420403253913043 501
547 1.86749979404 .04343022776837209302 .01476627744124651162 501
548 1.87347833063 .19720824532947368421 .08677162794496842105 501
549 1.86690652376 .06788750995490909090 .02240287828511999999 501
550 2.00572934036 .18233903094181818181 .09299290578032727272 501
551 1.34391499846 .07264405397081081081 .02615185942949189189 501
552 2.126031037 .10370883107317073170 .06533656357609756097 501
553 2.43071253698 .10127968904083333333 .07292137610939999999 501
554 2.71557546034 .06389589318447058823 .03386482338776941176 501
555 1.34652778136 .26930555627200000000 .08887083356976000000 501
556 1.92473779371 .05421796602000000000 .01572321014580000000 501
557 1.77406439609 .06013777613864406779 .03788679896734576270 501
558 2.34093693564 .06502602599000000000 .04226691689350000000 501
559 1.58961322528 .03311694219333333333 .01490262398699999999 501
560 1.43575048938 .08973440558625000000 .04217517062553750000 501
561 1.45919189942 .03694156707392405063 .01625428951252658227 501
562 1.31175067661 .03915673661522388059 .02114463777222089551 501
563 2.24784973876 .12488054104222222222 .04745460559604444444 501
564 2.50092196018 .06669125227146666666 .04268240145373866666 501
565 2.54836010068 .07722303335393939393 .02085021900556363636 501
566 1.74298800442 .07578208714869565217 .03637540183137391304 501
567 2.66064969899 .31301761164588235294 .18468039087107058823 501
568 1.88586765513 .18858676551300000000 .08297817682572000000 501
569 2.32342307903 .18587384632240000000 .10408935394054400000 501
570 3.14016613215 .08486935492297297297 .05177030650301351351 501
571 1.39417809778 .92945206518666666666 .59484932171946666666 501
572 1.27930970566 .85287313710666666666 .28997686661626666666 501
573 2.08250296162 .05705487566082191780 .01939865772467945205 501
574 1.49004947089 .03274834001956043956 .02357880481408351648 501
575 1.95519386773 .05431094077027777777 .03856076794689722221 501
576 1.22179125883 .30544781470750000000 .08857986626517500000 501
577 1.70888507089 .10680531693062500000 .05767487114253750000 501
578 1.82868965294 .13545849281037037037 .04063754784311111111 501
579 2.22413793707 .04942528749044444444 .03410344836840666666 501
580 0.920324491247 .02629498546420000000 .01735469040637200000 501
581 2.30450357787 .04751553768804123711 .02280745809025979381 501
582 2.0731293747 .04274493556082474226 .02009011971358762886 501
583 1.61854060155 .08518634745000000000 .02300031381150000000 501
584 2.29714869507 .08507958129888888888 .04594297390139999999 501
585 1.96913098532 .04688407107904761904 .01640942487766666666 501
586 2.34833110707 .22365058162571428571 .08722372683402857142 501
587 1.81253677918 .24167157055733333333 .07733490257834666666 501
588 1.53972605515 .08322843541351351351 .03911736464435135134 501
589 2.07899911438 .11237833050702702702 .04607511550788108107 501
590 2.1451581546 .06217849723478260869 .01678819425339130434 501
591 1.22291396081 .07411599762484848484 .04595191852740606060 501
592 1.05550214629 .06596888414312500000 .03694257512015000000 501
593 1.10295194733 .12975905262705882352 .03633253473557647058 501
594 1.7950547741 .12379688097241379310 .05942250286675862068 501
595 2.03196063034 .09450979676000000000 .02551764512520000000 501
596 1.7978941096 .15633861822608695652 .04846497165008695652 501
597 1.88628149639 .07859506234958333333 .03693967930430416666 501
598 2.07726796121 .04721063548204545454 .03304744483743181817 501
599 2.4432036653 .32576048870666666666 .18894108344986666666 501
600 1.58256303764 .10550420250933333333 .06752268960597333333 501
601 2.02146655659 .50536663914750000000 .32848831544587500000 501
602 1.17060282546 .04107378334947368421 .02217984300871578947 501
603 1.81831910741 .15152659228416666666 .07727856206492499999 501
604 1.56740018365 .03483111519222222222 .02403346948263333333 501
605 2.18795085306 .09512829795913043478 .03900260216324347825 501
606 1.90025221258 .05067339233546666666 .02077609085754133333 501
607 1.83922405728 .28295754727384615384 .09620556607310769230 501
608 1.51896229954 .14466307614666666666 .08245795340359999999 501
609 1.66557247067 .03701272157044444444 .02738941396212888888 501
610 1.73317341993 .11952920137448275862 .04900697256353793103 501
611 2.45023018467 .12565282998307692307 .07916128288933846153 501
612 1.40133391303 .05389745819346153846 .02263693244125384615 501
613 1.79693610884 .05529034181046153846 .01990452305176615384 501
614 2.32966106375 .05752249540123456790 .03163737247067901234 501
615 2.29605928385 .05046284140329670329 .02371753545954945054 501
616 1.66936004593 .09023567815837837837 .05684847723977837837 501
617 1.48418555037 .05600700190075471698 .03472434117846792452 501
618 2.57002163823 .06192823224650602409 .04211119792762409638 501
619 2.95284613875 .06947873267647058823 .02292798178323529411 501
620 2.85801506449 .09219403433838709677 .05992612231995161290 501
621 1.78947006955 .44736751738750000000 .19684170765050000000 501
622 2.00871572505 .04017431450100000000 .01165055120529000000 501
623 2.49386218122 .35626602588857142857 .23513557708645714285 501
624 2.57607179684 .08178005704253968253 .02289841597191111110 501
625 1.71877045565 .07161543565208333333 .03222694604343749999 501
626 1.90672778748 .03813455574960000000 .01258440339736800000 501
627 1.50176589737 .08833917043352941176 .06537098612081176470 501
628 2.50944892788 .16729659519200000000 .05018897855760000000 501
629 1.80579739748 .06814329801811320754 .04088597881086792452 501
630 1.90327963417 .07182187298754716981 .05099352982115849056 501
631 1.61055869254 .04601596264400000000 .01610558692540000000 501
632 2.09279128277 .05231978206925000000 .01621913244146750000 501
633 2.23237919747 .07201223217645161290 .05184880716704516128 501
634 1.78810857248 .04705548874947368421 .02776273836218947368 501
635 2.42275361721 .07232100349880597014 .05279433255412835820 501
636 1.21033322431 .08965431291185185185 .02241357822796296296 501
637 2.56035961362 .56896880302666666666 .42103691423973333332 501
638 1.92082563118 .03880455820565656565 .01513377770020606060 501
639 1.94594853164 .04525461701488372093 .02443749318803720930 501
640 2.3092697927 .08247392116785714285 .05525752718246428570 501
641 1.96828501855 .56236714815714285714 .25868888815228571428 501
642 3.23326840043 .18475819431028571428 .06466536800859999999 501
643 1.47460036248 .04681270992000000000 .02574699045600000000 501
644 1.92542529404 .21393614378222222222 .09841062613982222222 501
645 1.75098117167 .04932341328647887323 .03353992103480563379 501
646 2.50040230046 .55564495565777777777 .16113703714075555555 501
647 1.40740733439 .10826210264538461538 .03572649387297692307 501
648 2.21969074256 .08071602700218181818 .04116517377111272727 501
649 2.40143965579 .05857169892170731707 .02987156645007073170 501
650 2.11453770508 4.22907541016000000000 1.26872262304800000000 501
651 1.54537329395 .09090431140882352941 .06090588864391176470 501
652 2.03425655528 .05812161586514285714 .04184756342290285714 501
653 1.3719613116 .05081338191111111111 .02693109241288888888 501
654 2.90983844813 .20784560343785714285 .10184434568454999999 501
655 2.66588382531 .09521013661821428571 .03522775054873928571 501
656 1.72475895557 .07039832471714285714 .04646289431331428571 501
657 2.12867810031 .18510244350521739130 .12957171045365217391 501
658 2.31760388604 .19313365717000000000 .05794009715100000000 501
659 0.870803718921 .02123911509563414634 .01210629560451146341 501
660 2.8650646293 .08304535157391304347 .02491360547217391304 501
661 1.13772025041 .75848016694000000000 .31856167011480000000 501
662 1.73430353213 .04504684499038961038 .01306358504721298701 501
663 1.87986955676 .03797716276282828282 .01595040836038787878 501
664 2.2802822313 .04800594171157894736 .01536190134770526315 501
665 1.69723471038 .33944694207600000000 .23421839003244000000 501
666 1.96432226603 .04092338054229166666 .02332632690910624999 501
667 2.44791728971 .13988098798342857142 .03776786675552571428 501
668 2.88484400058 .20606028575571428571 .05975748286915714285 501
669 2.87330903127 .10641885301000000000 .02766890178260000000 501
670 1.64998174583 .54999391527666666666 .17599805288853333333 501
671 1.12072655142 2.24145310284000000000 1.14314108244840000000 501
672 2.192339031 .05282744653012048192 .01954615521614457831 501
673 1.85572088429 .05458002600852941176 .03656861742571470587 501
674 2.61640734753 .58142385500666666666 .29652616605339999999 501
675 2.35678909946 .05545386116376470588 .03382685530989647058 501
676 2.2067953745 .04550093555670103092 .01410529002257731958 501
677 2.25587936101 .37597989350166666666 .15791155527069999999 501
678 2.33798208825 .51955157516666666666 .16106098830166666666 501
679 1.84741127138 .12740767388827586206 .05860752998860689654 501
680 2.30919313256 .09055659343372549019 .03984490111083921568 501
681 2.01314852302 .10881883908216216216 .03917478206957837837 501
682 2.8326190663 .07655727206216216216 .02220160889802702702 501
683 2.25401116683 .13258889216647058823 .07557566853488823529 501
684 2.03977288824 .07999109365647058823 .01999777341411764705 501
685 1.79779002085 .05707269907460317460 .01940471768536507936 501
686 1.88316667813 .18831666781300000000 .07156033376894000000 501
687 0.983260206216 .08550088749704347826 .02736028399905391304 501
688 2.11069309478 .04743130550067415730 .01707526998024269662 501
689 1.96058243883 .10892124660166666666 .07406644768913333332 501
690 1.24841832186 .08322788812400000000 .03412343413084000000 501
691 1.65853746206 .06504068478666666666 .04682929304639999999 501
692 2.63798346266 .25123652025333333333 .08290805168359999999 501
693 1.26285637765 .02551225005353535353 .00663318501391919191 501
694 2.62405378931 .17493691928733333333 .05597981417194666666 501
695 1.82413042737 .06183492974135593220 .03091746487067796610 501
696 1.97780022244 .06484590893245901639 .01880531359041311475 501
697 1.59268217556 1.06178811704000000000 .58398346437200000000 501
698 2.5229296377 .12614648188500000000 .08956400213835000000 501
699 2.28292254879 .10376920676318181818 .06018613992264545454 501
700 2.02837863265 .05409009687066666666 .02434054359179999999 501
701 2.09284367599 .32197595015230769230 .18996581058986153845 501
702 2.83838230602 .09461274353400000000 .04919862663768000000 501
703 2.71614918364 .30179435373777777777 .10261008027084444444 501
704 1.40193264979 .09044726772838709677 .03979679780049032257 501
705 2.30124099763 .06670263761246376811 .03468537155848115941 501
706 2.1814839784 .05895902644324324324 .02004606899070270270 501
707 1.3549275129 .03345500031851851851 .02107665020066666666 501
708 2.15877537224 .04744561257670329670 .01328477152147692307 501
709 1.5810494763 .31620989526000000000 .22450902563460000000 501
710 2.22222277241 .05925927393093333333 .03911112079441599999 501
711 1.91039286021 .14695329693923076923 .03820785720419999999 501
712 2.72445996005 .32052470118235294117 .16667284461482352940 501
713 2.56394511281 .34185934837466666666 .23930154386226666666 501
714 1.7383792775 .03511877328282828282 .00913088105353535353 501
715 2.24320924524 .04772785628170212765 .02386392814085106382 501
716 2.00177822697 .15398294053615384615 .08007112907879999999 501
717 1.46459229147 .03183896285804347826 .02037693622914782608 501
718 2.04388898292 .05308802553038961038 .02229697072276363635 501
719 2.71157994391 2.71157994391000000000 .86770558205120000000 501
720 1.2809899216 .03713014265507246376 .02005027703373913043 501
721 2.17094195695 .08349776757500000000 .02254439724525000000 501
722 1.7445495406 .04473203950256410256 .01431425264082051281 501
723 2.33259762792 .07068477660363636363 .03675608383389090908 501
724 3.54989744374 .15105946569106382978 .07704032750244255318 501
725 1.81854322387 .14548345790960000000 .04219020279378400000 501
726 2.70032768638 .07942140254058823529 .03415120309245294117 501
727 1.82902376992 .03891539936000000000 .01362038977600000000 501
728 1.67211607186 .30402110397454545454 .12160844158981818181 501
729 2.07352120025 .15950163078846153846 .08932091324153846153 501
730 2.48590906584 .05404150143130434782 .03620780595897391303 501
731 2.13447144376 .04446815507833333333 .02090003288681666666 501
732 2.54056455519 .24195852906571428571 .15001428802074285714 501
733 1.60369493126 .05436254004271186440 .01576513661238644067 501
734 1.50199645423 .17670546520352941176 .04594342095291764705 501
735 2.47566121486 .15004007362787878787 .09002404417672727272 501
736 1.38677730541 .05136212242259259259 .02979003100510370370 501
737 1.55699973759 .77849986879500000000 .51380991340470000000 501
738 1.71530704686 .13194669591230769230 .05937601316053846153 501
739 2.25314265601 .07769457434517241379 .05749398501542758620 501
740 2.11017473024 .14552929174068965517 .05093525210924137930 501
741 2.00124246151 .06353150671460317460 .02414197255154920634 501
742 1.91712432972 .04792810824300000000 .02492261628636000000 501
743 2.5395001412 .07469118062352941176 .04033323753670588235 501
744 1.80040617884 .17146725512761904761 .05486952164083809523 501
745 1.63879889714 .03562606298130434782 .01603172834158695651 501
746 2.58161226538 .11734601206272727272 .06688722687575454545 501
747 2.76795987116 .27679598711600000000 .13009411394452000000 501
748 2.87017553911 .27335005134380952380 .09567251797033333333 501
749 1.47155839505 .04598619984531250000 .02115365192884375000 501
750 1.84218597106 .05339669481333333333 .01762090928839999999 501
751 2.44860103112 .05441335624711111111 .03155974662332444444 501
752 2.81044215152 .10409045005629629629 .04996341602702222221 501
753 2.71522565035 .07240601734266666666 .04127142988531999999 501
754 1.74627816961 3.49255633922000000000 1.99075711335540000000 501
755 1.74613129961 .06349568362218181818 .03746245333708727272 501
756 2.07649132995 .09658099209069767441 .06374345477986046511 501
757 1.82516512481 .06759870832629629629 .03177139291335925925 501
758 1.6392005709 .07996100345853658536 .02318869100297560975 501
759 1.76892782794 1.76892782794000000000 .44223195698500000000 501
760 2.40203408188 .28259224492705882352 .19498864899967058822 501
761 1.8572478493 .74289913972000000000 .50517141500960000000 501
762 2.63763883172 .25120369825904761904 .13062592309470476190 501
763 2.07707604044 .15977508003384615384 .10704930362267692307 501
764 1.78142599431 .04003204481595505617 .01040833165214831460 501
765 2.53031050738 .13677354093945945945 .05744488719457297296 501
766 1.88083433932 .03761668678640000000 .01993684399679200000 501
767 2.58196587992 .06147537809333333333 .03012293526573333333 501
768 2.27375090827 2.27375090827000000000 1.25056299954850000000 501
769 1.65420094362 .03308401887240000000 .01720368981364800000 501
770 1.71272029502 .03644085734085106382 .02040688011087659573 501
771 2.67811578853 .07876811142735294117 .03859637459940294117 501
772 1.42909408336 .06495882197090909090 .01883805837156363636 501
773 1.26935489974 .04029698094412698412 .01813364142485714285 501
774 1.74243363174 .06453457895333333333 .04194747631966666666 501
775 0.735466580865 .18386664521625000000 .06803065873001250000 501
776 2.16329854616 .06978382406967741935 .04396380916389677419 501
777 3.17076553192 .07829050696098765432 .02975039264517530864 501
778 2.91016629207 2.91016629207000000000 .75664323593820000000 501
779 1.70529975636 .07105415651500000000 .03410599512720000000 501
780 1.91349502628 .05315263961888888888 .03773837412941111110 501
781 2.32027596514 .07865342254711864406 .05191125888109830507 501
782 2.48667427548 .04973348550960000000 .03083476101595200000 501
783 1.93504815901 .05528709025742857142 .02598493242099142856 501
784 1.26215767509 .02901511896758620689 .00870453569027586206 501
785 1.97486742924 .04071891606680412371 .01017972901670103092 501
786 1.96413292217 .06137915381781250000 .04357919921064687500 501
787 2.1426917049 .28569222732000000000 .14284611366000000000 501
788 2.41144092417 .09099777072339622641 .04003901911829433962 501
789 1.59748136643 .04698474607147058823 .03288932225002941176 501
790 1.76757970294 .03760807878595744680 .01504323151438297872 501
791 2.03754811954 .04738483998930232558 .03411708479229767441 501
792 2.02511292185 .25313911523125000000 .11391260185406250000 501
793 2.09987136317 .07635895866072727272 .04581537519643636363 501
794 1.62236913766 .07545902965860465116 .04603000809174883720 501
795 1.39485503121 .02817888951939393939 .01662554481644242424 501
796 2.18862555741 1.45908370494000000000 .62740599312420000000 501
797 1.5394562021 .05809268687169811320 .01684687919279245282 501
798 1.8094984416 .14475987532800000000 .04632316010496000000 501
799 0.922250159542 .02526712765868493150 .01263356382934246575 501
800 1.91477564722 .08703525669181818181 .04961009631433636363 501
801 2.48981986907 .33197598254266666666 .18922631004931999999 501
802 1.98571250652 .04011540417212121212 .01564500762712727272 501
803 1.82507221028 .16591565548000000000 .05641132286320000000 501
804 1.71605386803 .06240195883745454545 .03494509694897454545 501
805 2.28677525211 .05863526287461538461 .03224939458103846153 501
806 2.0675935111 .04135187022200000000 .03060038396428000000 501
807 1.32988447296 .08311777956000000000 .05319537891840000000 501
808 2.41842185499 .32245624733200000000 .11608424903952000000 501
809 2.25886944342 .15059129622800000000 .07981338700084000000 501
810 1.95178674678 .20545123650315789473 .06163537095094736841 501
811 2.86972768071 .06238538436326086956 .02245873837077391304 501
812 1.89461635274 .25261551369866666666 .11115082602741333333 501
813 2.09736929917 .06355664542939393939 .04385408534628181817 501
814 2.89599729763 .05850499591171717171 .03451794758791313130 501
815 2.31180140487 .04623602809740000000 .02635453601551800000 501
816 1.88972004958 .19891789995578947368 .13924252996905263157 501
817 2.41833369648 .05496212946545454545 .02748106473272727272 501
818 1.92335631377 .32055938562833333333 .15386850510159999999 501
819 0.471951393701 .11798784842525000000 .03421647604332250000 501
820 2.38301072284 .07813149910950819672 .02343944973285245901 501
821 1.66562474448 .11897319603428571428 .05948659801714285714 501
822 1.55291261725 .20705501563333333333 .13044465984899999999 501
823 2.15570186853 .06248411213130434782 .01687071027545217391 501
824 2.00161372604 .08340057191833333333 .03336022876733333333 501
825 2.35565127404 .09815213641833333333 .04220541865988333333 501
826 1.92474879712 .10404047552000000000 .04785861873920000000 501
827 2.51742820912 .10275217180081632653 .04007334700231836734 501
828 2.67888876176 .41213673257846153846 .27201024350178461538 501
829 1.52359096431 .03174147842312500000 .01967971662233750000 501
830 1.86779044079 .04611828248864197530 .03228279774204938271 501
831 1.3751385184 .03090198917752808988 .01390589512988764044 501
832 2.42949330022 .05585042069471264367 .03183473979598620689 501
833 1.35202079142 .16900259892750000000 .12506192320635000000 501
834 2.33159454132 .33308493447428571428 .20984350871879999999 501
835 2.11071731764 .10824191372512820512 .03680225066654358974 501
836 1.84315647797 .03761543832591836734 .01655079286340408162 501
837 1.86156902888 .93078451444000000000 .45608441207560000000 501
838 2.37857608395 .11063144576511627906 .06859149637437209301 501
839 2.17989060666 .22946216912210526315 .12620419301715789473 501
840 2.58409128761 .05940439741632183908 .04039499024309885057 501
841 2.36623469852 .10287976950086956521 .03806551471532173912 501
842 2.91664659152 .06140308613726315789 .04421022201882947368 501
843 1.91512285914 .23939035739250000000 .08857443223522500000 501
844 2.76161347323 .07463820197918918918 .03731910098959459459 501
845 1.48701579796 .05040731518508474576 .03276475487030508474 501
846 2.07181710541 .06374821862800000000 .01848698340212000000 501
847 2.03237913186 .10696732272947368421 .05134431491014736842 501
848 1.73503722819 .10515377140545454545 .03049459370758181818 501
849 1.62575177705 .04064379442625000000 .01138026243935000000 501
850 1.8538417538 .61794725126666666666 .35222993322199999999 501
851 3.04236389771 .14840799501024390243 .07123583760491707316 501
852 2.21554441351 .55388610337750000000 .28248191272252500000 501
853 3.03338661521 .43334094503000000000 .15166933076050000000 501
854 1.65130678175 .03513418684574468085 .02494527266047872340 501
855 2.49596221251 .09418725330226415094 .02731430345765660377 501
856 2.2059619524 .06584961051940298507 .02568134810256716417 501
857 3.28316022243 1.31326408897200000000 .89301958050096000000 501
858 1.11818889357 .05200878574744186046 .01612272358170697674 501
859 2.39824605136 .07053664856941176470 .04514345508442352940 501
860 1.23574876838 .02715931359076923076 .00923416662086153845 501
861 1.8222547149 .03718887173265306122 .01041288408514285714 501
862 1.52197131074 .04543197942507462686 .01817279177002985074 501
863 2.08253698348 1.38835798898666666666 .38874023691626666666 501
864 1.37530968684 .03354413870341463414 .01543030380357073170 501
865 0.485306458248 .01244375533969230769 .00883506629118153845 501
866 2.23857483613 .05814480093844155844 .02500226440352987012 501
867 2.74970471953 .10783155762862745098 .04205430747516470588 501
868 2.15442427937 .05386060698425000000 .02854612170165250000 501
869 1.86178447095 .12839892903103448275 .05777951806396551723 501
870 1.83220413218 .04260939842279069767 .01363500749529302325 501
871 2.02199361052 .08087974442080000000 .03396949265673600000 501
872 1.89488031654 .04797165358329113924 .02590469293497721518 501
873 2.44771971126 .07649124097687500000 .03901053289820625000 501
874 2.1878848961 .04972465672954545454 .02535957493206818181 501
875 2.18818130317 .24313125590777777777 .15560400378097777777 501
876 2.09783713403 .04878691009372093023 .03317509886373023255 501
877 2.19475650205 .07700900007192982456 .04851567004531578947 501
878 1.75078884592 .05002253845485714285 .03651645307204571428 501
879 1.59544559152 .09116831951542857142 .06017109088018285713 501
880 2.11169534488 .20111384236952380952 .13474627438758095237 501
881 2.59141940393 .09092699662912280701 .02818736895502807017 501
882 1.29703986104 .07411656348800000000 .03409361920448000000 501
883 1.61031877307 .08051593865350000000 .03301153484793500000 501
884 1.79952320812 .04389080995414634146 .02326212927569756097 501
885 2.15922014719 2.15922014719000000000 1.40349309567350000000 501
886 2.24245931749 .04576447586714285714 .01327169800147142857 501
887 3.39662164774 .45288288636533333333 .28984504727381333333 501
888 1.42520271492 .40720077569142857142 .28096853522708571427 501
889 1.5577897803 .28323450550909090909 .17560539341563636363 501
890 2.28632754755 .05317040808255813953 .03243394893036046511 501
891 1.70485171827 .05245697594676923076 .03776902268167384614 501
892 2.38206647381 .28024311456588235294 .14012155728294117647 501
893 2.62491329902 .05769040217626373626 .03692185739280879120 501
894 1.54867739748 .07039442715818181818 .02956565940643636363 501
895 1.6135501635 .15367144414285714285 .04763814768428571428 501
896 1.94831256048 .05060552105142857142 .02631487094674285713 501
897 2.36263725729 .04973973173242105263 .02138808464494105263 501
898 2.26868817168 .45373763433600000000 .15427079567424000000 501
899 1.80763929197 .60254643065666666666 .31332414394146666666 501
900 1.6850383056 .25923666240000000000 .11147176483200000000 501
901 1.58540659717 .09608524831333333333 .03555154187593333333 501
902 1.46378383745 .06808296918372093023 .04357310027758139534 501
903 1.92508246696 .07129935062814814814 .01782483765703703703 501
904 1.90837616621 .14136119749703703703 .07633504664839999999 501
905 1.23815650632 .04855515711058823529 .02913309426635294117 501
906 2.10568823865 .08960375483617021276 .04032168967627659574 501
907 1.27703677657 .06081127507476190476 .02675696103289523809 501
908 1.8303102432 .05229457837714285714 .01987193978331428571 501
909 2.36642247264 .19720187272000000000 .06113258054320000000 501
910 2.62419142447 2.62419142447000000000 1.33833762647970000000 501
911 2.19862741212 .09771677387200000000 .05472139336832000000 501
912 1.82375742578 .22796967822250000000 .12766301980460000000 501
913 1.72321122414 .03787277415692307692 .02196620901101538461 501
914 2.32428697561 .12912705420055555555 .04132065734417777777 501
915 2.05281295542 .04887649893857142857 .02150565953297142857 501
916 2.14964360335 .11942464463055555555 .07882026545616666666 501
917 1.43561046329 .11043157409923076923 .08061504909243846153 501
918 2.37526920864 .08334277925052631578 .05417280651284210525 501
919 2.21563842038 .18463653503166666666 .10524282496804999999 501
920 1.39963905767 .11663658813916666666 .08397834346019999999 501
921 3.3462955468 .31869481398095238095 .16253435513028571428 501
922 2.86952934556 .10434652165672727272 .07617296080941090908 501
923 1.96899585783 .07721552383647058823 .04632931430188235293 501
924 2.72140164604 .08373543526276923076 .02847004798934153845 501
925 2.17601542328 .09460936622956521739 .03689765282953043478 501
926 1.77325367885 .04378404145308641975 .03152450984622222222 501
927 3.68039810812 .30669984234333333333 .22695788333406666666 501
928 2.30663974654 .08704300930339622641 .03742849400046037735 501
929 1.22991643927 .02733147642822222222 .01639888585693333333 501
930 1.74213404961 .10558388179454545454 .04328939153576363636 501
931 2.73993723312 .06936549957265822784 .03398909479060253164 501
932 1.99668066428 .04033698311676767676 .02581566919473131312 501
933 2.11630361033 .04921636303093023255 .03002198144886744185 501
934 1.87809669946 .07087157356452830188 .03614450251790943395 501
935 1.26369109982 .02527382199640000000 .01592250785773200000 501
936 2.55776217856 .07750794480484848484 .04417952853876363635 501
937 1.36822715119 .03697911219432432432 .01442185375578648648 501
938 1.88409095397 .08017408314765957446 .02966441076463404255 501
939 0.835020559308 .03408247180848979591 .00886144267020734693 501
940 1.78911028583 .05111743673800000000 .02862576457328000000 501
941 2.03143758792 .45143057509333333333 .25280112205226666666 501
942 2.15932831694 .04452223333896907216 .03205600800405773195 501
943 1.33916588955 .02975924199000000000 .02053387697310000000 501
944 2.22776444415 .08911057776600000000 .05524855821492000000 501
945 1.56821936193 .03336636940276595744 .01534852992527234042 501
946 2.16216388307 .72072129435666666666 .20180196241986666666 501
947 2.32982195724 .16641585408857142857 .04659643914479999999 501
948 2.15932425003 .14395495000200000000 .05182378200072000000 501
949 2.54607047778 .05786523813136363636 .02372474763385909090 501
950 1.53815792749 .05915992028807692307 .02780516253539615384 501
951 1.85681766866 .23210220858250000000 .08819883926135000000 501
952 1.27525040483 .02898296374613636363 .01970841534737272726 501
953 1.36235997697 .09082399846466666666 .02633895955475333333 501
954 2.24253471322 .11802814280105263157 .08261969996073684209 501
955 2.1602940261 .07855614640363636363 .05184705662639999999 501
956 2.11946183492 .18430102912347826086 .07372041164939130434 501
957 2.28851524665 .07265127767142857142 .01961584497128571428 501
958 1.92297523301 .04578512459547619047 .01739834734628095237 501
959 2.19979753949 .09776877953288888888 .05083976535710222221 501
960 2.93364645672 .07522170401846153846 .02106207712516923076 501
961 1.71553735566 .03501096644204081632 .02170679919406530611 501
962 1.56158934152 .03253311128166666666 .02309850900998333332 501
963 0.973858110331 .03745608116657692307 .02771750006326692307 501
964 2.4438031532 .09974706747755102040 .05984824048653061224 501
965 2.02438523949 .04261863662084210526 .02684974107113052631 501
966 2.11786191002 .06229005617705882352 .04235723820039999999 501
967 2.4941894161 .06651171776266666666 .01995351532879999999 501
968 2.0802442876 .07704608472592592592 .04545718998829629629 501
969 1.10323980728 .03677466024266666666 .02316803595287999999 501
970 1.55674605084 .05189153502800000000 .03009709031624000000 501
971 1.88505212122 .11424558310424242424 .03770104242439999999 501
972 2.32330744995 .58082686248750000000 .24394728224475000000 501
973 2.42113950043 .05380310000955555555 .02851564300506444444 501
974 2.58064316622 .06791166226894736842 .03667229762523157894 501
975 2.40178006793 .12640947725947368421 .04045103272303157894 501
976 1.46004021228 .04949288855186440677 .02920080424559999999 501
977 2.24776095812 .89910438324800000000 .42257906012656000000 501
978 1.68487278156 .09360404342000000000 .02901725346020000000 501
979 1.10113849922 .03932637497214285714 .01415749498997142857 501
980 1.95179375126 .11481139713294117647 .05740569856647058823 501
981 1.48454921008 .09577736839225806451 .03160653156944516128 501
982 1.50631377696 .07006110590511627906 .02382077600773953488 501
983 1.90122399995 .04045157446702127659 .01860772425482978723 501
984 0.878239746527 .10332232312082352941 .06819273325974352941 501
985 1.68138982461 .06725559298440000000 .04976913880845600000 501
986 1.58386693967 .05976856376113207547 .03287271006862264150 501
987 1.86423733243 .09811775433842105263 .04709652208244210526 501
988 1.19706897934 .05985344896700000000 .03651060386987000000 501
989 2.07330501684 .04995915703228915662 .01948407124259277108 501
990 3.01863945212 .10062131507066666666 .06942870739875999999 501
991 2.42097048988 1.21048524494000000000 .76260570431220000000 501
992 3.05031463886 .11962018191607843137 .08612653097957647058 501
993 2.40791071088 .08026369036266666666 .05939513086837333332 501
994 2.32669831564 .05474584272094117647 .01478137753465411764 501
995 1.35809436597 .09700674042642857142 .05044350502174285713 501
996 1.73746607532 .26730247312615384615 .08820981613163076922 501
997 1.62415214444 .06629192426285714285 .01657298106571428571 501
998 1.81199395737 .04897280965864864864 .03623987914739999999 501
999 2.171332685 .48251837444444444444 .28951102466666666666 501
1000 2.85439784499 .06487267829522727272 .03373379271351818181 501
1001 1.52283978549 .05537599219963636363 .02048911711386545454 501
1002 2.21147804348 .09828791304355555555 .02555485739132444444 501
1003 1.24393363486 .03605604738724637681 .02415755174945507246 502,503,504,505,506,507,508,509,510,511,512,513,514,515,516,517,518,519,520,521,522,523,524,525,526,527,528,529,530,531,532,533,534,535,536,537,538,539,540,541,542,543,544,545,546,547,548,549,550,551,552,553,554,555,556,557,558,559,560,561,562,563,564,565,566,567,568,569,570,571,572,573,574,575,576,577,578,579,580,581,582,583,584,585,586,587,588,589,590,591,592,593,594,595,596,597,598,599,600,601,602,603,604,605,606,607,608,609,610,611,612,613,614,615,616,617,618,619,620,621,622,623,624,625,626,627,628,629,630,631,632,633,634,635,636,637,638,639,640,641,642,643,644,645,646,647,648,649,650,651,652,653,654,655,656,657,658,659,660,661,662,663,664,665,666,667,668,669,670,671,672,673,674,675,676,677,678,679,680,681,682,683,684,685,686,687,688,689,690,691,692,693,694,695,696,697,698,699,700,701,702,703,704,705,706,707,708,709,710,711,712,713,714,715,716,717,718,719,720,721,722,723,724,725,726,727,728,729,730,731,732,733,734,735,736,737,738,739,740,741,742,743,744,745,746,747,748,749,750,751,752,753,754,755,756,757,758,759,760,761,762,763,764,765,766,767,768,769,770,771,772,773,774,775,776,777,778,779,780,781,782,783,784,785,786,787,788,789,790,791,792,793,794,795,796,797,798,799,800,801,802,803,804,805,806,807,808,809,810,811,812,813,814,815,816,817,818,819,820,821,822,823,824,825,826,827,828,829,830,831,832,833,834,835,836,837,838,839,840,841,842,843,844,845,846,847,848,849,850,851,852,853,854,855,856,857,858,859,860,861,862,863,864,865,866,867,868,869,870,871,872,873,874,875,876,877,878,879,880,881,882,883,884,885,886,887,888,889,890,891,892,893,894,895,896,897,898,899,900,901,902,903,904,905,906,907,908,909,910,911,912,913,914,915,916,917,918,919,920,921,922,923,924,925,926,927,928,929,930,931,932,933,934,935,936,937,938,939,940,941,942,943,944,945,946,947,948,949,950,951,952,953,954,955,956,957,958,959,960,961,962,963,964,965,966,967,968,969,970,971,972,973,974,975,976,977,978,979,980,981,982,983,984,985,986,987,988,989,990,991,992,993,994,995,996,997,998,999,1000,1001
