1 9.83677786511 .20075056867571428571 .09435276727758571428 
2 12.4471137059 31.11778426475000000000 15.24771428972750000000 0
3 10.1024195575 101.02419557500000000000 63.64524321225000000000 0
4 12.5214020329 125.21402032900000000000 85.14553382372000000000 0
5 7.10412479617 23.68041598723333333333 11.84020799361666666666 0
6 5.53724057753 13.84310144382500000000 8.16742985185675000000 0
7 12.122483044 .37299947827692307692 .23125967653169230769 0
8 14.158847168 .29497598266666666666 .15633727081333333332 0
9 10.7015932642 .79271061216296296296 .52318900402755555555 0
10 6.82388226678 .24371008095642857142 .11210663723995714285 0
11 7.42739542382 .40148083372000000000 .12847386679040000000 0
12 12.0255102836 .47158863857254901960 .24051020567199999999 0
13 9.87708022361 .24387852403975308641 .13413318822186419752 0
14 9.57656391591 .38306255663640000000 .22983753398184000000 0
15 11.2406745147 1.07054042997142857142 .68514587518171428570 0
16 12.0870117686 .24418205593131313131 .17092743915191919191 0
17 14.0781310195 2.16586631069230769230 .88800518738384615384 0
18 13.0240473 .27419046947368421052 .19741713802105263157 0
19 9.79731850926 .31604253255677419354 .22439019811530967741 0
20 13.2954961323 3.79871318065714285714 .94967829516428571428 0
21 11.3157810491 .22631562098200000000 .14710515363830000000 0
22 9.40123417598 .22653576327662650602 .16084039192640481927 0
23 10.2562231239 .24132289703294117647 .11583499057581176470 0
24 8.42684279623 .80255645678380952380 .20063911419595238095 0
25 8.18637798954 .25988501554095238095 .10915170652719999999 0
26 9.89047260788 .46002198176186046511 .34041626650377674418 0
27 10.578737013 .48085168240909090909 .35102172815863636363 0
28 7.81059054511 1.95264763627750000000 1.11300915267817500000 0
29 10.5906601656 .23534800368000000000 .11532052180320000000 0
30 9.93635468565 2.48408867141250000000 1.41593054270512500000 0
31 7.55448055295 .83938672810555555555 .59596457695494444444 0
32 7.42745041405 .17074598652988505747 .07854315380374712643 0
33 12.2280162977 .26296809242365591397 .11833564159064516128 0
34 5.48692389962 .16378877312298507462 .09991115160502089551 0
35 11.1725040523 .42971169431923076923 .17188467772769230769 0
36 11.4899895351 .29088581101518987341 .08144802708425316455 0
37 9.79177435309 .63172737761870967741 .17688366573323870967 0
38 10.715663679 .23044438019354838709 .09909108348322580644 0
39 8.0079857801 .26693285933666666666 .18151434434893333332 0
40 9.52023215001 .43273782500045454545 .24233318200025454545 0
41 2.62633860952 .07839816744835820895 .02900732195589253731 0
42 7.66613214165 .22220672874347826086 .12665783538378260869 0
43 8.73259805296 .35643257359020408163 .24593847577724081632 0
44 10.4481630847 3.48272102823333333333 1.81101493468133333333 0
45 9.11084280611 .72886742448880000000 .53207321987682400000 0
46 10.9496930239 .42939972642745098039 .16317189604243137254 0
47 11.5170416742 .26783817846976744186 .10713527138790697674 0
48 10.1736544613 .25120134472345679012 .13816073959790123456 0
49 10.3366712483 .22229400533978494623 .10225524245630107526 0
50 8.37428997855 .79755142652857142857 .23128991369328571428 0
51 11.6280894354 1.55041192472000000000 .43411533892160000000 0
52 9.58361847625 .63890789841666666666 .15972697460416666666 0
53 12.9532369825 1.17756699840909090909 .83607256887045454545 0
54 11.1604926543 .60326987320540540540 .41022351377967567567 0
55 13.1771032701 .61288852419069767441 .20225321298293023255 0
56 11.8157212722 .30690185122597402597 .19641718478462337662 0
57 9.27316855378 .19942297965118279569 .14159031555233978493 0
58 9.27091685326 .24080303514961038961 .13966576038677402597 0
59 10.0318206836 4.01272827344000000000 2.24712783312640000000 0
60 8.08221429929 .17196200636787234042 .05674746210139787233 0
61 9.8271498908 .21363369327826086956 .09399882504243478260 0
62 10.613654869 .44223561954166666666 .32725435846083333332 0
63 11.8410974328 .24165504964897959183 .15465923177534693877 0
64 5.08571083673 .10171421673460000000 .06407995654279800000 0
65 7.4375548753 2.97502195012000000000 1.07100790204320000000 0
66 10.705904246 .64884268157575757575 .22060651173575757575 0
67 7.07035832781 7.07035832781000000000 3.81799349701740000000 0
68 13.956965979 1.99385228271428571428 .79754091308571428571 0
69 7.87734938386 .21881526066277777777 .13128915639766666666 0
70 5.52469473514 .73662596468533333333 .40514428057693333333 0
71 12.7198788097 8.47991920646666666666 2.96797172226333333333 0
72 9.36640301907 .42574559177590909090 .14049604528604999999 0
73 5.72205356272 .19396791738033898305 .06400941273551186440 0
74 7.17088120026 .59757343335500000000 .21512643600780000000 0
75 9.41891426122 .75351314089760000000 .18837828522440000000 0
76 10.4426630216 2.98361800617142857142 1.82000698376457142856 0
77 12.4727908565 3.56365453042857142857 1.38982526686714285714 0
78 7.30637361049 .33210789138590909090 .20258581374540454544 0
79 11.2065650317 .29490960609736842105 .17399666759744736841 0
80 5.9176120049 .12864373923695652173 .08233199311165217390 0
81 7.09485917982 .34609069169853658536 .10382720750956097560 0
82 9.30310501611 .25841958378083333333 .09561524599890833333 0
83 10.557560668 21.11512133600000000000 15.41403857528000000000 0
84 13.1115233914 .31979325344878048780 .17588628939682926829 0
85 14.0146026908 .29197088939166666666 .09051097571141666666 0
86 12.9310897903 .53879540792916666666 .14008680606158333333 0
87 8.17562465005 .86059206842631578947 .27538946189642105263 0
88 8.63042381482 .46650939539567567567 .26124526142157837837 0
89 10.9904919319 1.99827126034545454545 .73936036632781818181 0
90 5.62897710502 .23454071270916666666 .07974384232111666666 0
91 11.9086631297 .33545529942816901408 .10399114282273239436 0
92 6.38222135648 .31911106782400000000 .14679109119904000000 0
93 10.8748610502 .21969416263030303030 .07908989854690909090 0
94 8.83532613102 .21549575929317073170 .10128300686779024389 0
95 13.9163928933 .86977455583125000000 .46967826014887500000 0
96 10.3782822961 20.75656459220000000000 12.66150440124200000000 0
97 12.9692627582 .61758394086666666666 .27173693398133333333 0
98 8.59823693715 .26456113652769230769 .17461035010827692307 0
99 6.37411449299 .36423511388514285714 .18211755694257142857 0
100 7.63024561414 .33174980931043478260 .08957244851381739130 0
101 7.77382256859 .21593951579416666666 .06046306442236666666 0
102 12.0627943631 .37116290348000000000 .09650235490480000000 1,2,3,4,5,6,7,8,9,10,11,12,13,14,15,16,17,18,19,20,21,22,23,24,25,26,27,28,29,30,31,32,33,34,35,36,37,38,39,40,41,42,43,44,45,46,47,48,49,50,51,52,53,54,55,56,57,58,59,60,61,62,63,64,65,66,67,68,69,70,71,72,73,74,75,76,77,78,79,80,81,82,83,84,85,86,87,88,89,90,91,92,93,94,95,96,97,98,99,100
103 6.57723788899 13.15447577798000000000 3.81479797561420000000 101
104 9.5626681873 47.81334093650000000000 11.95333523412500000000 101
105 3.99462406711 39.94624067110000000000 21.57096996239400000000 101
106 11.7005268044 58.50263402200000000000 27.49623799034000000000 101
107 10.7906983969 21.58139679380000000000 5.82697713432600000000 101
108 12.5845867836 1.09431189422608695652 .49244035240173913043 101
109 6.95961616733 .15817309471204545454 .04112500462513181818 101
110 9.59734612373 .44638819180139534883 .17409139480254418604 101
111 9.11183673415 .25667145730000000000 .09496843920100000000 101
112 9.52847997189 .33433263059263157894 .19725625204965263157 101
113 12.8216457528 .71231365293333333333 .18520154976266666666 101
114 5.46265749823 .99321045422363636363 .50653733165405454545 101
115 8.34322821448 .98155626052705882352 .35336025378974117646 101
116 9.51202618483 .50063295709631578947 .31039243339971578947 101
117 10.0475217557 10.04752175570000000000 2.61235565648200000000 101
118 10.1464347165 .43176317942553191489 .18134053535872340425 101
119 9.75281954091 .67260824420068965517 .30267370989031034482 101
120 10.6717521305 7.11450142033333333333 3.05923561074333333333 101
121 8.74517936054 .19433731912311111111 .06218794211939555555 101
122 12.1301913883 1.27686225140000000000 .47243903301800000000 101
123 9.82251108274 6.54834072182666666666 1.63708518045666666666 101
124 9.19798491663 2.04399664814000000000 1.08331822351420000000 101
125 10.4145623935 .94677839940909090909 .67221266358045454545 101
126 10.108768089 .22716332784269662921 .16582922932516853932 101
127 9.31089192363 .20463498733252747252 .14324449113276923076 101
128 10.2030108332 .30456748755820895522 .21928859104191044775 101
129 8.37889826685 .27471797596229508196 .08516257254831147540 101
130 11.9278499343 .39107704702622950819 .14469850739970491803 101
131 12.1497825977 24.29956519540000000000 8.26185216643600000000 101
132 10.5012133174 .61771843043529411764 .15442960760882352941 101
133 6.01391305536 .15620553390545454545 .04842371551069090908 101
134 8.37459530703 2.09364882675750000000 .81652304243542500000 101
135 12.8693872407 3.67696778305714285714 1.65463550237571428571 101
136 6.21286643342 .14120150985045454545 .09178098140279545454 101
137 7.94890944365 .33825146568723404255 .20295087941234042553 101
138 9.55671969178 .63711464611866666666 .19750554029678666666 101
139 13.2369680111 1.05895744088800000000 .61419531571504000000 101
140 8.93646350399 .32496230923600000000 .15598190843328000000 101
141 12.9066836048 25.81336720960000000000 8.77654485126400000000 101
142 9.10354795298 .31391544665448275862 .17265349565996551724 101
143 9.46001414311 .41130496274391304347 .26734822578354347825 101
144 10.646066191 1.41947549213333333333 .52520593208933333333 101
145 6.00320221132 .34304012636114285714 .15779845812612571428 101
146 8.86941394284 .21632716933756097560 .10816358466878048780 101
147 10.2275446687 .35267395409310344827 .21865785153772413792 101
148 10.8971162146 .77836544390000000000 .25686059648700000000 101
149 6.42888331279 .40180520704937500000 .17277623903123125000 101
150 7.03867413384 .78207490376000000000 .44578269514320000000 101
151 11.0589461567 .55294730783500000000 .17694313850720000000 101
152 11.0213114712 .33397913549090909090 .22042622942399999999 101
153 12.5974987846 .96903836804615384615 .35854419617707692307 101
154 7.54375914516 .16763909211466666666 .06202646408242666666 101
155 12.1406208066 .78326585849032258064 .23497975754709677419 101
156 10.6284606159 21.25692123180000000000 9.56561455431000000000 101
157 9.51364533178 .51425109901513513513 .31369317039923243242 101
158 14.4840210188 .30492675829052631578 .21344873080336842104 101
159 10.5207588482 1.16897320535555555555 .42083035392799999999 101
160 12.0159354419 .50066397674583333333 .13517927372137499999 101
161 8.15165900375 2.71721966791666666666 1.41295422731666666666 101
162 10.3975181825 .94522892568181818181 .60494651243636363635 101
163 11.2414981132 11.24149811320000000000 2.92278950943200000000 101
164 9.48030407032 .34473832982981818181 .19650084800299636363 101
165 10.8303301306 .24614386660454545454 .13045624930040909090 101
166 9.71631726795 1.76660313962727272727 1.23662219773909090908 101
167 10.0980693035 .24332697116867469879 .17762868895313253011 101
168 9.60793364415 2.13509636536666666666 .57647601864899999999 101
169 10.2105785253 .27228209400800000000 .13614104700400000000 101
170 15.5238289319 .38809572329750000000 .14747637485305000000 101
171 10.7330029608 .24119107777078651685 .06029776944269662921 101
172 7.0288049633 .40164599790285714285 .11647733939182857142 101
173 11.0224825965 .23704263648387096774 .07111279094516129032 101
174 9.34167429886 .23354185747150000000 .08407506868974000000 101
175 9.01282340113 1.28754620016142857142 .73390133409201428570 101
176 10.6714548227 .29642930063055555555 .10375025522069444444 101
177 5.28182669305 .14470758063150684931 .06801256289680821917 101
178 10.1707724794 20.34154495880000000000 5.89904803805200000000 101
179 8.812236348 .18358825725000000000 .10831707177750000000 101
180 8.43030223408 .51092740812606060606 .37808628201328484848 101
181 10.0326464919 .34595332730689655172 .13492179764968965517 101
182 9.32674099389 .60172522541225806451 .37306963975559999999 101
183 9.43690511418 .19660218987875000000 .06881076645756250000 101
184 9.94071744367 .25489019086333333333 .09176046871079999999 101
185 8.69366282637 .22878060069394736842 .10523907631921578947 101
186 9.47240529285 .82368741676956521739 .22239560252778260869 101
187 11.0165810205 1.83609683675000000000 1.02821422858000000000 101
188 12.0911730229 1.86018046506153846153 1.28352452089246153845 101
189 8.33207413249 .30859533824037037037 .17898529617941481481 101
190 9.5761443042 .91201374325714285714 .27360412297714285714 101
191 10.9673345052 .59282889217297297297 .21934669010399999999 101
192 6.03139144867 .21162777012877192982 .08676738575279649122 101
193 12.0087719653 .41409558501034482758 .21118874835527586206 101
194 14.0669508197 .41990897969253731343 .12177360411083582089 101
195 8.92301612297 .25863814849188405797 .18104670394431884057 101
196 6.7377392603 .84221740753750000000 .62324088157775000000 101
197 12.3355733361 1.17481650820000000000 .52866742869000000000 101
198 11.3251214623 .35952766546984126984 .17976383273492063492 101
199 8.02405858319 .30861763781500000000 .13270558426045000000 101
200 7.19360703005 .55335438692692307692 .20474112316296153846 101
201 5.39279750625 .16097903003731343283 .05956224111380597014 101
202 10.6934100339 2.37631334086666666666 .99805160316399999999 101
203 11.0932561978 .54113444867317073170 .28138991331004878048 102,103,104,105,106,107,108,109,110,111,112,113,114,115,116,117,118,119,120,121,122,123,124,125,126,127,128,129,130,131,132,133,134,135,136,137,138,139,140,141,142,143,144,145,146,147,148,149,150,151,152,153,154,155,156,157,158,159,160,161,162,163,164,165,166,167,168,169,170,171,172,173,174,175,176,177,178,179,180,181,182,183,184,185,186,187,188,189,190,191,192,193,194,195,196,197,198,199,200,201
204 11.1173946064 111.17394606400000000000 61.14567033520000000000 202
205 7.40544567931 24.68481893103333333333 15.79828411586133333333 202
206 9.32499933277 31.08333110923333333333 19.27166528772466666666 202
207 9.63072304721 96.30723047210000000000 50.07975984549200000000 202
208 6.22500944001 62.25009440010000000000 28.01254248004500000000 202
209 6.90188008702 .76687556522444444444 .35276276000324444444 202
210 10.6217972176 1.24962320207058823529 .73727768922164705882 202
211 7.55552040557 2.15872011587714285714 1.10094725909734285714 202
212 14.098424718 .40864999182608695652 .18797899623999999999 202
213 8.92926002314 .30790551803931034482 .08929260023139999999 202
214 10.780296638 7.18686442533333333333 2.44353390461333333333 202
215 7.48915335091 .34041606140500000000 .09531649719340000000 202
216 12.9438620527 .45417059834035087719 .29521088892122807017 202
217 8.41155792254 .49479752485529411764 .26719066342185882352 202
218 8.42093290485 .19813959776117647058 .13671632245521176470 202
219 11.4143161973 .23059224641010101010 .14527311523836363636 202
220 8.41242678866 .24742431731352941176 .06680456567465294117 202
221 11.1767372291 .62092984606111111111 .43465089224277777777 202
222 7.22918418145 .36145920907250000000 .25663603844147500000 202
223 7.7576290695 .19394072673750000000 .09115214156662500000 202
224 10.6261519421 .32200460430606060606 .09660138129181818181 202
225 8.63483143962 1.23354734851714285714 .50575441289202857142 202
226 9.33785678816 18.67571357632000000000 13.07299950342400000000 202
227 8.10905905415 .81090590541500000000 .48654354324900000000 202
228 6.59547697066 .62814066387238095238 .40201002487832380952 202
229 11.1061656426 .52886503060000000000 .14279355826200000000 202
230 9.26980292295 .68665206836666666666 .24719474461199999999 202
231 13.3294664816 .36025585085405405405 .26298677112345945945 202
232 14.244931848 .42522184620895522388 .13607099078686567164 202
233 10.2270799274 .24350190303333333333 .09983578024366666666 202
234 11.1511440549 .92926200457500000000 .41816790205875000000 202
235 8.97972021145 .23024923619102564102 .14966200352416666666 202
236 9.81468154369 .21106842029440860215 .13508378898842150537 202
237 10.3020553696 .22154957784086021505 .06203388179544086021 202
238 11.0029298294 3.66764327646666666666 1.06361655017533333333 202
239 6.20984906015 .38811556625937500000 .22510702843043750000 202
240 7.55606738102 .17778982072988235294 .09600650319413647058 202
241 8.76884508349 .39858386743136363636 .18334857901842727272 202
242 6.85867092721 .15412743656651685393 .07706371828325842696 202
243 6.72027519157 .56002293263083333333 .14000573315770833333 202
244 6.95021987187 .39715542124971428571 .26212257802481142856 202
245 10.9917269452 .26809090110243902439 .15281181362839024390 202
246 7.6905077062 1.18315503172307692307 .66256681776492307691 202
247 11.2075931033 .32963509127352941176 .13515038742214705882 202
248 10.0727074329 .95930546980000000000 .25901247684600000000 202
249 12.3204031689 1.29688454409473684210 .63547342660642105262 202
250 14.1847285163 .42342473182985074626 .26675758105280597014 202
251 8.83941910222 .19427294730153846153 .05633915471744615384 202
252 4.44963968095 .68455995091538461538 .21221358478376923076 202
253 5.79172836414 1.28705074758666666666 .73361892612439999999 202
254 9.81663236984 .37756278345538461538 .11326883503661538461 202
255 11.7545069847 .65302816581666666666 .27427182964299999999 202
256 12.3483238058 .39201027954920634920 .23128606493403174602 202
257 12.8815972847 .32203993211750000000 .14491796945287500000 202
258 4.8434376612 .46127977725714285714 .17528631535771428571 202
259 8.48004836995 .32615570653653846153 .08806204076486538461 202
260 7.85527855514 .21230482581459459459 .06793754426067027026 202
261 10.7674883511 .21974466022653061224 .09668765049967346938 202
262 9.22615866533 .36181014373843137254 .12301544887106666666 202
263 13.7611321526 .43003537976875000000 .13331096772831250000 202
264 8.85722807744 .21602995310829268292 .08425168171223414633 202
265 17.750953777 1.86852145021052631578 .71003815107999999999 202
266 4.9079522645 .16637126320338983050 .08817676949779661016 202
267 13.2547711011 .30825049072325581395 .15412524536162790697 202
268 10.0946398113 .61179635220000000000 .32425206666600000000 202
269 9.05301056477 .41150048021681818181 .16460019208672727272 202
270 8.24550898509 .17543636138489361702 .09473563514784255319 202
271 10.7974067973 .83056975363846153846 .53156464232861538461 202
272 9.4963890062 .19184624254949494949 .05371694791385858585 202
273 12.4849565071 .29034782574651162790 .18582260847776744185 202
274 9.95009019199 .40612613028530612244 .14214414559985714285 202
275 14.0383311728 .51993819158518518518 .15598145747555555555 202
276 12.0610573654 .29062788832289156626 .19181440629310843373 202
277 8.98471875047 .18718164063479166666 .07487265625391666666 202
278 12.1162147968 .67312304426666666666 .35002398301866666666 202
279 8.0086862103 .25834471646129032258 .12142201673680645161 202
280 9.25630529629 .68565224416962962962 .17826958348410370370 202
281 10.0619663122 .21873839809130434782 .12030611895021739130 202
282 7.13133649779 .27966025481529411764 .08389807644458823529 202
283 8.70625014602 .47060811600108108108 .11765202900027027027 202
284 6.52860042893 .15923415680317073170 .08120941996961707316 202
285 7.07305228082 .22454134224825396825 .09655277716674920634 202
286 10.8197320355 .25458193024705882352 .16038661605564705881 202
287 4.58838917075 .70590602626923076923 .31765771182115384615 202
288 11.660054049 .28096515780722891566 .18824665573084337349 202
289 11.531571592 1.92192859866666666666 1.17237644518666666666 202
290 12.1870502493 1.28284739466315789473 .38485421839894736841 202
291 9.41735425274 .21900823843581395348 .10074378968047441860 202
292 8.29576670807 .75416060982454545454 .31674745612630909090 202
293 6.14333230106 .17806760292927536231 .11574394190402898550 202
294 7.67713779304 .17060306206755555555 .05118091862026666666 202
295 10.4431510538 6.96210070253333333333 3.20256632316533333333 202
296 11.4071738319 .23044795620000000000 .13596429415800000000 202
297 13.8202338291 3.07116307313333333333 1.25917685998466666666 202
298 9.19651950959 .51091775053277777777 .28611394029835555555 202
299 9.8450354953 .35160841054642857142 .19690070990599999999 202
300 12.9537273864 .34543273030400000000 .09672116448512000000 202
301 12.3324195027 .74741936380000000000 .32139032643400000000 202
302 10.3145293914 .34964506411525423728 .10489351923457627118 202
303 10.600980425 .24943483352941176470 .14966090011764705882 202
304 13.6419914395 .75788841330555555555 .32589201772138888888 203,204,205,206,207,208,209,210,211,212,213,214,215,216,217,218,219,220,221,222,223,224,225,226,227,228,229,230,231,232,233,234,235,236,237,238,239,240,241,242,243,244,245,246,247,248,249,250,251,252,253,254,255,256,257,258,259,260,261,262,263,264,265,266,267,268,269,270,271,272,273,274,275,276,277,278,279,280,281,282,283,284,285,286,287,288,289,290,291,292,293,294,295,296,297,298,299,300,301,302
305 6.20179028286 15.50447570715000000000 4.03116368385900000000 303
306 11.9065264787 59.53263239350000000000 31.55229516855500000000 303
307 13.9772112844 27.95442256880000000000 17.61128621834400000000 303
308 7.97192029504 39.85960147520000000000 21.92278081136000000000 303
309 11.0793346661 110.79334666100000000000 68.69187492982000000000 303
310 13.3502062942 .42381607283174603174 .27548044734063492063 303
311 11.3807367185 .66945510108823529411 .42175671368558823528 303
312 11.7253217119 .27588992263294117647 .13242716286381176470 303
313 12.6611885473 .58889249057209302325 .21200129660595348837 303
314 12.6213732074 .26571312015578947368 .13551369127945263157 303
315 7.97487156111 .19216557978578313253 .10569106888218072289 303
316 12.965045877 .41158875800000000000 .25106914238000000000 303
317 14.894988493 .34639508123255813953 .11777432761906976744 303
318 10.0404486066 .20080897213200000000 .05020224303300000000 303
319 12.120228951 1.05393295226086956521 .55858446469826086956 303
320 15.3768968396 .36180933740235294117 .22793988256348235293 303
321 7.78589842788 .21932108247549295774 .08553522216544225351 303
322 10.8013617338 .50238891785116279069 .29138557235367441860 303
323 13.1981326638 .79988682810909090909 .36794794093018181818 303
324 8.39852496145 .38175113461136363636 .24050321480515909090 303
325 6.93057496415 .33002737924523809523 .10560876135847619047 303
326 10.4880329748 .43700137395000000000 .22724071445400000000 303
327 9.15712475899 1.83142495179800000000 .82414122830910000000 303
328 11.6590323838 .38863441279333333333 .22929430354806666666 303
329 11.3774018913 .36118736162857142857 .09390871402342857142 303
330 5.84464169801 .17983512916953846153 .07553075425120615384 303
331 10.3304849515 .32795190322222222222 .21316873709444444444 303
332 10.958487976 .81173985007407407407 .38963512803555555555 303
333 10.1967950705 .61798758003030303030 .16067677080787878787 303
334 5.87835833967 .83976547709571428571 .48706397671551428571 303
335 6.96030564503 .92804075267066666666 .68675015697629333332 303
336 8.06629781668 .21800804909945945945 .09156338062177297296 303
337 11.8092464048 .54926727464186046511 .19773621887106976743 303
338 9.51232871766 .82715901892695652173 .22333293511027826086 303
339 9.1144165728 .18988367860000000000 .12152555430400000000 303
340 10.9775862352 .91479885293333333333 .50313936911333333333 303
341 15.5037365349 1.00024106676774193548 .41009883737477419354 303
342 15.5806704569 1.64007057441052631578 .73803175848473684210 303
343 10.4635576596 .45493728954782608695 .22746864477391304347 303
344 8.2761412616 .63662625089230769230 .42653958809784615384 303
345 9.3703768011 .98635545274736842105 .72003948050557894736 303
346 9.23303705582 .22519602575170731707 .11484997313337073170 303
347 12.1244655611 2.69432568024444444444 .70052467686355555555 303
348 8.39258830059 .98736332948117647058 .50355529803539999999 303
349 12.4212283353 .31446147684303797468 .12892920550564556961 303
350 10.5521114717 .23982071526590909090 .13669780770156818181 303
351 12.9114563803 .30026642744883720930 .09308259250913953488 303
352 10.3895000279 .74210714485000000000 .28942178649150000000 303
353 8.24276851619 .78502557297047619047 .21980716043173333333 303
354 9.3966211227 .23491552806750000000 .10101367706902500000 303
355 13.5786802761 .59037740330869565217 .38374531215065217391 303
356 12.8836110299 2.86302467331111111111 1.80370554418599999999 303
357 8.69232675481 .17922323205793814432 .05018250497622268040 303
358 10.2394201619 .41793551681224489795 .19225033773363265305 303
359 9.77520118075 .39898780329591836734 .25136231607642857142 303
360 10.2535734534 .41851320217959183673 .26784844939493877550 303
361 8.23762172968 5.49174781978666666666 2.03194669332106666666 303
362 9.48650551567 .21560239808340909090 .10348915108003636363 303
363 6.01379336522 .80183911536266666666 .48110346921759999999 303
364 11.9028647434 .44084684234814814814 .24246576329148148147 303
365 9.06940732031 .82449157457363636363 .29681696684650909090 303
366 8.78185404294 3.51274161717600000000 1.65098856007272000000 303
367 11.7541579326 .27335251006046511627 .06833812751511627906 303
368 8.56219648853 1.55676299791454545454 .66940808910325454545 303
369 8.76073396813 1.46012232802166666666 .52564403808779999999 303
370 9.70771308757 .31315203508290322580 .18475970069891290322 303
371 11.4571796854 .44930116413333333333 .15276239580533333333 303
372 8.56011358154 .19907240887302325581 .05773099857317674418 303
373 9.74099966911 2.43524991727750000000 .99845246608377500000 303
374 9.28573260303 1.09243912976823529411 .57899273877716470587 303
375 5.64198682179 .28933265752769230769 .19095955396827692307 303
376 10.5653780045 .32508855398461538461 .14628984929307692307 303
377 10.8149203547 1.02999241473333333333 .58709567639799999999 303
378 10.3521262379 .22262637070752688172 .06678791121225806451 303
379 7.64286192583 3.05714477033200000000 1.16171501272616000000 303
380 5.07296164637 .19893967240666666666 .14124716740873333332 303
381 10.5419900351 1.40559867134666666666 .39356762797706666666 303
382 8.89206019715 .24700167214305555555 .16549112033584722221 303
383 6.65959086109 .44397272407266666666 .19090827135124666666 303
384 7.6023648847 .46074938695151515151 .27644963217090909090 303
385 10.3963492934 .37804906521454545454 .26841483630232727272 303
386 11.1302525607 .69564078504375000000 .45216651027843750000 303
387 12.2437671251 .74204649243030303030 .22261394772909090909 303
388 10.1937697317 .52275742213846153846 .21433054307676923076 303
389 12.3487895405 .25201611307142857142 .12096773427428571428 303
390 15.6179466485 .55778380887500000000 .34024812341375000000 303
391 7.31914353842 1.33075337062181818181 .79845202237309090908 303
392 8.58832851822 .31230285520800000000 .14990537049984000000 303
393 11.5684244325 .92547395460000000000 .49050119593800000000 303
394 8.18720041595 .19264000978705882352 .13292160675307058822 303
395 5.92711923728 .14282215029590361445 .03999020208285301204 303
396 10.4347389983 2.31883088851111111111 1.20579206202577777777 303
397 11.453549968 .63630833155555555555 .24816024930666666666 303
398 13.9371783367 1.85829044489333333333 .57607003791693333333 303
399 11.5777134368 1.78118668258461538461 1.01527640907323076922 303
400 6.26110786717 .46378576793851851851 .33856361059511851851 303
401 10.9314603844 2.42921341875555555555 .77734829400177777777 303
402 14.2633203047 .69577172218048780487 .40354759886468292682 303
403 12.9024896278 .42303244681311475409 .14806135638459016393 303
404 10.0365466027 .27497387952602739726 .09074138024358904109 303
405 10.8071581905 .50265852048837209302 .31667486790767441860 304,305,306,307,308,309,310,311,312,313,314,315,316,317,318,319,320,321,322,323,324,325,326,327,328,329,330,331,332,333,334,335,336,337,338,339,340,341,342,343,344,345,346,347,348,349,350,351,352,353,354,355,356,357,358,359,360,361,362,363,364,365,366,367,368,369,370,371,372,373,374,375,376,377,378,379,380,381,382,383,384,385,386,387,388,389,390,391,392,393,394,395,396,397,398,399,400,401,402,403
406 9.48661958416 47.43309792080000000000 33.20316854456000000000 404
407 10.1328849919 101.32884991900000000000 38.50496296922000000000 404
408 6.43306273834 64.33062738340000000000 30.23539487019800000000 404
409 7.18292872139 71.82928721390000000000 33.04147211839400000000 404
410 7.16001230275 71.60012302750000000000 50.12008611925000000000 404
411 12.7729664559 .33613069620789473684 .17814926899018421052 404
412 3.77729947265 .08584771528750000000 .03262213180925000000 404
413 11.1830085318 .32891201564117647058 .16445600782058823529 404
414 12.519566836 .31298917090000000000 .13771523519600000000 404
415 9.77380670985 .43439140932666666666 .26497875968926666666 404
416 7.78971316539 .20772568441040000000 .07893576007595200000 404
417 11.3169825161 .23577046908541666666 .15089310021466666666 404
418 8.39508580528 16.79017161056000000000 6.04446177980160000000 404
419 7.68862436457 .24026951139281250000 .13214823126604687500 404
420 13.504845057 1.92926357957142857142 .54019380227999999999 404
421 8.5197295984 .27933539666885245901 .15642782213455737704 404
422 12.6398615637 .25535073866060606060 .18640603922224242423 404
423 8.75415463779 .70033237102320000000 .21009971130696000000 404
424 10.6030479921 .21206095984200000000 .05937706875576000000 404
425 9.61411794106 .83601025574434782608 .20900256393608695652 404
426 7.91508239823 .25532523865258064516 .15830164796459999999 404
427 12.3551290656 .27764334978876404494 .11105733991550561797 404
428 13.4114121717 .33114597954814814814 .10927817325088888888 404
429 12.7419474925 2.54838949850000000000 .94290411444500000000 404
430 9.09379098145 .30826410106610169491 .22503279377825423728 404
431 9.77004525151 .21472626926395604395 .09233229578350109889 404
432 12.7385246579 .36395784736857142857 .21109555147377142857 404
433 13.7219235104 .31544651748045977011 .09463395524413793103 404
434 10.6258821588 .28718600429189189189 .07179650107297297297 404
435 13.7577650891 .36204644971315789473 .26429390829060526315 404
436 10.0909313068 .21936807188695652173 .11407139738121739129 404
437 13.5124278622 .31424250842325581395 .14140912879046511627 404
438 10.2667487036 .62222719415757575757 .28622450931248484848 404
439 10.2936489497 2.94104255705714285714 1.20582744839342857142 404
440 6.64467683743 1.20812306135090909090 .78527998987809090908 404
441 8.57745561495 .21993475935769230769 .05938238502657692307 404
442 15.336764299 .38341910747500000000 .28373013953150000000 404
443 6.4211663442 .38916159661818181818 .20625564620763636363 404
444 10.3715626513 .86429688760833333333 .32843281729116666666 404
445 9.97662648843 .22674151110068181818 .05668537777517045454 404
446 11.0138252971 .33888693221846153846 .14572138085393846153 404
447 9.14561241169 .73164899293520000000 .30729257703278400000 404
448 11.7434342376 .28297431897831325301 .07640306612414457831 404
449 13.0604684676 .28704326302417582417 .19518941885643956043 404
450 12.471748703 .73363227664705882352 .32279820172470588234 404
451 10.7515285081 .39096467302181818181 .28149456457570909090 404
452 9.59362814938 .29518855844246153846 .10921976662371076923 404
453 11.6804230278 .25119189307096774193 .07535756792129032257 404
454 13.2995402461 .52155059788627450980 .31814586471062745097 404
455 12.3727867799 .32559965210263157894 .17256781561439473683 404
456 9.32304656628 .25197423152108108108 .17134247743433513513 404
457 11.6857375026 .47696887765714285714 .16693910717999999999 404
458 10.2634964184 .40249005562352941176 .23344423226164705882 404
459 10.5630711976 .31531555813731343283 .12612622325492537313 404
460 10.786983845 .74392992034482758620 .29013266893448275861 404
461 7.13651962398 .19030718997280000000 .08754130738748800000 404
462 10.0364405928 2.00728811856000000000 .72262372268160000000 404
463 7.99914620916 1.33319103486000000000 .41328922080660000000 404
464 13.1157618171 .51434360067058823529 .20573744026823529411 404
465 11.5827291017 .52648768644090909090 .15268142906786363636 404
466 7.57126410665 .18928160266625000000 .14006838597302500000 404
467 10.1547105899 .23078887704318181818 .12693388237374999999 404
468 13.6742847528 .50645499084444444444 .16206559707022222222 404
469 11.5607346236 .40563981135438596491 .12574834151985964912 404
470 11.261553023 .32175865780000000000 .11905070338600000000 404
471 12.9251439597 3.23128598992500000000 2.16496161324975000000 404
472 10.7553733483 .67221083426875000000 .36299385050512500000 404
473 9.72747366245 .60796710390312500000 .44989565688831250000 404
474 10.4030369746 3.46767899153333333333 2.04593060500466666666 404
475 10.6492713671 .27660445109350649350 .19085707125451948051 404
476 12.5607271203 .50242908481200000000 .27633599664660000000 404
477 6.16455823138 .20548527437933333333 .11712660639621999999 404
478 10.8966002498 .23688261412608695652 .13976074233439130434 404
479 8.33257432237 .17180565613134020618 .10308339367880412370 404
480 9.55953276004 .25492087360106666666 .07137784460829866666 404
481 9.68993666777 .77519493342160000000 .22480653069226400000 404
482 11.3538066105 .23902750758947368421 .11712347871884210526 404
483 8.9159121617 .32421498769818181818 .15238104421814545454 404
484 7.51788057264 .48502455307354838709 .12610638379912258064 404
485 10.1003322447 4.04013289788000000000 1.85846113302480000000 404
486 7.73406464354 7.73406464354000000000 2.39756003949740000000 404
487 17.3895433944 .70977728140408163265 .30520423100375510203 404
488 13.0186445764 .55398487559148936170 .32131122784306382978 404
489 6.3689997197 .74929408467058823529 .24726704794129411764 404
490 11.8642794058 1.18642794058000000000 .59321397029000000000 404
491 14.4066992874 .29704534613195876288 .13367040575938144329 404
492 9.5014653075 3.16715510250000000000 1.83694995945000000000 404
493 13.26463815 .98256578888888888888 .72709868377777777777 404
494 9.30753941788 .51708552321555555555 .33093473485795555555 404
495 12.6243669444 .49507321350588235294 .24753660675294117647 404
496 7.64480876259 .80471671185157894736 .24141501355547368420 404
497 9.63860873668 .24096521841700000000 .11807295702433000000 404
498 10.1927632772 .37750975100740740740 .23783114313466666666 404
499 10.7312766955 1.19236407727777777777 .36963286395611111110 404
500 11.5960457407 4.63841829628000000000 1.85536731851200000000 404
501 14.1866009482 1.35110485220952380952 .45937564975123809523 404
502 7.008394848 .14911478400000000000 .03876984384000000000 404
503 7.82296988747 .22675275036144927536 .08843357264096521739 404
504 10.5063549776 .22353946760851063829 .11176973380425531914 404
505 9.40377681366 .48224496480307692307 .27005718028972307691 404
506 5.88825518959 .14906975163518987341 .09838603607922531645 405,406,407,408,409,410,411,412,413,414,415,416,417,418,419,420,421,422,423,424,425,426,427,428,429,430,431,432,433,434,435,436,437,438,439,440,441,442,443,444,445,446,447,448,449,450,451,452,453,454,455,456,457,458,459,460,461,462,463,464,465,466,467,468,469,470,471,472,473,474,475,476,477,478,479,480,481,482,483,484,485,486,487,488,489,490,491,492,493,494,495,496,497,498,499,500,501,502,503,504
507 15.0807676617 30.16153532340000000000 9.04846059702000000000 505
508 11.2327173614 28.08179340350000000000 20.49970918455500000000 505
509 6.65067795778 22.16892652593333333333 11.74953105874466666666 505
510 7.09294928189 35.46474640945000000000 23.05208516614250000000 505
511 6.37926782926 15.94816957315000000000 8.77149326523250000000 505
512 7.84070303068 .15839804102383838383 .08711892256311111110 505
513 11.4938361312 .23219870972121212121 .16253909680484848484 505
514 9.14396092001 .21020599816114942528 .13453183882313563217 505
515 11.2741914859 .24778442826153846153 .13132574697861538461 505
516 6.65902475201 .66590247520100000000 .27302001483241000000 505
517 9.25070831522 .26813647290492753623 .16356324847200579710 505
518 10.020988671 1.43156981014285714285 .51536513165142857142 505
519 11.0081923595 .32860275700000000000 .20044768177000000000 505
520 5.24548185417 .23313252685200000000 .15386746772232000000 505
521 10.9364465976 .32166019404705882352 .23802854359482352940 505
522 9.3961488383 .28048205487462686567 .17389887402226865671 505
523 10.1414829471 .36878119807636363636 .12169779536519999999 505
524 11.6548874523 .70635681529090909090 .26135202165763636363 505
525 10.2079620303 .24597498868192771084 .15496424286961445782 505
526 10.4338843752 .94853494320000000000 .55963561648800000000 505
527 7.3095217737 .25647444820000000000 .17696736925800000000 505
528 9.86595153394 .34020522530827586206 .10546361984556551723 505
529 14.0309324451 .42517977106363636363 .13180572902972727272 505
530 13.7169903698 .76205502054444444444 .28196035760144444444 505
531 12.1007286175 .38415011484126984126 .23049006890476190475 505
532 11.046767299 .52603653804761904761 .25775790364333333332 505
533 5.73381454568 .11701662338122448979 .07840113766542040815 505
534 5.59965875537 .62218430615222222222 .41064164206046666666 505
535 12.7590833671 2.12651389451666666666 .99946153042283333333 505
536 13.7147132617 .33863489535061728395 .08804507279116049382 505
537 8.70883126149 .72573593845750000000 .45721364122822500000 505
538 7.59501867906 .89353160930117647058 .31273606325541176470 505
539 4.23755534306 .44605845716421052631 .11597519886269473684 505
540 10.9410500491 .34733492219365079365 .12851392121165079365 505
541 8.86655209578 17.73310419156000000000 12.41317293409200000000 505
542 10.0683371807 1.11870413118888888888 .57053910690633333332 505
543 3.4663179767 .13593403830196078431 .06388899800192156862 505
544 11.9042388857 3.40121111020000000000 2.24479933273200000000 505
545 9.27960440473 .18559208809460000000 .12620261990432800000 505
546 11.5622735413 .60854071270000000000 .20690384231800000000 505
547 6.50565822002 .20017409907753846153 .10409053152031999999 505
548 12.8506932759 .40158416487187500000 .22890297397696875000 505
549 4.59032193851 4.59032193851000000000 1.69841911724870000000 505
550 9.10405271119 .29367911971580645161 .09397731830905806451 505
551 10.1938555053 .56632530585000000000 .21520361622300000000 505
552 7.4426093984 1.35320170880000000000 .96077321324800000000 505
553 11.1510899268 .28963869939740259740 .13902657571075324675 505
554 9.95486575014 .22370484831775280898 .06040030904579325842 505
555 9.72544288138 .28604243768764705882 .07151060942191176470 505
556 7.91171655906 .16833439487361702127 .11446738851405957446 505
557 7.7787743168 .32411559653333333333 .17826357809333333333 505
558 11.6349490627 .89499608174615384615 .49224784496038461538 505
559 10.9007735577 .62290134615428571428 .20555744423091428571 505
560 8.13751937114 .33214364780163265306 .15610751446676734693 505
561 10.2197190079 .92906536435454545454 .39020745302890909090 505
562 12.9304487483 .89175508608965517241 .22293877152241379310 505
563 11.699799391 .55713330433333333333 .17828265738666666666 505
564 4.39505692846 .19533586348711111111 .13282838717123555555 505
565 8.14362727208 .18938668074604651162 .08711787314318139534 505
566 9.33469480226 .31115649340866666666 .20225172071563333332 505
567 11.3185316823 .26019613062758620689 .14570983315144827585 505
568 7.87584691517 .50811915581741935483 .23881600323418709677 505
569 10.6761315348 .26360818604444444444 .07381029209244444444 505
570 10.5237104967 .30952089696176470588 .20428379199476470588 505
571 9.05454469371 .60363631291400000000 .31389088271528000000 505
572 9.60909581308 .61994166536000000000 .35956616590880000000 505
573 11.9944680811 .95955744648800000000 .38382297859520000000 505
574 10.8712540233 1.67250061896923076923 1.03695038376092307692 505
575 12.3209796919 1.36899774354444444444 .60235900715955555555 505
576 8.32534873636 .37001549939377777777 .15170635475144888888 505
577 8.28406509583 .27613550319433333333 .14911317172493999999 505
578 4.85120480052 .09702409601040000000 .05142277088551200000 505
579 8.34103465819 .42774536708666666666 .12404615645513333333 505
580 12.9731931875 1.36559928289473684210 .84667155539473684210 505
581 11.8524077427 .64067068879459459459 .43565606838032432432 505
582 11.1273451651 .76740311483448275862 .23022093445034482758 505
583 8.53583151718 5.69055434478666666666 2.61765499860186666666 505
584 10.2280351999 .22234859130217391304 .07115154921669565217 505
585 10.1884646985 .26124268457692307692 .08621008591038461538 505
586 9.31468950053 .42339497729681818181 .17782589046466363636 505
587 5.86259620145 .19221626890000000000 .08649732100500000000 505
588 12.0220099272 .40752576024406779661 .13855875848298305084 505
589 5.8909403289 .12272792351875000000 .08100042952237500000 505
590 4.72589874639 .19691244776625000000 .12996221552572500000 505
591 9.29731435765 .92973143576500000000 .65081200503550000000 505
592 11.7257563497 .41143004735789473684 .20982932415252631578 505
593 9.96810427718 .45309564896272727272 .33529078023241818181 505
594 9.71791573535 .29008703687611940298 .17985396286319402984 505
595 12.7716476979 .88080328951034482758 .51086590791599999999 505
596 12.0456092809 2.67680206242222222222 1.33840103121111111111 505
597 13.6870174204 .32588136715238095238 .15642305623314285714 505
598 12.2391291834 .27816202689545454545 .19749503909577272726 505
599 11.4852960794 .24968034955217391304 .14481460274026086956 505
600 11.6334890743 1.29260989714444444444 .81434423520099999999 505
601 12.0573083545 .33964248885915492957 .16982124442957746478 505
602 9.9805650687 .23210616438837209302 .09980565068699999999 505
603 13.9670522442 .45793613915409836065 .17859509427009836065 505
604 11.6143363449 .37465601112580645161 .23603328700925806451 505
605 6.01864363263 .60186436326300000000 .36713726159043000000 505
606 17.5255945701 .89874843949230769230 .59317397006492307691 505
607 9.48214951863 .20391719394903225806 .08768439339808387096 506,507,508,509,510,511,512,513,514,515,516,517,518,519,520,521,522,523,524,525,526,527,528,529,530,531,532,533,534,535,536,537,538,539,540,541,542,543,544,545,546,547,548,549,550,551,552,553,554,555,556,557,558,559,560,561,562,563,564,565,566,567,568,569,570,571,572,573,574,575,576,577,578,579,580,581,582,583,584,585,586,587,588,589,590,591,592,593,594,595,596,597,598,599,600,601,602,603,604,605
608 10.2119861368 25.52996534200000000000 11.23318475048000000000 606
609 11.8923464832 39.64115494400000000000 23.38828141696000000000 606
610 11.9712112558 23.94242251160000000000 7.18272675348000000000 606
611 8.71181450969 17.42362901938000000000 8.53757821949620000000 606
612 11.8427179658 29.60679491450000000000 13.32305771152500000000 606
613 6.55389190685 .43692612712333333333 .28837124390139999999 606
614 9.14305729089 .34502102984490566037 .16215988402710566037 606
615 15.6429138097 .34380030350989010989 .24066021245692307692 606
616 11.3953085528 1.89921809213333333333 .91162468422399999999 606
617 10.9018533649 1.98215515725454545454 1.07036378491745454545 606
618 12.341800699 .33813152600000000000 .19611628508000000000 606
619 11.9080852246 1.13410335472380952380 .55571064381466666666 606
620 9.65410420362 2.14535648969333333333 .85814259587733333333 606
621 9.80469546571 1.63411591095166666666 1.19290461499471666666 606
622 14.6146215355 1.39186871766666666666 .65417829730333333333 606
623 10.9148397604 7.27655984026666666666 2.91062393610666666666 606
624 8.52446653067 1.89432589570444444444 .81456013515291111110 606
625 11.3212535603 .23834218021684210526 .16445610434962105262 606
626 12.9067175544 2.86815945653333333333 1.31935335000533333333 606
627 7.55892311464 5.03928207642666666666 1.46139180216373333333 606
628 5.92109426726 1.31579872605777777777 .85526917193755555555 606
629 10.5190847248 .31400252909850746268 .20724166920501492536 606
630 8.58436912222 .19290717128584269662 .11767337448436404493 606
631 10.2939112509 .34894614409830508474 .22332553222291525423 606
632 5.71705433492 .15880706485888888888 .04923019010625555555 606
633 6.73514139156 1.12252356526000000000 .60616272524040000000 606
634 9.06323559621 .23239065631307692307 .16499736598228461537 606
635 10.1810657683 .25774850046329113924 .10309940018531645569 606
636 6.72201811872 2.24067270624000000000 1.23236998843200000000 606
637 12.7050664318 .27619709634347826086 .14638446106204347825 606
638 11.7557179252 .65309544028888888888 .37879535536755555555 606
639 8.02759387657 .19113318753738095238 .11276858064705476190 606
640 7.49266537742 .40500893932000000000 .19035420148040000000 606
641 8.71665142977 .31696914290072727272 .14263611430532727272 606
642 11.2359053722 .22930419126938775510 .06879125738081632653 606
643 9.0756854609 1.06772770128235294117 .30964103337188235293 606
644 9.08528554985 .18927678228854166666 .11545883719601041666 606
645 6.56063800301 .28524513056565217391 .13121276006019999999 606
646 10.0900528714 .80720422971200000000 .26637739580496000000 606
647 15.5279893839 .63379548505714285714 .27887001342514285714 606
648 9.91625051462 .60098487967393939393 .24640380066631515151 606
649 7.38420108487 .43436476969823529411 .32142992957669411764 606
650 8.81271678131 .47636306926000000000 .24294516532260000000 606
651 10.4227186428 .28555393541917808219 .11136603481347945205 606
652 5.75237844646 .11620966558505050505 .06856370269517979797 606
653 14.4065953598 4.80219845326666666666 2.83329708742733333332 606
654 12.4967736292 .29404173245176470588 .17936545679557647058 606
655 6.15189994532 .14306744058883720930 .08011776672974883720 606
656 7.49287381586 .16288856121434782608 .04072214030358695652 606
657 9.20732852711 .24229811913447368421 .11145713480185789473 606
658 11.25199932 .23441665250000000000 .17346832285000000000 606
659 12.3363929353 .51401637230416666666 .21074671264470833333 606
660 14.1098576286 .49508272381052631578 .12872150819073684210 606
661 11.8555009625 .87818525648148148148 .43031077567592592592 606
662 10.2094796565 .21050473518556701030 .13682807787061855669 606
663 12.0196004946 .35351766160588235294 .08837941540147058823 606
664 11.7666537926 .87160398463703703703 .56654259001407407406 606
665 6.06820736212 .15559506056717948717 .10113678936866666666 606
666 10.0332900489 .21122715892421052631 .10138903628362105262 606
667 14.2153758499 .55746571960392156862 .26758354540988235293 606
668 8.0102027135 1.60204054270000000000 .94520392019300000000 606
669 9.82564838632 .61410302414500000000 .15352575603625000000 606
670 11.9535256849 1.13843101760952380952 .48952533757209523809 606
671 14.0745563929 .67021697109047619047 .26808678843619047618 606
672 6.1676517314 .61676517314000000000 .41323266600380000000 606
673 6.0506678789 .29515453067804878048 .13577108411190243902 606
674 8.393727011 .18862307889887640449 .12449123207325842696 606
675 12.4203801939 1.46122119928235294117 .77444723561964705882 606
676 8.26307574311 .35162024438765957446 .23206936129585531914 606
677 12.2445487932 .38264214978750000000 .21427960388100000000 606
678 10.797832359 .29993978775000000000 .15296929175250000000 606
679 7.10695242081 .17767381052025000000 .08706016715492250000 606
680 10.6943178762 .30124839087887323943 .09338700117245070422 606
681 6.05943686776 .60594368677600000000 .15754535856176000000 606
682 9.54248267633 .24158183990708860759 .11595928315540253164 606
683 13.3995370787 2.43627946885454545454 1.53485606537836363636 606
684 10.2639766612 4.10559066448000000000 1.02639766612000000000 606
685 9.70767659795 9.70767659795000000000 6.50414332062650000000 606
686 14.2102246456 .33833868203809523809 .13195208599485714285 606
687 11.5851084916 .34582413407761194029 .08991427486017910447 606
688 9.06018787477 .43143751784619047619 .22434750928001904761 606
689 7.69041864626 .19226046615650000000 .11535627969390000000 606
690 11.3239609301 .34842956708000000000 .13240323549040000000 606
691 9.9673864054 1.42391234362857142857 .81163003586828571428 606
692 10.6235306353 1.01176482240952380952 .40470592896380952380 606
693 16.8022800192 .98836941289411764705 .37558037689976470587 606
694 8.50691737492 .45983337161729729729 .14714667891753513513 606
695 6.85617562044 .25393243038666666666 .16505607975133333332 606
696 16.1524289482 .32964140710612244897 .18130277390836734693 606
697 8.02785504484 .19580134255707317073 .05286636249040975609 606
698 8.49194069137 .33967762765480000000 .11888716967918000000 606
699 11.7531428057 1.95885713428333333333 .82271999639899999999 606
700 9.62734010756 .30085437836125000000 .09326485729198750000 606
701 5.99041102637 .17115460075342857142 .06161565627123428571 606
702 10.3626877224 .25586883265185185185 .17910818285629629629 606
703 11.8509571765 .33859877647142857142 .14898346164742857142 606
704 10.7505013242 .23627475437802197802 .17484331823973626373 606
705 11.2671841153 7.51145607686666666666 5.18290469303799999999 606
706 7.15447029546 .17239687458939759036 .09826621851595662650 606
707 6.48561548969 .18269339407577464788 .08038509339334084506 606
708 8.53819753875 .28460658462500000000 .15368755569750000000 607,608,609,610,611,612,613,614,615,616,617,618,619,620,621,622,623,624,625,626,627,628,629,630,631,632,633,634,635,636,637,638,639,640,641,642,643,644,645,646,647,648,649,650,651,652,653,654,655,656,657,658,659,660,661,662,663,664,665,666,667,668,669,670,671,672,673,674,675,676,677,678,679,680,681,682,683,684,685,686,687,688,689,690,691,692,693,694,695,696,697,698,699,700,701,702,703,704,705,706
709 8.38071045415 20.95177613537500000000 8.79974597685750000000 707
710 10.6346627837 106.34662783700000000000 26.58665695925000000000 707
711 8.62787790065 86.27877900650000000000 42.27660171318500000000 707
712 7.86462430573 78.64624305730000000000 47.18774583438000000000 707
713 10.2753503493 20.55070069860000000000 10.68636436327200000000 707
714 9.66313609419 .20559864030191489361 .11513523856907234042 707
715 9.66271819827 .37893012542235294117 .16672925518583529411 707
716 14.0496668628 .29578246026947368421 .20408989758593684210 707
717 11.0450028748 1.29941210291764705882 .57174132528376470588 707
718 13.0011698966 1.13053651274782608695 .79137555892347826086 707
719 7.91529253527 2.26151215293428571428 1.06291071187911428571 707
720 4.98380319568 .35598594254857142857 .08899648563714285714 707
721 8.04746599328 .39255931674536585365 .20020525154013658536 707
722 6.98786025349 .21837063292156250000 .06987860253490000000 707
723 11.2523290657 .24730393550989010989 .10139461355905494505 707
724 13.2513807963 4.41712693210000000000 2.25273473537100000000 707
725 13.1382935057 1.25126604816190476190 .86337357323171428571 707
726 8.11990931754 .17845954544043956043 .07495300908498461538 707
727 8.71096076557 .44671593669589743589 .32610263378800512819 707
728 8.42123522164 .34372388659755102040 .18561089876267755101 707
729 12.4258927557 .48728991198823529411 .32648424103211764705 707
730 10.9727037994 .29655956214594594594 .21055728912362162161 707
731 12.688645878 .87507902606896551724 .52504741564137931034 707
732 10.7962237273 .37228357680344827586 .25315283222634482758 707
733 11.4457666232 1.27175184702222222222 .36880803563644444444 707
734 13.2321462639 .38918077246764705882 .10897061629094117646 707
735 8.57775246453 .38989783929681818181 .24563563875699545454 707
736 8.13391687482 .19838821645902439024 .13490398719213658536 707
737 10.4747758245 .52373879122500000000 .28805633517375000000 707
738 13.2284830255 .31496388155952380952 .11023735854583333333 707
739 1.78546947768 .09651186365837837837 .04343033864627027026 707
740 11.8804238135 .44001569679629629629 .29041035988555555555 707
741 9.49712339495 .29221918138307692307 .08474356260109230769 707
742 6.92266039442 .40721531731882352941 .17510258644709411764 707
743 8.77735831304 .19081213724000000000 .09349794724760000000 707
744 7.50474426024 .28319789661283018867 .19823852762898113206 707
745 12.2837982259 .47245377791923076923 .19370604894688461538 707
746 14.413186779 .36489080453164556962 .24447683903620253164 707
747 6.88373327619 .14964637556934782608 .05087976769357826086 707
748 11.5950533309 .33608850234492753623 .14787894103176811594 707
749 12.6849607966 1.40944008851111111111 .95841926018755555555 707
750 12.7924709929 .31201148763170731707 .14040516943426829268 707
751 7.69826050903 .53091451786413793103 .13803777464467586206 707
752 10.4886875384 .21405484772244897959 .09418413299787755101 707
753 9.61912121425 .43723278246590909090 .31480760337545454544 707
754 10.5757638889 .51589092140975609756 .38175928184321951219 707
755 13.1368283908 .41704217113650793650 .30861120664101587301 707
756 6.36572218411 .42438147894066666666 .16126496199745333333 707
757 13.6815164554 1.14012637128333333333 .36484043881066666666 707
758 15.1971946244 .98046416931612903225 .48042744296490322580 707
759 10.2399887424 .29257110692571428571 .15506268667062857142 707
760 12.3006452203 .32801720587466666666 .15088791470234666666 707
761 13.4695441646 1.68369302057500000000 1.24593283522550000000 707
762 9.58055790697 .22810852159452380952 .15283270946833095237 707
763 10.5906643498 .23276185384175824175 .08612188592145054944 707
764 12.0213156481 .24786217831134020618 .09914487132453608247 707
765 9.85339768821 19.70679537642000000000 13.20355290220140000000 707
766 7.64848021395 .44991060082058823529 .13947228625438235293 707
767 10.3623292232 2.30273982737777777777 1.22045210851022222221 707
768 7.44558306253 .24818610208433333333 .15883910533397333333 707
769 10.5779768004 .96163425458181818181 .58659689529490909090 707
770 7.44865874094 .18621646852350000000 .11731637516980500000 707
771 7.67757594949 .19193939873725000000 .08637272943176250000 707
772 12.2096364248 .51955899680000000000 .26497508836800000000 707
773 13.8976967204 .52444138567547169811 .19928772655667924528 707
774 12.0876496724 .53722887432888888888 .21489154973155555555 707
775 9.95416569037 .51047003540358974358 .20929271451547179486 707
776 5.52151619595 .29060611557631578947 .21214246437071052631 707
777 14.5703099278 2.64914725960000000000 1.69545424614400000000 707
778 14.09128138 .47767055525423728813 .19106822210169491525 707
779 11.1619605956 1.31317183477647058823 .90608856599576470587 707
780 6.68441511414 .20567431120430769230 .15014224717914461537 707
781 12.2200582691 .74060959206666666666 .22958897354066666666 707
782 9.29505366327 2.65572961807714285714 1.69966695556937142856 707
783 11.506350343 .23724433696907216494 .07354574446041237113 707
784 12.9222381401 .83369278323225806451 .51688952560399999999 707
785 9.52015823786 .26082625309205479452 .13562965160786849315 707
786 7.99191517527 .17373728641891304347 .07470703316013260869 707
787 13.921538637 .56822606681632653061 .37502920409877551020 707
788 10.1255520268 .21543727716595744680 .14218860292953191488 707
789 13.1770585832 .30292088697011494252 .19689857653057471263 707
790 8.31795669946 2.77265223315333333333 .94270175927213333333 707
791 7.84171071685 .38252247399268292682 .25629005757509756096 707
792 10.5947746509 1.00902615722857142857 .64577674062628571428 707
793 10.8911740302 .26563839098048780487 .18063410586673170731 707
794 7.96289553115 .16250807206428571428 .06337814810507142856 707
795 10.7292258393 .55021670970769230769 .37414736260123076922 707
796 8.89395174356 .36301843851265306122 .13431682224968163265 707
797 8.74299565004 .69943965200320000000 .30775344688140800000 707
798 11.2215267233 .27039823429638554216 .13519911714819277108 707
799 12.150452092 .44183462152727272727 .27835581156218181818 707
800 11.4228367922 .91382694337600000000 .58484924376064000000 707
801 8.2672862109 .24315547679117647058 .17993505282547058822 707
802 11.3731518968 .22746303793600000000 .06368965062208000000 707
803 11.2570209572 .66217770336470588235 .25162752727858823529 707
804 10.218599325 .92896357500000000000 .53879887350000000000 707
805 6.06409080606 .13940438634620689655 .08364263180772413793 707
806 8.47711475711 3.39084590284400000000 2.13623291879172000000 707
807 8.98090497946 2.24522624486500000000 1.05525633508655000000 707
808 7.76994335941 1.03599244792133333333 .42475690364774666666 707
809 5.3178383984 1.32945959960000000000 .89073793173200000000 708,709,710,711,712,713,714,715,716,717,718,719,720,721,722,723,724,725,726,727,728,729,730,731,732,733,734,735,736,737,738,739,740,741,742,743,744,745,746,747,748,749,750,751,752,753,754,755,756,757,758,759,760,761,762,763,764,765,766,767,768,769,770,771,772,773,774,775,776,777,778,779,780,781,782,783,784,785,786,787,788,789,790,791,792,793,794,795,796,797,798,799,800,801,802,803,804,805,806,807
810 10.5100010379 26.27500259475000000000 10.24725101195250000000 808
811 11.0954796612 110.95479661200000000000 34.39598694972000000000 808
812 10.1543595891 20.30871917820000000000 7.92040047949800000000 808
813 11.3043086883 22.60861737660000000000 9.26953312440600000000 808
814 11.0687743631 27.67193590775000000000 12.45237115848750000000 808
815 11.5388539426 .57694269713000000000 .35770447222060000000 808
816 11.3960291842 .27460311287228915662 .19496821013932530120 808
817 10.276198065 2.05523961300000000000 1.27424856006000000000 808
818 7.62715513067 .43583743603828571428 .28329433342488571428 808
819 14.7362349523 .30383989592371134020 .17622713963575257731 808
820 9.97054083663 .20348042523734693877 .10174021261867346938 808
821 6.53735380903 .13619487102145833333 .09261251229459166666 808
822 11.5395810203 .72122381376875000000 .35339966874668750000 808
823 12.6233225103 .60111059572857142857 .28853308594971428571 808
824 5.32430269319 .19719639604407407407 .04929909901101851851 808
825 8.30687664915 .69223972076250000000 .42918862687275000000 808
826 9.58023827566 .20826604947086956521 .12079430869310434782 808
827 13.1257062952 1.00966971501538461538 .31299761165476923076 808
828 5.92987876613 .14463118941780487804 .05062091629623170731 808
829 10.619749809 1.24938233047058823529 .76212322158705882352 808
830 10.4505286975 .30736849110294117647 .19364214939485294117 808
831 10.4324912773 .41729965109200000000 .17526585345864000000 808
832 10.4606839125 .45481234402173913043 .21830992513043478260 808
833 7.74965580497 .81575324262842105263 .41603415374049473684 808
834 8.46361535645 1.88080341254444444444 .62066512613966666666 808
835 10.3283138664 .51641569332000000000 .15492470799600000000 808
836 10.0252512339 2.22783360753333333333 .93569011516399999999 808
837 10.0131717148 .91028833770909090909 .41873263534618181818 808
838 7.51669167451 .25055638915033333333 .10022255566013333333 808
839 9.8620392532 .33430641536271186440 .24404368321477966101 808
840 9.08554525067 .58616420972064516129 .28135882066590967741 808
841 8.46444297581 .21985566170935064935 .05716247204443116883 808
842 12.5232246748 .42451609067118644067 .31414190709667796609 808
843 10.4635546331 .32698608228437500000 .18965192772493750000 808
844 6.79694988781 .24274821027892857142 .06796949887809999999 808
845 11.5970853809 .30122299690649350649 .15061149845324675324 808
846 6.6646511094 .15681532022117647058 .06272612808847058823 808
847 5.08073372896 .18145477603428571428 .08709829249645714285 808
848 12.0018976436 .30774096522051282051 .11386415713158974358 808
849 14.4588204474 .48196068158000000000 .30845483621120000000 808
850 14.9613164459 .49053496543934426229 .20602468548452459016 808
851 8.89916130788 .26967155478424242424 .16180293287054545454 808
852 14.5895148988 1.04210820705714285714 .47936977524628571428 808
853 14.7935347251 14.79353472510000000000 7.84057340430300000000 808
854 10.3121662688 .25462138935308641975 .08657127238004938271 808
855 8.33619154525 .37891779751136363636 .10988616127829545454 808
856 10.3309104791 .25197342631951219512 .08567096494863414634 808
857 10.6022344822 .24372952832643678160 .11211558303016091953 808
858 15.1256942282 .43842591965797101449 .19729166384608695652 808
859 12.0172553584 4.80690214336000000000 2.83607226458240000000 808
860 9.18730183511 2.04162263002444444444 .81664905200977777777 808
861 13.3628851885 1.57210413982352941176 1.00614664948705882352 808
862 8.30689370651 .42599454905179487179 .29819618433625641025 808
863 7.71638454526 .22366332015246376811 .15209105770367536231 808
864 9.79041278059 .47758111124829268292 .11939527781207317073 808
865 12.2101475594 .61050737797000000000 .17704713961130000000 808
866 6.55718304376 .27902906569191489361 .14509511415979574467 808
867 6.48749235017 .21624974500566666666 .05838743115152999999 808
868 10.0945589228 .74774510539259259259 .38882745480414814814 808
869 11.3537993152 .52808368907906976744 .35381607168297674418 808
870 9.65028317146 .40209513214416666666 .29352944646524166666 808
871 11.6936832821 .54389224567906976744 .13597306141976744186 808
872 9.28020257547 .18747883990848484848 .11811166914234545454 808
873 11.5999208056 .92799366444800000000 .47327676886848000000 808
874 9.22542279107 .48554856795105263157 .26705171237307894736 808
875 7.70551703213 .57077903941703703703 .14269475985425925925 808
876 11.9996351499 .48978102652653061224 .35754014936436734693 808
877 10.3371959259 1.08812588693684210526 .58758797894589473684 808
878 10.0003763768 .80003011014400000000 .23200873194176000000 808
879 6.21380495662 .31069024783100000000 .08699326939268000000 808
880 9.67872949429 .39505018344040816326 .24098061189864897958 808
881 10.8867923323 .80642906165185185185 .31450733404422222222 808
882 9.94262045844 .26513654555840000000 .07688959821193600000 808
883 6.49001297232 .22379355076965517241 .10070709784634482758 808
884 8.26128077594 1.10150410345866666666 .33045123103759999999 808
885 12.0664363233 .28729610293571428571 .10629955808621428571 808
886 9.86338534928 .20129357855673469387 .06441394513815510203 808
887 7.1952873436 .46421208668387096774 .32959058154554838709 808
888 14.1154784551 .78419324750555555555 .43914821860311111110 808
889 9.63539213243 .71373275055037037037 .28549310022014814814 808
890 8.03070802863 .22001939804465753424 .09240814717875616438 808
891 10.1887107338 .21911205879139784946 .14461395880232258064 808
892 8.35037947063 .57588823935379310344 .38584512036704137930 808
893 13.0007055297 .66670284767692307692 .18000976887276923076 808
894 10.1768499692 .22615222153777777777 .09498393304586666666 808
895 12.5978706502 .43440933276551724137 .23892513302103448275 808
896 13.0860718131 .87240478754000000000 .22682524476040000000 808
897 10.7674864863 .38455308879642857142 .12305698841485714285 808
898 9.42708457608 .33668159200285714285 .19527532336165714285 808
899 14.2338912243 .29653940050625000000 .09785800216706250000 808
900 10.3174252427 .85978543689166666666 .41269700970799999999 808
901 8.48880147331 .26119389148646153846 .08619398419053230769 808
902 3.95421182703 .08690575444021978021 .04692910739771868131 808
903 9.80363868338 .26143036489013333333 .07842910946703999999 808
904 4.87471347108 .10371730789531914893 .04148692315812765957 808
905 8.89053606886 .34864847328862745098 .15340532824699607843 808
906 12.9750556856 2.35910103374545454545 .68413929978618181818 808
907 11.4722839108 .43291637399245283018 .26840815187532075471 808
908 7.22270289706 1.60504508823555555555 .88277479852955555555 808
909 11.7526361579 .90404893522307692307 .38874104214592307692 808
910 13.8372884989 .35480226920256410256 .11708474883684615384 809,810,811,812,813,814,815,816,817,818,819,820,821,822,823,824,825,826,827,828,829,830,831,832,833,834,835,836,837,838,839,840,841,842,843,844,845,846,847,848,849,850,851,852,853,854,855,856,857,858,859,860,861,862,863,864,865,866,867,868,869,870,871,872,873,874,875,876,877,878,879,880,881,882,883,884,885,886,887,888,889,890,891,892,893,894,895,896,897,898,899,900,901,902,903,904,905,906,907,908
911 10.3375565622 25.84389140550000000000 10.59599547625500000000 909
912 3.2016206797 16.00810339850000000000 8.16413273323500000000 909
913 5.9136594205 59.13659420500000000000 15.96688043535000000000 909
914 8.28086299029 41.40431495145000000000 11.17916503689150000000 909
915 13.0672208332 65.33610416600000000000 41.16174562458000000000 909
916 8.18328343385 .32733133735400000000 .20621874253302000000 909
917 12.5726758854 1.32343956688421052631 .76759494879284210525 909
918 13.6038968476 1.51154409417777777777 1.01273454309911111110 909
919 11.0057018452 .42329622481538461538 .11852294294830769230 909
920 9.23968341542 .80345073177565217391 .40172536588782608695 909
921 9.40921546707 .42769161213954545454 .24806113504093636363 909
922 13.1580785537 .27412663653541666666 .11239192097952083333 909
923 11.9974237306 23.99484746120000000000 15.11675390055600000000 909
924 9.14360592821 1.66247380512909090909 .76473795035938181818 909
925 8.4640360965 .33192298417647058823 .17259995177176470587 909
926 9.26449851437 .84222713767000000000 .44638038296510000000 909
927 10.4625153024 .35466153567457627118 .18087738319403389830 909
928 8.75066947039 .87506694703900000000 .52504016822340000000 909
929 5.23787608186 .25550615033463414634 .14819356719408780487 909
930 8.79682517453 .30866053243964912280 .19445613543697894736 909
931 10.2302414895 1.36403219860000000000 .80477899717400000000 909
932 10.9556509626 .81152970093333333333 .43822603850399999999 909
933 11.14768383 .46448682625000000000 .17650499397500000000 909
934 6.18968082377 12.37936164754000000000 7.79899783795020000000 909
935 11.8737898429 .31663439581066666666 .23114310894178666666 909
936 5.8865976697 .17313522557941176470 .07964220376652941176 909
937 7.27530532601 .53891150563037037037 .14550610652019999999 909
938 11.9718514814 .36836466096615384615 .22101879657969230769 909
939 10.2300926651 .30537590045074626865 .20765561230650746268 909
940 13.2572303743 .37344310913521126760 .26141017639464788732 909
941 11.6162707066 1.16162707066000000000 .38333693331780000000 909
942 14.0531695728 .33459927554285714285 .14722368123885714285 909
943 7.17659452372 .30538700100936170212 .07634675025234042553 909
944 7.21063177247 .33537822197534883720 .19451936874570232557 909
945 10.5036954495 5.25184772475000000000 3.41370102108750000000 909
946 6.49667186352 .16041165095111111111 .09624699057066666666 909
947 12.9239386682 .34463836448533333333 .16198003130810666666 909
948 10.9401129576 .49727786170909090909 .32820338872799999999 909
949 13.3905903507 .35708240935200000000 .16068708420840000000 909
950 6.48312834028 .13648691242694736842 .09008136220178526315 909
951 9.63853836227 .96385383622700000000 .32771030431718000000 909
952 8.95018843907 .77827725557130434782 .26461426689424347825 909
953 4.65120281847 .11484451403629629629 .07924271468504444444 909
954 8.12787922845 .25399622588906250000 .16509754682789062500 909
955 8.9862150777 .39938733678666666666 .13978556787533333333 909
956 12.9652023962 1.72869365282666666666 .55318196890453333333 909
957 10.2073107625 .25203236450617283950 .09577229851234567901 909
958 6.51933923027 .62088945050190476190 .19247572965559047618 909
959 15.1979471128 3.03958942256000000000 1.94533723043840000000 909
960 8.29540856913 .21546515763974025974 .05817559256272987012 909
961 12.6669396829 .30894974836341463414 .19463834146895121950 909
962 12.8234184066 .49320840025384615384 .28606087214723076922 909
963 8.91482929878 2.22870732469500000000 .64632512416155000000 909
964 6.27995442056 .35885453831771428571 .19736999607474285714 909
965 5.23733155979 .20949326239160000000 .07960743970880800000 909
966 12.4842155536 .34203330283835616438 .20864031473139726027 909
967 7.39199598806 .28430753800230769230 .09382148754076153845 909
968 8.44050768287 .52753173017937500000 .24793991318430625000 909
969 7.88794671279 .37561651013285714285 .24415073158635714285 909
970 12.2497975233 .45369620456666666666 .13610886136999999999 909
971 13.0338827842 .29289624234157303370 .17573774540494382022 909
972 11.4394248789 .60207499362631578947 .31909974662194736841 909
973 11.6215584053 23.24311681060000000000 14.87559475878400000000 909
974 17.1776100925 .47061945458904109589 .12706725273904109589 909
975 6.30115774519 .22109325421719298245 .12602315490379999999 909
976 6.52270898393 .16942101256961038961 .11351207842163896103 909
977 16.3347562924 .43559350113066666666 .18730520548618666666 909
978 10.3179401254 .40462510295686274509 .13757253500533333333 909
979 15.2188311574 2.34135863960000000000 .79606193746400000000 909
980 13.1657257192 .64223052288780487804 .19266915686634146341 909
981 12.1202369244 .57715413925714285714 .23086165570285714285 909
982 6.86605944224 .15090240532395604395 .10110461156705054944 909
983 7.3555090668 1.22591817780000000000 .80910599734800000000 909
984 9.81250224369 4.90625112184500000000 2.35500053848560000000 909
985 14.907233617 2.29342055646153846153 1.58246018395846153845 909
986 5.79091347463 .12588942336152173913 .08812259635306521739 909
987 12.195619571 6.09780978550000000000 2.19521152278000000000 909
988 7.45981727928 .57383209840615384615 .37872918494806153845 909
989 12.1416353134 .41158085808135593220 .23871689768718644067 909
990 9.02746153653 .32827132860109090909 .09848139858032727272 909
991 10.3835928757 .21632485157708333333 .06922395250466666666 909
992 11.2373604403 .46822335167916666666 .29498071155787499999 909
993 5.45821703554 .18502430628949152542 .05550729188684745762 909
994 6.92664486951 .25654240257444444444 .16675256167338888888 909
995 6.52825024828 .18652143566514285714 .11564329011238857142 909
996 8.94564362013 .57713829807290322580 .26548361711353548386 909
997 11.8526108405 .27564211256976744186 .17089810979325581395 909
998 10.9308226322 .99371114838181818181 .28817623303072727272 909
999 12.1282975977 1.42685854090588235294 .74196644127105882352 909
1000 9.33063829957 .27045328404550724637 .10277224793729275362 909
1001 9.80447631288 .38448926717176470588 .14995081419698823529 909
1002 6.46716669066 .22691812949684210526 .16565023453269473683 909
1003 8.03876190366 .51862980023612903225 .32673677414876129031 909
1004 5.1085134099 .17316994609830508474 .10909706604193220338 909
1005 15.2728984804 .45590741732537313432 .32825334047426865671 909
1006 13.3781859437 .27871220716041666666 .12820761529379166666 909
1007 10.1045874966 .57740499980571428571 .35799109987954285714 909
1008 11.448182403 .38807397976271186440 .20955994907186440677 909
1009 9.65564166407 .36436383638000000000 .13117098109680000000 909
1010 11.077792119 .58304169047368421052 .30318167904631578947 909
1011 9.92031998485 .31493079316984126984 .22045155521888888888 910,911,912,913,914,915,916,917,918,919,920,921,922,923,924,925,926,927,928,929,930,931,932,933,934,935,936,937,938,939,940,941,942,943,944,945,946,947,948,949,950,951,952,953,954,955,956,957,958,959,960,961,962,963,964,965,966,967,968,969,970,971,972,973,974,975,976,977,978,979,980,981,982,983,984,985,986,987,988,989,990,991,992,993,994,995,996,997,998,999,1000,1001,1002,1003,1004,1005,1006,1007,1008,1009
