1 2.1266358403 .05250952692098765432 .02730495399891358024 
2 2.51395663837 5.02791327674000000000 2.76535230220700000000 0
3 2.63421860512 6.58554651280000000000 4.01718337280800000000 0
4 1.52121761032 3.80304402580000000000 1.63530893109400000000 0
5 1.99300494253 6.64334980843333333333 3.45454190038533333333 0
6 1.49876288644 2.99752577288000000000 1.85846597918560000000 0
7 1.85467502949 .61822500983000000000 .45130425717590000000 0
8 2.39523857659 .05151050702344086021 .03193651435453333333 0
9 2.01916343962 .20191634396200000000 .08682402790366000000 0
10 1.79258989153 .16296271741181818181 .05540732392001818181 0
11 2.47288103189 .07167771106927536231 .02078653621008985506 0
12 2.51316143543 .17951153110214285714 .08796065024004999999 0
13 2.24422562355 .05610564058875000000 .02188119982961250000 0
14 2.23368961916 .04605545606515463917 .02486994627518350515 0
15 1.13528675966 .02910991691435897435 .00844187590516410256 0
16 2.1055685338 .30079550482857142857 .11129433678657142857 0
17 2.78389437903 .05860830271642105263 .01934073989641894736 0
18 1.80199412314 .04870254386864864864 .02094209386351891891 0
19 1.47641668607 .11357051431307692307 .04088538515270769230 0
20 2.23486289159 .08126774151236363636 .03088174177469818181 0
21 1.45095009943 .20727858563285714285 .13473108066135714285 0
22 2.03483443731 .45218543051333333333 .12661192054373333333 0
23 2.89558555167 .06434634559266666666 .04568590537079333332 0
24 2.48140411336 2.48140411336000000000 .62035102834000000000 0
25 1.70123887446 .13086452880461538461 .03925935864138461538 0
26 2.34187927789 .07318372743406250000 .03220084007098750000 0
27 2.59888074659 .09625484246629629629 .02983900116455185184 0
28 1.96852317937 .04374495954155555555 .01968523179369999999 0
29 2.41730338862 .10072097452583333333 .06143979446075833333 0
30 2.0108368295 .04189243394791666666 .02345976301083333332 0
31 1.84499513798 .04730756764051282051 .01986917840901538461 0
32 2.36087268839 .04867778738948453608 .02385211582084742267 0
33 1.52706727138 .07831114212205128205 .03993868248224615384 0
34 1.10579486862 .04807803776608695652 .01586575246280869565 0
35 0.993155530226 .02047743361290721649 .01167213715935711339 0
36 0.970180000852 .02622108110410810810 .01075064325268432432 0
37 1.48683345202 .05830719419686274509 .03673353234402352940 0
38 1.73357084858 .06798317053254901960 .04554872425680784313 0
39 1.90856040575 .07634241623000000000 .02137587654440000000 0
40 1.73072495475 3.46144990950000000000 2.35378593846000000000 0
41 0.884219788104 .02009590427509090909 .00823932075278727272 0
42 2.02615628966 .05002855036197530864 .03151798672804444444 0
43 1.81454404563 .13441067004666666666 .08333461542893333332 0
44 1.8507471511 .10281928617222222222 .03393036443683333333 0
45 2.12503944144 .05312598603600000000 .02709425287836000000 0
46 2.51213328229 .06789549411594594594 .03530565694029189188 0
47 1.16151155606 .04075479144070175438 .01670946449068771929 0
48 2.13156075822 .05536521449922077922 .02989721582957922077 0
49 2.20038854095 .04836018771318681318 .03288492764496703296 0
50 1.95496017104 .05585600488685714285 .03407216298098285713 0
51 2.10981648243 .05409785852384615384 .02975382218811538461 0
52 2.62253057902 .08889934166169491525 .03111476958159322033 0
53 2.04576753275 .04597230410674157303 .02298615205337078651 0
54 1.71080236442 .13686418915360000000 .03558468917993600000 0
55 2.67726801169 .06299454145152941176 .03590688862737176470 0
56 1.47193288863 .03003944670673469387 .01832406249110816326 0
57 1.57239613083 .04492560373800000000 .03189717865398000000 0
58 2.49677204678 .05095453156693877551 .01324817820740408163 0
59 1.92517540764 .32086256794000000000 .09946739606140000000 0
60 1.34185934282 .06709296714100000000 .04159763962742000000 0
61 2.26647956299 .06295776563861111111 .02014648500435555555 0
62 1.75575598248 .04230737307180722891 .01523065430585060240 0
63 1.77490707208 .06960419890509803921 .02505751160583529411 0
64 2.09258222487 .05297676518658227848 .01589302955597468354 0
65 2.48216858196 .05337996950451612903 .03309558109279999999 0
66 1.80961685768 .08042741589688888888 .02975814388184888888 0
67 2.33940123617 2.33940123617000000000 .67842635848930000000 0
68 2.89798827961 .06983104288216867469 .04469186744458795180 0
69 1.80586900058 .04571820254632911392 .02011600912038481012 0
70 2.24750158138 .09563836516510638297 .03921172971769361701 0
71 3.28259209245 .07815695458214285714 .03126278183285714285 0
72 2.77863490248 .12923883267348837209 .05169553306939534883 0
73 2.20344372647 .06677102201424242424 .02737611902583939393 0
74 2.02157348953 .06034547729940298507 .03077619342269552238 0
75 1.46376961051 .58550784420400000000 .23420313768160000000 0
76 2.04551623099 .07305415110678571428 .03506599253125714285 0
77 1.96923456214 .05049319390102564102 .03534523573071794871 0
78 3.1620861072 .08213210668051948051 .03778076907303896103 0
79 2.49923178299 .06022245260216867469 .01927118483269397590 0
80 2.65905765877 .12367710040790697674 .03957667213053023255 0
81 1.26127204426 .04759517148150943396 .02094187545186415094 0
82 1.27806518879 .10650543239916666666 .04686239025563333333 0
83 1.98260753951 .05507243165305555555 .01486955654632499999 0
84 1.78301954783 3.56603909566000000000 2.60320853983180000000 0
85 1.39048635899 .03310681807119047619 .02085729538484999999 0
86 1.94692667223 .04278959719186813186 .02866903011855164834 0
87 2.37258578764 .07189653901939393939 .04026206185086060605 0
88 1.89970024034 .05134324973891891891 .01386267742950810810 0
89 1.51344332748 .04263220640788732394 .01705288256315492957 0
90 1.94447986333 .15555838906640000000 .09177944954917600000 0
91 2.0486889188 .05853396910857142857 .02516960671668571428 0
92 2.53708383793 .07688132842212121212 .03075253136884848484 0
93 2.82044377893 .09896293961157894736 .03859554644851578947 0
94 1.94683251087 .04691162676795180722 .02111023204557831324 0
95 1.73807640035 .43451910008750000000 .13035573002625000000 0
96 2.70485224856 .06440124401333333333 .03606469664746666666 0
97 1.94314396526 .04518939454093023255 .01717196992555348836 0
98 2.14472862227 .05295626227827160493 .03495113310365925925 0
99 1.2052838834 .02739281553181818181 .01040926990209090908 0
100 2.54158711975 .13376774314473684210 .09898812992710526315 0
101 2.26567314053 .05269007303558139534 .02476433432672325580 0
102 1.70551848945 .08976413102368421052 .03051980454805263157 0
103 1.74520246392 .11634683092800000000 .06864463024752000000 0
104 2.42605602384 .14270917787294117647 .09561514917487058823 0
105 0.93999638605 .02575332564520547945 .01545199538712328767 0
106 1.84090817993 .07513910938489795918 .03606677250475102040 0
107 2.5287865173 .12041840558571428571 .03853388978742857142 0
108 1.26477092598 .06022718695142857142 .02649996225862857142 0
109 2.09806141331 .06878889879704918032 .03852178332634754097 0
110 2.69760348231 .09809467208400000000 .03825692211276000000 0
111 1.87575863947 .04936206945973684210 .01579586222711578947 0
112 2.30408960832 .65831131666285714285 .37523745049782857142 0
113 1.93723787717 .19372378771700000000 .04843094692925000000 0
114 2.98171364676 .06776621924454545454 .02439583892803636363 0
115 1.95956406268 .30147139425846153846 .20500054809575384615 0
116 2.68464307218 .28259400759789473684 .16107858433079999999 0
117 1.36977476022 .09131831734800000000 .05113825771488000000 0
118 1.99869139853 .06553086552557377049 .03211012410753114754 0
119 1.31330470624 .06108393982511627906 .04459127607233488371 0
120 0.964389917159 .03936285376159183673 .01456425589178897959 0
121 2.0082126355 .06179115801538461538 .04572545693138461538 0
122 2.25040240035 .06924315078000000000 .03115941785100000000 0
123 1.70262220149 .03474739186714285714 .01563632634021428571 0
124 2.52378628287 .10301168501510204081 .06386724470936326530 0
125 2.3183719022 .11591859511000000000 .06375522731050000000 0
126 2.19244491443 .04429181645313131313 .01240170860687676767 0
127 2.09184277434 .05363699421384615384 .03110945664403076922 0
128 2.21424799362 .07029358709904761904 .04287908813041904761 0
129 1.80458094213 1.20305396142000000000 .57746590148160000000 0
130 2.65067411882 .08985335996000000000 .05840468397400000000 0
131 2.84536315051 .06694972118847058823 .04686480483192941176 0
132 2.36622097669 .78874032556333333333 .38648275952603333333 0
133 1.76540262788 .04153888536188235294 .02783105319246117646 0
134 1.9684069442 .05320018768108108108 .02872810134778378378 0
135 1.40506723018 .07594958000972972972 .03265831940418378377 0
136 2.30132105564 .06304989193534246575 .03215544488702465753 0
137 2.12156256299 .42431251259800000000 .22912875680292000000 0
138 1.89915311709 .06029057514571428571 .02773366456702857142 0
139 2.36411290608 4.72822581216000000000 2.08041935735040000000 0
140 3.01481852467 .50246975411166666666 .24118548197359999999 0
141 1.78757885381 .07010113152196078431 .03925663365229803921 0
142 3.07588303049 .13088863959531914893 .06544431979765957446 0
143 2.17512209675 .07500421023275862068 .03075172619543103447 0
144 1.95072811039 .11822594608424242424 .05083715681622424242 0
145 1.52394268289 .03463506097477272727 .02562994512133181817 0
146 1.49891696406 .03526863444847058823 .01904506260217411764 0
147 1.9773588983 .19773588983000000000 .08700379152520000000 0
148 1.59273431562 .07963671578100000000 .02866921768116000000 0
149 0.976842964808 .02751670323402816901 .01788585710211830985 0
150 2.62522272593 .05769720276769230769 .01788613285798461538 0
151 2.03857197576 .06910413477152542372 .01796707504059661016 0
152 1.85810265163 .08642337914558139534 .02333431236930697674 0
153 2.06784330256 .37597150955636363636 .11655116796247272727 0
154 1.83679903292 .08746662061523809523 .02536531997841904761 0
155 2.5546530778 .06010948418352941176 .04267773377030588234 0
156 1.71866020464 .03507469805387755102 .01192539733831836734 0
157 1.5237728997 .03174526874375000000 .01142829674775000000 0
158 2.58627777776 .05877904040363636363 .01704592171705454545 0
159 1.37145546618 .03014187837758241758 .01657803310767032966 0
160 1.681588759 .03695799470329670329 .01921815724571428571 0
161 1.52188772908 1.01459181938666666666 .44642040053013333333 0
162 1.53639537925 .03376693141208791208 .01823414296252747252 0
163 2.09661003201 .23295667022333333333 .06289830096029999999 0
164 1.30946387923 .09353313423071428571 .03741325369228571428 0
165 1.95188094259 .06099627945593750000 .01890884663134062500 0
166 2.05197705818 .14151565918482758620 .05802142026577931034 0
167 2.22240706654 .05772485887116883116 .04040740120981818181 0
168 2.03635398869 4.07270797738000000000 2.64726018529700000000 0
169 2.21945363112 .09058994412734693877 .03895367597475918367 0
170 2.15720117634 .06252757032869565217 .03376488797749565217 0
171 1.48063473668 .03748442371341772151 .01499376948536708860 0
172 1.56636802745 .31327360549000000000 .12217670614110000000 0
173 2.39903751871 .47980750374200000000 .30707680239488000000 0
174 2.46203442315 .22382131119545454545 .12757814738140909090 0
175 2.34659265879 .07333102058718750000 .01979937555854062500 0
176 1.63501273662 .04418953342216216216 .02474613871641081080 0
177 2.17190838121 .04524809127520833333 .03348358754365416666 0
178 1.77524667994 .10144266742514285714 .05275018706107428571 0
179 1.53925511418 .08320297914486486486 .03494525124084324324 0
180 1.79644409806 .25663487115142857142 .14884822526782857142 0
181 1.19513905395 .03515114864558823529 .02601184999773529411 0
182 2.58995542068 .57554564904000000000 .33381647644320000000 0
183 2.90034474473 .82866992706571428571 .44748176061548571428 0
184 2.79009457351 .05752772316515463917 .02243581203441030927 0
185 2.03613593031 .10180679651550000000 .07533702942147000000 0
186 1.76920495672 .05616523672126984126 .03482244676718730158 0
187 2.62375364489 .65593841122250000000 .30829105327457500000 0
188 2.29012660182 .05797788865367088607 .02377093434800506328 0
189 2.23980348801 .08614628800038461538 .06030240160026923076 0
190 2.23111182285 .11155559114250000000 .06358668695122500000 0
191 1.0679482389 .02373218308666666666 .01518859717546666666 0
192 1.6008600149 .03406085138085106382 .01907407677327659573 0
193 2.27735126659 .10351596666318181818 .07556665566412272727 0
194 2.33848494348 2.33848494348000000000 .84185457965280000000 0
195 2.11206852069 .09386971203066666666 .06383140418085333332 0
196 1.41244233115 .03070526806847826086 .01903726620245652173 0
197 2.34429712427 .08372489729535714285 .03265270994518928571 0
198 2.51400920254 .07856278757937500000 .04556641679603750000 0
199 1.80380381793 .05550165593630769230 .03829614259605230768 0
200 2.27751551178 .08435242636222222222 .03374097054488888888 0
201 2.12948707173 .13309294198312500000 .05190624737341875000 0
202 1.89035967662 .07715753782122448979 .02083253521173061224 0
203 2.74536154147 2.74536154147000000000 1.26286630907620000000 0
204 2.09299476971 .83719790788400000000 .45208687025736000000 0
205 1.93427958211 .07895018702489795918 .05842313839842448979 0
206 2.36518586909 .18193737454538461538 .08732993978178461538 0
207 1.37247483837 .06238521992590909090 .02245867917332727272 0
208 2.50496850646 .07952280972888888888 .02942343959968888888 0
209 1.59677945453 .11405567532357142857 .03535725935030714285 0
210 1.69937036977 .06536039883730769230 .02614415953492307692 0
211 2.09966100447 .08398644017880000000 .03107498286615600000 0
212 1.52035300542 .04054274681120000000 .02554193049105600000 0
213 1.80315833732 .09015791686600000000 .03786632508372000000 0
214 2.46260559173 .09120761450851851851 .03557096965832222221 0
215 2.12037312126 .10343283518341463414 .03827014901786341463 0
216 2.20369118194 .13773069887125000000 .08952495426631250000 0
217 1.75123524191 .20602767551882352941 .07829051669715294117 0
218 2.59210042877 2.59210042877000000000 .85539314149410000000 0
219 2.34298363535 .08677717167962962962 .03123978180466666666 0
220 1.32400132483 .52960052993200000000 .30187230206124000000 0
221 2.03300964826 .27106795310133333333 .15450873326775999999 0
222 1.82017042756 1.82017042756000000000 .49144601544120000000 0
223 1.75309416794 .04938293430816901408 .01530870963553239436 0
224 1.63688908408 .10560574736000000000 .04963470125920000000 0
225 1.83758139036 .04375193786571428571 .02843875961271428571 0
226 1.83885726383 .03871278450168421052 .02632469346114526315 0
227 2.63915156125 .11996143460227272727 .06477917468522727272 0
228 2.69688526161 .10576020633764705882 .02961285777454117646 0
229 2.04931379082 .07318977824357142857 .04464576472857857142 0
230 2.10554640179 .07387882111543859649 .05171517478080701754 0
231 2.06354997969 .04535274680637362637 .01269876910578461538 0
232 1.98366516838 .56676147668000000000 .15302559870360000000 0
233 1.28709554975 .06129026427380952380 .03309674270785714285 0
234 1.77272617107 .35454523421400000000 .11345447494848000000 0
235 2.30563745389 4.61127490778000000000 2.30563745389000000000 0
236 2.67915989892 .05700340210468085106 .01995119073663829787 0
237 2.23177394263 .44635478852600000000 .27227642100086000000 0
238 1.88696943555 .03890658630000000000 .02567834695800000000 0
239 2.79010003216 1.86006668810666666666 1.15324134662613333332 0
240 2.06777983919 .29539711988428571428 .20087004152131428571 0
241 2.0745918616 .04461487874408602150 .01963054664739784946 0
242 1.33137043413 .07831590789000000000 .04855586289180000000 0
243 1.92499132794 1.92499132794000000000 .86624609757300000000 0
244 2.08727189898 .04854120695302325581 .03009554831087441860 0
245 1.22990780243 .03617375889500000000 .02351294328175000000 0
246 1.50925604733 .04505241932328358208 .02252620966164179104 0
247 1.92035790718 .08931897242697674418 .06252328069888372092 0
248 1.87991982727 .06596209920245614035 .03957725952147368421 0
249 2.18265237034 .06419565795117647058 .03466565529363529411 0
250 2.93204622738 .17769977135636363636 .09773487424599999999 0
251 1.84895554983 .05519270298000000000 .03863489208600000000 0
252 2.05690381182 .06856346039400000000 .03085355717730000000 0
253 1.73793356502 .16551748238285714285 .08110356636759999999 0
254 1.47911003059 .07784789634684210526 .05682896433319473683 0
255 1.66723729787 .05749094130586206896 .01494764473952413792 0
256 2.18543184359 .05330321569731707317 .02611857569168536585 0
257 1.08952614796 .03301594387757575757 .02443179846940606060 0
258 2.70474499528 .23519521698086956521 .15993274754699130434 0
259 1.7516933971 .04379233492750000000 .01401354717680000000 0
260 1.7614013576 .14091210860800000000 .10427496036992000000 0
261 2.42927978731 .05281043015891304347 .01425881614290652173 0
262 0.906595472691 .02483823212852054794 .01316426302811589040 0
263 2.22973961006 .05125838184045977011 .01281459546011494252 0
264 2.16407736264 .05694940428000000000 .02562723192600000000 0
265 1.86347701682 .04840200043688311688 .02662110024028571428 0
266 2.5050374344 .20040299475200000000 .14829821611648000000 0
267 2.0792290875 .06600727261904761904 .02904319995238095237 0
268 1.34974871859 .15879396689294117647 .07304522477075294117 0
269 1.98130189699 .04661886816447058823 .02330943408223529411 0
270 1.78742344323 .05585698260093750000 .01452281547624375000 0
271 2.47815146141 .13395413304918918918 .08305156249049729729 0
272 1.56150676534 .06373497001387755102 .02166988980471836734 0
273 1.6392915329 .09107175182777777777 .06648237883427777777 0
274 0.998632214064 .01997264428128000000 .00958686925501440000 0
275 2.05643224553 .14688801753785714285 .07050624841817142856 0
276 2.30847869648 .05187592576359550561 .01919409253253033707 0
277 1.52180869004 .03105732020489795918 .01614980650654693877 0
278 1.9822924132 .09439487681904761904 .05663692609142857142 0
279 1.93057806689 .03900157710888888888 .02262091472315555555 0
280 1.76293765398 .07501862357361702127 .04501117414417021276 0
281 2.22463321115 .04586872600309278350 .01559536684105154639 0
282 2.16914379053 .08506446237372549019 .04593480968181176470 0
283 1.48125454568 .04232155844800000000 .03047152208256000000 0
284 2.0490929187 .13219954314193548387 .06213378527670967741 0
285 1.62180236778 .06619601501142857142 .04766113080822857142 0
286 2.47927489692 .20660624141000000000 .14049224415880000000 0
287 1.97775976327 .06819861252655172413 .02318752825902758620 0
288 1.55871782662 .05110550251213114754 .01277637562803278688 0
289 1.89442068678 .18944206867800000000 .07577682747120000000 0
290 1.83891592919 .10817152524647058823 .04435032535105294117 0
291 1.97047237651 .78818895060400000000 .44138581233824000000 0
292 2.12420682467 .05244955122641975308 .01783284741698271604 0
293 2.14170480857 .10708524042850000000 .07174711108709500000 0
294 2.6860775882 .07162873568533333333 .04440981612490666666 0
295 1.64212526388 .05297178270580645161 .02966419831525161290 0
296 2.32919974887 .05972307048384615384 .01911138255483076922 0
297 2.09767526309 .08390701052360000000 .03691908463038400000 0
298 1.83660152558 .05565459168424242424 .02894038767580606060 0
299 1.81212522504 .09292949872000000000 .04367686439840000000 0
300 2.47370226341 .10307092764208333333 .06905752152019583333 0
301 2.20597200398 .05514930009950000000 .02812614305074500000 0
302 2.46950302666 .06498692175421052631 .02599476870168421052 1,2,3,4,5,6,7,8,9,10,11,12,13,14,15,16,17,18,19,20,21,22,23,24,25,26,27,28,29,30,31,32,33,34,35,36,37,38,39,40,41,42,43,44,45,46,47,48,49,50,51,52,53,54,55,56,57,58,59,60,61,62,63,64,65,66,67,68,69,70,71,72,73,74,75,76,77,78,79,80,81,82,83,84,85,86,87,88,89,90,91,92,93,94,95,96,97,98,99,100,101,102,103,104,105,106,107,108,109,110,111,112,113,114,115,116,117,118,119,120,121,122,123,124,125,126,127,128,129,130,131,132,133,134,135,136,137,138,139,140,141,142,143,144,145,146,147,148,149,150,151,152,153,154,155,156,157,158,159,160,161,162,163,164,165,166,167,168,169,170,171,172,173,174,175,176,177,178,179,180,181,182,183,184,185,186,187,188,189,190,191,192,193,194,195,196,197,198,199,200,201,202,203,204,205,206,207,208,209,210,211,212,213,214,215,216,217,218,219,220,221,222,223,224,225,226,227,228,229,230,231,232,233,234,235,236,237,238,239,240,241,242,243,244,245,246,247,248,249,250,251,252,253,254,255,256,257,258,259,260,261,262,263,264,265,266,267,268,269,270,271,272,273,274,275,276,277,278,279,280,281,282,283,284,285,286,287,288,289,290,291,292,293,294,295,296,297,298,299,300
303 2.17694293082 10.88471465410000000000 4.89812159434500000000 301
304 2.81494318236 9.38314394120000000000 4.87923484942400000000 301
305 1.55756612473 3.89391531182500000000 1.51862697161175000000 301
306 2.69315699003 6.73289247507500000000 4.71302473255250000000 301
307 1.49487783853 7.47438919265000000000 3.66245070439850000000 301
308 2.0024990439 .04004998087800000000 .01561949254242000000 301
309 2.22815086048 .04740746511659574468 .01564446348847659574 301
310 1.52753842384 .03511582583540229885 .00913011471720459770 301
311 2.38803309415 .53067402092222222222 .19104264753199999999 301
312 1.65107704549 .27517950758166666666 .19262565530716666666 301
313 1.478082087 .14780820870000000000 .08129451478500000000 301
314 2.62375813702 .43729302283666666666 .27112167415873333332 301
315 1.71095816764 .12221129768857142857 .04399606716788571428 301
316 2.01268205284 .06099036523757575757 .01646739861414545454 301
317 1.8285756399 .10756327293529411764 .03657151279799999999 301
318 1.18884798802 .07925653253466666666 .05864983407565333332 301
319 2.01203565377 .05588987927138888888 .03185723118469166666 301
320 2.44641585981 .08896057672036363636 .03736344222255272727 301
321 2.89663401964 1.15865360785600000000 .67201909255648000000 301
322 1.82792349584 .06528298199428571428 .03459998045697142856 301
323 2.02641041659 .04768024509623529411 .02956175195966588234 301
324 1.12277957209 .02916310576857142857 .01487318394197142857 301
325 1.3277265529 .88515103526666666666 .43372400728066666666 301
326 2.3454124253 .05937752975443037974 .02731366368703797468 301
327 2.34347379845 .04933629049368421052 .01726770167278947368 301
328 2.68241607566 .09092935849694915254 .04819256000338305084 301
329 1.3031664663 .10024357433076923076 .07117293777484615383 301
330 1.80401951905 .06220756962241379310 .01741811949427586206 301
331 1.67655821763 .05408252314935483870 .02109218402824838709 301
332 2.8448130515 .16734194420588235294 .09036464987117647058 301
333 2.31003384309 .05250076916113636363 .02572537688895681817 301
334 1.79008064901 .05869116882000000000 .03169323116280000000 301
335 2.35575647926 .04807666284204081632 .03413443061784897958 301
336 2.27620055234 .07113126726062500000 .03414300828510000000 301
337 2.13025351879 .10924377019435897435 .06663869981855897435 301
338 2.45628543853 .81876181284333333333 .20469045321083333333 301
339 0.909327424967 .10697969705494117647 .06097842732131647058 301
340 1.87082226203 .26726032314714285714 .19242743266594285714 301
341 2.81473414212 2.81473414212000000000 1.71698782669320000000 301
342 1.47086053297 .29417210659400000000 .11178540050572000000 301
343 2.53369352593 .20269548207440000000 .11350946996166400000 301
344 3.17708728117 .28882611647000000000 .15596610289380000000 301
345 1.20588809731 .10962619066454545454 .05371683342562727272 301
346 1.72239433931 .06499601280415094339 .04159744819465660376 301
347 2.50623581509 .10664833255702127659 .07465383278991489361 301
348 1.92554761009 .14263315630296296296 .04992160470603703703 301
349 2.18225009755 .06235000278714285714 .03616300161654285714 301
350 2.08410967689 .46313548375333333333 .19451690317639999999 301
351 2.18780589198 .07173134072065573770 .04447343124680655737 301
352 1.6944120719 .07060050299583333333 .03035821628820833333 301
353 0.802551127551 .03821672035957142857 .02293003221574285714 301
354 0.702736722601 .01952046451669444444 .01444514374235388888 301
355 2.13774221574 1.06887110787000000000 .79096461982380000000 301
356 1.60395777624 .80197888812000000000 .59346437720880000000 301
357 2.74387346925 .28882878623684210526 .17329727174210526315 301
358 2.2743443835 .56858609587500000000 .22743443835000000000 301
359 2.21649424351 .08524977859653846153 .02727992915089230768 301
360 2.12172455093 .10349875858195121951 .06830918066408780487 301
361 2.08913233628 .46425163028444444444 .18105813581093333333 301
362 1.12147867103 .06062046870432432432 .04182812340598378378 301
363 0.805643614259 .01770645306063736263 .01150919448941428570 301
364 2.13813306701 .11878517038944444444 .07364680564145555555 301
365 2.60730470989 .10224724352509803921 .07157307046756862744 301
366 1.64254265415 .03494771604574468085 .01747385802287234042 301
367 1.55728640457 .03460636454600000000 .01107403665472000000 301
368 2.38616068043 .29827008505375000000 .17597935018171250000 301
369 1.97113443884 .08387806122723404255 .02684097959271489361 301
370 2.28355393081 .05249549266229885057 .03727179979023218390 301
371 1.85900166259 .08082615924304347826 .04849569554582608695 301
372 1.74344482105 .04304802027283950617 .01377536648730864197 301
373 2.61387267697 .06702237633256410256 .03887297827288717948 301
374 1.56490293373 .39122573343250000000 .25038446939680000000 301
375 2.26192430236 .08870291381803921568 .03459413638903529411 301
376 2.10676697138 .09576213506272727272 .03447436862258181817 301
377 1.71220214241 .05350631695031250000 .03638429552621250000 301
378 2.96587431964 .07233839804000000000 .03327566309840000000 301
379 2.79679960401 .16451762376529411764 .11516233663570588234 301
380 1.47813442075 .03398010162643678160 .01699005081321839080 301
381 1.00983169898 .02269284716808988764 .01066563816900224719 301
382 2.61046141459 .74584611845428571428 .44750767107257142856 301
383 2.11278617823 .04447970901536842105 .03291498467137263157 301
384 1.66241469924 .41560367481000000000 .22858202114550000000 301
385 1.82733849438 .04511946899703703703 .03248601767786666666 301
386 1.43951983208 .07197599160400000000 .04246583504636000000 301
387 1.40215105601 .03081650672549450549 .01294293282470769230 301
388 2.65535334846 .05474955357649484536 .03832468750354639175 301
389 2.63281392734 .30974281498117647058 .15796883564039999999 301
390 0.986055497734 .32868516591133333333 .09860554977339999999 301
391 2.94675527782 .08796284411402985074 .03166662388105074626 301
392 1.91215020669 .16627393101652173913 .11140353378106956521 301
393 1.29395141611 .04461901434862068965 .01383189444807241379 301
394 2.5172892347 .06065757192048192771 .04064057318672289156 301
395 0.85704077865 .85704077865000000000 .49708365161700000000 301
396 2.55986254986 .20478900398880000000 .14130441275227200000 301
397 2.30747334383 .05429349044305882352 .03637663859684941175 301
398 2.73363144255 .10720123304117647058 .03966445622523529411 301
399 1.38744275046 .03083206112133333333 .01849923667279999999 301
400 2.50911258812 .05903794324988235294 .03601314538242823529 301
401 2.18569961554 .43713992310800000000 .18359876770536000000 301
402 2.27357667912 .18946472326000000000 .12504671735160000000 301
403 1.97757548582 .05070706373897435897 .02332524931992820512 301
404 2.28650080223 .91460032089200000000 .54876019253520000000 301
405 2.47248357262 .13013071434842105263 .08718757861344210526 301
406 1.34577325291 .29906072286888888888 .17943643372133333332 301
407 2.35992313499 .05186644252725274725 .03423185206798681318 301
408 1.95546018095 .26072802412666666666 .10168392940939999999 301
409 2.10744230664 .07267042436689655172 .04214884613279999999 301
410 1.83667776859 .03949844663634408602 .02330408351544301075 301
411 1.77311188581 .08059599480954545454 .03707415761239090908 301
412 2.21860024666 .05159535457348837209 .03250507338129767441 301
413 1.44317052899 .04892103488101694915 .02446051744050847457 301
414 2.62596258732 .06820682044987012987 .02796479638444675324 301
415 1.35453907544 .03564576514315789473 .01247601780010526315 301
416 2.17895908375 .06809247136718750000 .02927976268789062500 301
417 1.90601761633 .04189049706219780219 .02680991811980659340 301
418 1.69609832868 .03769107397066666666 .01319187588973333333 301
419 1.06493795702 .02173342769428571428 .00565069120051428571 301
420 1.11687492813 .17182691202000000000 .11684230017360000000 301
421 2.37658572089 .06337561922373333333 .02661776007396799999 301
422 1.38578591215 .07293610063947368421 .03573868931334210526 301
423 2.36416590642 .08152296229034482758 .03994625152226896551 301
424 2.68077165194 .08377411412312500000 .04104931592033125000 301
425 1.934247698 .07736990792000000000 .02088987513840000000 301
426 1.57478003478 .03461055021494505494 .02318906864401318680 301
427 0.483450671387 .48345067138700000000 .29490490954607000000 301
428 1.22374556849 .07648409803062500000 .04512561783806875000 301
429 2.5062733972 .05632075049887640449 .02759716774444943820 301
430 1.26023801736 .02598428901773195876 .01091340138744742267 301
431 2.75003381679 .17742153656709677419 .10822713730592903225 301
432 2.63891938456 .07330331623777777777 .02712222700797777777 301
433 1.38794293914 .04023023012000000000 .01689669665040000000 301
434 2.03061964069 .04366923958473118279 .02445477416744946236 301
435 1.89532508571 .08423667047600000000 .04885726887608000000 301
436 1.66499233377 .14478194206695652173 .08107788755749565216 301
437 1.45365227359 .05700597151333333333 .02166226917506666666 301
438 2.43117003669 .60779250917250000000 .44368853169592500000 301
439 1.5144937935 .08186452937837837837 .03520174763270270269 301
440 2.16415866356 .06558056556242424242 .02557642056934545454 301
441 2.85443759668 .13592559984190476190 .08563312790039999999 301
442 2.47083011182 .17040207667724137931 .10224124600634482758 301
443 1.37561463177 .03056921403933333333 .01956429698517333333 301
444 1.15666945606 .03505058957757575757 .02173136553809696969 301
445 1.17179791706 .07323736981625000000 .02197121094487500000 301
446 1.88491725692 .17951592923047619047 .11848051329211428571 301
447 1.34197311154 .04129148035507692307 .02642654742724923076 301
448 1.62388777862 .03608639508044444444 .02201270099907111110 301
449 1.46740825227 .03668520630675000000 .01614149077497000000 301
450 2.75166756949 .08093139910264705882 .03156324565003235293 301
451 1.38494207781 .03956977365171428571 .02057628229889142856 301
452 1.39699521683 .07164078035025641025 .01791019508756410256 301
453 1.33290695704 .07616611183085714285 .04722298933513142856 301
454 2.07583693209 .05255283372379746835 .02785300187361265822 301
455 1.72883755254 .04549572506684210526 .02365777703475789473 301
456 2.97801205419 .10635757336392857142 .03297084774281785714 301
457 2.05356119658 .06417378739312500000 .04235469967946250000 301
458 2.7153509795 2.71535097950000000000 .95037284282500000000 301
459 1.80633373374 .15707249858608695652 .03926812464652173913 301
460 2.26699815265 .04772627689789473684 .02768124060077894736 301
461 1.87023782628 .37404756525600000000 .19450473393312000000 301
462 2.25445112728 .30059348363733333333 .19538576436426666666 301
463 1.31142777588 .04299763199606557377 .02622855551759999999 301
464 2.35303701253 .11204938154904761904 .07507308563786190475 301
465 2.29354063351 1.14677031675500000000 .59632056471260000000 301
466 1.73126091311 .04328152282775000000 .03072988120770250000 301
467 1.36189951976 .02723799039520000000 .01879421337268800000 301
468 1.36995435507 .03301094831493975903 .02442810175305542168 301
469 2.17157751874 .04524119830708333333 .03166883881495833333 301
470 1.36166886847 .03321143581634146341 .01527726047551707316 301
471 1.8212794497 .05875094999032258064 .04053815549332258064 301
472 1.07111890453 .03197369864268656716 .00959210959280597014 301
473 2.20018084878 .06027892736383561643 .02049483530370410958 301
474 1.85735184096 .37147036819200000000 .20059399882368000000 301
475 2.12651739692 .11813985538444444444 .06970251467682222221 301
476 2.21003382044 .06314382344114285714 .02083746173557714285 301
477 1.57098578558 .07663345295512195121 .02605537400474146341 301
478 1.46812234503 .14681223450300000000 .10864105353222000000 301
479 1.77166952708 .04853889115287671232 .03009411251478356163 301
480 3.05224010843 .10174133694766666666 .04171394814854333333 301
481 2.06965085674 .06467658927312500000 .04009948534933750000 301
482 2.029347078 .08283049297959183673 .03396050212163265305 301
483 1.86835985993 .10379776999611111111 .03010135329887222222 301
484 2.01429455881 .04853721828457831325 .02281249259375180722 301
485 2.30152118776 .11802672757743589743 .03186721644590769230 301
486 1.95500915831 .20579043771684210526 .08848988821824210526 301
487 1.91297733566 .04448784501534883720 .01779513800613953488 301
488 2.01342884359 .05441699577270270270 .03972440691407297297 301
489 1.64652056513 .47043444718000000000 .15053902309760000000 301
490 1.31557717979 .10524617438320000000 .05578047242309600000 301
491 1.6514521097 .19428848349411764705 .09520135691211764705 301
492 2.45252897934 .12577071688923076923 .04150433657344615384 301
493 2.40061609261 .09233138817730769230 .03600924138914999999 301
494 2.65335041887 .23072612338000000000 .14535745772940000000 301
495 2.73855160861 .91285053620333333333 .25559815013693333333 301
496 1.70182070096 .07563647559822222222 .04765097962687999999 301
497 1.51462144721 .07212483081952380952 .05265112649825238094 301
498 1.81826796367 .22728349545875000000 .15682561186653750000 301
499 2.31432331307 .06612352323057142857 .04430276056448285714 301
500 2.36587298609 .13519274206228571428 .08246757265799428571 301
501 1.86647385028 .04147719667288888888 .02530108997046222221 301
502 2.78662206074 .06262072046606741573 .03005794582371235955 301
503 1.71591815815 .04134742549759036144 .02439498104357831324 301
504 0.873452529688 .06470018738429629629 .01682204871991703703 301
505 2.82912531039 .06503736345724137931 .01756008813345517241 301
506 2.09189759026 .05363839975025641025 .01609151992507692307 301
507 2.00046965032 .80018786012800000000 .21605072223456000000 301
508 2.86131722406 .09866611117448275862 .03453313891106896551 301
509 1.64720357678 .04706295933657142857 .02635525722847999999 301
510 1.69630948396 .13048534492000000000 .05741355176480000000 301
511 1.21817832396 .34805094970285714285 .16358394636034285713 301
512 2.2186172417 .24651302685555555555 .13311703450199999999 301
513 3.01476851945 .18842303246562500000 .13189612272593750000 301
514 1.95284089869 .13018939324600000000 .04035871190626000000 301
515 0.856797233964 .08159973656800000000 .05711981559760000000 301
516 2.58940530221 .09247876079321428571 .02311969019830357142 301
517 2.24526803288 .24947422587555555555 .18461092714791111110 301
518 2.18894862804 .08934484196081632653 .05628725043531428571 301
519 2.13121830885 .28416244118000000000 .13355634735460000000 301
520 1.8004621957 .03712293187010309278 .01522040206674226803 301
521 1.93818585593 .07600728846784313725 .02128204077099607843 301
522 1.63122657244 .40780664311000000000 .24468398586600000000 301
523 2.54948399709 .09270850898509090909 .05469802030120363636 301
524 2.29828224686 .05893031402205128205 .03005446015124615384 301
525 1.69371257462 .08468562873100000000 .06012679639901000000 301
526 3.05246770582 .22610871894962962962 .05652717973740740740 301
527 2.17114032908 .04824756286844444444 .03522072089396444444 301
528 1.62348676452 .03382264092750000000 .01217615073390000000 301
529 1.94359701448 .43191044766222222222 .26778447755057777777 301
530 2.1351122715 .13344451696875000000 .08807338119937500000 301
531 2.11546203794 .05036814376047619047 .03022088625628571428 301
532 1.39962310606 .02915881470958333333 .01807846511994166666 301
533 1.74067900628 .06568600023698113207 .01642150005924528301 301
534 1.42569768552 .02970203511500000000 .00891061053450000000 301
535 3.33872936568 .18047185760432432432 .12272086317094054053 301
536 1.21460153299 .04858406131960000000 .02623539311258400000 301
537 1.85711684267 .07007988085547169811 .03994553208761886792 301
538 1.65505330127 .04940457615731343283 .03458320331011940298 301
539 3.48354925861 .24882494704357142857 .15675971663744999999 301
540 2.44776411404 .06527370970773333333 .03394232904802133333 301
541 1.58295206538 .22613600934000000000 .07914760326900000000 301
542 2.58870087361 .24654294034380952380 .13559861718909523809 301
543 1.78243770767 .04295030620891566265 .03092422047041927710 301
544 2.14056738922 .11266144153789473684 .06083717843046315789 301
545 1.46558778483 .05530519942754716981 .03650143162218113207 301
546 1.70487514377 .07254787845829787234 .05368543005914042553 301
547 2.0429353242 .04539856276000000000 .01725145384880000000 301
548 2.07139282377 .04503027877760869565 .01711150593549130434 301
549 1.92681710882 .04480970020511627906 .02150865609845581394 301
550 2.09080393333 .20908039333300000000 .07317813766655000000 301
551 2.83546260989 .08339595911441176470 .05587529260665588234 301
552 1.5772466583 .17524962870000000000 .10339728093300000000 301
553 2.32785686459 .14549105403687500000 .08729463242212500000 301
554 2.68331840962 .22360986746833333333 .06261076289113333333 301
555 1.61551812863 .03437272614106382978 .01890499937758510637 301
556 1.5307697427 .05278516354137931034 .01319629088534482758 301
557 2.06012896912 .05282381972102564102 .02482719526888205127 301
558 1.16734519966 .03112920532426666666 .02210173578022933332 301
559 2.20612197015 .14233044968709677419 .05123896188735483870 301
560 2.30923016829 .12153842991000000000 .06684613645050000000 301
561 1.10586506827 .07134613343677419354 .02425768536850322580 301
562 2.83932580521 .15774032251166666666 .09306679028188333332 301
563 2.29778518703 .06210230235216216216 .02235682884677837837 301
564 1.993998334 .05779705315942028985 .03872402561681159419 301
565 1.18987135109 .05949356755450000000 .01903794161744000000 301
566 1.62649879957 .05332782949409836065 .02506407986222622950 301
567 1.21114518188 .30278629547000000000 .20589468091960000000 301
568 1.51359505306 .15932579505894736842 .07647638162829473684 301
569 2.05930574213 .07770965064641509433 .03730063231027924527 301
570 1.59594786554 .15959478655400000000 .06064601889052000000 301
571 1.99586167555 .07983446702200000000 .03592551015990000000 301
572 1.83432473432 .03987662465913043478 .02392597479547826086 301
573 1.50913264436 .06561446279826086956 .04133711156290434782 301
574 1.44738151542 .06732007048465116279 .04308484511017674418 301
575 1.81970064297 .19154743610210526315 .08044992316288421052 301
576 2.33969375008 .05142184066109890109 .03445263324293626373 301
577 2.52199067594 .15284791975393939393 .05043981351879999999 301
578 1.55611317207 1.55611317207000000000 .82473998119710000000 301
579 1.91415325018 .04971826623844155844 .03331123837975584415 301
580 1.94231379551 .06166075541301587301 .02034804928629523809 301
581 1.58726493266 .04122766058857142857 .03009619222965714285 301
582 2.52368590182 .16281844527870967741 .06187100920590967741 301
583 2.32295772992 .20199632434086956521 .08887838270998260869 301
584 1.35529400492 .02978668142681318681 .01370187345633406593 301
585 1.49598429537 .12466535794750000000 .08975905772220000000 301
586 1.37778970799 .03936542022828571428 .01023500925935428571 301
587 1.90196279944 .11188016467294117647 .07048450374395294117 301
588 3.62363175611 .15419709600468085106 .07247263512219999999 301
589 3.04066643924 .10859522997285714285 .05755547188561428571 301
590 2.52402053639 .14847179625823529411 .03860266702714117646 301
591 2.79790669995 .05828972291562500000 .03497383374937500000 301
592 2.27456807308 .05616217464395061728 .03931352225076543209 301
593 2.15297642756 .05818855209621621621 .03607690229965405405 301
594 1.593517955 .05691135553571428571 .02617922354642857142 301
595 1.83660590237 .03992621526891304347 .02914613714630652173 301
596 2.38728154687 .20758969972782608695 .13493330482308695651 301
597 2.26033970436 .04913781966000000000 .01818099327420000000 301
598 2.00176111146 .05638763694253521126 .02875769484069295774 301
599 2.46319317603 .05185669844273684210 .02229838033037684210 301
600 1.8435776882 .13168412058571428571 .03292103014642857142 301
601 1.8439587426 .73758349704000000000 .22865088408240000000 301
602 1.60834744788 .04530556191211267605 .01766916914572394365 301
603 1.83906431801 .08757449133380952380 .06305363376034285713 302,303,304,305,306,307,308,309,310,311,312,313,314,315,316,317,318,319,320,321,322,323,324,325,326,327,328,329,330,331,332,333,334,335,336,337,338,339,340,341,342,343,344,345,346,347,348,349,350,351,352,353,354,355,356,357,358,359,360,361,362,363,364,365,366,367,368,369,370,371,372,373,374,375,376,377,378,379,380,381,382,383,384,385,386,387,388,389,390,391,392,393,394,395,396,397,398,399,400,401,402,403,404,405,406,407,408,409,410,411,412,413,414,415,416,417,418,419,420,421,422,423,424,425,426,427,428,429,430,431,432,433,434,435,436,437,438,439,440,441,442,443,444,445,446,447,448,449,450,451,452,453,454,455,456,457,458,459,460,461,462,463,464,465,466,467,468,469,470,471,472,473,474,475,476,477,478,479,480,481,482,483,484,485,486,487,488,489,490,491,492,493,494,495,496,497,498,499,500,501,502,503,504,505,506,507,508,509,510,511,512,513,514,515,516,517,518,519,520,521,522,523,524,525,526,527,528,529,530,531,532,533,534,535,536,537,538,539,540,541,542,543,544,545,546,547,548,549,550,551,552,553,554,555,556,557,558,559,560,561,562,563,564,565,566,567,568,569,570,571,572,573,574,575,576,577,578,579,580,581,582,583,584,585,586,587,588,589,590,591,592,593,594,595,596,597,598,599,600,601
