0 6.08826033407 1.21765206681400000000 
1 5.2306369964 26.15318498200000000000 0
2 6.55809010906 13.11618021812000000000 0
3 4.88586977178 24.42934885890000000000 0
4 5.73591867295 11.47183734590000000000 0
5 5.27011514154 17.56705047180000000000 0
6 3.3090695338 .07695510543720930232 0
7 3.7923612745 .13544147408928571428 0
8 3.19122291407 .37543798989058823529 0
9 3.92245999578 .19133951198926829268 0
10 4.90230212633 .25801590138578947368 0
11 3.9582875152 3.95828751520000000000 0
12 5.81696978877 .18178030589906250000 0
13 7.22405178345 .16053448407666666666 0
14 7.05126665726 .25183095204500000000 0
15 3.19089857297 .25527188583760000000 0
16 6.0831515631 .18717389424923076923 0
17 4.78220061918 .11807902763407407407 0
18 4.72645904577 4.72645904577000000000 0
19 8.12075509675 .39613439496341463414 0
20 5.28482607653 .20326254140500000000 0
21 5.53157568075 11.06315136150000000000 0
22 4.66564705421 .14138324406696969696 0
23 4.76280009208 .95256001841600000000 0
24 6.56944991386 .22269321741898305084 0
25 1.20259893172 .04625380506615384615 0
26 5.66238781167 .17694961911468750000 0
27 4.67475576733 .93495115346600000000 0
28 3.96373552732 .15854942109280000000 0
29 4.09769766433 .23415415224742857142 0
30 6.29509415226 .83934588696800000000 0
31 5.15180907035 .46834627912272727272 0
32 4.54037838589 .09978853595362637362 0
33 5.63285231276 .16814484515701492537 0
34 5.59678246855 .16461124907500000000 0
35 5.8038505767 .21104911188000000000 0
36 3.79785845056 .09263069391609756097 0
37 5.17648116064 .16972069379147540983 0
38 6.13008627824 .21138228545655172413 0
39 4.30663110801 .57421748106800000000 0
40 5.16138632469 .73734090352714285714 0
41 6.26892841754 .29157806593209302325 0
42 5.15605077705 .29463147297428571428 0
43 5.77409751758 .23567744969714285714 0
44 2.6243357737 .19439524249629629629 0
45 5.38949058309 .89824843051500000000 0
46 6.40989257864 .37705250462588235294 0
47 2.41818997172 .21983545197454545454 0
48 5.19981194365 1.15551376525555555555 0
49 5.20423744067 .11313559653630434782 0
50 6.12634657957 .12252693159140000000 0
51 5.93236845777 .12622060548446808510 0
52 4.85162378459 .37320182958384615384 0
53 4.84850373976 .11971614172246913580 0
54 6.02411129296 .19432617074064516129 0
55 4.29729840221 .09444611872989010989 0
56 5.88920274004 .17579709671761194029 0
57 5.12179185187 .15288930901104477611 0
58 4.12034172605 .24971768036666666666 0
59 7.01259474924 1.16876579154000000000 0
60 4.79748360902 .14537829118242424242 0
61 4.43086866155 2.21543433077500000000 0
62 2.50976112505 .07170746071571428571 0
63 3.287116834 .11739702978571428571 0
64 4.58352920931 .26961936525352941176 0
65 5.39492268205 .11856972927582417582 0
66 8.22876444449 .40140314363365853658 0
67 4.77683567935 .14927611497968750000 0
68 4.60530626096 .54180073658352941176 0
69 5.22450378029 .52245037802900000000 0
70 5.99581885979 .20675237447551724137 0
71 6.47098802549 .30097618723209302325 0
72 2.42796865331 .08828976921127272727 0
73 4.60573736149 .10711017119744186046 0
74 4.25516855282 1.70206742112800000000 0
75 7.37838138216 2.10810896633142857142 0
76 6.5595664865 .15806184304819277108 0
77 5.84394838132 .89906898174153846153 0
78 3.84014892719 .42668321413222222222 0
79 5.71763349258 .17326162098727272727 0
80 4.16307365122 .10674547823641025641 0
81 3.98645039123 .14764631078629629629 0
82 5.33386358498 .17779545283266666666 0
83 3.42659542759 .20156443691705882352 0
84 5.07341977722 .20293679108880000000 0
85 4.67830561201 .13366587462885714285 0
86 2.97681126452 .07442028161300000000 0
87 3.32814163461 .24652900997111111111 0
88 4.60841168402 .13964883890969696969 0
89 3.75511476247 .09387786906175000000 0
90 2.95854523296 .06100093263835051546 0
91 5.13337328795 .51333732879500000000 0
92 6.59448441722 .20290721283753846153 0
93 7.07775527345 .23592517578166666666 0
94 4.00707241008 2.67138160672000000000 0
95 4.37061813825 .10660044239634146341 0
96 6.09706555513 .13549034566955555555 0
97 4.40903901364 .25935523609647058823 0
98 6.04066100068 1.09830200012363636363 0
99 6.91667939012 .21957712349587301587 0
100 4.40972616255 .73495436042500000000 0
101 6.09197792046 .24865216001877551020 1,2,3,4,5,6,7,8,9,10,11,12,13,14,15,16,17,18,19,20,21,22,23,24,25,26,27,28,29,30,31,32,33,34,35,36,37,38,39,40,41,42,43,44,45,46,47,48,49,50,51,52,53,54,55,56,57,58,59,60,61,62,63,64,65,66,67,68,69,70,71,72,73,74,75,76,77,78,79,80,81,82,83,84,85,86,87,88,89,90,91,92,93,94,95,96,97,98,99,100
102 5.94553236745 59.45532367450000000000 101
103 4.85943502567 16.19811675223333333333 101
104 5.15133550525 12.87833876312500000000 101
105 7.22258363947 36.11291819735000000000 101
106 3.48298879293 11.60996264310000000000 101
107 5.05407737333 .13300203614026315789 101
108 4.43248348791 .22730684553384615384 101
109 6.51842499596 .30318255795162790697 101
110 4.86555010673 .27803143467028571428 101
111 4.90272802106 .75426584939384615384 101
112 6.0533735871 .55030668973636363636 101
113 5.40547492857 1.80182497619000000000 101
114 4.11768650254 .31674511558000000000 101
115 6.36172572187 .15329459570771084337 101
116 4.02936095546 .08954135456577777777 101
117 2.72289778231 .17018111139437500000 101
118 3.8341861113 .21909634921714285714 101
119 5.08363738366 .84727289727666666666 101
120 3.63895796559 .08768573411060240963 101
121 7.82436282588 .46025663681647058823 101
122 5.23217580806 .15165726979884057971 101
123 6.45113707053 .28048422045782608695 101
124 5.07543646958 .13905305396109589041 101
125 5.80409966256 .68283525441882352941 101
126 6.44913094336 .16750989463272727272 101
127 5.77029802113 .17485751579181818181 101
128 3.56713868384 .10048277982647887323 101
129 4.05334547821 .15012390660037037037 101
130 6.00779125027 .12015582500540000000 101
131 5.78057756833 .27526559849190476190 101
132 4.11183363361 .39160320320095238095 101
133 4.87163205506 .09841680919313131313 101
134 3.9577248508 .14134731610000000000 101
135 5.42094629218 .31887919365764705882 101
136 6.58551514295 .29268956190888888888 101
137 4.65321067146 .23862618828000000000 101
138 3.6098673284 .25784766631428571428 101
139 6.25069449342 .17125190392931506849 101
140 5.07010647457 .14281990069211267605 101
141 5.10092469674 .10410050401510204081 101
142 5.98780729162 .16183262950324324324 101
143 7.95138723007 .88348747000777777777 101
144 5.68383196813 .40598799772357142857 101
145 4.68232280186 .11705807004650000000 101
146 4.80907628829 .11450181638785714285 101
147 4.89109327103 .32607288473533333333 101
148 3.9525157503 .10828810274794520547 101
149 6.37982493544 .15011352789270588235 101
150 5.60072541263 .18669084708766666666 101
151 6.89563306513 .24627260946892857142 101
152 5.65158796408 .18529796603540983606 101
153 4.33336263423 .12206655307690140845 101
154 4.6966131306 .12867433234520547945 101
155 3.44842037776 .29986264154434782608 101
156 5.15162685723 .44796755280260869565 101
157 2.80494235211 .14762854484789473684 101
158 3.37246912294 .08874918744578947368 101
159 7.24087749026 1.11398115234769230769 101
160 7.56591238166 .16628378860791208791 101
161 5.23951799409 2.61975899704500000000 101
162 5.86662598359 .39110839890600000000 101
163 5.14212338916 .10825522924547368421 101
164 2.71674003607 5.43348007214000000000 101
165 3.26673144863 2.17782096575333333333 101
166 5.99009149519 .28524245215190476190 101
167 6.56185120147 .77198249429058823529 101
168 6.80490072262 .30931366921000000000 101
169 4.2593793766 .77443261392727272727 101
170 4.48659069219 .23613635222052631578 101
171 5.90581557896 .13271495683056179775 101
172 3.4524107666 .07424539283010752688 101
173 4.90400193296 .16346673109866666666 101
174 4.11732608968 .23527577655314285714 101
175 3.30202999283 .10318843727593750000 101
176 4.76887329416 .39740610784666666666 101
177 6.6031937618 .15721889909047619047 101
178 4.94831686118 .19793267444720000000 101
179 4.4496480915 .24052151845945945945 101
180 7.06757252308 .26670084992754716981 101
181 5.08312436279 .14523212465114285714 101
182 6.10165805312 .71784212389647058823 101
183 5.66039728501 .11320794570020000000 101
184 4.43754513604 .17750180544160000000 101
185 2.6424856629 .13551208527692307692 101
186 4.01503663993 .08111185131171717171 101
187 2.9201566987 .17177392345294117647 101
188 7.12421725048 2.84968690019200000000 101
189 5.02917617367 1.67639205789000000000 101
190 3.85058864583 .09168068204357142857 101
191 3.56812999989 .09515013333040000000 101
192 4.49585599666 .11677548043272727272 101
193 5.78195144548 .11680709990868686868 101
194 3.11979388238 .06856689851384615384 101
195 5.91695454138 .24653977255750000000 101
196 6.51997349225 .42064345111290322580 101
197 6.40066456235 .85342194164666666666 101
198 6.30868654499 .26845474659531914893 101
199 3.98470273447 .41944239310210526315 101
200 5.53884228503 .39563159178785714285 101
201 4.6936160676 .39113467230000000000 101
202 5.71441182431 .26578659647953488372 102,103,104,105,106,107,108,109,110,111,112,113,114,115,116,117,118,119,120,121,122,123,124,125,126,127,128,129,130,131,132,133,134,135,136,137,138,139,140,141,142,143,144,145,146,147,148,149,150,151,152,153,154,155,156,157,158,159,160,161,162,163,164,165,166,167,168,169,170,171,172,173,174,175,176,177,178,179,180,181,182,183,184,185,186,187,188,189,190,191,192,193,194,195,196,197,198,199,200,201
203 5.19947858622 12.99869646555000000000 202
204 4.73145579979 47.31455799790000000000 202
205 5.5866014958 55.86601495800000000000 202
206 5.27894891196 26.39474455980000000000 202
207 5.33113167524 13.32782918810000000000 202
208 7.68335696949 .38416784847450000000 202
209 6.90661647843 3.45330823921500000000 202
210 5.58996722486 .27268132804195121951 202
211 4.97202716832 .17144921270068965517 202
212 5.56777580235 .48415441759565217391 202
213 4.5297528472 .09151015852929292929 202
214 2.04850716515 .04763970151511627906 202
215 5.2424442103 .19782808340754716981 202
216 5.81774314232 .17900748130215384615 202
217 3.62738561737 .10363958906771428571 202
218 3.86389500599 .33599087008608695652 202
219 6.89490602516 .29977852283304347826 202
220 5.56600717969 .12944202743465116279 202
221 3.91243478651 .09098685550023255813 202
222 6.64790193429 1.89940055265428571428 202
223 3.53705880295 .11409867106290322580 202
224 6.38045169357 .26042659973755102040 202
225 3.13269064205 .09351315349402985074 202
226 6.0703284409 .13641187507640449438 202
227 4.5500063731 .10340923575227272727 202
228 6.56593633654 .13538013065030927835 202
229 5.63241198681 .16092605676600000000 202
230 4.85803848698 .14501607423820895522 202
231 5.21635961486 .24262137743534883720 202
232 4.87020252501 .24975397564153846153 202
233 6.8777694963 .44372706427741935483 202
234 4.13097515534 .16523900621360000000 202
235 5.97492979954 .31446998944947368421 202
236 3.53509273444 .09182059050493506493 202
237 5.72235777318 2.86117888659000000000 202
238 4.99428146707 .13142845965973684210 202
239 4.2799333519 4.27993335190000000000 202
240 2.47093737696 .10981943897600000000 202
241 4.34808179515 .10870204487875000000 202
242 5.11185186876 .46471380625090909090 202
243 6.40198519382 .22864232835071428571 202
244 5.46484453208 .25417881544558139534 202
245 4.58811230299 .17313631332037735849 202
246 4.55839654031 .10479072506459770114 202
247 4.8988032958 .75366204550769230769 202
248 3.89472952391 .10385945397093333333 202
249 5.51548383828 1.00281524332363636363 202
250 6.22043141611 .14988991364120481927 202
251 5.7169630983 .63521812203333333333 202
252 7.07752151441 .23991598353932203389 202
253 5.89925538908 .90757775216615384615 202
254 4.89044531825 .97808906365000000000 202
255 7.34536198492 .15145076257567010309 202
256 6.45207757194 .40325484824625000000 202
257 3.84162584786 .11820387224184615384 202
258 3.73022144372 .11841972837206349206 202
259 5.59566554317 .31975231675257142857 202
260 4.82442727165 .21929214871136363636 202
261 2.03677109638 .04629025219045454545 202
262 2.88253046651 .08478030783852941176 202
263 4.44441064869 .13467911056636363636 202
264 4.3481103551 .26352183970303030303 202
265 5.56200951864 .74160126915200000000 202
266 4.16259309446 .09049115422739130434 202
267 5.0790316355 2.03161265420000000000 202
268 5.13744964456 .57082773828444444444 202
269 4.42231100812 .21572248820097560975 202
270 5.402098122 .13851533646153846153 202
271 4.13334897918 .17222287413250000000 202
272 3.57319483181 .24642722978000000000 202
273 2.52746709622 .11755660912651162790 202
274 3.28034262908 .13958904804595744680 202
275 2.41768006779 .09123321010528301886 202
276 4.96306153984 .47267252760380952380 202
277 6.25176405768 .26049016907000000000 202
278 5.29687689964 .27163471280205128205 202
279 5.75896084882 .35993505305125000000 202
280 5.70602120869 1.14120424173800000000 202
281 5.57998765529 .12539298101775280898 202
282 4.79343014522 .12614289855842105263 202
283 5.59435289483 .11301723019858585858 202
284 2.96008412292 .09866947076400000000 202
285 4.69629092756 .26835948157485714285 202
286 3.49779536796 .21198759805818181818 202
287 2.53049865911 .08725857445206896551 202
288 5.27864177364 .30163667277942857142 202
289 5.17559280964 .12177865434447058823 202
290 4.80142270526 .15488460339548387096 202
291 4.83591109185 .10746469093000000000 202
292 3.27436846588 .08084860409580246913 202
293 6.84577999716 .15212844438133333333 202
294 5.76949702096 .21368507485037037037 202
295 5.26860770358 .13171519258950000000 202
296 3.71567076342 .11259608374000000000 202
297 3.73109156459 .20728286469944444444 202
298 6.20849191752 .16779707885189189189 202
299 4.81072134801 .15772856878721311475 202
300 5.68284010204 .14760623641662337662 202
301 5.50127758577 1.83375919525666666666 202
302 2.72397520183 .06262011958229885057 202
303 2.93155552441 .09306525474317460317 203,204,205,206,207,208,209,210,211,212,213,214,215,216,217,218,219,220,221,222,223,224,225,226,227,228,229,230,231,232,233,234,235,236,237,238,239,240,241,242,243,244,245,246,247,248,249,250,251,252,253,254,255,256,257,258,259,260,261,262,263,264,265,266,267,268,269,270,271,272,273,274,275,276,277,278,279,280,281,282,283,284,285,286,287,288,289,290,291,292,293,294,295,296,297,298,299,300,301,302
304 4.40982867021 11.02457167552500000000 303
305 5.44852227728 13.62130569320000000000 303
306 4.15368026476 13.84560088253333333333 303
307 4.25178508582 42.51785085820000000000 303
308 2.87613587257 7.19033968142500000000 303
309 6.01812342321 .17700363009441176470 303
310 5.20418404191 .13010460104775000000 303
311 4.56509440978 .60867925463733333333 303
312 4.77139129126 .95427825825200000000 303
313 5.67003282818 .17718852588062500000 303
314 3.87248328976 .11389656734588235294 303
315 5.13358114241 1.71119371413666666666 303
316 5.7050864972 .43885280747692307692 303
317 7.3012161053 .48674774035333333333 303
318 4.32390473726 .26205483256121212121 303
319 6.15898616414 .14491732150917647058 303
320 5.27313336497 .27753333499842105263 303
321 5.00897412388 .16979573301288135593 303
322 6.98669850789 .15355381336021978021 303
323 6.84003473243 1.71000868310750000000 303
324 5.92398391881 .12739750363032258064 303
325 2.29656776675 .04639530841919191919 303
326 4.61431923694 .38452660307833333333 303
327 2.37411465706 .12495340300315789473 303
328 6.24316504986 .17837614428171428571 303
329 5.25698133358 3.50465422238666666666 303
330 5.12690746472 .13491861749263157894 303
331 4.76068215811 .11611419897829268292 303
332 7.91130098479 .26371003282633333333 303
333 5.57958593825 .58732483560526315789 303
334 4.63783518994 .28108092060242424242 303
335 7.88535406024 1.05138054136533333333 303
336 4.27281461342 .30520104381571428571 303
337 4.82815939477 .48281593947700000000 303
338 5.70211269906 .24791794343739130434 303
339 3.78503674266 .47312959283250000000 303
340 4.18123423784 .21442226860717948717 303
341 4.60487594783 .09397706015979591836 303
342 4.58881852555 .09461481495979381443 303
343 5.29845719685 1.17743493263333333333 303
344 4.62413709346 .22019700445047619047 303
345 5.08054670006 .11679417701287356321 303
346 5.76697919803 .23067916792120000000 303
347 6.73954605647 .14651187079282608695 303
348 6.38549415481 .85139922064133333333 303
349 5.00161205834 .22229386925955555555 303
350 5.80746242346 .14702436515088607594 303
351 5.65968424006 .19516152551931034482 303
352 6.17580244462 .15248894924987654320 303
353 3.49211990496 .21825749406000000000 303
354 5.0827195686 .18482616613090909090 303
355 3.31412659592 1.32565063836800000000 303
356 4.11651070675 .37422824606818181818 303
357 7.4681883256 .21037150212957746478 303
358 5.69992241003 1.42498060250750000000 303
359 6.98675575676 .14555741159916666666 303
360 4.46886692398 .35750935391840000000 303
361 6.05947429338 1.21189485867600000000 303
362 6.39323797364 .18009121052507042253 303
363 5.25640406946 2.62820203473000000000 303
364 4.12716856525 .68786142754166666666 303
365 4.23982796819 .12847963539969696969 303
366 2.38158208603 .09159931100115384615 303
367 4.43983007369 1.47994335789666666666 303
368 2.96886440675 .32987382297222222222 303
369 6.51900973185 6.51900973185000000000 303
370 6.69312887005 .19979489164328358208 303
371 7.60424943078 .63368745256500000000 303
372 5.92306499869 .33846085706800000000 303
373 5.7020105506 .15005290922631578947 303
374 5.47278136125 .27363906806250000000 303
375 3.79514178854 .09857511139064935064 303
376 2.67023570918 .19779523771703703703 303
377 2.17256641601 .05364361521012345679 303
378 4.58740198257 .10922385672785714285 303
379 5.89001664791 .15500043810289473684 303
380 6.54690125897 .13093802517940000000 303
381 3.93039062322 .11559972421235294117 303
382 4.7294222942 .10627915267865168539 303
383 3.45279250766 .15345744478488888888 303
384 6.71001210123 .39470659419000000000 303
385 3.54692393035 .07546646660319148936 303
386 4.68764781048 .10534040023550561797 303
387 4.579015608 .91580312160000000000 303
388 4.08227216597 .09719695633261904761 303
389 5.38758456744 .35917230449600000000 303
390 6.52996143653 .24641363911433962264 303
391 5.16985006109 .32311562881812500000 303
392 5.60732983937 1.86910994645666666666 303
393 5.88947680019 5.88947680019000000000 303
394 5.99161753111 .15977646749626666666 303
395 5.53422557201 .11294337902061224489 303
396 2.98984889253 .07382342944518518518 303
397 7.91038517533 .63283081402640000000 303
398 4.05269832629 .08270812910795918367 303
399 5.37575679798 .76796525685428571428 303
400 4.35644586423 .18941068974913043478 303
401 2.81943834504 .19444402379586206896 303
402 4.33145063195 1.23755732341428571428 303
403 6.32577134057 .14711096140860465116 303
404 4.52316094912 .19247493400510638297 304,305,306,307,308,309,310,311,312,313,314,315,316,317,318,319,320,321,322,323,324,325,326,327,328,329,330,331,332,333,334,335,336,337,338,339,340,341,342,343,344,345,346,347,348,349,350,351,352,353,354,355,356,357,358,359,360,361,362,363,364,365,366,367,368,369,370,371,372,373,374,375,376,377,378,379,380,381,382,383,384,385,386,387,388,389,390,391,392,393,394,395,396,397,398,399,400,401,402,403
405 3.72000179028 37.20001790280000000000 404
406 6.53052773135 65.30527731350000000000 404
407 2.53973698553 12.69868492765000000000 404
408 3.57909132019 35.79091320190000000000 404
409 5.65502153034 28.27510765170000000000 404
410 6.25954742251 1.78844212071714285714 404
411 4.55509365588 .15982784757473684210 404
412 5.07001499737 .12365890237487804878 404
413 5.93610090641 .12765808400881720430 404
414 3.35065260408 .09307368344666666666 404
415 6.01658467369 3.00829233684500000000 404
416 3.92774466704 .49096808338000000000 404
417 4.28815726224 .50448908967529411764 404
418 4.85422500487 .26239054080378378378 404
419 5.00184346943 .21284440295446808510 404
420 5.28691071738 .13556181326615384615 404
421 4.36776776961 .12660196433652173913 404
422 7.01055000566 .15579000012577777777 404
423 4.90450163227 .11540003840635294117 404
424 4.52177951396 .15865893031438596491 404
425 5.75839540258 .57583954025800000000 404
426 5.63889907626 .25631359437545454545 404
427 5.05322002587 .22969181935772727272 404
428 6.04924600678 .37807787542375000000 404
429 3.16841813803 .06670353974800000000 404
430 5.08455827887 .19555993380269230769 404
431 6.67106329611 .23825226057535714285 404
432 7.05526768656 .14398505482775510204 404
433 4.73018432563 .11825460814075000000 404
434 3.91598455292 .08799965287460674157 404
435 4.66603554056 .12442761441493333333 404
436 5.47050440091 .32179437652411764705 404
437 3.91999638068 .35636330733454545454 404
438 4.16873270837 .15439750771740740740 404
439 6.16595393702 .12845737368791666666 404
440 4.9070272141 .18517083826792452830 404
441 2.65486464012 .18963318858000000000 404
442 4.91711982612 .17253052021473684210 404
443 6.18104036042 .24724161441680000000 404
444 5.64822958897 .20172248532035714285 404
445 6.23542284925 .30416696825609756097 404
446 4.13007138851 1.37669046283666666666 404
447 5.70542394666 .19673875678137931034 404
448 3.29978761571 .07673924687697674418 404
449 3.00054473766 .35300526325411764705 404
450 5.26081764785 .13318525690759493670 404
451 5.67887855564 .51626168687636363636 404
452 4.19526368575 .10620920723417721518 404
453 6.60158732729 .13611520262453608247 404
454 5.98958573256 .16188069547459459459 404
455 4.12128073833 .12488729510090909090 404
456 4.26165528518 .26635345532375000000 404
457 3.05147973474 .07265427939857142857 404
458 4.65903386156 .12101386653402597402 404
459 2.69529734889 .25669498560857142857 404
460 6.42673062078 .30603479146571428571 404
461 5.12645479693 .68352730625733333333 404
462 4.23485082971 .17285105427387755102 404
463 5.80618190477 .38707879365133333333 404
464 3.57968804512 .09807364507178082191 404
465 6.9872491223 .22909013515737704918 404
466 7.57328447088 .17212010161090909090 404
467 2.67341332025 .06441959807831325301 404
468 6.64231011934 .21778065965049180327 404
469 6.12723127098 .19765262164451612903 404
470 6.81255838884 .80147745751058823529 404
471 4.48291485769 .19076233436978723404 404
472 5.50036359771 .16667768477909090909 404
473 6.57696049192 2.63078419676800000000 404
474 5.27678108061 .21537881961673469387 404
475 1.95294278792 .04245527799826086956 404
476 3.36127536413 .10842823755258064516 404
477 3.47288031956 .08470439803804878048 404
478 6.6271296981 1.47269548846666666666 404
479 5.17504402241 1.47858400640285714285 404
480 5.83903255677 2.91951627838500000000 404
481 4.06666209403 .23238069108742857142 404
482 3.78312469561 .11822264673781250000 404
483 6.34328803878 .18123680110800000000 404
484 5.2245704333 .11740607715280898876 404
485 6.73497933164 .17269177773435897435 404
486 3.92646174802 .09461353609686746987 404
487 5.79169831567 .22275762752576923076 404
488 5.82340403853 .34255317873705882352 404
489 4.08995860822 .08262542642868686868 404
490 4.72457013477 .41083218563217391304 404
491 4.87134777778 .74943811965846153846 404
492 3.08284896753 .12845204031375000000 404
493 5.19176806311 .51917680631100000000 404
494 3.44136994566 .31285181324181818181 404
495 5.25359414323 .52535941432300000000 404
496 4.37512156541 .41667824432476190476 404
497 7.1818103199 .21763061575454545454 404
498 5.89422098775 .73677762346875000000 404
499 4.37096382581 .14099883309064516129 404
500 7.14301505977 .79366833997444444444 404
501 2.56908138686 .06343410831753086419 404
502 4.77462511832 .10610278040711111111 404
503 6.52777565888 .18921088866318840579 404
504 4.86863103511 .17704112854945454545 404
505 4.67812399074 .12474997308640000000 405,406,407,408,409,410,411,412,413,414,415,416,417,418,419,420,421,422,423,424,425,426,427,428,429,430,431,432,433,434,435,436,437,438,439,440,441,442,443,444,445,446,447,448,449,450,451,452,453,454,455,456,457,458,459,460,461,462,463,464,465,466,467,468,469,470,471,472,473,474,475,476,477,478,479,480,481,482,483,484,485,486,487,488,489,490,491,492,493,494,495,496,497,498,499,500,501,502,503,504
