0 7.46114023217 2.48704674405666666666 
1 3.01533362394 7.53833405985000000000 0
2 5.15282185338 12.88205463345000000000 0
3 6.12259361308 61.22593613080000000000 0
4 3.39963696936 16.99818484680000000000 0
5 3.48265399202 6.96530798404000000000 0
6 6.14172085058 .12283441701160000000 0
7 6.44908849224 1.61227212306000000000 0
8 4.97226426879 .14412360199391304347 0
9 5.68065469576 .14381404293063291139 0
10 3.5509904741 .09728741024931506849 0
11 4.70672437574 .62756325009866666666 0
12 5.24356868817 .25578383844731707317 0
13 5.86260850768 .90193977041230769230 0
14 3.93474951012 .09481324120771084337 0
15 5.71256449247 .15868234701305555555 0
16 6.1358214449 .23599313249615384615 0
17 3.1493530422 .23328541053333333333 0
18 4.38527068557 .18660726321574468085 0
19 7.88759344215 .17146942265543478260 0
20 5.81197276705 .28351086668536585365 0
21 5.07177330045 .10350557756020408163 0
22 4.34925541322 .09253734921744680851 0
23 5.86241678623 .18911021891064516129 0
24 3.44232482835 .27538598626800000000 0
25 5.56012594046 .17651193461777777777 0
26 3.26235487181 .08817175329216216216 0
27 1.71156000921 .05801898336305084745 0
28 4.61259046498 3.07506030998666666666 0
29 4.81686409004 .09633728180080000000 0
30 5.00551739543 .20022069581720000000 0
31 4.25855769541 .29369363416620689655 0
32 4.15369095138 .33229527611040000000 0
33 5.05470869763 .10422079788927835051 0
34 3.90024122382 .10263792694263157894 0
35 2.73072096201 .16063064482411764705 0
36 6.13111424524 1.02185237420666666666 0
37 4.22888930391 .24165081736628571428 0
38 5.48274020449 .22378531446897959183 0
39 4.50153537822 .10979354581024390243 0
40 6.45832310169 .18192459441380281690 0
41 6.36449829045 .60614269432857142857 0
42 3.59255078288 .15966892368355555555 0
43 5.98923129427 .57040298040666666666 0
44 4.28944434644 .24511110551085714285 0
45 5.53615336627 .55361533662700000000 0
46 4.91313617591 .13101696469093333333 0
47 3.95498074339 .23264592608176470588 0
48 3.1375124424 .13944499744000000000 0
49 6.07450840016 .23821601569254901960 0
50 5.55980109407 .12929769986209302325 0
51 4.98425739616 .76680883017846153846 0
52 5.08634905525 .20345396221000000000 0
53 4.79831438529 .39985953210750000000 0
54 5.3960958281 .35973972187333333333 0
55 2.77361349638 .22188907971040000000 0
56 5.11693009366 .34112867291066666666 0
57 4.83844152633 .11384568297247058823 0
58 3.73505984182 .41500664909111111111 0
59 5.88590306316 .12135882604453608247 0
60 5.98141999106 .38589806393935483870 0
61 4.11005686461 .68500947743500000000 0
62 6.59819148958 .17832949971837837837 0
63 3.76405868614 .10037489829706666666 0
64 6.02298520671 .13534798217325842696 0
65 3.76011177459 .07916024788610526315 0
66 3.068936741 .06393618210416666666 0
67 4.11876874634 .13504159824065573770 0
68 4.27883411672 4.27883411672000000000 0
69 6.84257174585 .42766073411562500000 0
70 4.75337498017 .18640686196745098039 0
71 5.09085115855 .48484296748095238095 0
72 5.85488552171 .12197678170229166666 0
73 6.64306490708 .42858483271483870967 0
74 6.10520790661 .13272191101326086956 0
75 6.17263730538 1.02877288423000000000 0
76 5.23282273903 .17442742463433333333 0
77 5.46801190941 .11274251359608247422 0
78 6.88350875239 .14491597373452631578 0
79 5.54200633317 .13855015832925000000 0
80 6.52209270915 .28356924822391304347 0
81 6.61716015103 .32278830005024390243 0
82 3.42210621473 .36022170681368421052 0
83 7.61324882613 .66202163705478260869 0
84 5.25986456961 .37570461211500000000 0
85 6.77456487372 .13549129747440000000 0
86 4.90416800521 .17514885732892857142 0
87 5.06935515961 .11141439911230769230 0
88 5.11427578162 .25571378908100000000 0
89 4.22399676752 .11115780967157894736 0
90 3.28884472207 .29898588382454545454 0
91 6.37067902749 .91009700392714285714 0
92 4.93191964797 .46970663314000000000 0
93 5.09706128852 .11584230201181818181 0
94 5.4355433188 .18743252823448275862 0
95 6.07331231324 .80977497509866666666 0
96 2.9590593143 .09545352626774193548 0
97 5.63343171004 1.02426031091636363636 0
98 6.27368414701 6.27368414701000000000 0
99 4.08142861781 .08329446158795918367 0
100 3.71281585681 .07500638094565656565 0
101 5.71413976594 .33612586858470588235 0
102 4.71094674415 .52343852712777777777 0
103 3.65767759076 .16625807230727272727 0
104 6.72418089929 .34482978970717948717 0
105 5.82972787082 .25346642916608695652 0
106 5.81062996929 .64562555214333333333 0
107 3.69548915474 .09987808526324324324 0
108 4.60780656614 .23039032830700000000 0
109 5.26736510707 .25694463936926829268 0
110 5.46283031558 .19864837511200000000 0
111 4.87698498917 .40641541576416666666 0
112 4.25798613958 .60828373422571428571 0
113 5.28707465096 .88117910849333333333 0
114 4.6259062162 1.54196873873333333333 0
115 5.93153401855 .45627184758076923076 0
116 4.39648318393 .43964831839300000000 0
117 4.62395136651 .09247902733020000000 0
118 6.3647003868 .18448406918260869565 0
119 2.7131484743 .25839509279047619047 0
120 4.50062957542 .15519412329034482758 0
121 6.28662346112 .22860448949527272727 0
122 5.4000537538 .20000199088148148148 0
123 5.88572311213 .23081267106392156862 0
124 4.78147004477 .12750586786053333333 0
125 5.895404716 .18715570526984126984 0
126 4.37777909524 .17167761157803921568 0
127 6.9645523424 .14509484046666666666 0
128 6.72643946765 1.22298899411818181818 0
129 4.67396001942 .11128476236714285714 0
130 4.51785688868 .32270406347714285714 0
131 3.75378574433 .15321574466653061224 0
132 4.9223211605 .10149115794845360824 0
133 6.25639160604 1.04273193434000000000 0
134 4.39754924131 .15991088150218181818 0
135 6.5630946056 .32015095637073170731 0
136 2.7262130991 .05800453402340425531 0
137 3.96882357595 .13453639240508474576 0
138 4.13413459011 .91869657558000000000 0
139 4.79654759615 .09889788858041237113 0
140 4.09293934607 .15445054136113207547 0
141 7.17567492175 .36798332932051282051 0
142 5.11063051461 .23230138702772727272 0
143 5.79935128088 .13180343820181818181 0
144 3.32021812574 .21420762101548387096 0
145 3.10387662143 .07135348555011494252 0
146 4.46828602259 .28827651758645161290 0
147 5.32206344007 .21288253760280000000 0
148 2.5052246328 .21784562024347826086 0
149 4.97981142762 .35570081625857142857 0
150 4.13617623918 .15608212223320754716 0
151 4.65459266877 .93091853375400000000 0
152 6.31901110266 .18054317436171428571 0
153 4.74892062099 .35177189785111111111 0
154 2.17390841766 .12077268987000000000 0
155 5.35370635337 .12596956125576470588 0
156 4.99454491791 .23230441478651162790 0
157 5.55567633669 .20964816364867924528 0
158 6.66479951448 .18774083139380281690 0
159 6.45137333755 .20480550277936507936 0
160 5.41438211067 .37340566280482758620 0
161 4.32345861835 .29816955988620689655 0
162 5.84918070433 1.16983614086600000000 0
163 7.34183823328 .35813845040390243902 0
164 4.21640770253 .10160018560313253012 0
165 4.89644745754 .40803728812833333333 0
166 6.18401127081 .22487313712036363636 0
167 4.25383125192 .65443557721846153846 0
168 5.93324353701 2.37329741480400000000 0
169 3.14076084372 .06612128092042105263 0
170 4.71735179385 .10255112595326086956 0
171 5.82524241502 .23776499653142857142 0
172 3.0773177332 .30773177332000000000 0
173 5.51687045132 .50153367739272727272 0
174 7.02081620822 .78009068980222222222 0
175 5.1318394622 5.13183946220000000000 0
176 5.36349517633 .12329873968574712643 0
177 3.49245942092 .10583210366424242424 0
178 5.15177282469 .15378426342358208955 0
179 3.95470705529 .10271966377376623376 0
180 5.06268638948 1.68756212982666666666 0
181 3.39014219618 .16537279005756097560 0
182 7.90466726182 1.97616681545500000000 0
183 3.9482602726 .15483373618039215686 0
184 4.79722405924 .25930940860756756756 0
185 4.26862703731 .20822570913707317073 0
186 4.35855791863 .28119728507290322580 0
187 3.81289476606 .07625789532120000000 0
188 6.74550818164 .18480844333260273972 0
189 3.57349130524 .14293965220960000000 0
190 4.77963988325 .09655838147979797979 0
191 4.62644978144 .13218427946971428571 0
192 4.33263939013 .13129210273121212121 0
193 6.09005104094 .15615515489589743589 0
194 7.45092128892 .36345957506926829268 0
195 7.03853804351 .15996677371613636363 0
196 4.58172468183 .10908868290071428571 0
197 4.02023351508 .08645663473290322580 0
198 2.78484386032 .06401939908781609195 0
199 4.66765793287 .10258588863450549450 0
200 5.36916565948 10.73833131896000000000 0
201 5.44072491619 1.81357497206333333333 0
202 3.23581913781 .07111690412769230769 0
203 7.16072358277 .27541244549115384615 0
204 2.49003853424 .09054685579054545454 0
205 3.54856414629 .09338326700763157894 0
206 4.13166611301 .12151959155911764705 0
207 5.50459529162 1.57274151189142857142 0
208 7.16366285686 .51169020406142857142 0
209 5.21014086567 .13532833417324675324 0
210 6.36623687386 2.12207895795333333333 0
211 5.16979044284 .68930539237866666666 0
212 4.01165361089 .44573929009888888888 0
213 4.34661266574 .22290321362769230769 0
214 3.42315916329 .45642122177200000000 0
215 4.77061808325 .10842313825568181818 0
216 4.98955028949 .31184689309312500000 0
217 4.61854855652 .76975809275333333333 0
218 6.34972190135 .13228587294479166666 0
219 5.85814780353 .37794501958258064516 0
220 4.01415733154 .24328226251757575757 0
221 3.21926874206 .07316519868318181818 0
222 4.40177001718 2.93451334478666666666 0
223 4.46591991158 .27911999447375000000 0
224 6.09722500985 .67746944553888888888 0
225 5.7952662825 .26954726895348837209 0
226 5.40376800257 .24562581829863636363 0
227 5.96994260764 .31420750566526315789 0
228 4.75849245843 .59481155730375000000 0
229 4.99890586073 .16663019535766666666 0
230 6.22192458831 .19752141550190476190 0
231 5.58311349226 .23757929754297872340 0
232 5.81472969252 .68408584617882352941 0
233 3.85475708297 .09401846543829268292 0
234 5.77538553644 .17501168292242424242 0
235 5.02346951243 .32409480725354838709 0
236 5.40374498968 .28440763103578947368 0
237 4.98303425341 .25554021812358974358 0
238 5.14495074583 .42874589548583333333 0
239 6.5112299778 .14002645113548387096 0
240 3.97869632964 .11207595294760563380 0
241 4.31825128571 8.63650257142000000000 0
242 5.86219408104 .19220308462426229508 0
243 4.94719518275 .11243625415340909090 0
244 4.67715687154 .40670929317739130434 0
245 5.72210535388 .30116343967789473684 0
246 5.45790202762 .11370629224208333333 0
247 5.68794285603 .42132910044666666666 0
248 5.08138053283 .14945236861264705882 0
249 3.41565500937 .07675629234539325842 0
250 6.29912216406 .13123171175125000000 0
251 4.36630119417 .09290002540787234042 0
252 5.30893070471 .17406330179377049180 0
253 5.25131676891 .12356039456258823529 0
254 4.7924276805 .28190751061764705882 0
255 6.26600551929 2.50640220771600000000 0
256 5.99878722992 .21048376245333333333 0
257 7.28403825923 .22762619560093750000 0
258 5.53089285123 .25140422051045454545 0
259 5.38148356533 .12093221495123595505 0
260 6.35931698947 .29578218555674418604 0
261 4.45716664052 .12211415453479452054 0
262 3.17114744369 .08456393183173333333 0
263 5.26574819334 .25074991396857142857 0
264 6.15830326931 .15395758173275000000 0
265 5.66411372677 .15104303271386666666 0
266 3.58898853074 .16313584230636363636 0
267 4.57538060401 .17942669035333333333 0
268 4.96186097218 .31011631076125000000 0
269 4.57052066526 .53770831356000000000 0
270 5.22834480098 .11618544002177777777 0
271 2.46871590636 .07480957292000000000 0
272 7.058966648 .48682528606896551724 0
273 2.89047455527 .08759013803848484848 0
274 2.47836360385 .10115769811632653061 0
275 4.25804318136 .94623181808000000000 0
276 6.26586338747 .46413802870148148148 0
277 2.78053411797 .11122136471880000000 0
278 4.65830841675 .18633233667000000000 0
279 5.16891458395 .11747533145340909090 0
280 5.18162021108 .14596113270647887323 0
281 1.91790435175 .03874554245959595959 0
282 3.6525908232 .17393289634285714285 0
283 5.0625670248 .38942823267692307692 0
284 5.65688320169 .23570346673708333333 0
285 2.4452767464 .13973009979428571428 0
286 2.99466905217 1.49733452608500000000 0
287 7.29255561446 .33147980065727272727 0
288 2.27189502293 .04733114631104166666 0
289 6.76008281418 .75112031268666666666 0
290 4.14874041396 .11524278927666666666 0
291 2.73124816818 .07916661357043478260 0
292 4.91480092898 .14455296849941176470 0
293 7.10503558889 .19202798888891891891 0
294 2.99130843872 .37391355484000000000 0
295 6.97461322306 .55796905784480000000 0
296 6.41103741457 .19726268967907692307 0
297 5.65952277625 2.82976138812500000000 0
298 4.52296712553 .56537089069125000000 0
299 3.20967640073 .40120955009125000000 0
300 4.84567166486 .17305970231642857142 0
301 5.48188900923 .26740921996243902439 0
302 4.60518090338 .17378041144830188679 0
303 4.54867909847 .29346316764322580645 0
304 4.83567058133 .09970454806865979381 0
305 4.95581870438 .66077582725066666666 0
306 7.08096233941 .40462641939485714285 0
307 4.95104021265 .28291658358000000000 0
308 6.96660754142 .27320029574196078431 0
309 7.19046449356 .23195046753419354838 0
310 7.36552074302 .35073908300095238095 0
311 4.24479190967 .10228414240168674698 0
312 5.48088332139 .13533045238000000000 0
313 4.9806814376 1.99227257504000000000 0
314 5.13928110508 .25696405525400000000 0
315 4.52868302486 1.00637400552444444444 0
316 6.03254818373 1.09682694249636363636 0
317 3.87584489569 .11073842559114285714 0
318 3.92020248619 .25291628943161290322 0
319 5.49919733484 .11222851703755102040 0
320 3.00350877617 .20023391841133333333 0
321 3.82424154273 .76484830854600000000 0
322 3.54423319014 .09087777410615384615 0
323 5.11201964244 .40896157139520000000 0
324 5.42680649126 .24667302233000000000 0
325 4.41820477651 .32727442788962962962 0
326 5.43990449514 .11825879337260869565 0
327 5.65441882559 .17670058829968750000 0
328 5.47593835688 .14799833396972972972 0
329 2.68394937551 .07157198334693333333 0
330 5.6159153985 .25526888175000000000 0
331 4.93825921097 .16191013806459016393 0
332 3.97115363033 .39711536303300000000 0
333 4.14103347271 .09002246679804347826 0
334 7.55265191288 .15257882652282828282 0
335 6.01915610581 .27359800480954545454 0
336 3.22117758986 .58566865270181818181 0
337 6.64856537293 .14297990049311827956 0
338 4.30299283723 .11952757881194444444 0
339 4.5878270191 .33983903845185185185 0
340 8.30440717944 .18454238176533333333 0
341 5.59119476965 .22364779078600000000 0
342 3.57514783713 .23834318914200000000 0
343 5.2389783489 .11514238129450549450 0
344 6.62770260497 .31560488595095238095 0
345 2.91710255861 .10418223423607142857 0
346 5.90018468788 .23600738751520000000 0
347 3.85051577434 .24842037253806451612 0
348 6.35093281536 .12961087378285714285 0
349 4.75033665844 .24360700812512820512 0
350 6.19395414697 .26930235421608695652 0
351 7.22741292559 .76078030795684210526 0
352 5.62290484368 1.60654424105142857142 0
353 6.43547380757 .17631435089232876712 0
354 5.13008315082 .17390112375661016949 0
355 3.20217526174 .27845002276000000000 0
356 6.20150907772 .22968552139703703703 0
357 4.32668435755 .39333494159545454545 0
358 4.43797621018 2.95865080678666666666 0
359 3.40522311051 .07168890758968421052 0
360 4.83953141085 .26159629247837837837 0
361 3.74418220007 .46802277500875000000 0
362 5.21790972418 .11725639829617977528 0
363 5.10501224511 .60058967589529411764 0
364 4.04778018736 1.61911207494400000000 0
365 3.43776511614 .12277732557642857142 0
366 4.92962212184 .15168068067200000000 0
367 4.46000608931 .18204106486979591836 0
368 5.00045596213 .12196234053975609756 0
369 5.80256739682 .13187653174590909090 0
370 4.3209229511 .09292307421720430107 0
371 6.25630657813 .15259284336902439024 0
372 4.93935692364 1.64645230788000000000 0
373 5.53467022906 .27673351145300000000 0
374 6.28314246954 .16319850570233766233 0
375 5.89424544637 .31022344454578947368 0
376 8.18926107288 .39947614989658536585 0
377 4.5414076381 .11353519095250000000 0
378 4.52166676526 .09724014548946236559 0
379 4.69075392845 .36082722526538461538 0
380 5.43200211767 .18731041785068965517 0
381 4.83486735887 .12240170528784810126 0
382 5.10661235879 1.45903210251142857142 0
383 6.66216373603 1.33243274720600000000 0
384 4.38363738004 .10691798487902439024 0
385 4.01753906167 .16739746090291666666 0
386 3.65414635909 .40601626212111111111 0
387 1.29300127877 .06157148946523809523 0
388 5.58892672694 2.23557069077600000000 0
389 4.16543924084 8.33087848168000000000 0
390 2.96434896298 .26948626936181818181 0
391 4.28852129927 .15594622906436363636 0
392 5.05365257506 .29727368088588235294 0
393 7.34468433511 .40803801861722222222 0
394 5.59052332994 .15747953042084507042 0
395 5.30456461208 .37889747229142857142 0
396 7.03739013241 .36089180166205128205 0
397 3.85674728867 .18813401408146341463 0
398 4.6271197421 .09443101514489795918 0
399 4.74958308692 .10325180623739130434 0
400 6.86916543212 1.96261869489142857142 0
401 6.15108474767 .32374130250894736842 1,2,3,4,5,6,7,8,9,10,11,12,13,14,15,16,17,18,19,20,21,22,23,24,25,26,27,28,29,30,31,32,33,34,35,36,37,38,39,40,41,42,43,44,45,46,47,48,49,50,51,52,53,54,55,56,57,58,59,60,61,62,63,64,65,66,67,68,69,70,71,72,73,74,75,76,77,78,79,80,81,82,83,84,85,86,87,88,89,90,91,92,93,94,95,96,97,98,99,100,101,102,103,104,105,106,107,108,109,110,111,112,113,114,115,116,117,118,119,120,121,122,123,124,125,126,127,128,129,130,131,132,133,134,135,136,137,138,139,140,141,142,143,144,145,146,147,148,149,150,151,152,153,154,155,156,157,158,159,160,161,162,163,164,165,166,167,168,169,170,171,172,173,174,175,176,177,178,179,180,181,182,183,184,185,186,187,188,189,190,191,192,193,194,195,196,197,198,199,200,201,202,203,204,205,206,207,208,209,210,211,212,213,214,215,216,217,218,219,220,221,222,223,224,225,226,227,228,229,230,231,232,233,234,235,236,237,238,239,240,241,242,243,244,245,246,247,248,249,250,251,252,253,254,255,256,257,258,259,260,261,262,263,264,265,266,267,268,269,270,271,272,273,274,275,276,277,278,279,280,281,282,283,284,285,286,287,288,289,290,291,292,293,294,295,296,297,298,299,300,301,302,303,304,305,306,307,308,309,310,311,312,313,314,315,316,317,318,319,320,321,322,323,324,325,326,327,328,329,330,331,332,333,334,335,336,337,338,339,340,341,342,343,344,345,346,347,348,349,350,351,352,353,354,355,356,357,358,359,360,361,362,363,364,365,366,367,368,369,370,371,372,373,374,375,376,377,378,379,380,381,382,383,384,385,386,387,388,389,390,391,392,393,394,395,396,397,398,399,400
402 6.32311049751 31.61555248755000000000 401
403 2.97717019462 9.92390064873333333333 401
404 5.53931013705 27.69655068525000000000 401
405 6.27467136605 15.68667841512500000000 401
406 1.60465001298 3.20930002596000000000 401
407 4.04282198298 .08422545797875000000 401
408 8.58017396726 .18063524141600000000 401
409 6.44750998892 .22622842066385964912 401
410 5.33790286798 .20932952423450980392 401
411 4.09986302412 .09646736527341176470 401
412 4.38036918273 .10069814213172413793 401
413 6.48282152569 1.17869482285272727272 401
414 3.30717687372 .06614353747440000000 401
415 4.97321287693 .13441115883594594594 401
416 6.70038725328 .23929954476000000000 401
417 6.61101220534 .38888307090235294117 401
418 5.47638334603 .45636527883583333333 401
419 3.96147353918 .99036838479500000000 401
420 3.54852558977 .25346611355500000000 401
421 6.3900446126 .27782802663478260869 401
422 5.12543498343 .11264692271274725274 401
423 5.84053138677 .41718081334071428571 401
424 5.14106550435 .51410655043500000000 401
425 5.80140798797 .13185018154477272727 401
426 4.84730848607 .32315389907133333333 401
427 7.3068941811 .27573185589056603773 401
428 6.49618161868 .13257513507510204081 401
429 6.2085529995 .18813796968181818181 401
430 5.7470718613 .12227812470851063829 401
431 4.41287090464 .58838278728533333333 401
432 6.67873577386 .51374890568153846153 401
433 5.79102133326 .14660813501924050632 401
434 4.4549056305 .55686320381250000000 401
435 3.37961946508 3.37961946508000000000 401
436 4.91976800397 .12299420009925000000 401
437 3.53219470562 .30714736570608695652 401
438 7.67280914158 .35687484379441860465 401
439 4.80603999909 .10447913041500000000 401
440 5.9038164707 .20357987830000000000 401
441 4.9928427378 .23775441608571428571 401
442 3.9171295063 .13278405106101694915 401
443 5.82990937922 .12404062508978723404 401
444 5.39693424926 .19274765175928571428 401
445 4.94522465346 1.41292132956000000000 401
446 5.70938582434 .22837543297360000000 401
447 4.24667078218 .14395494176881355932 401
448 5.32093819207 .53209381920700000000 401
449 6.42832430803 .45916602200214285714 401
450 5.80213348575 .24689929726595744680 401
451 5.96176050044 5.96176050044000000000 401
452 4.00737585952 .08178318080653061224 401
453 5.09246767603 .21218615316791666666 401
454 3.95136749342 .11621669098294117647 401
455 5.7153497497 .14469239872658227848 401
456 4.82531382038 .20979625306000000000 401
457 5.03804218222 .10076084364440000000 401
458 5.5646018491 .15457227358611111111 401
459 4.84852831466 .40404402622166666666 401
460 4.15258437162 .12777182681907692307 401
461 4.64652332968 4.64652332968000000000 401
462 4.05749829153 .27049988610200000000 401
463 5.19076430383 .10486392532989898989 401
464 4.77004102955 .43364009359545454545 401
465 4.06067691839 .30079088284370370370 401
466 5.2893536441 .14295550389459459459 401
467 4.90689027713 1.09042006158444444444 401
468 6.37734385895 .20245536060158730158 401
469 5.05923124517 .28909892829542857142 401
470 1.57975489833 .03159509796660000000 401
471 3.40309762298 .07016696129855670103 401
472 6.13987695172 .34110427509555555555 401
473 4.77861208742 .23310302865463414634 401
474 7.36520972394 2.94608388957600000000 401
475 7.66138338317 .21581361642732394366 401
476 3.47419797603 .12407849914392857142 401
477 5.34311545432 1.33577886358000000000 401
478 3.33397266592 .15154421208727272727 401
479 5.82719110759 .48559925896583333333 401
480 5.8673635526 .27290063035348837209 401
481 6.0648700738 .29584732067317073170 401
482 4.77003942878 .53000438097555555555 401
483 4.21048343213 .33683867457040000000 401
484 4.42419941998 .10054998681772727272 401
485 4.30289637624 .15936653245333333333 401
486 5.93428398773 .19780946625766666666 401
487 4.28659038896 .23814391049777777777 401
488 5.55475612318 .15429878119944444444 401
489 3.35034053821 .24817337320074074074 401
490 4.60018400347 .92003680069400000000 401
491 4.04568639385 .11899077628970588235 401
492 5.93318356927 .29665917846350000000 401
493 5.43953719591 .14505432522426666666 401
494 5.35637225907 .41202863531307692307 401
495 7.13384399441 1.42676879888200000000 401
496 4.62903896155 .37032311692400000000 401
497 3.15728991547 .12886897614163265306 401
498 6.38738640991 .29708773999581395348 401
499 5.36298778244 .11917750627644444444 401
500 3.88317183176 .40875492965894736842 401
501 5.05589246207 .84264874367833333333 401
502 5.90035930222 .78671457362933333333 401
503 6.77806918218 .27112276728720000000 401
504 4.9867042303 .21681322740434782608 401
505 6.03922328521 .29459625781512195121 401
506 5.38797367107 .48981578827909090909 401
507 4.19986783034 .23332599057444444444 401
508 6.4640213798 .92343162568571428571 401
509 6.49685221618 .13971725196086021505 401
510 3.58447971047 .13526338530075471698 401
511 3.99724310343 .88827624520666666666 401
512 4.26542330767 .09478718461488888888 401
513 2.19038064894 .05093908485906976744 401
514 5.32607069852 .24209412266000000000 401
515 4.93338312707 .31828278239161290322 401
516 1.3093397771 .03850999344411764705 401
517 5.80060293942 1.16012058788400000000 401
518 4.43533221588 .14307523277032258064 401
519 6.57400723269 .15288388913232558139 401
520 8.20721818077 .45595656559833333333 401
521 3.83930993241 .14219666416333333333 401
522 4.02310064065 1.34103354688333333333 401
523 4.67819877362 .24622098808526315789 401
524 1.85295129022 .04259658138436781609 401
525 5.75211974422 .19834895669724137931 401
526 4.13939278711 .11038380765626666666 401
527 6.58152340073 .17550729068613333333 401
528 5.22547768245 .25490135036341463414 401
529 4.66694893676 .12281444570421052631 401
530 6.75488383508 13.50976767016000000000 401
531 4.96230506609 .21116191770595744680 401
532 5.49646119397 10.99292238794000000000 401
533 6.89023982832 .13919676420848484848 401
534 5.11444474276 .51144447427600000000 401
535 4.18303733645 .09616177784942528735 401
536 6.46961062783 .26406573991142857142 401
537 7.87319855005 .26688808644237288135 401
538 3.50585503976 .11309209805677419354 401
539 5.93544808441 .14132019248595238095 401
540 6.04883719816 .71162790566588235294 401
541 4.64273901569 .38689491797416666666 401
542 3.67276339558 .09794035721546666666 401
543 6.02510227705 .43036444836071428571 401
544 6.33876252081 .18643419178852941176 401
545 3.75061974177 .16307042355521739130 401
546 3.51510874559 .10651844683606060606 401
547 4.58348475721 .09649441594126315789 401
548 3.16292670062 .12909904900489795918 401
549 4.04731941796 .20755484194666666666 401
550 2.52406222682 .06915238977589041095 401
551 4.06600311922 .09797597877638554216 401
552 3.4146796944 .12885583752452830188 401
553 4.24543018548 .12305594740521739130 401
554 4.05946657339 .08824927333456521739 401
555 4.31614133209 .15414790471750000000 401
556 5.33682699708 .19060096418142857142 401
557 4.44968092837 .12026164671270270270 401
558 4.31662852096 .23333127140324324324 401
559 5.52187949916 .64963288225411764705 401
560 6.38737398763 .21652115212305084745 401
561 5.52005333166 .19714476184500000000 401
562 4.84893073201 .19395722928040000000 401
563 6.88536910184 .14807245380301075268 401
564 4.96595352699 .13421496018891891891 401
565 3.4412706909 .10272449823582089552 401
566 7.1679708718 .21082267270000000000 401
567 7.80290870809 .17733883427477272727 401
568 7.60428231992 .16531048521565217391 401
569 3.48828022533 .08831089178050632911 401
570 6.48755535428 .43250369028533333333 401
571 2.86841254489 .63742500997555555555 401
572 3.74942561554 .10133582744702702702 401
573 3.01418844128 .09882585053377049180 401
574 3.9999630051 .17777613356000000000 401
575 4.2683041631 .12553835773823529411 401
576 3.92032851954 .08809727010202247191 401
577 4.47085493769 .22927461218923076923 401
578 5.62235744131 .13075249863511627906 401
579 6.85910412049 .18538119244567567567 401
580 4.80144400371 .25953751371405405405 401
581 5.81087155525 .44699011963461538461 401
582 5.06900139813 .11391014377820224719 401
583 4.4387763072 .09974778218426966292 401
584 4.53470944486 .19296635935574468085 401
585 4.0063217428 8.01264348560000000000 401
586 5.89506601151 .16375183365305555555 401
587 3.4804343836 .17402171918000000000 401
588 3.58830431987 .47844057598266666666 401
589 5.54364513874 .65219354573411764705 401
590 3.87292547973 .12295001522952380952 401
591 7.61784295616 .56428466341925925925 401
592 5.03982836018 2.01593134407200000000 401
593 3.95198443467 .09298786905105882352 401
594 4.38891449795 .32510477762592592592 401
595 7.54819410637 .68619946421545454545 401
596 6.10472793338 .45220206913925925925 401
597 2.28768382468 .06932375226303030303 401
598 4.20609533098 .09559307570409090909 401
599 2.69441103585 .06123661445113636363 401
600 4.29722002817 .08681252582161616161 401
601 5.07841750265 .13542446673733333333 401
602 4.7090369303 .23545184651500000000 401
603 5.44344222521 .19099797281438596491 401
604 4.94573689678 .27476316093222222222 401
605 3.55883414965 .07653406773440860215 401
606 4.68036335686 .10400807459688888888 401
607 6.86263709025 .16944782938888888888 401
608 4.21432951013 .08779853146104166666 401
609 3.80751825231 .95187956307750000000 401
610 3.97475074396 .15287502861384615384 401
611 3.97648117822 .10196105585179487179 401
612 3.88020570119 .10778349169972222222 401
613 3.68343677548 .23764108228903225806 401
614 4.18322149198 .15785741479169811320 401
615 3.85524251902 .09885237228256410256 401
616 1.77936791144 .09618204926702702702 401
617 6.89625942633 .20283115959794117647 401
618 5.40246463084 1.20054769574222222222 401
619 3.41121406148 .12872505892377358490 401
620 4.37292881321 .21331360064439024390 401
621 3.72955823456 .14073804658716981132 401
622 4.42486292388 2.94990861592000000000 401
623 4.4061386577 .55076733221250000000 401
624 4.33450338411 .10973426288886075949 401
625 8.61654738569 1.01371145714000000000 401
626 3.42399278093 .15563603549681818181 401
627 5.34404590284 .15268702579542857142 401
628 5.19090404277 .24143739733813953488 401
629 4.64899323358 .18975482586040816326 401
630 6.05272772826 .28152221991906976744 401
631 4.18811249159 .12317977916441176470 401
632 4.40781888547 .25187536488400000000 401
633 4.56370799711 9.12741599422000000000 401
634 4.97522281393 .33168152092866666666 401
635 7.98339373179 .26611312439300000000 401
636 5.4365365248 .67956706560000000000 401
637 4.9972371139 .27012092507567567567 401
638 5.72622319861 .19410926096983050847 401
639 7.75667762016 .34474122756266666666 401
640 4.34655396762 .08961966943546391752 401
641 3.10202990959 .47723537070615384615 401
642 2.51519518316 .12269244795902439024 401
643 5.53751320903 .12038072193543478260 401
644 7.07252397821 4.71501598547333333333 401
645 6.16812655291 .13123673516829787234 401
646 2.25611096285 .06181125925616438356 401
647 4.82348007288 .26072865258810810810 401
648 6.97167624798 .82019720564470588235 401
649 6.72467203215 .13585196024545454545 401
650 5.42138259524 .16428432106787878787 401
651 4.2672129527 .13546707786349206349 401
652 4.05848660225 .14240303867543859649 401
653 5.10252991262 .13427710296368421052 401
654 5.91523430383 .13000514953472527472 401
655 4.91545062037 .25207439078820512820 401
656 3.63525680857 .34621493414952380952 401
657 5.21782417417 .11858691304931818181 401
658 6.23661827655 1.24732365531000000000 401
659 5.33413397222 2.13365358888800000000 401
660 6.21250328778 .16348692862578947368 401
661 3.12064104836 .06368655200734693877 401
662 3.5695784356 .59492973926666666666 401
663 6.06578233412 .75822279176500000000 401
664 5.09366314105 .32862342845483870967 401
665 1.81680800602 .05266110162376811594 401
666 3.33827623015 .07586991432159090909 401
667 8.83720027276 .26779394765939393939 401
668 2.7203679367 .09892247042545454545 401
669 5.0396093844 .13998914956666666666 401
670 3.98692579285 .08136583250714285714 401
671 3.1753055043 .79382637607500000000 401
672 5.20779380604 1.15728751245333333333 401
673 6.56540833305 .13398792516428571428 401
674 6.9062809872 .14388085390000000000 401
675 3.11693644977 .09895036348476190476 401
676 5.52000621003 2.20800248401200000000 401
677 4.30943727061 .11049839155410256410 401
678 7.38850077878 2.46283359292666666666 401
679 5.82925514847 .16420437037943661971 401
680 2.9903425454 .39871233938666666666 401
681 4.01193233679 .80238646735800000000 401
682 4.2373625038 2.82490833586666666666 401
683 6.24662633223 .15235673981048780487 401
684 5.1949478245 .25341208900000000000 401
685 5.80323874364 .14508096859100000000 401
686 4.56993613493 .13056960385514285714 401
687 2.73676106794 5.47352213588000000000 401
688 4.10114681779 .74566305778000000000 401
689 4.49916533444 .11686143725818181818 401
690 7.1111252284 .14970789954526315789 401
691 3.43179117507 .17158955875350000000 401
692 6.88572490561 .39346999460628571428 401
693 6.66518714125 .16060691906626506024 401
694 6.22199636734 2.07399878911333333333 401
695 5.95641274668 .15272853196615384615 401
696 5.36524719868 .44710393322333333333 401
697 5.49081993927 .28158050970615384615 401
698 4.74507619376 .12653536516693333333 401
699 5.33236799547 .10882383664224489795 401
700 5.030054631 .23395602934883720930 401
701 4.57813463855 .10900320567976190476 401
702 6.64789768806 .18466382466833333333 401
703 1.53224557207 .06809980320311111111 401
704 5.55112425383 .58432886882421052631 401
705 4.58023592652 .11171307137853658536 401
706 4.54141881946 .22707094097300000000 401
707 5.19052732454 .19963566632846153846 401
708 4.176837131 .11933820374285714285 401
709 6.85156010556 .13982775725632653061 401
710 5.10963964472 .30056703792470588235 401
711 3.61465241435 .11475087029682539682 401
712 3.98221369628 .09481461181619047619 401
713 5.19517280562 .12671153184439024390 401
714 8.13118751703 .17676494602239130434 401
715 4.49914265671 .16663491321148148148 401
716 4.62926662001 .11430287950641975308 401
717 4.24197659062 1.41399219687333333333 401
718 5.94318206961 .12381629311687500000 401
719 6.37863494167 .15187226051595238095 401
720 7.25759066452 1.31956193900363636363 401
721 6.70559780864 .30479990039272727272 401
722 6.17597409925 .58818800945238095238 401
723 5.47019418333 .22792475763875000000 401
724 7.09617728812 .14481994465551020408 401
725 4.18858398871 .09412548289235955056 401
726 4.17610875867 .92802416859333333333 401
727 6.21126799159 .20036348359967741935 401
728 4.9046977253 .65395969670666666666 401
729 7.11648236841 1.58144052631333333333 401
730 6.91773919277 .16669251066915662650 401
731 3.3790372142 .08142258347469879518 401
732 4.28502678849 2.85668452566000000000 401
733 2.92638487749 .07137524091439024390 401
734 5.46846541965 .11635032807765957446 401
735 5.97830381898 .34161736108457142857 401
736 1.88689537228 .04057839510279569892 401
737 4.83872090697 .28463064158647058823 401
738 5.97327762291 .70273854387176470588 401
739 3.91917859787 .08338677867808510638 401
740 4.59355119527 .10439889080159090909 401
741 5.55249632826 3.70166421884000000000 401
742 5.03363218705 .29609601100294117647 401
743 5.07912598568 .11543468149272727272 401
744 5.64427500311 .19133135603762711864 401
745 3.57299258606 .25521375614714285714 401
746 2.89357103512 .07419412910564102564 401
747 5.56772834537 .65502686416117647058 401
748 4.99215997332 .39937279786560000000 401
749 6.62335106906 .27034085996163265306 401
750 5.25363493264 .31840211712969696969 401
751 3.63763064487 .13227747799527272727 401
752 4.42190512944 .14739683764800000000 401
753 4.41854141359 .38422099248608695652 401
754 5.01831870951 .13939774193083333333 401
755 2.80617314658 1.87078209772000000000 401
756 3.6744402241 .31951654122608695652 401
757 6.41615060208 .20697260006709677419 401
758 5.82145344767 .25873126434088888888 401
759 3.2741180582 .08848967724864864864 401
760 3.23234508304 .28107348548173913043 401
761 6.05534341893 .34601962393885714285 401
762 6.04753936745 .28797806511666666666 401
763 1.92384555746 .03847691114920000000 401
764 3.46634053171 .23905796770413793103 401
765 6.52708446027 .22507187794034482758 401
766 4.4174899367 .13804656052187500000 401
767 5.61060549511 .13853346901506172839 401
768 4.5808417414 .91616834828000000000 401
769 3.69266926252 .10116902089095890410 401
770 3.77448040754 .10940522920405797101 401
771 3.51287870335 .12325890187192982456 401
772 5.3857731607 .76939616581428571428 401
773 5.81585817035 .25286339871086956521 401
774 4.78719213943 .18773302507568627450 401
775 5.39379887987 .43150391038960000000 401
776 4.06346126288 .09674907768761904761 401
777 2.66513105775 .11845026923333333333 401
778 7.08469275723 .28917113294816326530 401
779 4.32098850819 .23356694638864864864 401
780 4.46601661824 .11165041545600000000 401
781 5.60798800085 .23863778727021276595 401
782 4.76872452381 .52985828042333333333 401
783 3.09260926513 .06376513948721649484 401
784 4.92789155395 .09855783107900000000 401
785 4.53600002552 .69784615777230769230 401
786 5.20194747204 3.46796498136000000000 401
787 5.46723108194 .49702100744909090909 401
788 5.5611415567 .23664432156170212765 401
789 5.15080053027 .10959150064404255319 401
790 4.90964809693 1.22741202423250000000 401
791 4.36669055246 .14086098556322580645 401
792 6.48021280542 .64802128054200000000 401
793 6.34011875448 .70445763938666666666 401
794 2.95387516797 .05967424581757575757 401
795 6.13072508272 1.02178751378666666666 401
796 6.77123717945 .38692783882571428571 401
797 5.43154101227 .24688822783045454545 401
798 7.26066264068 .18617083694051282051 401
799 5.45967510089 .68245938761125000000 401
800 6.01956095419 .50163007951583333333 401
801 3.84273948358 .09981141515792207792 401
802 6.24749305266 .13015610526375000000 402,403,404,405,406,407,408,409,410,411,412,413,414,415,416,417,418,419,420,421,422,423,424,425,426,427,428,429,430,431,432,433,434,435,436,437,438,439,440,441,442,443,444,445,446,447,448,449,450,451,452,453,454,455,456,457,458,459,460,461,462,463,464,465,466,467,468,469,470,471,472,473,474,475,476,477,478,479,480,481,482,483,484,485,486,487,488,489,490,491,492,493,494,495,496,497,498,499,500,501,502,503,504,505,506,507,508,509,510,511,512,513,514,515,516,517,518,519,520,521,522,523,524,525,526,527,528,529,530,531,532,533,534,535,536,537,538,539,540,541,542,543,544,545,546,547,548,549,550,551,552,553,554,555,556,557,558,559,560,561,562,563,564,565,566,567,568,569,570,571,572,573,574,575,576,577,578,579,580,581,582,583,584,585,586,587,588,589,590,591,592,593,594,595,596,597,598,599,600,601,602,603,604,605,606,607,608,609,610,611,612,613,614,615,616,617,618,619,620,621,622,623,624,625,626,627,628,629,630,631,632,633,634,635,636,637,638,639,640,641,642,643,644,645,646,647,648,649,650,651,652,653,654,655,656,657,658,659,660,661,662,663,664,665,666,667,668,669,670,671,672,673,674,675,676,677,678,679,680,681,682,683,684,685,686,687,688,689,690,691,692,693,694,695,696,697,698,699,700,701,702,703,704,705,706,707,708,709,710,711,712,713,714,715,716,717,718,719,720,721,722,723,724,725,726,727,728,729,730,731,732,733,734,735,736,737,738,739,740,741,742,743,744,745,746,747,748,749,750,751,752,753,754,755,756,757,758,759,760,761,762,763,764,765,766,767,768,769,770,771,772,773,774,775,776,777,778,779,780,781,782,783,784,785,786,787,788,789,790,791,792,793,794,795,796,797,798,799,800,801
803 6.12091412536 61.20914125360000000000 802
804 5.02335368136 12.55838420340000000000 802
805 5.48695951471 13.71739878677500000000 802
806 7.12583181618 23.75277272060000000000 802
807 4.78328418053 15.94428060176666666666 802
808 5.78019059708 1.44504764927000000000 802
809 4.68952342981 .55170863880117647058 802
810 6.73444088818 .39614358165764705882 802
811 5.26677416435 .95759530260909090909 802
812 4.5099307805 .10022068401111111111 802
813 6.3959473836 .24599797629230769230 802
814 7.46781132292 .18439040303506172839 802
815 4.05707191898 .12110662444716417910 802
816 4.16413187129 .75711488568909090909 802
817 3.79557159027 .07746064469938775510 802
818 2.83613504317 .07002802575728395061 802
819 4.33005659397 .12735460570500000000 802
820 5.04124170524 .18331788019054545454 802
821 5.51609621173 .16715443065848484848 802
822 3.34720332221 .10460010381906250000 802
823 2.41492671424 .06037316785600000000 802
824 5.46598137819 .37696423297862068965 802
825 5.87981318354 .83997331193428571428 802
826 5.7123926529 .11657944189591836734 802
827 4.1483305703 .18856048046818181818 802
828 4.08846768617 .12579900572830769230 802
829 5.46477931998 5.46477931998000000000 802
830 6.27640282486 .96560043459384615384 802
831 5.95400322232 .17773143947223880597 802
832 2.73213196626 .06139622396089887640 802
833 6.71647039107 .13848392558907216494 802
834 5.6429413982 .41799565912592592592 802
835 4.79517976139 .47951797613900000000 802
836 5.4294580119 .13573645029750000000 802
837 4.37556603749 .13890685833301587301 802
838 3.09484211542 .12632008634367346938 802
839 5.51972838913 .78853262701857142857 802
840 5.91737906374 .25727735059739130434 802
841 6.67752308925 .28414991869148936170 802
842 4.96413638268 .14183246807657142857 802
843 5.62887644265 .51171604024090909090 802
844 3.11539038883 .28321730807545454545 802
845 6.41873180549 .67565597952526315789 802
846 3.853506508 .17923286083720930232 802
847 2.69802056256 .13161075914926829268 802
848 5.15453127051 .15386660508985074626 802
849 3.48309894983 .09951711285228571428 802
850 5.38609581894 .29114031453729729729 802
851 4.09508023655 .09413977555287356321 802
852 5.00626700624 .12674093686683544303 802
853 6.2567747311 .69519719234444444444 802
854 4.5288528111 .20128234716000000000 802
855 4.59991324861 .10336883704741573033 802
856 6.5354420915 .65354420915000000000 802
857 5.12940408189 .25647020409450000000 802
858 4.22866325092 .22256122373263157894 802
859 3.73857278604 .53408182657714285714 802
860 3.67170980131 .14121960774269230769 802
861 3.51706569024 1.17235523008000000000 802
862 7.63093307851 .17148164221370786516 802
863 4.49350137767 .09361461203479166666 802
864 3.02411697312 .67202599402666666666 802
865 6.52569649751 .19774837871242424242 802
866 6.75323251317 .26483264757529411764 802
867 5.10141323476 .22672947710044444444 802
868 6.4483665352 .44471493346206896551 802
869 4.25357357322 .09348513347736263736 802
870 6.90904294195 .24675153364107142857 802
871 5.131618556 .14455263538028169014 802
872 4.4740324608 .09038449415757575757 802
873 8.16022290861 1.25541890901692307692 802
874 4.83418659697 .13428296102694444444 802
875 6.55918435757 .21505522483836065573 802
876 3.33356320513 .10257117554246153846 802
877 5.68524254857 .19604284650241379310 802
878 7.64871381412 .28863070996679245283 802
879 5.02290664212 .55810073801333333333 802
880 4.58628438691 .29588931528451612903 802
881 4.17352304745 .13042259523281250000 802
882 5.40289532647 5.40289532647000000000 802
883 3.84221213389 .08088867650294736842 802
884 3.41346000197 .09225567572891891891 802
885 3.61569588931 .09391417894311688311 802
886 5.54177641019 .58334488528315789473 802
887 6.87688521111 .14326844189812500000 802
888 6.64574345367 .14934254952067415730 802
889 4.77406601989 .11935165049725000000 802
890 6.45710506976 .92244358139428571428 802
891 4.9779847684 .10591456954042553191 802
892 4.61189820603 .34162208933555555555 802
893 5.45695319948 .14748522160756756756 802
894 5.12272330977 .22767659154533333333 802
895 5.02347861904 1.25586965476000000000 802
896 2.86747927623 .10427197368109090909 802
897 4.8670404518 .44245822289090909090 802
898 3.8186650546 .07637330109200000000 802
899 3.44536535042 .34453653504200000000 802
900 6.47939724584 2.59175889833600000000 802
901 6.37598594628 .17232394449405405405 802
902 3.05344658766 .25445388230500000000 802
903 5.03985843236 .11076611939252747252 802
904 5.23802189151 1.49657768328857142857 802
905 6.43548812045 .23401774983454545454 802
906 5.51663826377 .12124479700593406593 802
907 5.65095206277 .23065110460285714285 802
908 6.24909322014 .27169970522347826086 802
909 2.90912921428 .06687653366160919540 802
910 5.93697338527 .19789911284233333333 802
911 6.49637422727 .15467557683976190476 802
912 5.53550381893 .11777667699851063829 802
913 6.01316571594 .38794617522193548387 802
914 4.65336935656 .12576673936648648648 802
915 5.012612423 .71608748900000000000 802
916 6.44991946908 .31463021800390243902 802
917 7.31803605764 1.21967267627333333333 802
918 4.22102351547 .10171141001132530120 802
919 3.48023654383 .07326813776484210526 802
920 3.38807489075 .06914438552551020408 802
921 3.53057927309 .78457317179777777777 802
922 6.65115365646 .18222338784821917808 802
923 5.57018933288 .13753553908345679012 802
924 3.69838241498 .08911764855373493975 802
925 4.64291112561 .11904900322076923076 802
926 5.231646389 .14947561111428571428 802
927 4.57472966557 .24077524555631578947 802
928 5.85037518352 .16479930094422535211 802
929 7.27848223811 .80872024867888888888 802
930 4.82930320545 .16652769673965517241 802
931 5.54206883339 .15834482381114285714 802
932 3.12757610344 .06725970114924731182 802
933 6.63838686087 .20116323820818181818 802
934 4.60467199973 .13156205713514285714 802
935 7.28146933456 2.91258773382400000000 802
936 4.11097043893 .28351520268482758620 802
937 4.8572785424 .10119330296666666666 802
938 1.47644274573 .09525437069225806451 802
939 7.04874520392 .15491747700923076923 802
940 3.72455951532 .07524362657212121212 802
941 4.61882379932 .40163685211478260869 802
942 4.72569978785 .23052194087073170731 802
943 3.88484207978 2.58989471985333333333 802
944 4.90766391188 .23369828151809523809 802
945 6.66719990159 .17317402341792207792 802
946 5.78541079241 .17531547855787878787 802
947 5.30963338708 .16592604334625000000 802
948 5.48882379358 .16632799374484848484 802
949 5.99143065135 .18723220785468750000 802
950 3.00740324891 .60148064978200000000 802
951 4.62140614349 .66020087764142857142 802
952 5.72620215974 .11452404319480000000 802
953 3.25951304259 .22479400293724137931 802
954 6.63661843954 .94808834850571428571 802
955 6.01683606271 .19727331353147540983 802
956 6.08443297104 2.02814432368000000000 802
957 5.44690279856 .14333954733052631578 802
958 2.92689538618 .11478021122274509803 802
959 4.90882683471 .28875451968882352941 802
960 5.13598977106 .18021016740561403508 802
961 5.99723764296 .52149892547478260869 802
962 3.00442698869 .15407317890717948717 802
963 3.44854103363 .11306691913540983606 802
964 4.71575017427 .33683929816214285714 802
965 6.47808939886 .18508826853885714285 802
966 3.89196853113 .07942792920673469387 802
967 5.93870552653 .21995205653814814814 802
968 5.05580590819 .23515376317162790697 802
969 5.86650472027 .13643034233186046511 802
970 6.48400431116 .13944095292817204301 802
971 5.22922257383 .80449578058923076923 802
972 2.68991943002 .21519355440160000000 802
973 5.18372141867 .14810632624771428571 802
974 6.10856630759 .50904719229916666666 802
975 4.02103527701 .10722760738693333333 802
976 3.71139913375 .41237768152777777777 802
977 2.81081513993 .06316438516696629213 802
978 4.49582366684 .29005313979612903225 802
979 2.82253741837 .13440654373190476190 802
980 5.68424440474 .29149971306358974358 802
981 4.14164718535 .22387282082972972972 802
982 6.08242169854 .26445311732782608695 802
983 5.68752984255 .23698041010625000000 802
984 4.86207797823 .20689693524382978723 802
985 4.42661367856 .09728821271560439560 802
986 4.50710371445 .23113352381794871794 802
987 5.52960502454 .73728066993866666666 802
988 7.22614789266 .55585753020461538461 802
989 6.16745909073 .27410929292133333333 802
990 4.24291320185 .23571740010277777777 802
991 5.86862888105 .18630567876349206349 802
992 4.0415118643 .13936247807931034482 802
993 4.19143356971 .16120898345038461538 802
994 3.04598284717 .09986829007114754098 802
995 5.66479780391 .11329595607820000000 802
996 3.98213754146 .08849194536577777777 802
997 3.4766528488 .07397133720851063829 802
998 6.37560488689 .24058886365622641509 802
999 3.95065294896 .23239134993882352941 802
1000 4.98641914381 .19945676575240000000 802
1001 6.54438891831 .17687537617054054054 802
1002 5.20188648122 .12239732896988235294 802
1003 5.63718564575 .13583579869277108433 802
1004 5.39733737913 2.69866868956500000000 802
1005 5.04434672339 .72062096048428571428 802
1006 5.5913372228 .34945857642500000000 802
1007 4.58888743583 .11919188145012987012 802
1008 5.71349112508 .16804385662000000000 802
1009 4.49486335763 .11237158394075000000 802
1010 5.59069647697 .22819169293755102040 802
1011 5.10348366908 .46395306082545454545 802
1012 2.65505368608 .27947933537684210526 802
1013 3.40988922092 .23516477385655172413 802
1014 6.01628164315 .40108544287666666666 802
1015 4.32163980793 .20579237180619047619 802
1016 4.87751719169 .48775171916900000000 802
1017 4.08706520187 .09082367115266666666 802
1018 4.79048910485 .19553016754489795918 802
1019 1.74763369775 .09709076098611111111 802
1020 3.49567023587 .19975258490685714285 802
1021 7.01873950019 .31903361364500000000 802
1022 4.75149253055 .19393847063469387755 802
1023 3.83516417387 1.27838805795666666666 802
1024 1.93616326697 .77446530678800000000 802
1025 4.72903795433 .13136216539805555555 802
1026 6.30364654553 .18010418701514285714 802
1027 3.50660929244 .70132185848800000000 802
1028 4.84804169218 .16717385145448275862 802
1029 3.89879694155 1.11394198330000000000 802
1030 5.42380365405 1.35595091351250000000 802
1031 3.25820820699 .15893698570682926829 802
1032 5.56033239709 .13561786334365853658 802
1033 6.78345221912 .25123897107851851851 802
1034 3.28204952797 .07134890278195652173 802
1035 6.96771937703 .14366431705216494845 802
1036 5.92363793556 .13775902175720930232 802
1037 4.82517294489 .11914007271333333333 802
1038 3.84616664562 .09267871435228915662 802
1039 4.66837825582 .16975920930254545454 802
1040 4.4668715016 .11029312349629629629 802
1041 4.61453740769 .24943445446972972972 802
1042 5.23818427417 .14755448659633802816 802
1043 3.08937538934 .06716033455086956521 802
1044 5.57655104133 .92942517355500000000 802
1045 5.51177299607 .11727176587382978723 802
1046 5.14094108849 2.05637643539600000000 802
1047 4.95330887815 .23038645944883720930 802
1048 5.90705337024 .14064412786285714285 802
1049 3.157731442 .12888699763265306122 802
1050 3.52359882453 .13818034606000000000 802
1051 4.24907881916 8.49815763832000000000 802
1052 5.57647357804 .18903300264542372881 802
1053 5.61374735899 .24949988262177777777 802
1054 4.29055858366 .28603723891066666666 802
1055 3.83222275935 1.53288910374000000000 802
1056 5.83193457438 .27125277090139534883 802
1057 7.88802870366 .31552114814640000000 802
1058 4.69945863283 .28481567471696969696 802
1059 3.07776742573 1.02592247524333333333 802
1060 4.77526906294 3.18351270862666666666 802
1061 1.54935599855 .04077252627763157894 802
1062 5.29271841346 .11505909594478260869 802
1063 4.76456100723 1.19114025180750000000 802
1064 3.97627667066 .15593241845725490196 802
1065 6.20313851335 .29538754825476190476 802
1066 5.1528537317 .11711031208409090909 802
1067 6.07232796099 1.10405962927090909090 802
1068 4.67346096278 .30151361050193548387 802
1069 4.77891769592 .12098525812455696202 802
1070 4.26636753396 1.70654701358400000000 802
1071 6.39092961055 .63909296105500000000 802
1072 3.877784842 .11575477140298507462 802
1073 4.26311786306 .23683988128111111111 802
1074 5.64897688198 .19820971515719298245 802
1075 4.9032607753 .61290759691250000000 802
1076 6.71024362672 .20646903466830769230 802
1077 4.16741398824 .69456899804000000000 802
1078 1.61847659653 .12947812772240000000 802
1079 4.42315707227 .80421037677636363636 802
1080 5.41809906396 .54180990639600000000 802
1081 5.29788274382 .19992010354037735849 802
1082 3.28004847077 .07540341312114942528 802
1083 7.04111154457 .22713263047000000000 802
1084 5.30123690464 .12186751504919540229 802
1085 5.40739626845 .14614584509324324324 802
1086 4.90230422696 .23344305842666666666 802
1087 4.64391149068 .20639606625244444444 802
1088 3.75220912723 .35735325021238095238 802
1089 3.98577933817 .08759954589384615384 802
1090 3.95063992049 .39506399204900000000 802
1091 4.05915060407 .10681975273868421052 802
1092 3.52957043649 1.00844869614000000000 802
1093 6.60202700426 .88027026723466666666 802
1094 5.38718196561 .67339774570125000000 802
1095 6.2576701705 .41717801136666666666 802
1096 5.30773519507 .36605070310827586206 802
1097 4.95551411666 .10543647056723404255 802
1098 5.98122500798 .46009423138307692307 802
1099 6.38816669132 .70979629903555555555 802
1100 5.3959153993 .25694835234761904761 802
1101 2.25577311054 .09807709176260869565 802
1102 6.15136069973 .18640486968878787878 802
1103 3.27700926718 1.63850463359000000000 802
1104 3.45909297431 .18205752496368421052 802
1105 3.58393447232 .08145305618909090909 802
1106 5.26916216287 1.31729054071750000000 802
1107 3.55586979213 .10306868962695652173 802
1108 4.84630789758 .16428162364677966101 802
1109 3.87292900971 .27663778640785714285 802
1110 5.87133863037 1.06751611461272727272 802
1111 6.23563336975 .13704688724725274725 802
1112 5.11509962954 .13460788498789473684 802
1113 4.7371418823 .86129852405454545454 802
1114 5.75611316031 .41115094002214285714 802
1115 5.77771748507 .37275596677870967741 802
1116 2.02183838265 .07776301471730769230 802
1117 4.64828784821 .09996317953139784946 802
1118 5.26400057307 .15713434546477611940 802
1119 3.94903894358 .11788175950985074626 802
1120 4.27981800413 2.85321200275333333333 802
1121 4.5555839178 .21188762408372093023 802
1122 5.798144819 .15258275839473684210 802
1123 4.71370645361 .11358328803879518072 802
1124 5.88495987023 .43592295335037037037 802
1125 4.88784922957 .11777949950771084337 802
1126 5.24389075364 .37456362526000000000 802
1127 3.1752513982 .06755854038723404255 802
1128 3.13296603311 .12049869358115384615 802
1129 5.60340132255 1.86780044085000000000 802
1130 5.75212747571 .13534417589905882352 802
1131 4.72334769407 .17823953562528301886 802
1132 4.61260007247 .16773091172618181818 802
1133 4.59273370157 .27016080597470588235 802
1134 4.82085294546 .15304295064952380952 802
1135 6.71590676784 .23564585150315789473 802
1136 5.39028888937 .16844652779281250000 802
1137 6.27827632035 .16521779790394736842 802
1138 5.68587533069 .11603827205489795918 802
1139 5.79068963166 .28247266495902439024 802
1140 3.09828611515 .14753743405476190476 802
1141 4.10700004554 .54760000607200000000 802
1142 5.90813501018 .29540675050900000000 802
1143 4.97705951939 .32110061415419354838 802
1144 3.61384553615 .08121001204831460674 802
1145 3.2978900648 .27482417206666666666 802
1146 6.02772360424 .60277236042400000000 802
1147 4.49728401272 .10338583937287356321 802
1148 3.69777739318 .11738975851365079365 802
1149 6.81253454223 .14192780296312500000 802
1150 4.82222580042 .53580286671333333333 802
1151 5.66192065833 .21365738333320754716 802
1152 5.53121076976 .19407757086877192982 802
1153 4.35599190581 .17779558799224489795 802
1154 5.48780853028 .20708711435018867924 802
1155 4.69817472131 .11745436803275000000 802
1156 4.15597946397 4.15597946397000000000 802
1157 3.52930581626 .10859402511569230769 802
1158 5.92446093643 .27555632262465116279 802
1159 4.87882892566 .18410675191169811320 802
1160 6.30186224712 .15954081638278481012 802
1161 4.15605583439 .12223693630558823529 802
1162 4.32789949013 .13316613815784615384 802
1163 6.32265809637 .16860421590320000000 802
1164 2.61133172251 .06963551260026666666 802
1165 5.50641111545 .42357008580384615384 802
1166 6.50805557452 .52064444596160000000 802
1167 4.00065165047 .09303841047604651162 802
1168 6.20382744507 .24815309780280000000 802
1169 4.58257538396 .09165150767920000000 802
1170 3.63736656828 .08981152020444444444 802
1171 1.71452913428 .04697340093917808219 802
1172 5.84776914231 .12995042538466666666 802
1173 2.946380061 .06621078788764044943 802
1174 3.76909432291 .14780762050627450980 802
1175 6.03989058543 .19802919952229508196 802
1176 4.33556987049 .22233691643538461538 802
1177 5.67643921668 .56764392166800000000 802
1178 5.13777890539 .18682832383236363636 802
1179 4.89953132116 .20414713838166666666 802
1180 4.65102678761 .11484016759530864197 802
1181 5.72776218656 .52070565332363636363 802
1182 5.31448969719 2.12579587887600000000 802
1183 5.21788562482 .11725585673752808988 802
1184 2.57472893365 .05478146667340425531 802
1185 4.66267751635 .44406452536666666666 802
1186 3.84352532293 .51247004305733333333 802
1187 3.54095111595 .08331649684588235294 802
1188 3.75857243389 .11054624805558823529 802
1189 6.02044857326 .16054529528693333333 802
1190 5.57406622626 .19220918021586206896 802
1191 2.62921906562 .07620924827884057971 802
1192 3.04087726594 .18429559187515151515 802
1193 4.08193961387 .58313423055285714285 802
1194 4.29871486136 .71645247689333333333 802
1195 5.24162676164 .13104066904100000000 802
1196 5.03401709916 .17663217891789473684 802
1197 4.07118191924 .16617069058122448979 802
1198 4.98589073632 .13295708630186666666 802
1199 3.07046209747 .27913291795181818181 802
1200 6.72156817713 1.68039204428250000000 802
1201 3.9200778014 .08711284003111111111 802
1202 4.9426127379 .10862885138241758241 802
1203 2.40860165117 .30107520639625000000 803,804,805,806,807,808,809,810,811,812,813,814,815,816,817,818,819,820,821,822,823,824,825,826,827,828,829,830,831,832,833,834,835,836,837,838,839,840,841,842,843,844,845,846,847,848,849,850,851,852,853,854,855,856,857,858,859,860,861,862,863,864,865,866,867,868,869,870,871,872,873,874,875,876,877,878,879,880,881,882,883,884,885,886,887,888,889,890,891,892,893,894,895,896,897,898,899,900,901,902,903,904,905,906,907,908,909,910,911,912,913,914,915,916,917,918,919,920,921,922,923,924,925,926,927,928,929,930,931,932,933,934,935,936,937,938,939,940,941,942,943,944,945,946,947,948,949,950,951,952,953,954,955,956,957,958,959,960,961,962,963,964,965,966,967,968,969,970,971,972,973,974,975,976,977,978,979,980,981,982,983,984,985,986,987,988,989,990,991,992,993,994,995,996,997,998,999,1000,1001,1002,1003,1004,1005,1006,1007,1008,1009,1010,1011,1012,1013,1014,1015,1016,1017,1018,1019,1020,1021,1022,1023,1024,1025,1026,1027,1028,1029,1030,1031,1032,1033,1034,1035,1036,1037,1038,1039,1040,1041,1042,1043,1044,1045,1046,1047,1048,1049,1050,1051,1052,1053,1054,1055,1056,1057,1058,1059,1060,1061,1062,1063,1064,1065,1066,1067,1068,1069,1070,1071,1072,1073,1074,1075,1076,1077,1078,1079,1080,1081,1082,1083,1084,1085,1086,1087,1088,1089,1090,1091,1092,1093,1094,1095,1096,1097,1098,1099,1100,1101,1102,1103,1104,1105,1106,1107,1108,1109,1110,1111,1112,1113,1114,1115,1116,1117,1118,1119,1120,1121,1122,1123,1124,1125,1126,1127,1128,1129,1130,1131,1132,1133,1134,1135,1136,1137,1138,1139,1140,1141,1142,1143,1144,1145,1146,1147,1148,1149,1150,1151,1152,1153,1154,1155,1156,1157,1158,1159,1160,1161,1162,1163,1164,1165,1166,1167,1168,1169,1170,1171,1172,1173,1174,1175,1176,1177,1178,1179,1180,1181,1182,1183,1184,1185,1186,1187,1188,1189,1190,1191,1192,1193,1194,1195,1196,1197,1198,1199,1200,1201,1202
1204 6.86215571152 34.31077855760000000000 1203
1205 4.95160414776 24.75802073880000000000 1203
1206 4.9174502147 24.58725107350000000000 1203
1207 4.91481554618 24.57407773090000000000 1203
1208 3.18748378351 10.62494594503333333333 1203
1209 6.81131638087 6.81131638087000000000 1203
1210 3.11527094535 .41536945938000000000 1203
1211 5.52564496284 .11051289925680000000 1203
1212 4.54012768875 .21619655660714285714 1203
1213 4.79396363887 .15717913570065573770 1203
1214 5.16256257138 .15184007562882352941 1203
1215 6.2047451077 .13636802434505494505 1203
1216 5.95486656116 .44110122675259259259 1203
1217 6.06778604933 .32798843509891891891 1203
1218 6.1136893617 .21834604863214285714 1203
1219 6.00921581805 .13353812929000000000 1203
1220 4.59445639453 .18377825578120000000 1203
1221 5.37703727088 .56600392325052631578 1203
1222 3.64213811971 .08992933628913580246 1203
1223 5.30474881789 .18292237303068965517 1203
1224 4.81581055306 1.37594587230285714285 1203
1225 2.77217248185 .15840985610571428571 1203
1226 4.00644276054 1.33548092018000000000 1203
1227 7.81104053864 .15940899058448979591 1203
1228 4.95764009889 .10437137050294736842 1203
1229 2.66926934792 1.06770773916800000000 1203
1230 5.35102304479 .20984404097215686274 1203
1231 4.96938477742 .13803846603944444444 1203
1232 5.33079357532 .10991326959422680412 1203
1233 4.53068218695 .23845695720789473684 1203
1234 5.73310544706 .15288281192160000000 1203
1235 4.51114569164 .14552082876258064516 1203
1236 4.76451801335 .14437933373787878787 1203
1237 3.98976212593 .13081187298131147540 1203
1238 4.42348708041 .09721949627274725274 1203
1239 5.54202573443 .27034271875268292682 1203
1240 6.78715596301 .64639580600095238095 1203
1241 7.63846117458 1.38881112265090909090 1203
1242 6.26533110975 .54481140084782608695 1203
1243 6.23800571941 .83173409592133333333 1203
1244 4.0284074887 .10329249971025641025 1203
1245 4.25615901633 .40534847774571428571 1203
1246 2.76255905273 .07366824140613333333 1203
1247 5.31675341905 .18022892945932203389 1203
1248 5.51274726161 .25057942098227272727 1203
1249 8.51133222666 .19793795875953488372 1203
1250 5.77292594173 3.84861729448666666666 1203
1251 5.47927946881 .21074151803115384615 1203
1252 3.57171748746 .17423012133951219512 1203
1253 4.43826039392 .09973618862741573033 1203
1254 4.04261704553 .53901560607066666666 1203
1255 6.50872630424 .40679539401500000000 1203
1256 4.75732886066 .14200981673611940298 1203
1257 4.91955020426 .13857887899323943661 1203
1258 6.15984982501 .26212126914936170212 1203
1259 4.70067193764 .21863590407627906976 1203
1260 5.76214085941 .64023787326777777777 1203
1261 8.28847436479 .55256495765266666666 1203
1262 6.33941767292 .79242720911500000000 1203
1263 5.47500332993 .23804362304043478260 1203
1264 5.01732557494 1.25433139373500000000 1203
1265 4.21566416358 .10037295627571428571 1203
1266 4.68604632635 1.04134362807777777777 1203
1267 4.64184926728 .18567397069120000000 1203
1268 6.03293340275 2.41317336110000000000 1203
1269 4.11390218383 .09457246399609195402 1203
1270 7.15684123904 .34911420678243902439 1203
1271 4.50638905629 .31078545215793103448 1203
1272 5.53820199513 .11418973185835051546 1203
1273 4.82223158588 .68889022655428571428 1203
1274 4.20334060357 .08849138112778947368 1203
1275 5.06427789082 .32672760585935483870 1203
1276 6.71596225873 .95942317981857142857 1203
1277 3.65363282587 .07691858580778947368 1203
1278 5.91876016633 .12460547718589473684 1203
1279 5.65922091067 1.88640697022333333333 1203
1280 3.98736893221 .10776672789756756756 1203
1281 6.17066543704 .24198687988392156862 1203
1282 3.23868265406 .09123049729746478873 1203
1283 4.22431185628 .33794494850240000000 1203
1284 5.49666309364 .15483558010253521126 1203
1285 5.68684760281 .26450453966558139534 1203
1286 4.49332779154 .52862679900470588235 1203
1287 4.63217686664 .12352471644373333333 1203
1288 3.97445506175 .08194752704639175257 1203
1289 6.06924683452 .14985794653135802469 1203
1290 4.58837488991 .11470937224775000000 1203
1291 4.46281206921 .29752080461400000000 1203
1292 4.88619277312 .81436546218666666666 1203
1293 6.3729496791 .16134049820506329113 1203
1294 6.45811051337 .14846231065218390804 1203
1295 8.01279252829 .22257757023027777777 1203
1296 4.58150698846 .12905653488619718309 1203
1297 5.49389048756 .22424042806367346938 1203
1298 3.48187521041 .08492378561975609756 1203
1299 6.28545632032 .18218713971942028985 1203
1300 4.52541541521 .15604880742103448275 1203
1301 6.13211071454 .94340164839076923076 1203
1302 5.01557701479 1.25389425369750000000 1203
1303 5.79802723486 .17053021279000000000 1203
1304 4.12581334312 .22921185239555555555 1203
1305 3.51375276125 .08895576610759493670 1203
1306 5.23426301658 .16884719408322580645 1203
1307 2.47111790754 .17042192465793103448 1203
1308 5.34522741941 .18431818687620689655 1203
1309 5.11052205929 1.70350735309666666666 1203
1310 5.69895060065 .12664334668111111111 1203
1311 6.20039758385 1.12734501524545454545 1203
1312 5.11905325074 .63988165634250000000 1203
1313 3.20887206315 .13370300263125000000 1203
1314 4.71561015561 .10717295808204545454 1203
1315 4.92393914333 .32826260955533333333 1203
1316 4.59472849217 .30631523281133333333 1203
1317 5.28725983239 .10790326188551020408 1203
1318 4.29480872092 .10872933470683544303 1203
1319 3.79458092347 .30356647387760000000 1203
1320 3.84582079373 .32048506614416666666 1203
1321 6.08193268837 .16005086022026315789 1203
1322 3.03746008477 .10848071731321428571 1203
1323 5.41518147888 .15042170774666666666 1203
1324 5.04731049478 .22432491087911111111 1203
1325 2.27301664663 .09672411262255319148 1203
1326 6.76170004851 .20184179249283582089 1203
1327 5.29015890767 .18561961079543859649 1203
1328 3.79987910773 .94996977693250000000 1203
1329 5.09036782911 .48479693610571428571 1203
1330 6.77515524488 .24196983017428571428 1203
1331 6.16300591294 .19880664235290322580 1203
1332 4.94421323624 .19776852944960000000 1203
1333 4.79900518055 .12628961001447368421 1203
1334 5.75902326596 .14958501989506493506 1203
1335 5.72464537363 .45797162989040000000 1203
1336 6.33257557783 2.53303023113200000000 1203
1337 4.86745933378 .30421620836125000000 1203
1338 2.74529523625 .09804625843750000000 1203
1339 5.71350611249 .45708048899920000000 1203
1340 5.28406657051 .48036968822818181818 1203
1341 4.67406793588 .18329678179921568627 1203
1342 4.24841301282 .13276290665062500000 1203
1343 4.66176998548 .20718977713244444444 1203
1344 3.35791161297 .83947790324250000000 1203
1345 3.09286944657 .11671205458754716981 1203
1346 5.35871102284 .18802494816982456140 1203
1347 5.98837469847 .19961248994900000000 1203
1348 2.66251348456 .06740540467240506329 1203
1349 5.21517857768 .11215437801462365591 1203
1350 5.89734443129 .58973444312900000000 1203
1351 3.52988082317 .07278104790041237113 1203
1352 4.73657474056 .39471456171333333333 1203
1353 5.71523896251 .35720243515687500000 1203
1354 5.68790389812 .11375807796240000000 1203
1355 5.84644349441 .21259794525127272727 1203
1356 6.75433829024 .30019281289955555555 1203
1357 4.07113848243 .22006153959081081081 1203
1358 5.55881447644 .12778883853885057471 1203
1359 4.87232350412 .25643807916421052631 1203
1360 5.00632470187 .20025298807480000000 1203
1361 5.20011262613 .15294448900382352941 1203
1362 6.52087789152 .86945038553600000000 1203
1363 3.66139325747 .07322786514940000000 1203
1364 5.72125755223 .22885030208920000000 1203
1365 3.01513217346 .08868035804294117647 1203
1366 3.58837719997 .23150820644967741935 1203
1367 6.67971056574 .21900690379475409836 1203
1368 5.55424855243 .12916857098674418604 1203
1369 4.95923439 .11400538827586206896 1203
1370 4.62263210725 .36981056858000000000 1203
1371 3.96643562716 .27354728463172413793 1203
1372 7.58075560342 .24854936404655737704 1203
1373 3.33787050636 .35135479014315789473 1203
1374 4.35755924948 .25632701467529411764 1203
1375 5.58712216992 .93118702832000000000 1203
1376 6.06501017508 .48520081400640000000 1203
1377 5.8183456451 .28382173878536585365 1203
1378 4.95789669699 .12712555633307692307 1203
1379 5.13231898301 .20126741109843137254 1203
1380 4.64879244665 1.32822641332857142857 1203
1381 3.65188768451 .14045721863500000000 1203
1382 5.65523304026 .87003585234769230769 1203
1383 3.6346609068 .60577681780000000000 1203
1384 3.91040187586 .71098215924727272727 1203
1385 6.15496481185 .72411350727647058823 1203
1386 5.10292679651 .68039023953466666666 1203
1387 6.93616049687 .26677540372576923076 1203
1388 5.95615609457 .15078876188784810126 1203
1389 4.85935970808 .29450664897454545454 1203
1390 4.62824146005 .18149966510000000000 1203
1391 5.97501530151 .19916717671700000000 1203
1392 5.93756272403 .16267295134328767123 1203
1393 4.64747903039 .09582430990494845360 1203
1394 6.22296928901 .56572448081909090909 1203
1395 5.48362966034 .13709074150850000000 1203
1396 4.86668791466 1.21667197866500000000 1203
1397 3.73622996749 .08211494434043956043 1203
1398 4.84169484642 .37243806510923076923 1203
1399 5.23068529545 .29059362752500000000 1203
1400 4.25169593542 .17006783741680000000 1203
1401 5.78865269165 .12863672648111111111 1203
1402 4.65771247553 .33269374825214285714 1203
1403 6.86444360353 1.71611090088250000000 1203
1404 4.97988897395 .10163038722346938775 1203
1405 5.62715707822 .12504793507155555555 1203
1406 5.36474963849 .71529995179866666666 1203
1407 5.54152989793 .58331893662421052631 1203
1408 3.42429736126 .16306177910761904761 1203
1409 5.04023350048 .11077436264791208791 1203
1410 4.79896985359 .12970188793486486486 1203
1411 4.70055239593 .10108714829956989247 1203
1412 7.03725251608 .42650015248969696969 1203
1413 5.52405296605 .14164238374487179487 1203
1414 4.5773471428 1.30781346937142857142 1203
1415 5.65035174282 .94172529047000000000 1203
1416 3.74087533461 .24134679578129032258 1203
1417 2.42887108233 .80962369411000000000 1203
1418 4.43955273253 .08879105465060000000 1203
1419 5.83383247584 .32410180421333333333 1203
1420 7.11547374559 .36489608951743589743 1203
1421 3.93674454948 .30282650380615384615 1203
1422 6.04371671627 .13735719809704545454 1203
1423 4.03393622082 .08317394269731958762 1203
1424 4.72956836134 .10281670350739130434 1203
1425 5.17504581153 .11500101803400000000 1203
1426 4.62977773417 .10643167204988505747 1203
1427 4.47964500295 .14450467751451612903 1203
1428 3.86971403699 .09438326919487804878 1203
1429 4.84754813171 .40396234430916666666 1203
1430 5.17253931732 .43104494311000000000 1203
1431 5.75110444159 .12236392428914893617 1203
1432 6.36929495355 .14642057364482758620 1203
1433 5.06021766449 .22000946367347826086 1203
1434 4.62303434141 .61640457885466666666 1203
1435 6.33257766941 .16031842201037974683 1203
1436 3.42053406584 .85513351646000000000 1203
1437 7.28864393262 .40492466292333333333 1203
1438 6.152141917 .15575042827848101265 1203
1439 5.29705955629 .24637486308325581395 1203
1440 3.12949865063 .07112496933250000000 1203
1441 5.77253236432 .19905284014896551724 1203
1442 4.24100765931 .11462182863000000000 1203
1443 4.95656856823 .30039809504424242424 1203
1444 4.15741189198 .83148237839600000000 1203
1445 5.65329012604 .13788512502536585365 1203
1446 5.1709951413 .23504523369545454545 1203
1447 5.48936409667 .11679498078021276595 1203
1448 5.90775083222 .22722118585461538461 1203
1449 5.65837394692 .66569105257882352941 1203
1450 4.20502301883 1.68200920753200000000 1203
1451 6.33819603424 .17606100095111111111 1203
1452 5.19936137555 .11062471011808510638 1203
1453 5.12020142545 3.41346761696666666666 1203
1454 4.38240347281 .17529613891240000000 1203
1455 5.17061845302 .33358828729161290322 1203
1456 5.30623674921 .18618374558631578947 1203
1457 6.23720195618 .18900611988424242424 1203
1458 3.6769709346 .09805255825600000000 1203
1459 5.35873171062 .13740337719538461538 1203
1460 5.96224743916 .12552099871915789473 1203
1461 5.41989423208 .47129515061565217391 1203
1462 5.51790209134 .47981757316000000000 1203
1463 4.59200483443 .19965238410565217391 1203
1464 5.90440770368 .20014941368406779661 1203
1465 5.191829746 .79874303784615384615 1203
1466 5.62554051784 5.62554051784000000000 1203
1467 4.61428677982 .27965374423151515151 1203
1468 5.30288354316 .48208032210545454545 1203
1469 5.00921891667 .17273168678172413793 1203
1470 5.61069653024 .40076403787428571428 1203
1471 4.69341818473 .09880880388905263157 1203
1472 2.37233715745 .05930842893625000000 1203
1473 5.20556407476 .12696497743317073170 1203
1474 6.56979578052 .19908472062181818181 1203
1475 6.11073231098 .20035187904852459016 1203
1476 4.39302827723 .13312206900696969696 1203
1477 4.39917368647 .13131861750656716417 1203
1478 3.74789388114 .68143525111636363636 1203
1479 4.85524947881 .13486804107805555555 1203
1480 3.26895715677 .13342682272530612244 1203
1481 5.98078126824 .14072426513505882352 1203
1482 4.98083516698 .24296756912097560975 1203
1483 4.81616337218 .43783303383454545454 1203
1484 2.26651184283 .05811568827769230769 1203
1485 4.10829017859 .15502981806000000000 1203
1486 3.53552981569 .88388245392250000000 1203
1487 5.89868695629 2.35947478251600000000 1203
1488 4.77196158804 .79532693134000000000 1203
1489 2.94185397265 1.17674158906000000000 1203
1490 3.74288857964 .14395725306307692307 1203
1491 4.81082455361 .11319587184964705882 1203
1492 6.29812142861 .15944611211670886075 1203
1493 4.42650890599 1.26471683028285714285 1203
1494 5.64374351489 .12541652255311111111 1203
1495 3.14839339224 .06559152900500000000 1203
1496 3.3915212143 .12561189682592592592 1203
1497 5.49292209338 .14647792249013333333 1203
1498 3.17542284569 .09770531832892307692 1203
1499 3.20515781606 .11655119331127272727 1203
1500 3.4253728133 .08671829907088607594 1203
1501 9.74288798351 9.74288798351000000000 1203
1502 4.95018070881 1.65006023627000000000 1203
1503 6.31006626917 .45071901922642857142 1203
1504 6.70218700924 .17872498691306666666 1203
1505 3.76282779873 .30102622389840000000 1203
1506 5.73718113457 .17928691045531250000 1203
1507 4.33318873864 .27956056378322580645 1203
1508 3.40033697247 .09067565259920000000 1203
1509 4.58204307482 .13091551642342857142 1203
1510 3.59002163188 .29916846932333333333 1203
1511 3.17125351356 .06747347901191489361 1203
1512 4.18747369763 .33499789581040000000 1203
1513 6.50075362272 4.33383574848000000000 1203
1514 4.55258946956 .10970095107373493975 1203
1515 3.52293223966 .46972429862133333333 1203
1516 3.4279145621 .14586870477021276595 1203
1517 5.82279375936 2.91139687968000000000 1203
1518 4.26785353123 .12022122623183098591 1203
1519 4.50639265144 .15811904040140350877 1203
1520 4.38269717048 .15112748863724137931 1203
1521 5.42279828424 .54227982842400000000 1203
1522 4.33068330194 .13123282733151515151 1203
1523 5.24838280666 1.31209570166500000000 1203
1524 4.98605621201 .11204620701146067415 1203
1525 6.09524849693 3.04762424846500000000 1203
1526 6.02948109332 12.05896218664000000000 1203
1527 2.22527330863 .04588192388927835051 1203
1528 4.9446893757 1.23617234392500000000 1203
1529 5.57501439208 .42884726092923076923 1203
1530 4.23014091861 .13015818211107692307 1203
1531 3.09326410191 .51554401698500000000 1203
1532 4.07299375888 .12930138917079365079 1203
1533 3.51240615181 .18012339240051282051 1203
1534 3.34943167959 .20933947997437500000 1203
1535 5.78037198426 .27525580877428571428 1203
1536 5.52602643089 .12013100936717391304 1203
1537 2.93717827254 .06119121401125000000 1203
1538 3.39845733295 .30895066663181818181 1203
1539 4.5739853663 4.57398536630000000000 1203
1540 5.21779340785 1.15950964618888888888 1203
1541 4.27075696507 .19863985884046511627 1203
1542 2.76558371552 .10242902650074074074 1203
1543 2.84197132973 .11841547207208333333 1203
1544 6.24688100188 .36746358834588235294 1203
1545 4.01113046572 .10989398536219178082 1203
1546 4.70744105175 .12553176138000000000 1203
1547 4.00794125777 .08179471954632653061 1203
1548 5.13429092817 .12998204881443037974 1203
1549 4.2933317294 .19515144224545454545 1203
1550 3.6644488806 .34899513148571428571 1203
1551 5.1359738471 .10812576520210526315 1203
1552 5.23575962048 .34905064136533333333 1203
1553 6.0409661918 .19806446530491803278 1203
1554 5.22854567974 .95064466904363636363 1203
1555 5.06506466322 .13876889488273972602 1203
1556 7.13865999576 .20396171416457142857 1203
1557 6.0906339146 .18180996760000000000 1203
1558 6.76707373098 6.76707373098000000000 1203
1559 5.58586592382 .15303742257041095890 1203
1560 4.74126993188 .17240981570472727272 1203
1561 5.37410000729 .14330933352773333333 1203
1562 5.83055815467 3.88703876978000000000 1203
1563 4.24909563306 .22363661226631578947 1203
1564 5.0927186734 .92594884970909090909 1203
1565 3.74926828981 .34084257180090909090 1203
1566 6.04452896299 .25185537345791666666 1203
1567 6.83896603204 .59469269843826086956 1203
1568 3.37791075238 .06964764437896907216 1203
1569 4.48317393115 .23595652269210526315 1203
1570 6.92050305472 .39545731741257142857 1203
1571 5.53917171176 .15175812908931506849 1203
1572 8.53250178129 .21878209695615384615 1203
1573 4.74938076924 .22616098901142857142 1203
1574 6.35210802429 .23970218959584905660 1203
1575 6.15752539797 .18380672829761194029 1203
1576 6.56142540031 .30518257675860465116 1203
1577 7.39430825488 .27903050018415094339 1203
1578 5.90807578565 .31095135713947368421 1203
1579 5.47371323657 1.21638071923777777777 1203
1580 4.93615421067 .47010992482571428571 1203
1581 4.17362034039 .64209543698307692307 1203
1582 6.38135381294 .23634643751629629629 1203
1583 5.32177332999 .16894518507904761904 1203
1584 5.62442343131 .21632397812730769230 1203
1585 3.99349915991 .08149998285530612244 1203
1586 5.40885428496 .40065587296000000000 1203
1587 4.54750028527 .23934212027736842105 1203
1588 4.32854637468 .09950681321103448275 1203
1589 5.37354480321 .71647264042800000000 1203
1590 6.65809480216 .14318483445505376344 1203
1591 4.04862249699 .12268553021181818181 1203
1592 3.84064943123 .15362597724920000000 1203
1593 5.01087730995 .10893211543369565217 1203
1594 7.1590816763 2.86363267052000000000 1203
1595 3.54221620449 .09321621590763157894 1203
1596 4.85297175078 .44117925007090909090 1203
1597 4.01016501635 .57288071662142857142 1203
1598 3.75148740331 .28857595410076923076 1203
1599 5.21334565643 3.47556377095333333333 1203
1600 5.00615619051 .13530151866243243243 1203
1601 6.86948856062 .37132370597945945945 1203
1602 4.3057208558 .09785729217727272727 1203
1603 7.91804114162 5.27869409441333333333 1203
1604 5.16300214548 .10536739072408163265 1204,1205,1206,1207,1208,1209,1210,1211,1212,1213,1214,1215,1216,1217,1218,1219,1220,1221,1222,1223,1224,1225,1226,1227,1228,1229,1230,1231,1232,1233,1234,1235,1236,1237,1238,1239,1240,1241,1242,1243,1244,1245,1246,1247,1248,1249,1250,1251,1252,1253,1254,1255,1256,1257,1258,1259,1260,1261,1262,1263,1264,1265,1266,1267,1268,1269,1270,1271,1272,1273,1274,1275,1276,1277,1278,1279,1280,1281,1282,1283,1284,1285,1286,1287,1288,1289,1290,1291,1292,1293,1294,1295,1296,1297,1298,1299,1300,1301,1302,1303,1304,1305,1306,1307,1308,1309,1310,1311,1312,1313,1314,1315,1316,1317,1318,1319,1320,1321,1322,1323,1324,1325,1326,1327,1328,1329,1330,1331,1332,1333,1334,1335,1336,1337,1338,1339,1340,1341,1342,1343,1344,1345,1346,1347,1348,1349,1350,1351,1352,1353,1354,1355,1356,1357,1358,1359,1360,1361,1362,1363,1364,1365,1366,1367,1368,1369,1370,1371,1372,1373,1374,1375,1376,1377,1378,1379,1380,1381,1382,1383,1384,1385,1386,1387,1388,1389,1390,1391,1392,1393,1394,1395,1396,1397,1398,1399,1400,1401,1402,1403,1404,1405,1406,1407,1408,1409,1410,1411,1412,1413,1414,1415,1416,1417,1418,1419,1420,1421,1422,1423,1424,1425,1426,1427,1428,1429,1430,1431,1432,1433,1434,1435,1436,1437,1438,1439,1440,1441,1442,1443,1444,1445,1446,1447,1448,1449,1450,1451,1452,1453,1454,1455,1456,1457,1458,1459,1460,1461,1462,1463,1464,1465,1466,1467,1468,1469,1470,1471,1472,1473,1474,1475,1476,1477,1478,1479,1480,1481,1482,1483,1484,1485,1486,1487,1488,1489,1490,1491,1492,1493,1494,1495,1496,1497,1498,1499,1500,1501,1502,1503,1504,1505,1506,1507,1508,1509,1510,1511,1512,1513,1514,1515,1516,1517,1518,1519,1520,1521,1522,1523,1524,1525,1526,1527,1528,1529,1530,1531,1532,1533,1534,1535,1536,1537,1538,1539,1540,1541,1542,1543,1544,1545,1546,1547,1548,1549,1550,1551,1552,1553,1554,1555,1556,1557,1558,1559,1560,1561,1562,1563,1564,1565,1566,1567,1568,1569,1570,1571,1572,1573,1574,1575,1576,1577,1578,1579,1580,1581,1582,1583,1584,1585,1586,1587,1588,1589,1590,1591,1592,1593,1594,1595,1596,1597,1598,1599,1600,1601,1602,1603
1605 7.73662520002 19.34156300005000000000 1604
1606 3.54810158804 17.74050794020000000000 1604
1607 4.45101995908 14.83673319693333333333 1604
1608 6.25911985556 20.86373285186666666666 1604
1609 3.90406828819 39.04068288190000000000 1604
1610 4.55272424125 .14453092829365079365 1604
1611 5.70212343615 .16527894017826086956 1604
1612 3.51938742416 .09385033131093333333 1604
1613 4.81530049569 .25343686819421052631 1604
1614 2.59504987408 .06178690176380952380 1604
1615 5.84852868045 .12714192783586956521 1604
1616 5.38785502806 .18904754484421052631 1604
1617 5.72007121521 .12434937424369565217 1604
1618 5.45517390493 .35194670354387096774 1604
1619 4.38836575896 .46193323778526315789 1604
1620 5.93473884098 .12364039252041666666 1604
1621 5.04898158424 .22439918152177777777 1604
1622 7.9050630964 .16299099167835051546 1604
1623 4.33877225905 .10582371363536585365 1604
1624 5.64828087712 .12278871472000000000 1604
1625 4.96539492843 .55171054760333333333 1604
1626 5.4628229049 .22297236346530612244 1604
1627 4.02338554641 .36576232240090909090 1604
1628 4.85001738753 .15901696352557377049 1604
1629 5.3059847695 .11534749498913043478 1604
1630 5.75123741722 .71890467715250000000 1604
1631 3.0943870289 .06315075569183673469 1604
1632 5.94628980381 .14682197046444444444 1604
1633 6.40907393634 .14566077128045454545 1604
1634 4.92867352819 .16428911760633333333 1604
1635 2.41927766976 .07443931291569230769 1604
1636 4.70908279688 .14269947869333333333 1604
1637 5.68506974995 .21453093396037735849 1604
1638 6.79111928569 .79895521008117647058 1604
1639 1.84136300054 .06137876668466666666 1604
1640 3.77985780854 .75597156170800000000 1604
1641 4.22110694306 .16553360561019607843 1604
1642 5.70550786312 .13116110030160919540 1604
1643 5.86225907832 .14298192873951219512 1604
1644 4.88236492988 .12055222049086419753 1604
1645 5.31033196182 .44252766348500000000 1604
1646 5.68205023173 .87416157411230769230 1604
1647 6.43084032643 .12991596619050505050 1604
1648 4.60011232227 .12778089784083333333 1604
1649 5.88231092117 .23067885965372549019 1604
1650 4.19250491092 .13745917740721311475 1604
1651 7.63960368264 .15591027923755102040 1604
1652 5.12251873988 .22271820608173913043 1604
1653 3.5792540511 .12342255348620689655 1604
1654 6.54746686976 .28467247259826086956 1604
1655 5.61875110998 .30371627621513513513 1604
1656 3.43156367614 .07541898189318681318 1604
1657 5.44054726971 .11453783725705263157 1604
1658 4.95885228281 .14373484877710144927 1604
1659 2.70615750245 .06765393756125000000 1604
1660 6.53456692301 2.61382676920400000000 1604
1661 4.55975904016 .26055765943771428571 1604
1662 4.05854300074 .26184148391870967741 1604
1663 3.52498694433 .11370925626870967741 1604
1664 3.77204005468 .62867334244666666666 1604
1665 5.87672008487 .12372042283936842105 1604
1666 6.29771949744 .14818163523388235294 1604
1667 5.29387580075 .11028907918229166666 1604
1668 4.19403075994 .09985787523666666666 1604
1669 2.97049339535 5.94098679070000000000 1604
1670 1.91699377956 .04915368665538461538 1604
1671 4.00942644752 .47169722912000000000 1604
1672 4.57122201845 1.82848880738000000000 1604
1673 3.18248502462 .10103127062285714285 1604
1674 5.10733384666 1.45923824190285714285 1604
1675 4.24124781271 .17671865886291666666 1604
1676 4.52589036196 .25862230639771428571 1604
1677 6.242436679 .32854929889473684210 1604
1678 4.01965423132 .11484726375200000000 1604
1679 4.5668148012 .12864267045633802816 1604
1680 8.11099668604 .24211930406089552238 1604
1681 3.49073779566 .19947073118057142857 1604
1682 5.85395511305 1.95131837101666666666 1604
1683 7.26233845999 .21050256405768115942 1604
1684 5.98143720551 .13292082678911111111 1604
1685 2.96133399382 .65807422084888888888 1604
1686 4.20732396471 .84146479294200000000 1604
1687 4.4594467723 .11289738664050632911 1604
1688 6.22471406563 .34581744809055555555 1604
1689 8.43629913266 .24103711807600000000 1604
1690 3.74043305761 .09715410539246753246 1604
1691 3.90945448112 .12410966606730158730 1604
1692 5.94375463537 .19812515451233333333 1604
1693 4.30050085441 .10489026474170731707 1604
1694 5.76790250715 .19552211888644067796 1604
1695 6.18193384221 .20606446140700000000 1604
1696 6.41920605115 .15849891484320987654 1604
1697 6.31601116703 .13881343224241758241 1604
1698 5.62359547398 11.24719094796000000000 1604
1699 5.74532459006 .25534775955822222222 1604
1700 4.38183982085 .62597711726428571428 1604
1701 4.36763322349 .26470504384787878787 1604
1702 4.20625797118 .46736199679777777777 1604
1703 3.83665243061 .25577682870733333333 1604
1704 5.87937115526 .12509300330340425531 1604
1705 5.65597536205 .19845527586140350877 1604
1706 5.95475436601 .18608607393781250000 1604
1707 6.3829247598 .34502295998918918918 1604
1708 4.41977853023 1.10494463255750000000 1604
1709 7.42740028232 .15004849055191919191 1604
1710 5.07930900322 .13915915077315068493 1604
1711 5.15594032909 .11586382762000000000 1604
1712 6.58285310713 1.46285624602888888888 1604
1713 5.69196419314 .11858258735708333333 1604
1714 3.85122691861 .09749941566101265822 1604
1715 5.50990255778 .52475262455047619047 1604
1716 5.29818010576 5.29818010576000000000 1604
1717 5.67564858493 .12205695881569892473 1604
1718 5.59534535578 .21942530806980392156 1604
1719 3.98079909232 .72378165314909090909 1604
1720 3.4786377714 .09530514442191780821 1604
1721 6.36774899681 .19296209081242424242 1604
1722 3.58922379806 .37781303137473684210 1604
1723 6.50104698366 .16669351240153846153 1604
1724 3.88133542923 .22179059595600000000 1604
1725 4.46617532895 .09114643528469387755 1604
1726 3.49652217915 .07601135172065217391 1604
1727 6.56145962629 .27339415109541666666 1604
1728 7.29958121371 .16221291586022222222 1604
1729 3.8187506178 .15586737215510204081 1604
1730 5.74501155056 .20517898394857142857 1604
1731 3.34743061818 .18596836767666666666 1604
1732 3.92497415182 .15096054430076923076 1604
1733 6.33282987553 .24834626962862745098 1604
1734 4.19391898272 .38126536206545454545 1604
1735 5.47019758408 .11891733878434782608 1604
1736 5.56785122996 11.13570245992000000000 1604
1737 4.11320012817 .09243146355438202247 1604
1738 5.39876116527 .37232835622551724137 1604
1739 3.43661149036 .07013492837469387755 1604
1740 4.36914046057 .20321583537534883720 1604
1741 3.40732186271 .14814442881347826086 1604
1742 4.43149952884 .49238883653777777777 1604
1743 5.09278423471 .16428336241000000000 1604
1744 3.94752542111 .09868813552775000000 1604
1745 6.34552240328 .12950045720979591836 1604
1746 4.57098569108 .13851471791151515151 1604
1747 6.08416074506 .55310552227818181818 1604
1748 7.2938266581 .54028345615555555555 1604
1749 6.11634582191 .34950547553771428571 1604
1750 5.13728246292 1.46779498940571428571 1604
1751 4.59654786962 .14364212092562500000 1604
1752 7.06633733943 .19905175604028169014 1604
1753 6.60267152603 .20633348518843750000 1604
1754 4.55383431831 .18587078850244897959 1604
1755 3.79800474888 .23018210599272727272 1604
1756 5.35079097459 .11507077364709677419 1604
1757 2.90843420251 .06254697209698924731 1604
1758 6.17464216524 .24698568660960000000 1604
1759 5.56380648649 .19870737451750000000 1604
1760 4.93326318672 .39466105493760000000 1604
1761 5.58030159823 .30163792422864864864 1604
1762 6.92257974817 .16099022670162790697 1604
1763 4.45839721937 .13932491310531250000 1604
1764 7.17050278275 .19645213103424657534 1604
1765 7.52110762125 .34186852823863636363 1604
1766 4.32627574564 .29836384452689655172 1604
1767 4.67476750488 .12807582205150684931 1604
1768 4.49864044906 .09996978775688888888 1604
1769 5.34045738497 .82160882845692307692 1604
1770 6.63742381744 .22887668336000000000 1604
1771 4.22773244607 .11743701239083333333 1604
1772 9.12487902426 .18434099038909090909 1604
1773 5.1262368178 .12061733688941176470 1604
1774 5.61388111431 .12204089378934782608 1604
1775 4.54712525539 .10453161506643678160 1604
1776 7.64578869306 .23169056645636363636 1604
1777 5.05556219121 .12330639490756097560 1604
1778 5.87012794896 .78268372652800000000 1604
1779 3.96126602783 .08611447886586956521 1604
1780 5.09291190613 .19972203553450980392 1604
1781 2.92032659816 .06713394478528735632 1604
1782 6.27783672322 .32194034478051282051 1604
1783 4.61349548402 .14195370720061538461 1604
1784 6.6880165377 .41800103360625000000 1604
1785 1.90988854917 .03819777098340000000 1604
1786 3.92266898949 .08346104232957446808 1604
1787 4.817278233 .19269112932000000000 1604
1788 6.82075936504 .20668967772848484848 1604
1789 5.88717781443 .14904247631468354430 1604
1790 2.77698606461 .06458107127000000000 1604
1791 7.42289285427 .17673554414928571428 1604
1792 6.00380754341 .50031729528416666666 1604
1793 5.63196623465 1.25154805214444444444 1604
1794 5.2602840989 .87671401648333333333 1604
1795 6.52206831995 .20067902522923076923 1604
1796 2.40068159661 .10912189075500000000 1604
1797 5.17685263813 .13804940368346666666 1604
1798 4.99783401233 .11899604791261904761 1604
1799 5.26816383221 .24503087591674418604 1604
1800 3.47059630563 1.73529815281500000000 1604
1801 4.07031974553 .28071170658827586206 1604
1802 4.68220081914 1.17055020478500000000 1604
1803 5.90035678617 .24584819942375000000 1604
1804 5.42188888541 5.42188888541000000000 1604
1805 4.63725612901 .20610027240044444444 1604
1806 5.07904749071 .11811738350488372093 1604
1807 6.79686356389 .15624973710091954022 1604
1808 2.36393643082 .36368252781846153846 1604
1809 5.18023482432 .11140289944774193548 1604
1810 6.86033710665 .36107037403421052631 1604
1811 3.993211409 .21584926535135135135 1604
1812 6.48014722148 .13361128291711340206 1604
1813 4.78340060689 .11958501517225000000 1604
1814 7.08720954078 .16107294410863636363 1604
1815 4.36410821383 .43641082138300000000 1604
1816 7.8665343115 .17101161546739130434 1604
1817 7.10129820435 1.18354970072500000000 1604
1818 5.79251889208 .19635657261288135593 1604
1819 5.4335773435 5.43357734350000000000 1604
1820 2.97540967465 .49590161244166666666 1604
1821 6.96953646703 2.78781458681200000000 1604
1822 4.38883058819 .09049135233381443298 1604
1823 4.5191419384 .33475125469629629629 1604
1824 6.76248870029 .32987749757512195121 1604
1825 5.45177552825 .18480595011016949152 1604
1826 3.16125390385 .07438244479647058823 1604
1827 5.77397377183 .28869868859150000000 1604
1828 5.53481119841 .79068731405857142857 1604
1829 3.16681795455 .21112119697000000000 1604
1830 7.37005262162 .19142993822389610389 1604
1831 5.42091807501 .20077474351888888888 1604
1832 5.35203647074 .48654877006727272727 1604
1833 4.57972808208 .09744102302297872340 1604
1834 4.5349265562 4.53492655620000000000 1604
1835 6.08856108223 .19026753381968750000 1604
1836 5.75984939313 .25042823448391304347 1604
1837 4.94056219213 .15201729821938461538 1604
1838 7.02303602697 .26011244544333333333 1604
1839 7.66447643284 .25548254776133333333 1604
1840 4.45197696363 .20706869598279069767 1604
1841 6.79397150061 .19982269119441176470 1604
1842 4.77113736331 1.19278434082750000000 1604
1843 6.28960062731 .33103161196368421052 1604
1844 4.39466808356 .13951327249396825396 1604
1845 6.01354994472 .27334317930545454545 1604
1846 4.86253031404 .20260542975166666666 1604
1847 6.14392579935 1.75540737124285714285 1604
1848 5.54054339287 .16538935501104477611 1604
1849 5.79911447138 .13031717913213483146 1604
1850 7.66794637391 .49470621767161290322 1604
1851 5.51898448546 .19710658876642857142 1604
1852 4.6626942887 .30081898636774193548 1604
1853 4.50094723597 9.00189447194000000000 1604
1854 5.8881062256 .14019300537142857142 1604
1855 3.42113743771 .13684549750840000000 1604
1856 3.79976214813 .12257297252032258064 1604
1857 3.45296278357 .16060292016604651162 1604
1858 4.08482650349 .30257974099925925925 1604
1859 6.17769982084 .20941355324881355932 1604
1860 4.68485924971 .09464362120626262626 1604
1861 4.16334045005 .15139419818363636363 1604
1862 3.49237191752 .18877686040648648648 1604
1863 3.59752901044 .15641430480173913043 1604
1864 3.73452290633 .13831566319740740740 1604
1865 3.66007214667 1.22002404889000000000 1604
1866 4.665363319 1.16634082975000000000 1604
1867 4.58176765176 .10181705892800000000 1604
1868 3.85764770622 .09408896844439024390 1604
1869 6.21699703237 .18839384946575757575 1604
1870 5.14999693641 .13205120349769230769 1604
1871 7.37342888751 .46083930546937500000 1604
1872 7.33926846337 .33360311197136363636 1604
1873 5.58507013672 .20309345951709090909 1604
1874 5.32623956185 .14592437155753424657 1604
1875 4.65816899426 .30052703188774193548 1604
1876 4.80233437768 1.06718541726222222222 1604
1877 6.46077741217 .14199510795978021978 1604
1878 7.1390241071 7.13902410710000000000 1604
1879 4.89995243598 .11011129069617977528 1604
1880 5.17563433307 .30444907841588235294 1604
1881 3.55085896594 .10145311331257142857 1604
1882 5.15486572999 .54261744526210526315 1604
1883 4.91854052718 .22876932684558139534 1604
1884 6.36978951831 .13410083196442105263 1604
1885 6.22099270171 .20736642339033333333 1604
1886 4.90753175341 .57735667687176470588 1604
1887 4.56875042326 .29475809182322580645 1604
1888 6.03786058951 .27444820861409090909 1604
1889 5.15298629717 .18738131989709090909 1604
1890 4.15994031866 .20799701593300000000 1604
1891 4.06558328907 .10424572536076923076 1604
1892 4.15885337931 .08574955421257731958 1604
1893 4.05468537245 .09889476518170731707 1604
1894 3.30812753939 .10337898560593750000 1604
1895 4.84462235158 .12918992937546666666 1604
1896 3.86589743027 .27613553073357142857 1604
1897 6.38670325051 .23654456483370370370 1604
1898 4.70224358873 .34831433990592592592 1604
1899 4.85747786013 .09714955720260000000 1604
1900 4.39050769604 .20420966028093023255 1604
1901 3.91627892246 .08158914421791666666 1604
1902 5.71104233268 .38073615551200000000 1604
1903 4.21177855524 1.40392618508000000000 1604
1904 5.44968444282 .19121699799368421052 1604
1905 1.05542727806 .12416791506588235294 1604
1906 6.71738295687 .13570470619939393939 1604
1907 7.34419079351 .24079314077081967213 1604
1908 6.49374199377 1.85535485536285714285 1604
1909 6.63403437068 .16585085926700000000 1604
1910 4.99747942552 .39979835404160000000 1604
1911 4.33831601592 .30987971542285714285 1604
1912 4.90564971131 1.63521657043666666666 1604
1913 2.72135636741 .09548618833017543859 1604
1914 5.44887544381 .24217224194711111111 1604
1915 2.77311890076 .07597586029479452054 1604
1916 3.06236347709 .12499442763632653061 1604
1917 3.49658854505 .49951264929285714285 1604
1918 4.29916123065 .18294303109148936170 1604
1919 3.0137918597 .33486576218888888888 1604
1920 3.89319159985 .14691289056037735849 1604
1921 4.9983666243 .13328977664800000000 1604
1922 4.5081922452 .21467582120000000000 1604
1923 4.37871763733 .12334415879802816901 1604
1924 5.06499124059 .18089254430678571428 1604
1925 5.08330838688 .16137486942476190476 1604
1926 5.82401163317 .19742412315830508474 1604
1927 7.55066048988 .18416245097268292682 1604
1928 2.98281778832 .09621992865548387096 1604
1929 2.37908205495 .52868490110000000000 1604
1930 5.49560485474 .11818505063956989247 1604
1931 6.53323006519 .15555309679023809523 1604
1932 3.94408773636 .10517567296960000000 1604
1933 4.12299524135 .11452764559305555555 1604
1934 4.66395445386 .33313960384714285714 1604
1935 5.49801496704 .17454015768380952380 1604
1936 4.74647238608 .10787437241090909090 1604
1937 5.52349921613 1.10469984322600000000 1604
1938 6.99509785738 .36816304512526315789 1604
1939 4.74235402967 .13745953709188405797 1604
1940 5.76459274937 .19540992370745762711 1604
1941 3.2194866942 .53658111570000000000 1604
1942 4.16361211435 .28714566305862068965 1604
1943 5.60388899267 2.80194449633500000000 1604
1944 5.51313551137 .23970154397260869565 1604
1945 5.67661299755 .29876910513421052631 1604
1946 4.69678695982 .11741967399550000000 1604
1947 4.34066070558 .09235448309744680851 1604
1948 5.04078222069 .16802607402300000000 1604
1949 4.36136496353 .10768802379086419753 1604
1950 4.96175408487 .43145687694521739130 1604
1951 7.63419773153 .33929767695688888888 1604
1952 3.38833999637 .09157675665864864864 1604
1953 5.46664943847 .60740549316333333333 1604
1954 3.74166056383 .83148012529555555555 1604
1955 4.66821550542 .10148294577000000000 1604
1956 6.42194804683 .22533151041508771929 1604
1957 6.75719940906 1.12619990151000000000 1604
1958 5.1233982438 .11260215920439560439 1604
1959 4.24101766238 .11160572795736842105 1604
1960 3.39271480916 .09978572968117647058 1604
1961 4.73205404927 .45067181421619047619 1604
1962 4.65468338704 1.16367084676000000000 1604
1963 5.69850525649 .15196014017306666666 1604
1964 4.17051013312 .09698860774697674418 1604
1965 6.89897780198 .91986370693066666666 1604
1966 5.46708995631 .15186360989750000000 1604
1967 6.60898273261 .15735673172880952380 1604
1968 5.63669319361 .27496064359073170731 1604
1969 5.43711022047 .29389784975513513513 1604
1970 5.86545686846 3.91030457897333333333 1604
1971 3.24751587305 .11809148629272727272 1604
1972 5.22900318123 .12911118966000000000 1604
1973 5.33888797031 .20146747057773584905 1604
1974 4.85523237362 .11988228083012345679 1604
1975 4.80433095962 .09804757060448979591 1604
1976 5.36157275279 .11169943234979166666 1604
1977 5.43105022235 .13246463956951219512 1604
1978 4.96553870883 .18056504395745454545 1604
1979 3.22398570462 .32239857046200000000 1604
1980 6.87776201851 .76419577983444444444 1604
1981 5.31431050759 .34285874242516129032 1604
1982 5.72579245293 .17350886221000000000 1604
1983 5.86158259988 .13956149047333333333 1604
1984 4.31094788705 .12868501155373134328 1604
1985 5.19140352942 .47194577540181818181 1604
1986 3.69811075022 .15094329592734693877 1604
1987 7.460985626 .43888150741176470588 1604
1988 4.96742412701 .76421909646307692307 1604
1989 4.03457521449 .08867198273604395604 1604
1990 4.85456428535 .23680801391951219512 1604
1991 6.86914404611 .33508019737121951219 1604
1992 5.64475352765 .13127333785232558139 1604
1993 5.01076671736 .55675185748444444444 1604
1994 3.27976491168 .10932549705600000000 1604
1995 5.88922426705 3.92614951136666666666 1604
1996 4.42540480636 .31610034331142857142 1604
1997 4.69983781968 .13055105054666666666 1604
1998 3.73364942696 .41484993632888888888 1604
1999 4.31032627209 .31928342756222222222 1604
2000 3.76246871222 .14754779263607843137 1604
2001 7.30331640383 .17388848580547619047 1604
2002 4.59059358775 .11196569726219512195 1604
2003 4.43236066354 .26072709785529411764 1604
2004 6.85920544219 .47304865118551724137 1604
2005 6.57362668387 .25283179553346153846 1605,1606,1607,1608,1609,1610,1611,1612,1613,1614,1615,1616,1617,1618,1619,1620,1621,1622,1623,1624,1625,1626,1627,1628,1629,1630,1631,1632,1633,1634,1635,1636,1637,1638,1639,1640,1641,1642,1643,1644,1645,1646,1647,1648,1649,1650,1651,1652,1653,1654,1655,1656,1657,1658,1659,1660,1661,1662,1663,1664,1665,1666,1667,1668,1669,1670,1671,1672,1673,1674,1675,1676,1677,1678,1679,1680,1681,1682,1683,1684,1685,1686,1687,1688,1689,1690,1691,1692,1693,1694,1695,1696,1697,1698,1699,1700,1701,1702,1703,1704,1705,1706,1707,1708,1709,1710,1711,1712,1713,1714,1715,1716,1717,1718,1719,1720,1721,1722,1723,1724,1725,1726,1727,1728,1729,1730,1731,1732,1733,1734,1735,1736,1737,1738,1739,1740,1741,1742,1743,1744,1745,1746,1747,1748,1749,1750,1751,1752,1753,1754,1755,1756,1757,1758,1759,1760,1761,1762,1763,1764,1765,1766,1767,1768,1769,1770,1771,1772,1773,1774,1775,1776,1777,1778,1779,1780,1781,1782,1783,1784,1785,1786,1787,1788,1789,1790,1791,1792,1793,1794,1795,1796,1797,1798,1799,1800,1801,1802,1803,1804,1805,1806,1807,1808,1809,1810,1811,1812,1813,1814,1815,1816,1817,1818,1819,1820,1821,1822,1823,1824,1825,1826,1827,1828,1829,1830,1831,1832,1833,1834,1835,1836,1837,1838,1839,1840,1841,1842,1843,1844,1845,1846,1847,1848,1849,1850,1851,1852,1853,1854,1855,1856,1857,1858,1859,1860,1861,1862,1863,1864,1865,1866,1867,1868,1869,1870,1871,1872,1873,1874,1875,1876,1877,1878,1879,1880,1881,1882,1883,1884,1885,1886,1887,1888,1889,1890,1891,1892,1893,1894,1895,1896,1897,1898,1899,1900,1901,1902,1903,1904,1905,1906,1907,1908,1909,1910,1911,1912,1913,1914,1915,1916,1917,1918,1919,1920,1921,1922,1923,1924,1925,1926,1927,1928,1929,1930,1931,1932,1933,1934,1935,1936,1937,1938,1939,1940,1941,1942,1943,1944,1945,1946,1947,1948,1949,1950,1951,1952,1953,1954,1955,1956,1957,1958,1959,1960,1961,1962,1963,1964,1965,1966,1967,1968,1969,1970,1971,1972,1973,1974,1975,1976,1977,1978,1979,1980,1981,1982,1983,1984,1985,1986,1987,1988,1989,1990,1991,1992,1993,1994,1995,1996,1997,1998,1999,2000,2001,2002,2003,2004
