0 5.2264922375 .36044774051724137931 
1 5.76390523691 14.40976309227500000000 0
2 4.35685539572 21.78427697860000000000 0
3 2.99160742973 9.97202476576666666666 0
4 4.48468888437 22.42344442185000000000 0
5 4.1493670992 41.49367099200000000000 0
6 4.43903765603 .14554221823049180327 0
7 5.16551113491 .73793016213000000000 0
8 5.70904757242 .22836190289680000000 0
9 6.06487021814 .23783804777019607843 0
10 5.82752499428 .15136428556571428571 0
11 5.59493907857 .79927701122428571428 0
12 6.19117163911 .18761126179121212121 0
13 5.95239723297 .17006849237057142857 0
14 5.02432387332 .26443809859578947368 0
15 5.52245839329 .84960898358307692307 0
16 4.44670971944 .26949755875393939393 0
17 2.91170907738 .13542832918046511627 0
18 6.72468795339 .46377158299241379310 0
19 7.04120427356 .70412042735600000000 0
20 2.8497779431 .17271381473333333333 0
21 4.84912699271 .69273242753000000000 0
22 6.67675762601 .18807767960591549295 0
23 4.97304075139 .14626590445264705882 0
24 5.03091212882 .28748069307542857142 0
25 5.281000124 .19203636814545454545 0
26 4.36272512436 .09089010675750000000 0
27 5.37320162276 .56560017081684210526 0
28 4.77859847554 .45510461671809523809 0
29 5.08067143399 .12544867738246913580 0
30 5.55869090811 1.58819740231714285714 0
31 5.85821232332 .15621899528853333333 0
32 6.1902888648 .18478474223283582089 0
33 3.61604759648 .45200594956000000000 0
34 5.52383771133 .18110943315836065573 0
35 4.19972316622 .08749423262958333333 0
36 4.1593781077 .27729187384666666666 0
37 5.77639520821 .37267065859419354838 0
38 6.65590345008 .95084335001142857142 0
39 4.48751265396 .16318227832581818181 0
40 6.74930258995 .32923427268048780487 0
41 5.83340286553 .15151695754623376623 0
42 3.23939281887 .10449654254419354838 0
43 7.0615009577 .17435804833827160493 0
44 3.61210986902 .08400255509348837209 0
45 6.03250558476 .13556192325303370786 0
46 3.67155535778 .09923122588594594594 0
47 3.2901816256 3.29018162560000000000 0
48 4.98682137765 1.10818252836666666666 0
49 5.68985286217 .47415440518083333333 0
50 3.87303777766 .45565150325411764705 0
51 7.00408341702 .16480196275341176470 0
52 5.04431275434 .20589031650367346938 0
53 2.76959802059 .21304600158384615384 0
54 5.44858027318 .31134744418171428571 0
55 5.2866351603 .31097853884117647058 0
56 2.96356693317 .10219196321275862068 0
57 4.46039358383 2.23019679191500000000 0
58 5.21935303673 .32620956479562500000 0
59 2.27938565896 .04849756721191489361 0
60 6.46971139231 .14377136427355555555 0
61 3.81504625242 .16587157619217391304 0
62 5.53201319815 .25145514537045454545 0
63 5.75546178667 .46043694293360000000 0
64 4.5156536579 .14335408437777777777 0
65 4.96752897741 .11969949343156626506 0
66 4.83981344339 .10755140985311111111 0
67 2.50489639512 .08491174220745762711 0
68 3.95993915143 .17999723415590909090 0
69 4.04503694195 .08340282354536082474 0
70 6.28751423692 .54674036842782608695 0
71 4.18791679793 .17093537950734693877 0
72 6.1045418559 .53082972660000000000 0
73 4.10690839584 .14410204897684210526 0
74 6.51516776408 .26592521486040816326 0
75 5.69691146841 .33511243931823529411 0
76 6.98347379538 .48161888244000000000 0
77 4.61831293437 .09236625868740000000 0
78 5.17750753444 .29585757339657142857 0
79 4.79814911807 .95962982361400000000 0
80 5.89589997014 1.31019999336444444444 0
81 5.15708938699 .27876158848594594594 0
82 6.16217548284 .27387446590400000000 0
83 5.20957963947 .12257834445811764705 0
84 3.66897111387 .08153269141933333333 0
85 5.04680923411 .13108595413272727272 0
86 5.72458900767 .13962412213829268292 0
87 2.76650705865 1.10660282346000000000 0
88 6.47965543591 .64796554359100000000 0
89 3.9113023161 .30086940893076923076 0
90 6.42847978532 .16274632367898734177 0
91 2.48513846621 .06372149913358974358 0
92 8.08255407467 .17196923563127659574 0
93 5.214393427 2.08575737080000000000 0
94 6.14803409802 .16616308373027027027 0
95 4.00416556389 .08898145697533333333 0
96 7.32192811357 1.83048202839250000000 0
97 4.73201511515 .18200058135192307692 0
98 5.67934492937 1.89311497645666666666 0
99 2.06998796004 4.13997592008000000000 0
100 6.31579624337 .19138776495060606060 0
101 3.20209767571 .17789431531722222222 0
102 4.72478741189 .19686614216208333333 0
103 6.69632630269 .63774536216095238095 0
104 4.9163080529 .23981990501951219512 0
105 7.20342758094 .16187477709977528089 0
106 4.87526227808 .12037684637234567901 0
107 5.252513234 .36224229200000000000 0
108 4.73097976386 .11002278520604651162 0
109 6.07802547855 .16883404107083333333 0
110 4.19228392765 .13745193205409836065 0
111 6.07888557762 .12664344953375000000 0
112 5.38144733605 .11958771857888888888 0
113 4.59991982125 .11947843691558441558 0
114 3.9427622641 .21312228454594594594 0
115 4.74039011323 .10897448536160919540 0
116 6.2449696514 12.48993930280000000000 0
117 4.34154033847 .39468548531545454545 0
118 3.95615856187 .23976718556787878787 0
119 6.96273310877 .25319029486436363636 0
120 4.4171948455 .20545092304651162790 0
121 4.35790785929 .11778129349432432432 0
122 2.77596962327 .07305183219131578947 0
123 6.86138855566 .54891108445280000000 0
124 7.13910993016 .20997382147529411764 0
125 5.64080395133 .14102009878325000000 0
126 3.8738843441 .11393777482647058823 0
127 5.89763605872 1.96587868624000000000 0
128 3.76261164006 .14198534490792452830 0
129 5.00846518658 .45531501696181818181 0
130 7.91210750669 .43956152814944444444 0
131 6.01218278342 .21862482848800000000 0
132 7.60897195326 .72466399554857142857 0
133 4.7898036652 .28175315677647058823 0
134 5.25221374432 .52522137443200000000 0
135 4.59332665606 .22966633280300000000 0
136 6.40515766753 3.20257883376500000000 0
137 5.49152490808 .18936292786482758620 0
138 6.324079219 .20076441965079365079 0
139 4.2419215093 .08656982672040816326 0
140 5.01443154576 .10446732387000000000 0
141 3.96872357813 .39687235781300000000 0
142 6.25686615889 .27808294039511111111 0
143 6.15680210826 .13835510355640449438 0
144 4.36463748229 .11485888111289473684 0
145 2.61394666991 .06298666674481927710 0
146 5.03674632913 .31479664557062500000 0
147 4.26105920732 .19818880034046511627 0
148 4.58824102505 .22941205125250000000 0
149 4.7683125425 .12385227383116883116 0
150 5.63235223757 .21254159387056603773 0
151 5.31460080319 .75922868617000000000 0
152 5.7369761035 .42496119285185185185 0
153 4.22876877936 .10842996870153846153 0
154 3.71235747307 .22499136200424242424 0
155 5.65712363783 .22628494551320000000 0
156 6.0890973342 .32047880706315789473 0
157 4.82431498726 .60303937340750000000 0
158 5.43818348654 .21752733946160000000 0
159 6.16170832493 .18393159178895522388 0
160 3.31599588174 .08187644152444444444 0
161 5.21432237378 .11850732667681818181 0
162 4.21215419092 .14040513969733333333 0
163 2.57256388248 2.57256388248000000000 0
164 4.89882007021 .22267363955500000000 0
165 4.56995379351 .19041474139625000000 0
166 5.2611540485 .16702076344444444444 0
167 4.80989869987 3.20659913324666666666 0
168 3.08603395289 .15430169764450000000 0
169 4.06689449158 .54225259887733333333 0
170 3.34529680052 .14544768697913043478 0
171 3.38111032709 .07684341652477272727 0
172 8.21066607735 1.09475547698000000000 0
173 6.2914658462 .16777242256533333333 0
174 5.76066577325 .46085326186000000000 0
175 4.38992989119 .17918081188530612244 0
176 5.35660367835 .15089024446056338028 0
177 4.41630437242 .27601902327625000000 0
178 4.99701254809 .29394191459352941176 0
179 5.02544143013 3.35029428675333333333 0
180 4.62402980622 .30826865374800000000 0
181 6.10432122097 .27130316537644444444 0
182 4.0840811853 .21495164133157894736 0
183 5.7387443483 .13345917089069767441 0
184 7.31248325063 .23975354920098360655 0
185 5.30598180539 .16844386683777777777 0
186 6.80639794625 .33201941201219512195 0
187 2.31009224205 .51335383156666666666 0
188 4.20358504226 .17887595924510638297 0
189 5.75735700661 .26778404681906976744 0
190 4.02085893812 .20619789426256410256 0
191 7.34903178783 .25786076448526315789 0
192 7.03508037694 .40200459296800000000 0
193 4.52555908488 .13509131596656716417 0
194 7.00681832374 .29195076348916666666 0
195 4.44416537047 .23390344055105263157 0
196 5.79911170731 .19013481007573770491 0
197 4.91281746916 .51713868096421052631 0
198 4.26790147236 2.13395073618000000000 0
199 4.32002459272 .13500076852250000000 0
200 4.96245094339 .14383915777942028985 0
201 3.86787917466 .48348489683250000000 1,2,3,4,5,6,7,8,9,10,11,12,13,14,15,16,17,18,19,20,21,22,23,24,25,26,27,28,29,30,31,32,33,34,35,36,37,38,39,40,41,42,43,44,45,46,47,48,49,50,51,52,53,54,55,56,57,58,59,60,61,62,63,64,65,66,67,68,69,70,71,72,73,74,75,76,77,78,79,80,81,82,83,84,85,86,87,88,89,90,91,92,93,94,95,96,97,98,99,100,101,102,103,104,105,106,107,108,109,110,111,112,113,114,115,116,117,118,119,120,121,122,123,124,125,126,127,128,129,130,131,132,133,134,135,136,137,138,139,140,141,142,143,144,145,146,147,148,149,150,151,152,153,154,155,156,157,158,159,160,161,162,163,164,165,166,167,168,169,170,171,172,173,174,175,176,177,178,179,180,181,182,183,184,185,186,187,188,189,190,191,192,193,194,195,196,197,198,199,200
202 3.24686567467 8.11716418667500000000 201
203 5.46877925911 27.34389629555000000000 201
204 4.57845858988 9.15691717976000000000 201
205 4.7224848835 11.80621220875000000000 201
206 4.03424650932 10.08561627330000000000 201
207 6.28382163809 .12694589167858585858 201
208 5.33838504644 .16947254115682539682 201
209 4.24558907708 1.06139726927000000000 201
210 6.51769771249 .38339398308764705882 201
211 4.46867399219 .30818441325448275862 201
212 4.91418652716 1.22854663179000000000 201
213 3.29629746857 .10300929589281250000 201
214 6.06283930994 .80837857465866666666 201
215 2.46284578546 .11194753570272727272 201
216 6.03033024651 .75379128081375000000 201
217 6.09995981168 .14698698341397590361 201
218 5.27905033469 .15758359208029850746 201
219 5.91455407743 .29572770387150000000 201
220 7.16911391436 .17922784785900000000 201
221 6.40265971207 .13479283604357894736 201
222 7.93173145038 .34485788914695652173 201
223 6.66426023992 .23383369262877192982 201
224 4.60099235344 .32864231096000000000 201
225 5.25425979295 .22844607795434782608 201
226 2.78768627356 .26549393081523809523 201
227 4.17112323348 .12268009510235294117 201
228 6.58061389408 .37603507966171428571 201
229 4.19477804447 .19067172929409090909 201
230 2.13480433329 .06568628717815384615 201
231 5.15536334675 .15389144318656716417 201
232 5.08271726334 .59796673686352941176 201
233 4.27819269789 .32909174599153846153 201
234 5.2349039138 .12925688676049382716 201
235 5.43869445233 .27890740781179487179 201
236 7.03227737468 .14206620958949494949 201
237 6.32216645308 .37189214429882352941 201
238 4.28686971335 .10206832650833333333 201
239 5.90775888007 .62186935579684210526 201
240 7.70054634605 .81058382590000000000 201
241 4.21380564083 .56184075211066666666 201
242 2.32949039377 .10834839040790697674 201
243 3.9653411333 .12791423010645161290 201
244 4.00065346951 .13335511565033333333 201
245 7.33344592198 1.62965464932888888888 201
246 2.35026914995 .42732166362727272727 201
247 4.47905015412 .16902076053283018867 201
248 4.53890833169 .12968309519114285714 201
249 4.97807320489 .19521855705450980392 201
250 6.18297124816 .82439616642133333333 201
251 4.70763763917 .11482043022365853658 201
252 3.81593204225 .10041926426973684210 201
253 2.49408312928 .05038551776323232323 201
254 4.98029097458 3.32019398305333333333 201
255 6.41190120889 .13220414863690721649 201
256 7.0032723666 .15391807399120879120 201
257 4.80522431063 .38441794485040000000 201
258 5.25797993941 .17526599798033333333 201
259 6.3119605898 .32369028665641025641 201
260 7.62680284091 .22106674901188405797 201
261 5.592172993 .20335174520000000000 201
262 5.68423258073 .13863981904219512195 201
263 6.73178205745 1.92336630212857142857 201
264 3.67970452902 .35044805038285714285 201
265 3.20005323841 .09846317656646153846 201
266 4.86010673572 .42261797701913043478 201
267 7.00803625061 .18688096668293333333 201
268 3.44674390423 3.44674390423000000000 201
269 4.37516480718 .54689560089750000000 201
270 4.72716026119 .13903412532911764705 201
271 2.90317878162 .23225430252960000000 201
272 5.68225964649 .21045406098111111111 201
273 5.68973651569 .12931219353840909090 201
274 5.85606897322 .26026973214311111111 201
275 5.57765958424 .21873174840156862745 201
276 6.3289720631 .39556075394375000000 201
277 4.37942159449 .33687858419153846153 201
278 5.27366041209 .22928958313434782608 201
279 5.46579452051 .40487366818592592592 201
280 5.91029066015 .28144241238809523809 201
281 7.51181724487 .26827918731678571428 201
282 5.55961782837 .74128237711600000000 201
283 7.67882719493 .76788271949300000000 201
284 3.81105473816 .14381338634566037735 201
285 5.24320809962 .12193507208418604651 201
286 4.80870019717 1.06860004381555555555 201
287 7.27141092912 2.42380364304000000000 201
288 3.73055536779 .09565526584076923076 201
289 5.40681862207 .36045457480466666666 201
290 5.13522991379 .48906951559904761904 201
291 5.36967528196 .89494588032666666666 201
292 6.66414386298 .15867009197571428571 201
293 5.39795484843 .83045459206615384615 201
294 4.94279815614 .14978176230727272727 201
295 3.68855253187 1.22951751062333333333 201
296 7.35375283827 .91921910478375000000 201
297 5.44758230239 .18784766559965517241 201
298 5.12280831686 .13305995628207792207 201
299 3.83529140702 1.09579754486285714285 201
300 3.80936255483 .10158300146213333333 201
301 3.56509118779 .50929874111285714285 201
302 4.6256191966 .54419049371764705882 201
303 4.94516836799 .47096841599904761904 201
304 5.89723040341 .56164099080095238095 201
305 6.35395893524 .90770841932000000000 201
306 4.93730672328 .12042211520195121951 201
307 6.51924888585 .15161043920581395348 201
308 4.9061717608 .28859833887058823529 201
309 5.71466765682 1.26992614596000000000 201
310 3.20342612368 .37687366160941176470 201
311 3.49178860854 .09699412801500000000 201
312 3.39813785065 1.35925514026000000000 201
313 5.3214258242 .13471964111898734177 201
314 6.25228532341 .16453382430026315789 201
315 4.84214056771 .16697036440379310344 201
316 7.49894070958 .25858416239931034482 201
317 5.75525940154 .27405997150190476190 201
318 4.77717631634 .23885881581700000000 201
319 4.07656379428 .28114233064000000000 201
320 5.42005549615 .51619576153809523809 201
321 4.11803126752 .41180312675200000000 201
322 3.52188038129 .10208348931275362318 201
323 4.48129772328 .68943041896615384615 201
324 3.96483450688 .11835326886208955223 201
325 4.52556527061 .28284782941312500000 201
326 3.02242924488 .33582547165333333333 201
327 6.06050056446 .40403337096400000000 201
328 4.24828913777 .13071658885446153846 201
329 4.49883505799 .10462407111604651162 201
330 6.20329377162 .26970842485304347826 201
331 3.91756909075 .25274639295161290322 201
332 4.25211197585 .09774970059425287356 201
333 5.86419747257 .24954031798170212765 201
334 5.04016606735 .28800948956285714285 201
335 7.38811407941 1.23135234656833333333 201
336 6.28354638592 .83780618478933333333 201
337 5.82156442928 1.16431288585600000000 201
338 6.01230020205 .52280871322173913043 201
339 3.36394548756 .07008219765750000000 201
340 5.95438855315 .28354231205476190476 201
341 6.15031746808 4.10021164538666666666 201
342 5.46178949079 .24826315867227272727 201
343 5.21368239754 2.08547295901600000000 201
344 4.6554530471 .13113952245352112676 201
345 4.86873272829 .46368883126571428571 201
346 4.2594116462 .11063406873246753246 201
347 5.62679940656 .11971913630978723404 201
348 6.16319264524 .21252388431862068965 201
349 3.63628545511 .08555965776729411764 201
350 4.68789164748 .16165143612000000000 201
351 7.30419824934 1.21736637489000000000 201
352 4.72662469464 .55607349348705882352 201
353 6.02794174367 .19136322995777777777 201
354 4.91150991669 .14883363383909090909 201
355 4.10309161385 .16747312709591836734 201
356 6.49272675237 2.59709070094800000000 201
357 4.18969062719 .10344915128864197530 201
358 5.00098652506 .11767027117788235294 201
359 6.01073484075 .37567092754687500000 201
360 4.75071474182 .19390672415591836734 201
361 6.72539657135 .30569984415227272727 201
362 3.7487354836 .11025692598823529411 201
363 4.80906974742 .14355432081850746268 201
364 3.89833482859 .12575273640612903225 201
365 5.6401788293 .22560715317200000000 201
366 4.74462260936 .09782727029608247422 201
367 6.39649958885 .14875580439186046511 201
368 4.69890602552 1.17472650638000000000 201
369 4.74892492771 .15570245664622950819 201
370 5.93878772923 .49489897743583333333 201
371 4.77765868446 .24500813766461538461 201
372 4.50041325269 .21430539298523809523 201
373 3.04539829844 .08957053818941176470 201
374 5.45226883308 .12828867842541176470 201
375 7.14192338134 .18794535214052631578 201
376 5.43245492848 .43459639427840000000 201
377 6.86919282443 .14933027879195652173 201
378 3.93510567442 .98377641860500000000 201
379 4.47951823415 .47152823517368421052 201
380 6.05697934135 .12113958682700000000 201
381 3.96538330381 .61005896981692307692 201
382 6.26832620551 .13929613790022222222 201
383 6.74156867479 .17067262467822784810 201
384 3.89919740944 2.59946493962666666666 201
385 7.85474014295 .27560491729649122807 201
386 5.67775914222 1.03231984404000000000 201
387 5.22422255523 .17709229000779661016 201
388 4.97215779405 .13622350120684931506 201
389 3.17127248743 .07928181218575000000 201
390 5.47081271025 .14988527973287671232 201
391 5.61212463929 .12901435952390804597 201
392 5.49580974689 .11215938258959183673 201
393 2.85653362149 .17312324978727272727 201
394 6.22320491263 .31116024563150000000 201
395 4.2689576331 .50223030977647058823 201
396 5.90700536182 .62179003808631578947 201
397 6.12769454632 .27234197983644444444 201
398 5.71817589307 .22424219188509803921 201
399 5.89301051461 .21046466123607142857 201
400 6.05133927311 .16136904728293333333 201
401 2.01697307258 .28813901036857142857 201
402 8.45273701253 .36751030489260869565 202,203,204,205,206,207,208,209,210,211,212,213,214,215,216,217,218,219,220,221,222,223,224,225,226,227,228,229,230,231,232,233,234,235,236,237,238,239,240,241,242,243,244,245,246,247,248,249,250,251,252,253,254,255,256,257,258,259,260,261,262,263,264,265,266,267,268,269,270,271,272,273,274,275,276,277,278,279,280,281,282,283,284,285,286,287,288,289,290,291,292,293,294,295,296,297,298,299,300,301,302,303,304,305,306,307,308,309,310,311,312,313,314,315,316,317,318,319,320,321,322,323,324,325,326,327,328,329,330,331,332,333,334,335,336,337,338,339,340,341,342,343,344,345,346,347,348,349,350,351,352,353,354,355,356,357,358,359,360,361,362,363,364,365,366,367,368,369,370,371,372,373,374,375,376,377,378,379,380,381,382,383,384,385,386,387,388,389,390,391,392,393,394,395,396,397,398,399,400,401
403 5.48359731665 10.96719463330000000000 402
404 4.31015782517 43.10157825170000000000 402
405 6.33411308414 31.67056542070000000000 402
406 3.57482738228 11.91609127426666666666 402
407 4.92685152117 9.85370304234000000000 402
408 2.79887654136 .05830992794500000000 402
409 5.24539185477 2.62269592738500000000 402
410 5.11602969942 .12790074248550000000 402
411 5.56897628192 .31822721610971428571 402
412 4.90127826108 .10002608696081632653 402
413 3.8977683633 .10257285166578947368 402
414 2.95309363491 .06788720999793103448 402
415 3.41677696871 .14236570702958333333 402
416 4.82475889383 .13984808387913043478 402
417 4.26344878302 .13534758041333333333 402
418 4.64584559564 .46458455956400000000 402
419 3.63395382175 .08863302004268292682 402
420 6.68792653275 .13933180276562500000 402
421 5.51099600519 .40822192631037037037 402
422 4.95162514046 .16234836526098360655 402
423 4.66334402026 .49087831792210526315 402
424 6.11443796479 .28439246347860465116 402
425 5.42729271014 1.20606504669777777777 402
426 5.16174419222 .23462473601000000000 402
427 4.29848547584 .17544838676897959183 402
428 4.3194216083 .20090333061860465116 402
429 4.57814796452 .11031681842216867469 402
430 4.34605183163 .72434197193833333333 402
431 6.13416347001 .18874349138492307692 402
432 5.330560868 .16401725747692307692 402
433 5.40763260055 .20406160756792452830 402
434 4.01720104318 .08282888748824742268 402
435 5.03407095001 .10598044105284210526 402
436 3.0071727123 .26149327933043478260 402
437 7.51581868322 .50105457888133333333 402
438 5.3493174677 .12586629335764705882 402
439 4.48528007508 .09344333489750000000 402
440 4.53623057271 .09353052727237113402 402
441 4.58358788076 .25464377115333333333 402
442 6.94707297909 2.77882919163600000000 402
443 5.86811663704 .26673257441090909090 402
444 1.68290546082 .04006917763857142857 402
445 8.8029025419 .30887377340000000000 402
446 4.6812696991 .19505290412916666666 402
447 6.60305101309 .20009245494212121212 402
448 6.4293249743 .15127823468941176470 402
449 4.85807144083 .48580714408300000000 402
450 5.96767480879 .14555304411682926829 402
451 4.05130707053 .11099471426109589041 402
452 3.65317424363 .19746887803405405405 402
453 6.37494403525 .45535314537500000000 402
454 4.41705854823 .11325791149307692307 402
455 4.15823737175 .17694627113829787234 402
456 3.33704189788 .07176434188989247311 402
457 5.23132773241 5.23132773241000000000 402
458 6.37876604048 .47250118818370370370 402
459 4.03732699664 1.00933174916000000000 402
460 5.35189723426 .14464587119621621621 402
461 4.61593534096 .35507194930461538461 402
462 4.09962091702 .08722597695787234042 402
463 2.99933838228 .12763142052255319148 402
464 5.61799935808 11.23599871616000000000 402
465 5.7699195337 .19233065112333333333 402
466 6.57445256131 .23480187718964285714 402
467 4.91941732531 .18220064167814814814 402
468 5.9681202436 .35106589668235294117 402
469 2.75681497868 .12530977175818181818 402
470 3.23166900055 .06663235052680412371 402
471 5.70473533927 .43882579532846153846 402
472 5.00806025191 .13535297978135135135 402
473 5.29782535187 .12613869885404761904 402
474 5.61080813266 5.61080813266000000000 402
475 4.11075929256 .22837551625333333333 402
476 5.44602606096 .41892508161230769230 402
477 4.7367218285 .15037212153968253968 402
478 4.102313008 .12622501563076923076 402
479 4.9935349169 .12179353455853658536 402
480 4.03657658061 .10219181216734177215 402
481 5.99217955162 .26631909118311111111 402
482 4.11082575314 .09135168340311111111 402
483 6.54433125217 .28453614139869565217 402
484 5.28631651643 .29368425091277777777 402
485 4.30169475744 .35847456312000000000 402
486 5.557675194 .50524319945454545454 402
487 6.24931040933 .16023872844435897435 402
488 7.58161313915 .19440033690128205128 402
489 4.62944269197 .66134895599571428571 402
490 2.58715311725 .05947478430459770114 402
491 3.5619649321 .09758808033150684931 402
492 5.38888503145 .10997724553979591836 402
493 5.37278753744 .38377053838857142857 402
494 3.88309261115 .07766185222300000000 402
495 5.31933280109 .30396187434800000000 402
496 5.31877518493 .13132778234395061728 402
497 4.89191282078 .54354586897555555555 402
498 6.94827649425 .77203072158333333333 402
499 4.91989140468 .46856108616000000000 402
500 4.15007093396 .12769449027569230769 402
501 4.61694270635 9.23388541270000000000 402
502 5.59832941822 1.11966588364400000000 402
503 3.86824061191 .13112680040372881355 402
504 6.77914795904 1.69478698976000000000 402
505 6.16622840568 .28028310934909090909 402
506 5.59152398116 3.72768265410666666666 402
507 5.02766217908 .45706019809818181818 402
508 3.75401878151 .08531860867068181818 402
509 5.29059910125 .55690516855263157894 402
510 4.24255649245 .09123777403118279569 402
511 4.83777155598 .56914959482117647058 402
512 5.82227464306 .13699469748376470588 402
513 5.52948725061 1.00536131829272727272 402
514 5.17214097148 .15212179327882352941 402
515 4.72077181457 .12588724838853333333 402
516 4.72168348422 .10731098827772727272 402
517 5.7695702427 .29587539706153846153 402
518 1.62997289102 .12073873266814814814 402
519 5.3806809489 .16305093784545454545 402
520 5.22109459959 .11108711914021276595 402
521 6.12830730391 .21502832645298245614 402
522 5.19586817046 .18894066074400000000 402
523 4.89421349983 4.89421349983000000000 402
524 4.6969626094 1.56565420313333333333 402
525 5.96348015718 11.92696031436000000000 402
526 4.38058875965 .12168302110138888888 402
527 3.29191145066 .17325849740315789473 402
528 4.82420046187 .27566859782114285714 402
529 3.75914881051 .32688250526173913043 402
530 3.27792305332 .13379277768653061224 402
531 6.53968203314 2.17989401104666666666 402
532 6.9659922045 .40976424732352941176 402
533 4.56358015001 .65194002143000000000 402
534 5.33464925903 .18395342272517241379 402
535 5.11981258528 .23813081792000000000 402
536 5.95288999136 .15665499977263157894 402
537 4.48890443348 .23020022735794871794 402
538 6.67065053719 .21518227539322580645 402
539 5.66362727541 .18878757584700000000 402
540 5.88809931364 .15097690547794871794 402
541 4.36051474374 .13416968442276923076 402
542 4.78823173061 .09771901491040816326 402
543 4.02967535121 .14924723523000000000 402
544 3.85239705678 .11166368280521739130 402
545 4.58236310908 .65462330129714285714 402
546 4.49098777466 .15757851840912280701 402
547 7.78425793568 1.11203684795428571428 402
548 7.31673476034 1.04524782290571428571 402
549 4.39802550863 .87960510172600000000 402
550 2.58303042779 .07827364932696969696 402
551 5.6151995725 .15597776590277777777 402
552 2.80030209297 .20002157806928571428 402
553 4.43654781516 .12323743931000000000 402
554 4.87885950138 .13186106760486486486 402
555 6.56440628199 .24312615859222222222 402
556 5.79484865196 .24145202716500000000 402
557 5.17300071737 2.06920028694800000000 402
558 5.37353721789 .23363205295173913043 402
559 5.64189398463 .43399184497153846153 402
560 4.01981219021 .10441070623922077922 402
561 4.77415763256 .95483152651200000000 402
562 5.05161096177 .63145137022125000000 402
563 5.17644624991 .21128352040448979591 402
564 3.1354307865 .06816153883695652173 402
565 5.13861807498 .12846545187450000000 402
566 3.2606049619 .07495643590574712643 402
567 3.56537801006 .25466985786142857142 402
568 6.18826525165 .19645286513174603174 402
569 5.43153994283 .31037371101885714285 402
570 7.99286193187 1.33214365531166666666 402
571 5.71368970255 .13287650471046511627 402
572 5.12086784552 2.04834713820800000000 402
573 5.27953947933 .34061545027935483870 402
574 2.92061972955 .11920896855306122448 402
575 4.59611697194 .12256311925173333333 402
576 3.90523817768 .60080587348923076923 402
577 5.95845233623 .62720550907684210526 402
578 4.073437957 .10719573571052631578 402
579 3.50503837995 .07537716946129032258 402
580 3.50522334383 .15578770417022222222 402
581 8.14602336038 .34663929193106382978 402
582 4.40215767948 .20962655616571428571 402
583 3.08016590983 .09333836090393939393 402
584 4.30269316955 .09154666318191489361 402
585 6.89286116678 .17450281434886075949 402
586 6.39891787387 .21329726246233333333 402
587 6.31266624867 .27446374994217391304 402
588 6.0017104791 .19053049140000000000 402
589 4.23557574059 .42355757405900000000 402
590 5.98296086824 .23011387954769230769 402
591 4.48922438048 .23021663489641025641 402
592 3.17166301037 .08572062190189189189 402
593 7.34571706386 .48971447092400000000 402
594 3.68626213094 .23782336328645161290 402
595 5.42021162057 .90336860342833333333 402
596 2.27198682475 .06224621437671232876 402
597 5.26833731209 .39024720830296296296 402
598 4.27739428112 .40737088391619047619 402
599 3.71091526904 .08835512545333333333 402
600 5.21519760348 .33646436151483870967 402
601 5.92292570183 .17948259702515151515 402
602 5.53123828901 .11404615028886597938 402
603 7.28570063873 .18214251596825000000 403,404,405,406,407,408,409,410,411,412,413,414,415,416,417,418,419,420,421,422,423,424,425,426,427,428,429,430,431,432,433,434,435,436,437,438,439,440,441,442,443,444,445,446,447,448,449,450,451,452,453,454,455,456,457,458,459,460,461,462,463,464,465,466,467,468,469,470,471,472,473,474,475,476,477,478,479,480,481,482,483,484,485,486,487,488,489,490,491,492,493,494,495,496,497,498,499,500,501,502,503,504,505,506,507,508,509,510,511,512,513,514,515,516,517,518,519,520,521,522,523,524,525,526,527,528,529,530,531,532,533,534,535,536,537,538,539,540,541,542,543,544,545,546,547,548,549,550,551,552,553,554,555,556,557,558,559,560,561,562,563,564,565,566,567,568,569,570,571,572,573,574,575,576,577,578,579,580,581,582,583,584,585,586,587,588,589,590,591,592,593,594,595,596,597,598,599,600,601,602
604 5.95214324253 14.88035810632500000000 603
605 5.34109851077 13.35274627692500000000 603
606 3.18888909258 10.62963030860000000000 603
607 5.50688183762 11.01376367524000000000 603
608 4.45796596494 11.14491491235000000000 603
609 6.53761790719 .16142266437506172839 603
610 6.00087561017 .15002189025425000000 603
611 8.00249101122 .64019928089760000000 603
612 4.34435801168 .51110094255058823529 603
613 7.09189839216 .30834340835478260869 603
614 4.66801196729 .58350149591125000000 603
615 4.83932194365 .10520265094891304347 603
616 4.55469607237 .43378057832095238095 603
617 4.17828083456 .10713540601435897435 603
618 6.97192473001 .19639224591577464788 603
619 3.81534447321 2.54356298214000000000 603
620 5.82688623904 .12530938148473118279 603
621 2.54632196389 .17560841130275862068 603
622 4.64033098775 .21582934826744186046 603
623 7.2193611336 .14438722267200000000 603
624 3.41182963292 .97480846654857142857 603
625 5.17063854031 .86177309005166666666 603
626 6.27793839729 .19316733530123076923 603
627 2.6464980657 .11762213625333333333 603
628 3.2822604558 6.56452091160000000000 603
629 3.0994168716 .14088258507272727272 603
630 6.33690314095 .14736984048720930232 603
631 5.25509698429 .37536407030642857142 603
632 4.84406970418 .14247263835823529411 603
633 6.55435437818 .13945434847191489361 603
634 4.23936640833 .09858991647279069767 603
635 2.78220748988 1.11288299595200000000 603
636 5.21987068611 .15130059959739130434 603
637 6.36831409727 .15345335174144578313 603
638 6.28636925655 .16763651350800000000 603
639 4.38230077473 .30222763963655172413 603
640 3.53244068844 .64226194335272727272 603
641 5.50941090361 .14498449746342105263 603
642 4.58120800922 .11311624714123456790 603
643 5.85542644902 .50916751730608695652 603
644 4.87741790503 .26364421108270270270 603
645 5.19905761471 2.07962304588400000000 603
646 5.07344203198 .11798702399953488372 603
647 3.41246160993 .17960324262789473684 603
648 5.6405912371 .11630085024948453608 603
649 5.53044517348 .16266015216117647058 603
650 5.20733721869 .10627218813653061224 603
651 5.32225921196 .42578073695680000000 603
652 5.62443714408 .14239081377417721518 603
653 5.87429374543 .12111945866865979381 603
654 5.16627430491 .12756232851629629629 603
655 5.62916585727 .20848762434333333333 603
656 2.90347307362 .12097804473416666666 603
657 6.47396030931 .38082119466529411764 603
658 4.74768914314 2.37384457157000000000 603
659 5.49467415591 .16650527745181818181 603
660 3.72685150842 2.48456767228000000000 603
661 3.74112193417 .37411219341700000000 603
662 6.30186150735 .22915860026727272727 603
663 4.64204260278 2.32102130139000000000 603
664 4.83985883626 .26161399114918918918 603
665 4.43418566338 .34109120487538461538 603
666 5.76040072643 .14223211670197530864 603
667 5.25847844217 .52584784421700000000 603
668 5.73335779747 .60351134710210526315 603
669 6.33211510591 .25328460423640000000 603
670 6.73713986373 .13610383563090909090 603
671 3.41309334387 .07037305863649484536 603
672 3.57141270408 .09652466767783783783 603
673 4.92884782938 .14082422369657142857 603
674 6.9050070862 .25574100319259259259 603
675 7.65690282011 .23927821312843750000 603
676 4.30557801938 .61508257419714285714 603
677 5.92614743844 .35916045081454545454 603
678 4.82391715631 .45942068155333333333 603
679 5.22299569534 .13392296654717948717 603
680 5.8605515452 .13953694155238095238 603
681 2.7351024512 .21039249624615384615 603
682 3.80100713007 .08737947425448275862 603
683 3.82176035176 .19108801758800000000 603
684 4.03087670666 .09058149902606741573 603
685 3.24581194479 .43277492597200000000 603
686 5.55439696548 .34714981034250000000 603
687 6.84622908762 3.42311454381000000000 603
688 4.54500621111 .12802834397492957746 603
689 3.69790472347 .30815872695583333333 603
690 5.45756513575 .14175493859090909090 603
691 3.86061332062 .59394051086461538461 603
692 5.64175462014 1.88058487338000000000 603
693 4.12373940031 .82474788006200000000 603
694 4.90201185243 2.45100592621500000000 603
695 6.75035072301 .96433581757285714285 603
696 8.3100820216 .87474547595789473684 603
697 6.47703210557 .13929101302301075268 603
698 5.93738363834 .14660206514419753086 603
699 4.70390462931 .55340054462470588235 603
700 7.30189025858 14.60378051716000000000 603
701 5.11901189092 .30111834652470588235 603
702 4.92916442916 .31801060833290322580 603
703 4.26369523069 .15504346293418181818 603
704 3.19051254586 .11394687663785714285 603
705 5.97492783144 2.38997113257600000000 603
706 6.10576370418 .55506942765272727272 603
707 3.61962220914 7.23924441828000000000 603
708 6.16492914728 6.16492914728000000000 603
709 4.1364139459 .19697209266190476190 603
710 5.44884639069 .24217095069733333333 603
711 4.1792141716 .09719102724651162790 603
712 4.12058425036 .32964674002880000000 603
713 5.24363706512 .24389009605209302325 603
714 5.96936910403 .15918317610746666666 603
715 8.4389951609 2.10974879022500000000 603
716 7.18605443596 .15128535654652631578 603
717 4.11138353569 .25696147098062500000 603
718 8.32059570097 2.77353190032333333333 603
719 8.00694901889 .31399800074078431372 603
720 5.32642751341 .13484626616227848101 603
721 5.92695345079 .24695639378291666666 603
722 4.7002858021 .20436025226521739130 603
723 3.3610310726 .06789961762828282828 603
724 6.1470158256 .29271503931428571428 603
725 4.96131768354 .19081991090538461538 603
726 2.78413284907 .55682656981400000000 603
727 4.40838411098 1.10209602774500000000 603
728 4.82958773983 .60369846747875000000 603
729 4.96883502646 .17434508864771929824 603
730 5.58485255071 .28640269490820512820 603
731 7.13935551532 .62081352307130434782 603
732 5.81045216838 .14001089562361445783 603
733 5.25661524033 .43805127002750000000 603
734 4.66862290453 .66694612921857142857 603
735 6.37330867901 3.18665433950500000000 603
736 4.07033755059 .23259071717657142857 603
737 5.01627181825 .12862235431410256410 603
738 5.68573262643 .11486328538242424242 603
739 5.74524965036 .41037497502571428571 603
740 6.3530606554 .13662496033118279569 603
741 6.44933881002 .20154183781312500000 603
742 4.97492981848 .34309860817103448275 603
743 4.10198823664 .30385098049185185185 603
744 3.823113529 .34755577536363636363 603
745 4.16545766459 .46282862939888888888 603
746 2.48936629019 .09052241055236363636 603
747 4.2425271595 .16009536450943396226 603
748 6.07183678838 .43370262774142857142 603
749 5.08614394297 .15894199821781250000 603
750 4.27590881676 .10180735278000000000 603
751 6.8672398349 .80791056881176470588 603
752 4.15650932734 .15114579372145454545 603
753 5.74652627683 .19155087589433333333 603
754 4.84532972807 .57003879153764705882 603
755 4.01265488192 .11146263560888888888 603
756 0.659429345763 .01570069870864285714 603
757 6.23348245534 .18607410314447761194 603
758 6.80330054369 1.04666162210615384615 603
759 6.01035098314 .14659392641804878048 603
760 7.06733138359 .33653958969476190476 603
761 5.54591121895 .12897467951046511627 603
762 3.90374047758 .17349957678133333333 603
763 5.03108398259 .17348565457206896551 603
764 5.67719200975 .63079911219444444444 603
765 4.05891562684 .11433565146028169014 603
766 5.73741484603 .38249432306866666666 603
767 2.7812636698 .19866169070000000000 603
768 3.50281483485 .13472364749423076923 603
769 3.82215591562 .12133828303555555555 603
770 3.50395182948 .10618035846909090909 603
771 2.97798991981 .07353061530395061728 603
772 4.82109447315 .10149672575052631578 603
773 4.47184131887 .10399630974116279069 603
774 4.17275268857 .13909175628566666666 603
775 5.78942247251 .82706035321571428571 603
776 5.02106205246 .71729457892285714285 603
777 5.12983027013 .15312926179492537313 603
778 4.84138094467 .16987301560245614035 603
779 4.52329496484 .11308237412100000000 603
780 3.86344938835 .10731803856527777777 603
781 6.77496378198 .26568485419529411764 603
782 5.91094989796 .21892407029481481481 603
783 7.22314812917 .28326071094784313725 603
784 4.12822527916 .25019547146424242424 603
785 6.31887435618 .48606725816769230769 603
786 4.28084169453 .42808416945300000000 603
787 6.48623531343 .12972470626860000000 603
788 6.93335199492 .19259311097000000000 603
789 6.36449119062 .60614201815428571428 603
790 5.87909295735 .20272734335689655172 603
791 4.79809093829 .14112032171441176470 603
792 5.56897276536 .14279417347076923076 603
793 3.77399480133 .29030729241000000000 603
794 6.55586149079 .72842905453222222222 603
795 4.57415231335 .41583202848636363636 603
796 6.31107258406 .15582895269283950617 603
797 3.0258996085 .18338785506060606060 603
798 5.24402451739 .12636203656361445783 603
799 5.5250075039 .11631594745052631578 603
800 6.01885474064 .46298882620307692307 603
801 6.55288279028 .17710494027783783783 603
802 5.77500607298 .12157907522063157894 603
803 4.35047084079 .09063480918312500000 603
804 4.70168824703 .72333665338923076923 604,605,606,607,608,609,610,611,612,613,614,615,616,617,618,619,620,621,622,623,624,625,626,627,628,629,630,631,632,633,634,635,636,637,638,639,640,641,642,643,644,645,646,647,648,649,650,651,652,653,654,655,656,657,658,659,660,661,662,663,664,665,666,667,668,669,670,671,672,673,674,675,676,677,678,679,680,681,682,683,684,685,686,687,688,689,690,691,692,693,694,695,696,697,698,699,700,701,702,703,704,705,706,707,708,709,710,711,712,713,714,715,716,717,718,719,720,721,722,723,724,725,726,727,728,729,730,731,732,733,734,735,736,737,738,739,740,741,742,743,744,745,746,747,748,749,750,751,752,753,754,755,756,757,758,759,760,761,762,763,764,765,766,767,768,769,770,771,772,773,774,775,776,777,778,779,780,781,782,783,784,785,786,787,788,789,790,791,792,793,794,795,796,797,798,799,800,801,802,803
805 5.27353829203 13.18384573007500000000 804
806 2.62729486767 6.56823716917500000000 804
807 4.95077831039 16.50259436796666666666 804
808 5.30586096131 26.52930480655000000000 804
809 6.9365603562 34.68280178100000000000 804
810 4.8987228781 .11804151513493975903 804
811 3.20530466379 .16026523318950000000 804
812 3.08797706736 .51466284456000000000 804
813 6.18109934 .15075852048780487804 804
814 4.85777197051 .10226888358968421052 804
815 5.68525832333 .14037674872419753086 804
816 4.60185342779 .15599503145050847457 804
817 5.5234488878 1.57812825365714285714 804
818 7.40674086573 .18751242698050632911 804
819 3.05151802601 .08844979785536231884 804
820 5.25564769511 .14399034781123287671 804
821 2.78575398425 .09774575383333333333 804
822 5.38502235123 .25642963577285714285 804
823 3.88231613579 .08439817686500000000 804
824 6.2166528661 .19427040206562500000 804
825 4.51462771115 .09308510744639175257 804
826 5.14994284422 .13204981651846153846 804
827 5.08500221226 .63562527653250000000 804
828 5.50472263684 .73396301824533333333 804
829 3.81118068705 .08108895078829787234 804
830 3.84913577206 .18776272058829268292 804
831 6.89765401441 .55181232115280000000 804
832 5.18410326213 1.72803442071000000000 804
833 6.18792405642 .14733152515285714285 804
834 5.06968184297 .10561837172854166666 804
835 5.16970863202 .13604496400052631578 804
836 4.17711646734 .28807699774758620689 804
837 5.64904812641 .11768850263354166666 804
838 4.42782157798 .13217377844716417910 804
839 5.86811139543 .35564311487454545454 804
840 5.02766525333 .25138326266650000000 804
841 6.58072083123 .18029372140356164383 804
842 4.62189205274 .13796692694746268656 804
843 5.60802584282 .24924559301422222222 804
844 6.84514404846 .29128272546638297872 804
845 6.58898096005 2.63559238402000000000 804
846 5.27667249003 .13358664531721518987 804
847 8.06253185758 .16287943146626262626 804
848 5.046890825 .14628669057971014492 804
849 5.6436804335 .25653092879545454545 804
850 5.72716941388 .35794808836750000000 804
851 6.28552906629 2.09517635543000000000 804
852 4.42855924666 .11211542396607594936 804
853 6.18460482359 .14552011349623529411 804
854 5.86229207282 .13323391074590909090 804
855 5.81577365286 .13217667392863636363 804
856 4.7886756355 .27363860774285714285 804
857 8.16849217357 .38897581778904761904 804
858 5.08737042999 .16679903049147540983 804
859 5.28606679736 .11246950632680851063 804
860 4.56355348633 .14721140278483870967 804
861 7.07531391637 .40430365236400000000 804
862 4.29999025895 .11168805867402597402 804
863 5.76274251654 .16703601497217391304 804
864 3.76983288315 2.51322192210000000000 804
865 6.006769849 .26116390647826086956 804
866 4.60476735537 .13745574195134328358 804
867 4.99151066105 .11344342411477272727 804
868 4.18128686916 .33450294953280000000 804
869 7.27769573838 .28539983287764705882 804
870 4.5628322925 .10489269637931034482 804
871 3.6160791312 1.03316546605714285714 804
872 4.75146461303 1.58382153767666666666 804
873 3.87241588463 .17210737265022222222 804
874 6.13036774938 .25543198955750000000 804
875 5.34912498275 .29717361015277777777 804
876 5.12928307712 1.13984068380444444444 804
877 6.97792164517 .19383115681027777777 804
878 4.04354924937 .38509992851142857142 804
879 4.27370145356 .18994228682488888888 804
880 5.28882413685 .13737205550259740259 804
881 4.89802531447 .89055005717636363636 804
882 5.38958636584 .29942146476888888888 804
883 5.53267018616 .39519072758285714285 804
884 5.10972538139 .15252911586238805970 804
885 4.27792686012 .71298781002000000000 804
886 5.03462909448 .10488810613500000000 804
887 5.36805060444 .11068145576164948453 804
888 5.35765483741 2.14306193496400000000 804
889 6.47808598707 .13638075762252631578 804
890 4.04317186036 .09402725256651162790 804
891 3.49447150917 .07680157163010989010 804
892 3.16999024425 .16256360226923076923 804
893 4.17945672251 .24585039544176470588 804
894 4.09221086184 .17050878591000000000 804
895 1.99312185208 .36238579128727272727 804
896 5.7954769357 .44580591813076923076 804
897 4.61053618891 1.15263404722750000000 804
898 4.56464376689 .09315599524265306122 804
899 4.793831342 .15218512196825396825 804
900 6.27865345211 .14949174885976190476 804
901 4.83978179586 .09877105705836734693 804
902 2.32632580321 .08947406935423076923 804
903 2.8961987488 .06033747393333333333 804
904 7.24042993395 .34478237780714285714 804
905 2.38125539845 .06105783072948717948 804
906 7.03957322654 1.40791464530800000000 804
907 4.38275386711 .08854048216383838383 804
908 7.28512515747 .56039424288230769230 804
909 5.42431746759 2.71215873379500000000 804
910 4.67659002494 .11839468417569620253 804
911 7.58269559479 .60661564758320000000 804
912 4.17604620381 .10185478545878048780 804
913 6.36700788694 .13692490079440860215 804
914 6.43362598548 .18122890099943661971 804
915 5.32099831072 .11443007119827956989 804
916 4.17143634507 .23836779114685714285 804
917 5.7962366564 .36226479102500000000 804
918 5.82824681279 .14570617031975000000 804
919 5.07270687118 .27420037141513513513 804
920 3.73882712939 .11869292474253968253 804
921 4.25474322569 .12513950663794117647 804
922 4.92222578028 .18230465852888888888 804
923 5.10347942144 .12758698553600000000 804
924 5.46532428163 .12859586545011764705 804
925 4.82209979335 .34443569952500000000 804
926 4.09055625278 .08181112505560000000 804
927 7.00812864668 .25956032024740740740 804
928 6.28777599032 2.09592533010666666666 804
929 6.15666757671 .12564627707571428571 804
930 5.69188952228 .21081072304740740740 804
931 6.66177647162 .16248235296634146341 804
932 4.00350327895 .25021895493437500000 804
933 6.65213526774 1.10868921129000000000 804
934 3.9372485959 .78744971918000000000 804
935 4.30956305795 .21547815289750000000 804
936 4.42879801122 .09524296798322580645 804
937 5.21791926397 .43482660533083333333 804
938 5.02365272462 .59101796760235294117 804
939 6.35729752185 .21921715592586206896 804
940 4.74501698744 1.05444821943111111111 804
941 5.86915274698 1.67690078485142857142 804
942 6.54308856787 .65430885678700000000 804
943 4.73109406469 .16037606998949152542 804
944 4.57264794992 .10392381704363636363 804
945 5.59271222151 .22827396822489795918 804
946 4.22005563877 .14305273351762711864 804
947 4.67165534566 .16391773142666666666 804
948 4.82205733447 .14612294952939393939 804
949 5.779270097 .77056934626666666666 804
950 3.45851958329 .10024694444318840579 804
951 5.41860280625 .40137798564814814814 804
952 5.87241237516 .13346391761727272727 804
953 3.65440674694 .45680084336750000000 804
954 4.22145220587 8.44290441174000000000 804
955 3.29104100662 .06856335430458333333 804
956 3.39113901697 .13042842372961538461 804
957 4.84652683708 .14254490697294117647 804
958 6.04226901627 .12994126916709677419 804
959 3.30323961548 .12011780419927272727 804
960 3.74016475697 .41557386188555555555 804
961 5.76378980632 .96063163438666666666 804
962 3.26408055215 .43521074028666666666 804
963 3.66175080482 .07397476373373737373 804
964 5.43366900975 1.55247685992857142857 804
965 4.33792982314 .96398440514222222222 804
966 5.87193415446 .17528161655104477611 804
967 3.36232277124 .20377713765090909090 804
968 6.54941090832 .65494109083200000000 804
969 4.39537808292 .17940318705795918367 804
970 4.9293924544 .57992852404705882352 804
971 5.31659709898 .28738362697189189189 804
972 3.62694241486 .11334195046437500000 804
973 3.58057430624 .07783857187478260869 804
974 2.22808310561 .40510601920181818181 804
975 5.30795425444 .96508259171636363636 804
976 6.53417907814 .13902508676893617021 804
977 6.24093386609 .43040923214413793103 804
978 3.88968349734 .09724208743350000000 804
979 6.09269508712 .31244590190358974358 804
980 5.91894068094 .18790287876000000000 804
981 6.16721528983 .47440117614076923076 804
982 5.68373127102 .42101713118666666666 804
983 5.71254698888 .36855141863741935483 804
984 3.25561973603 .12767136219725490196 804
985 5.59869878219 .15770982485042253521 804
986 7.73646236486 .27630222731642857142 804
987 5.06702756543 .92127773916909090909 804
988 3.9884779367 7.97695587340000000000 804
989 5.59404967833 .13479637779108433734 804
990 6.18522120022 .35344121144114285714 804
991 7.19999816472 .16363632192545454545 804
992 4.38902655979 1.09725663994750000000 804
993 5.22988139714 .14942518277542857142 804
994 2.28167378474 .04563347569480000000 804
995 5.77921607638 2.88960803819000000000 804
996 5.46302444706 .31217282554628571428 804
997 4.18852357338 1.39617452446000000000 804
998 6.36346141277 .41054589759806451612 804
999 3.96502329053 .12790397711387096774 804
1000 4.71855137723 .16556320621859649122 804
1001 3.03911368389 .06606768878021739130 804
1002 3.99809216401 .24230861600060606060 804
1003 4.25495843597 .13725672374096774193 804
1004 6.03950546537 .41651761830137931034 804
1005 2.59321039933 .05961403216850574712 805,806,807,808,809,810,811,812,813,814,815,816,817,818,819,820,821,822,823,824,825,826,827,828,829,830,831,832,833,834,835,836,837,838,839,840,841,842,843,844,845,846,847,848,849,850,851,852,853,854,855,856,857,858,859,860,861,862,863,864,865,866,867,868,869,870,871,872,873,874,875,876,877,878,879,880,881,882,883,884,885,886,887,888,889,890,891,892,893,894,895,896,897,898,899,900,901,902,903,904,905,906,907,908,909,910,911,912,913,914,915,916,917,918,919,920,921,922,923,924,925,926,927,928,929,930,931,932,933,934,935,936,937,938,939,940,941,942,943,944,945,946,947,948,949,950,951,952,953,954,955,956,957,958,959,960,961,962,963,964,965,966,967,968,969,970,971,972,973,974,975,976,977,978,979,980,981,982,983,984,985,986,987,988,989,990,991,992,993,994,995,996,997,998,999,1000,1001,1002,1003,1004
