1 5.25534780992 0.307393254877 0.153567664086
2 5.31735900242 0.380088540421 0.127454470856 1
3 3.93966305396 0.0803968065384 1.80375145307 1
4 4.2735796926 0.0914737233302 0.146146222309 1
5 4.40782379503 4.71750089524 0.257110155752 1
6 5.90162850981 0.144760381818 0.873369387148 1
7 8.18487190963 0.332875514366 0.382647984155 1
8 6.81746134726 0.293360146835 0.229040850769 1
9 6.20424992522 0.176013786677 1.53035736077 1
10 6.65539710075 16.3009000396 0.336387547352 1
11 4.2773109446 0.100790933219 0.981950420239 1
12 5.04960551945 0.107967975987 0.139422905452 1
13 4.42320057879 0.483612139394 0.116314879809 1
14 4.01129534182 0.103402129246 0.161916443144 1
15 5.65302840127 0.375389906457 0.117305248861 1
16 7.37710052423 0.206853047944 1.67248618193 1
17 4.09102442827 0.880637353652 4.35605346935 1
18 4.33120309255 0.632581139711 0.162335904993 1
19 5.21250192815 0.406785834198 0.105712969427 1
20 5.76200827806 0.452399825054 0.331648479378 1
21 5.09603902616 0.783994140755 0.107286005054 1
22 2.09457873461 0.0663768468496 0.0536575486318 1
23 4.10913070599 0.0947072899913 27.7192147714 1
24 2.99595752615 0.0861408369083 0.288576904471 1
25 3.32026435944 0.0815842842336 0.0989244316427 1
26 4.6419335372 0.23050646044 0.733035778575 1
27 5.37119386483 0.191901484971 1.03946628242 1
28 5.01915973046 0.119994108876 1.10843499779 1
29 5.67590630141 0.197112488275 1.10372783907 1
30 6.56505094564 0.249305183684 0.366079077369 1
31 5.13047426462 0.985997046345 0.335753332694 1
32 6.24159960698 0.441137683288 0.232207513396 1
33 6.74240522665 0.280196255252 0.17984603708 1
34 4.64292632855 0.153607966034 1.62678761647 1
35 3.16871967184 13.2368083166 0.0976864139998 1
36 6.28248392329 5.29331733336 0.168142463824 1
37 5.68409592329 0.172864759374 0.701392783254 1
38 6.39631756316 0.257768143069 1.16168214187 1
39 2.62526286541 0.0779286217702 0.127623913505 1
40 6.31621120121 0.165827985612 0.469014741787 1
41 4.97573913089 0.323679876578 0.128708700922 1
42 5.94929685797 0.513915116949 0.395648230699 1
43 3.98237836732 0.676293462479 0.212034761036 1
44 6.46053168991 0.387168446147 0.338771098223 1
45 3.91496625792 0.32499237017 0.137724104204 1
46 1.99882227303 0.0499877161849 0.237462197701 1
47 6.47817398327 0.17914939444 0.637416382331 1
48 2.49969015146 0.055396344621 0.0513257242497 1
49 5.69174133433 0.125522749386 0.126288639623 1
50 4.30039736411 0.319671046738 0.267188978682 1
51 6.48963578969 0.182722641647 0.494274462954 1
52 5.25116558676 0.106624220508 1.76128287896 1
53 6.0751160377 0.1925773609 0.253816954056 1
54 1.99867304996 0.275004962793 0.0660751950332 1
55 5.06308052813 0.345223242296 13.6534689159 1
56 6.08995680702 0.169762087851 0.197417098625 1
57 4.57674209884 0.698446268231 2.32319129545 1
58 3.80844865854 0.0808827269731 0.328301140947 1
59 6.27658906144 0.225053660096 0.285548329939 1
60 3.61130868253 0.082598477094 0.176343057511 1
61 5.80964559723 0.193487801812 0.43924755909 1
62 4.44549941956 0.101275036927 0.510451916151 1
63 5.12091508336 0.148021041803 18.1634185439 1
64 3.20110059021 0.0664909442986 0.0692782837749 1
65 5.65929477429 0.114143169408 0.205003718323 1
66 3.46041854059 0.0874822840543 0.0721395336234 1
67 7.18864595351 0.838985204781 0.179386910489 1
68 6.23270731544 0.164185470299 0.143805969148 1
69 5.29873926749 1.89499287929 0.173698075518 1
70 5.92921100135 0.227301119944 0.151015466781 1
71 3.68533657849 0.102713962895 0.126758842836 1
72 5.91596919966 0.156592449828 0.231204765252 1
73 5.31682037561 0.121109684804 0.210147288075 1
74 5.32111751944 0.176791637681 18.9237553114 1
75 3.1297815347 0.733966822469 0.189056312506 1
76 5.25673067496 0.14109816892 0.431056897173 1
77 4.17703808942 0.13404916462 0.116631896145 1
78 5.28391550519 0.176345968392 0.143531677724 1
79 4.61904406476 0.406684725155 0.269156653661 1
80 7.13091992343 0.244931288177 1.1101181277 1
81 4.67980404742 0.117131297345 0.71657677787 1
82 6.35706256379 0.660793954082 0.156809244564 1
83 3.2235450661 0.178891469518 0.138348070781 1
84 4.40392109526 0.311609120726 4.94356403843 1
85 5.49977926109 0.231035230345 0.29828366107 1
86 4.32358900145 0.206786829882 0.142064830349 1
87 4.98828752929 5.24273343192 0.335515141599 1
88 3.04998891349 0.538344326197 0.0650662176376 1
89 4.11938839744 0.10112481158 0.124923222524 1
90 6.84324988384 0.317659583606 0.583604278971 1
91 6.92592317925 0.194485893172 0.470336523847 1
92 5.21790035779 0.110454165864 12.6751260135 1
93 5.29076826109 0.108066755146 0.296530013548 1
94 5.73461324584 0.114838674452 0.305007682968 1
95 4.94517266866 0.152147971919 0.111516442715 1
96 5.79698182613 1.94988592887 0.131092956609 1
97 3.99991096608 0.134933845219 0.134613199794 1
98 4.07788607411 0.113991719664 0.085870056982 1
99 4.32665941867 0.0961811401659 0.096547198231 1
100 3.53058213645 0.173625661677 0.344654674071 1
101 4.30659356222 0.117336012524 0.197107657862 1
102 4.81156082509 15.7901164071 0.156597586111 1
103 5.33633064793 0.130697678193 0.314193297285 1
104 7.03127456998 0.986893742165 0.401767259476 1
105 3.96409991288 0.136313345123 0.135109527584 1
106 5.46904324267 0.133719904369 12.9184693286 1
107 6.32212036679 0.153429616571 0.253173815306 1
108 6.58697510934 0.697178282178 0.675110228276 1
109 5.1944448059 0.298027790571 0.281052095272 1
110 4.60798885513 1.64704706083 0.121269137824 1
111 4.91727772208 0.194069083408 0.317359875401 1
112 4.00710128106 0.143282815744 0.206979719234 1
113 6.24304807553 0.139089485279 0.139024468588 1
114 5.83147675434 0.121173760225 0.195127142352 1
115 3.2130370428 0.0788471925676 0.0884055371033 1
116 4.16896723886 0.133723058599 0.302818400988 1
117 3.96909820704 0.138143098599 0.142020225 1
118 5.14571336204 0.118495039115 0.220369850487 1
119 3.22520772405 0.164178662836 0.0705708652535 1
120 3.72909524557 0.0746385901143 0.112820174227 1
121 4.71692349033 0.197678783093 0.141538881099 1
122 6.08705393885 0.374067292371 0.89010547897 1
123 4.06755840934 0.132389367889 0.927806354078 1
124 6.99961475504 0.891264266208 0.218117326678 1
125 4.50604750243 0.136309300968 0.155762191284 1
126 5.97219291035 0.131133718523 0.134075096759 1
127 6.04948888369 0.188252091505 0.551454479419 1
128 5.22835779578 0.111928886141 0.109046500092 1
129 6.43402600904 0.56654888598 0.254343736511 1
130 3.76420496152 3.12291391482 0.173977238766 1
131 3.53353177489 0.0793471835032 0.0805599853625 1
132 4.52510642743 0.335860174985 0.251843944086 1
133 4.5544935264 0.175286119905 0.115337971275 1
134 3.83932077554 0.179287163574 0.101085032466 1
135 5.74870845753 1.09622347254 0.229168034792 1
136 5.39054536275 0.207143939305 0.265438180918 1
137 4.66069282863 0.175560449354 35.9314685594 1
138 4.62211441302 4.07385498029 0.463660299772 1
139 2.3456471454 0.0509621872575 0.104466354546 1
140 5.66163928086 0.132631308627 0.122166735167 1
141 6.3948096608 0.143174034819 0.35307884982 1
142 4.84159498802 2.97135100257 0.24253185413 1
143 6.06371366817 0.129991151941 0.327756127619 1
144 1.48330307276 0.0497104655947 0.0489849111187 1
145 4.48339866374 0.182930915493 0.132403468113 1
146 3.57120534294 0.30268272089 0.0939391255991 1
147 5.52402166704 0.210765455214 0.556845113682 1
148 3.00182458755 0.758926466161 0.20154031672 1
149 3.46431181575 0.0941699050386 0.113935466562 1
150 7.05019621817 0.262448941768 0.144946536175 1
151 3.09988882714 0.452369695472 1.07811239262 1
152 5.12643545688 0.240150242481 0.125511191427 1
153 6.67840401496 0.324487836098 0.150444629116 1
154 3.4368250737 1.16104582362 17.1439875055 1
155 3.59891699726 24.788037514 0.131663242747 1
156 5.47081262327 27.4655532162 0.12531062309 1
157 6.75644489748 0.564285589653 0.141326730117 1
158 7.08832821565 0.205053488448 0.205790684474 1
159 4.37121277865 0.884798757028 7.29448224206 1
160 3.61622345772 0.0838341951409 14.8977848429 1
161 4.73368095802 0.335365986056 0.616734324844 1
162 5.79684874101 0.493196742692 16.7225388946 1
163 4.71068754446 0.991530057049 0.244810367535 1
164 4.93599132247 0.29566323408 1.98433832752 1
165 5.76316530332 0.53687185129 1.0338714099 1
166 5.13590166329 0.305054726875 0.114188306623 1
167 4.15074220281 0.234684846046 0.15575322424 1
168 5.90995776534 1.24275500932 0.444183802149 1
169 5.93015795367 0.148308201939 0.131625958906 1
170 5.22160083827 0.158425896462 0.177142516215 1
171 3.85131350957 0.223539950099 25.2952448496 1
172 4.95748368112 0.118966615399 0.12705822131 1
173 2.80371164371 0.0654071223058 0.190427240465 1
174 3.7852303453 0.58791212242 0.131054403171 1
175 4.07223195753 0.733524808446 0.970863887964 1
176 3.75428115311 9.97509609055 0.31881209131 1
177 6.58503952262 0.215584888865 0.267347539987 1
178 4.70129432328 0.144534857883 0.164432713131 1
179 6.0447685845 0.235433148989 0.19321095134 1
180 5.90030401768 0.214862161 0.234351729701 1
181 3.57661830267 0.122369165312 0.0722858234552 1
182 4.6292521239 0.125116788424 0.124186652022 1
183 4.71544244478 0.22631993471 0.208299529488 1
184 6.72952773787 0.393322389727 0.816672378269 1
185 3.97965513988 0.251747513427 0.113799793955 1
186 4.22762319627 0.457473830846 0.298624526098 1
187 3.03940808282 0.0698528763593 0.0711274266211 1
188 5.2936354686 0.15999202262 0.150401208976 1
189 6.01534666424 0.639534857481 0.346399167385 1
190 4.60049350531 0.0944867581528 0.108315910628 1
191 4.3202712371 0.246337371879 0.353505100511 1
192 4.51735536688 0.111630863198 0.37758675689 1
193 5.41229496641 0.940369862362 0.42717916516 1
194 4.58988865361 0.465026873693 1.33638359949 1
195 2.90250722632 5.8954576193 0.44426875838 1
196 4.33492688563 3.87011027869 0.207522390075 1
197 7.03419291846 0.252100340262 0.702404986981 1
198 3.95037006531 0.298607752858 0.0809123360498 1
199 5.11339552477 0.181273710576 0.272315771725 1
200 5.48345851856 0.185353037724 0.381649445171 1
201 7.67670166903 0.326983781948 0.317974996642 1
202 3.21619675035 9.00566781079 0.137811934544 1
203 2.90695038834 0.413241082017 1.41337118604 1
204 4.22174877152 0.421159351658 0.119487969638 1
205 6.46902757326 2.08445478212 0.751741525734 1
206 4.45679200183 0.0951050620617 2.35860709648 1
207 5.74237621064 0.449442435 0.138886232834 1
208 7.36608910845 0.161170671101 0.155241575383 1
209 5.53397764145 0.971006444584 0.322954542789 1
210 2.27927723677 8.13962929638 0.247055056628 1
211 4.29225661631 0.137219068321 0.116756483222 1
212 7.33207882242 0.250818254291 0.228036718827 1
213 3.73096025944 0.0950868027388 5.48595845359 1
214 4.35963100457 0.0889913246383 1.03251016838 1
215 6.77931649935 0.157119764711 0.159878568451 1
216 4.61352777853 0.161016121411 0.102389042316 1
217 4.54664182969 0.11541589281 0.163780002667 1
218 3.68301944045 0.123053790589 4.65226199746 1
219 5.67678473902 0.12024733849 0.333205394415 1
220 6.17686501849 0.160245039131 0.205097124622 1
221 4.70808228542 0.15072520453 1.60185400551 1
222 3.38455579915 0.0984618299695 0.0728730723901 1
223 3.43936549475 0.101559512189 0.145371453188 1
224 3.33537501355 9.11952474822 0.203618033586 1
225 6.03048791292 0.146638115658 0.83534403992 1
226 5.15824105271 0.438152919362 0.232674497831 1
227 4.46611283953 0.126765556124 0.197240341561 1
228 3.73849638859 0.101010950598 0.127318681254 1
229 2.65568944431 0.112389192364 0.0860389833855 1
230 5.46564327006 0.188998637182 0.22502939055 1
231 6.43484861874 0.23522959619 0.524156156929 1
232 3.8278359919 0.170587553754 0.102351657357 1
233 6.06934863328 0.161031057927 0.264447468 1
234 5.08402692999 0.127011750734 0.361096934688 1
235 4.69000363882 0.103976913295 5.61632182775 1
236 6.64230301503 0.162366181573 0.189847335344 1
237 4.98473700723 0.149431383712 0.101280848069 1
238 6.16471784203 0.585058273237 0.21977139256 1
239 5.27871382851 0.282716779661 0.21897317634 1
240 4.20254796593 0.0929199552467 1.50901275811 1
241 4.9245132835 0.127067830423 0.38555063888 1
242 5.04538695357 0.109830893927 0.641607324993 1
243 3.0273689033 6.23142385885 0.207766635813 1
244 4.73422507967 0.510656066835 33.0836956719 1
245 4.43819144801 0.258536802236 0.221863722276 1
246 4.66517732353 0.195501313544 0.173669785697 1
247 4.63608633821 32.3490579822 0.188777622568 1
248 5.17170202887 0.276409180971 0.125530392148 1
249 4.24414090745 0.721842497269 0.206714732474 1
250 4.74212253823 0.383389922872 30.6591619995 1
251 3.6271360284 0.132859313337 0.197150318616 1
252 2.18473014222 0.0609483001271 1.02963901797 1
253 4.91155349376 0.102522778603 0.346894336843 1
254 6.40478991675 18.1700743545 0.42040715263 1
255 5.67422047837 0.125481864289 2.49327057106 1
256 5.62298233863 0.206011387648 22.3231060575 1
257 6.57845593394 0.224534730869 0.49928085613 1
258 5.16612023707 0.261625551613 0.128132043554 1
259 4.87963654087 0.106219626132 0.158207575706 1
260 5.10216888962 0.139405127538 0.199957642144 1
261 3.90107973019 0.123039824058 0.245804055941 1
262 4.90259541831 0.541256552004 0.171328454424 1
263 3.35711708556 0.112728756983 0.112627284306 1
264 4.17389613791 0.211892350427 0.386180962499 1
265 6.01888705808 0.784565964661 1.22597296732 1
266 5.71044328067 0.396836626433 0.654702756173 1
267 3.74597213924 0.12890544291 0.192172688368 1
268 5.0394420542 2.2206507585 0.304883584619 1
269 5.03681871052 15.9295941475 0.109416976136 1
270 5.77518525908 0.25846162812 0.394738220391 1
271 4.35614297908 0.588352324889 0.335334152347 1
272 4.29108852529 0.112134524799 0.201971053917 1
273 4.84615240589 0.758219009326 0.11557849771 1
274 5.65155006954 0.145062148372 0.116550826956 1
275 3.90265898974 0.347701027751 0.432798688139 1
276 7.77662351508 3.2383326187 0.252113415274 1
277 7.24607863776 0.195816017714 2.88151002118 1
278 5.56217853142 0.179447268643 0.142702377505 1
279 5.50303464565 0.125599283347 0.500295678034 1
280 6.7761268094 1.74907064963 0.293463488042 1
281 3.58850282809 0.163754047128 0.106759390877 1
282 5.57249797362 0.262300058549 0.130711882085 1
283 3.0052112912 0.431370723315 0.138091228549 1
284 5.02123402992 0.213710771707 0.276386494877 1
285 3.77976651461 0.435609288159 0.117978931276 1
286 7.14733024012 0.253278417532 0.252532629292 1
287 5.41472237004 15.475660614 0.144994354823 1
288 7.31148585717 0.24536480944 0.228051815644 1
289 5.16561210718 0.170929628687 0.115721759765 1
290 6.21975127594 0.225224699547 0.185156415448 1
291 5.71245620723 0.119953424336 33.3729158488 1
292 5.02237785213 0.124732161294 0.178762845212 1
293 4.4933760139 0.0934703081685 0.0956584926674 1
294 5.5957355736 0.135942205865 0.250525224233 1
295 5.30978834138 0.263406609588 0.110356350523 1
296 3.02785695593 0.122359017337 0.171741058674 1
297 5.79772110546 0.377462117167 0.184867729644 1
298 4.94406389654 0.294704135436 1.12649331239 1
299 3.74948436756 1.17248345601 0.14433700846 1
300 5.11655913742 0.802110722827 0.184148792053 1
301 4.65285393644 0.0992244912078 0.0979276105971 1
302 6.6540495315 0.161152965566 0.497758923983 2,3,4,5,6,7,8,9,10,11,12,13,14,15,16,17,18,19,20,21,22,23,24,25,26,27,28,29,30,31,32,33,34,35,36,37,38,39,40,41,42,43,44,45,46,47,48,49,50,51,52,53,54,55,56,57,58,59,60,61,62,63,64,65,66,67,68,69,70,71,72,73,74,75,76,77,78,79,80,81,82,83,84,85,86,87,88,89,90,91,92,93,94,95,96,97,98,99,100,101,102,103,104,105,106,107,108,109,110,111,112,113,114,115,116,117,118,119,120,121,122,123,124,125,126,127,128,129,130,131,132,133,134,135,136,137,138,139,140,141,142,143,144,145,146,147,148,149,150,151,152,153,154,155,156,157,158,159,160,161,162,163,164,165,166,167,168,169,170,171,172,173,174,175,176,177,178,179,180,181,182,183,184,185,186,187,188,189,190,191,192,193,194,195,196,197,198,199,200,201,202,203,204,205,206,207,208,209,210,211,212,213,214,215,216,217,218,219,220,221,222,223,224,225,226,227,228,229,230,231,232,233,234,235,236,237,238,239,240,241,242,243,244,245,246,247,248,249,250,251,252,253,254,255,256,257,258,259,260,261,262,263,264,265,266,267,268,269,270,271,272,273,274,275,276,277,278,279,280,281,282,283,284,285,286,287,288,289,290,291,292,293,294,295,296,297,298,299,300,301
303 6.97571238605 0.155212757121 0.251356469444 302
304 5.26340011807 0.156490083129 20.2280003337 302
305 2.9950166493 0.0614051232813 0.0702934698726 302
306 7.93680613489 0.362794214359 0.586091705763 302
307 4.08359512323 31.4442514731 0.0823923920566 302
308 7.50868401167 0.320302864296 2.26136615595 302
309 6.54743572279 1.19581298164 0.136498258938 302
310 5.47824236714 0.125292836596 0.190020942398 302
311 4.66505894476 0.225646378074 33.2982753647 302
312 3.0633245426 29.5675469211 0.201329194759 302
313 4.25461345462 0.140505308204 0.632940322834 302
314 5.66951764767 0.171812606057 0.159009296536 302
315 4.97908130876 0.477135087607 0.186837000174 302
316 2.80692870961 0.105807423064 0.0967137972586 302
317 5.91042269815 0.167102511736 0.169781124812 302
318 5.67914478231 0.411163215419 0.125485436329 302
319 6.30461270417 19.2786736616 0.127786594165 302
320 3.60033652732 0.732405250436 0.238024773881 302
321 4.51169293176 0.409927815351 0.118053918037 302
322 4.54825092837 9.41687921805 0.109857549011 302
323 5.70766455067 0.137512554824 0.471509659031 302
324 4.30640315077 0.246699906225 0.10147518476 302
325 4.83619882812 0.362223183356 0.241666198438 302
326 3.06413641421 0.155418043215 0.211487202842 302
327 7.20074969576 38.6639470984 0.196163921239 302
328 4.90816460448 0.526497472032 0.102030540147 302
329 6.26321857416 0.269716098039 0.431001840593 302
330 5.88415517793 0.250334214219 0.219003382431 302
331 5.86406424567 0.122825138994 0.191002067064 302
332 5.22338210092 0.148095945971 1.37651906232 302
333 5.3285212479 0.111907557761 0.740009473952 302
334 5.35412471661 2.47221059555 0.411306415084 302
335 6.11351713645 0.803549526706 3.81634928926 302
336 6.86796520056 0.308198145094 0.15133792797 302
337 4.67094398054 0.248250323137 0.155900394315 302
338 6.36086001138 0.494206837147 0.155752074123 302
339 4.109745079 0.149412653402 0.16729172926 302
340 5.39167395169 1.53573767753 0.147892529229 302
341 5.02131981611 0.116969430997 0.108775697241 302
342 6.78957791566 0.322042883461 0.483224450755 302
343 3.61389114461 0.07503310136 0.0791784018752 302
344 3.89070623918 0.237355482031 14.6441531409 302
345 4.9221843714 0.315319392917 0.188365550777 302
346 7.25834227056 0.15967303007 0.942690965812 302
347 4.00508574409 0.0956522572144 0.0877254051467 302
348 4.39776424816 0.153923512915 0.177145094049 302
349 6.13697068961 0.347300233832 0.32950699804 302
350 3.1407279868 0.269064204936 0.109908538478 302
351 4.11381634056 0.395081598779 0.342614208631 302
352 4.1660713671 0.683053944303 0.114115119004 302
353 4.71709636379 0.155962115278 0.21594670875 302
354 5.36324397798 0.140399782354 0.581979941491 302
355 5.12937898784 0.125117780028 0.112588537866 302
356 3.08373350465 0.0625572940222 0.0619256157603 302
357 4.13588057658 0.128786240869 0.224576332302 302
358 3.92057574696 0.0898802562915 0.123671613306 302
359 6.18199743862 0.597203699867 0.571499769595 302
360 4.912923621 0.104080693692 0.123855740812 302
361 4.27745440932 0.675620480304 0.104372236635 302
362 3.48026363639 0.0884255871965 0.0899666506381 302
363 5.47916142608 0.168801062088 0.241928490359 302
364 6.14176670441 0.150310904109 0.136567117035 302
365 3.42718303041 0.180833383034 0.0808080991425 302
366 5.28746406714 0.55697353674 0.263529795834 302
367 3.59283130979 0.806301693054 0.0742215971667 302
368 5.09529931897 0.827512267203 0.280472584918 302
369 2.88191946461 0.739746020267 0.0776778803338 302
370 5.9689059559 0.148216707836 0.497281324929 302
371 7.90392797556 0.188365799587 0.245726444493 302
372 3.9807589697 39.4257561413 14.1285871381 302
373 5.56215691758 0.197232373751 0.174991680502 302
374 5.37860675924 0.65895332804 0.15521989416 302
375 5.79956819519 1.33497557612 0.137936870628 302
376 3.34598308905 0.128064263671 0.096962022384 302
377 3.34248591553 0.0684872839336 0.0785467681217 302
378 3.12812954039 0.187636794225 0.0811775799624 302
379 5.66758493246 0.470463879153 0.132751167118 302
380 5.16428676895 0.170952665409 0.423249861684 302
381 6.4243276102 0.172529723201 0.297525054471 302
382 6.94929193269 41.6534347101 0.191878343905 302
383 4.83403403316 0.468943327363 0.100330152763 302
384 4.33959042742 0.103376697241 0.102454699149 302
385 5.54433200179 20.342360735 0.39362125341 302
386 4.91881719077 0.164576024215 0.108724549148 302
387 5.38296704012 0.240950202955 0.114778140011 302
388 3.68444890123 0.0784753817222 0.130535941497 302
389 6.06206403935 0.425327564513 0.138069313897 302
390 3.40110642266 0.1207175631 0.0914565405898 302
391 3.33713434131 0.125033869728 0.101593362815 302
392 4.11353518595 0.293458444441 0.566830708081 302
393 4.11824447302 0.0835855270283 0.377986910496 302
394 5.34115196541 0.239164135154 10.9885398589 302
395 4.96730679297 0.186605221917 0.155178860287 302
396 3.61523125615 0.0741939622682 0.487516304103 302
397 5.81425400122 0.166877990035 0.227515131379 302
398 5.32175891071 0.608697881247 0.279623886251 302
399 7.89293774261 0.633016160193 0.962894262402 302
400 4.00223904074 0.113890691194 0.494112999994 302
401 5.33630161869 0.220200019009 0.542151613104 302
402 4.76315226438 0.0967167691082 0.147269203945 302
403 5.30733965364 0.181765567642 0.242286543372 302
404 4.2100970946 0.164138441501 0.22879589068 302
405 5.92696747312 1.52800604331 0.154348866606 302
406 5.91954640047 3.0884879476 0.731540180673 302
407 5.68110058191 0.386823653624 0.142988505109 302
408 5.36344346758 0.240468895394 13.1082011329 302
409 5.54603444101 0.189768533962 0.372068345879 302
410 3.79408406045 0.896776141984 0.952818367276 302
411 5.95425635734 0.257034573785 0.4745751876 302
412 6.32789320018 0.155249656054 0.135623528066 302
413 4.19053875565 0.167226747705 0.0845216584818 302
414 6.21898356364 0.191813633288 45.9787993664 302
415 6.60269385271 0.259180679448 0.216515212973 302
416 4.44440692438 0.163272192672 0.0895842852517 302
417 5.62662493028 0.131004669308 0.166161477722 302
418 3.41478984597 0.163463584185 0.177946727251 302
419 6.23213717322 0.162623006582 0.227835929675 302
420 4.74830692686 0.107531755209 0.162207291622 302
421 4.77850081614 0.153243035578 0.119132414971 302
422 6.20023702618 0.210867458585 0.708435604784 302
423 5.02646192878 0.103994051056 0.67974838811 302
424 5.89839801447 0.296451530439 0.656147168773 302
425 6.40700081346 2.04772180046 0.200962165407 302
426 5.05708302543 0.108956490535 0.217557768712 302
427 3.64156160419 0.0750366621694 0.101776400548 302
428 4.44108022633 0.209785860531 0.118134860966 302
429 6.39003765002 0.276142707158 0.129588964673 302
430 3.25660551955 0.156117228514 0.12366942486 302
431 2.81275954602 0.342883506724 0.317441759552 302
432 4.37102859621 0.162471972738 0.762913731619 302
433 4.64795907652 0.233643555909 0.356437710636 302
434 3.53830347163 0.0925555107354 1.69787695841 302
435 4.68987438995 0.116426903772 1.63767803778 302
436 6.80011466213 0.236636482124 0.187498712014 302
437 3.42472628199 1.84662101156 0.160658026608 302
438 4.59069632729 0.130781686846 0.131822707333 302
439 3.86264881021 0.272114191059 0.174343127369 302
440 5.38430078935 0.256882420513 0.840081259562 302
441 5.88361840245 0.246315958363 0.20702687195 302
442 4.19743981108 0.249975072207 1.39671471737 302
443 6.13718906562 3.98655915746 0.154235559686 302
444 5.06755383475 0.582076648419 0.119063952057 302
445 4.04869389832 0.159324263901 0.274212207994 302
446 3.11241552215 0.0630851075782 0.160322679433 302
447 4.4042877914 0.0917239816322 0.271246857128 302
448 6.46762052549 0.252909078453 0.241939810534 302
449 4.75506536602 0.133187093323 3.48564594461 302
450 5.62948753122 0.125547667528 0.138160263986 302
451 5.72216126434 0.132959336878 0.239534812041 302
452 4.69717675307 0.10536594692 0.482468348858 302
453 2.50111794961 0.147567271771 0.0842397822401 302
454 3.94177484486 13.9609147249 0.11755561414 302
455 7.4516874812 0.777024715428 0.20820300139 302
456 4.51983568128 0.147023888704 0.143286591027 302
457 4.92586260642 0.659390841472 0.254438249577 302
458 5.67495867712 0.122886366445 0.124957256019 302
459 3.65826593988 0.103545759808 0.106264786357 302
460 5.79270636236 2.05217857569 2.40316223754 302
461 4.68030359273 0.337881979398 12.0840480475 302
462 4.12472210599 0.227534895283 0.0854140346824 302
463 5.99434687911 0.154801262864 0.176888946986 302
464 4.71165843306 0.318660068572 0.258754786934 302
465 4.42880842048 0.307650218044 0.145106172697 302
466 2.44471480868 0.0591999890118 24.3425093817 302
467 4.87061630933 0.455394563677 0.128706706205 302
468 4.74129017736 0.0964188097786 43.4663759078 302
469 4.91284919544 0.118479525841 0.524744758037 302
470 5.72661448672 0.464179344089 0.133463878464 302
471 6.00924040555 0.164874042455 0.486451640468 302
472 6.6712928018 0.152872285733 0.18057691481 302
473 3.24366140095 0.391566525525 0.361639944321 302
474 6.82709296629 19.1805403329 0.904250362103 302
475 5.44086172505 0.285757308387 0.249787732025 302
476 5.62404134558 0.221252357149 0.187506578441 302
477 6.00243243351 0.889875483064 0.475177449294 302
478 4.21598804205 0.140718326972 0.155943635634 302
479 5.50015557896 0.172957891452 0.276925594733 302
480 4.73605095814 0.378598651141 0.112163152405 302
481 5.80329146281 1.45563949318 0.199804777196 302
482 3.86835949381 1.00237973062 0.456926846456 302
483 5.89759489362 0.264181606024 0.33822641966 302
484 5.40364406823 0.288090985421 0.20333551091 302
485 5.36674602026 1.30351827181 0.22479459092 302
486 3.92711271403 0.0849693725701 0.0825845771885 302
487 4.94415773137 19.6329775458 0.131016748719 302
488 5.78518960291 0.197946441913 0.144551092771 302
489 3.90025118262 0.221123354141 16.1032912334 302
490 5.61770702049 0.283114761975 0.257487479749 302
491 3.84139173903 0.123200269215 0.0797522332744 302
492 4.29065248888 0.100231821712 0.0884495098999 302
493 2.80332577185 10.0986111819 0.357018632252 302
494 4.23280291485 0.113442164127 0.201736469534 302
495 3.45146896432 0.0946791939378 0.151397825056 302
496 4.42081352502 0.105493897826 1.05506550175 302
497 4.35773557524 0.267867864217 0.194373638378 302
498 4.99637556567 0.328748477088 0.104361864171 302
499 5.18227921589 0.753508204885 0.261616519665 302
500 5.63784098652 0.189711823466 0.310826479426 302
501 6.31426979626 0.185321643946 0.181079310663 302
502 2.76127293924 0.30018915914 0.15868343154 302
503 6.00260567074 2.35813580045 0.146178908138 302
504 4.01022229733 3.41019627629 1.51414420971 302
505 5.44292622659 0.388884911877 0.383769739431 302
506 4.58376881328 0.236817982098 0.331230983905 302
507 4.14162815543 1.1144563736 0.371364194986 302
508 8.90481069243 0.277969418392 1.0278195328 302
509 3.9895336345 0.0933537864152 1.20396195055 302
510 3.39217349525 1.44636135744 0.0705474203382 302
511 5.34931557999 0.165970253927 3.27878853191 302
512 3.41858411965 0.265484155425 0.402570114285 302
513 5.64139976054 0.234009514777 0.207729731374 302
514 5.30258359551 0.635234538634 0.236888259123 302
515 5.36371661835 0.160270911852 11.3311448392 302
516 4.51886981903 0.112208965095 0.278203391804 302
517 4.29083203753 0.144836420961 1.12032662547 302
518 6.18244508095 0.55323524385 0.159360936411 302
519 5.01737744873 0.148816779367 0.11654179954 302
520 5.56553268947 0.162501012653 0.118519892249 302
521 2.57827617343 7.92529451875 0.64792105689 302
522 3.23348003631 0.481715818442 0.207479123427 302
523 5.89352915674 0.264225698744 0.256216007891 302
524 3.68338592442 0.118046697305 0.0872060753454 302
525 6.2488841332 0.143697117725 19.7841754246 302
526 5.33761695086 0.45391631784 0.296950659727 302
527 4.86219758333 0.22265240996 0.547534647629 302
528 3.78283064653 0.267976714142 0.0846270245091 302
529 2.32473123486 6.18677411431 0.415005160627 302
530 3.87563985365 0.190256473578 0.179939138909 302
531 4.82202882539 0.151947972155 0.252897497427 302
532 4.09976321667 0.117371246595 0.127625634122 302
533 3.58991351998 0.679463788575 0.0841479172318 302
534 4.16720025593 0.0939868368548 1.1235211408 302
535 7.58147698626 0.212060751937 0.271758798297 302
536 6.15927364593 0.172752916369 1.06433157776 302
537 6.57355620263 0.149130072387 0.208733452966 302
538 4.34186965514 0.181912981627 0.0914900591302 302
539 5.23374830465 0.182029158246 0.207000391345 302
540 3.13017838444 0.488638714213 0.106980127987 302
541 4.31225244045 0.211274940689 0.209405763832 302
542 4.72605012372 0.142323213195 0.19061551742 302
543 3.56857540199 0.126082696162 7.95103727766 302
544 5.12861688181 0.206383690558 0.267846210545 302
545 5.16158878579 0.121368705379 0.149736355386 302
546 4.63559114869 0.112421621333 0.129738059785 302
547 4.00153175502 0.0867736012982 0.0853850947833 302
548 3.81197601197 0.172939610075 0.28004268261 302
549 5.41718532393 0.570663505499 0.316546576616 302
550 5.62147374117 0.14287485955 0.307028879418 302
551 3.55865930746 0.328579794243 0.5433814457 302
552 5.32948185387 0.151462521939 0.106970548678 302
553 4.79842979141 0.533028663756 1.63257159223 302
554 4.05838316656 0.163869685106 0.179964517823 302
555 4.32488716919 0.208350831973 0.626099970594 302
556 5.42964277078 0.122807679067 1.5532846086 302
557 6.08063447405 2.19130424297 0.412662391371 302
558 5.33412530654 0.157585052321 0.637585089782 302
559 3.62195539104 0.481044965098 0.0739188629498 302
560 4.49282913272 0.566746998813 0.282297962217 302
561 5.18980658108 0.529747948167 0.127988550315 302
562 5.5224760655 0.171571411359 0.664510060506 302
563 7.02407298597 0.175050031949 0.197626081322 302
564 4.20792964607 0.308066007587 0.0983229953506 302
565 4.4326506566 0.130938636278 0.240205423175 302
566 6.83738184847 0.150118399148 7.75963704255 302
567 6.03875782924 0.153628663758 0.413775394573 302
568 5.6195073476 0.392217830187 0.341317996164 302
569 4.64787953522 0.108241111843 0.422091091858 302
570 2.01180157339 2.59989155996 0.0564978818923 302
571 5.18123546304 0.425508495838 1.36053336916 302
572 4.14995332501 0.101692752067 0.227541323511 302
573 4.10650047077 10.512323295 0.161579742516 302
574 3.11480267412 1.05565779571 2.08205941187 302
575 5.6319222199 0.46706527921 0.206457477618 302
576 3.75182255158 2.99820834011 0.289233345082 302
577 8.31345742259 0.451025620154 0.733087569825 302
578 6.18176995853 0.162960674722 0.161722096521 302
579 2.49486997691 0.0561372351298 0.403737351101 302
580 4.88251273959 0.123490215046 0.600841745908 302
581 3.79400655735 0.0960141226033 1.11518714145 302
582 5.12571176724 3.468057884 1.38381042915 302
583 5.6844360656 0.445194466004 0.464113515348 302
584 5.22271789274 0.382444679459 0.237877128797 302
585 3.27588590016 0.498558899507 0.224741956381 302
586 3.77853582867 0.164066538088 0.231893480727 302
587 5.12244399091 0.217621571871 0.137992243965 302
588 7.89463284822 0.320601258426 0.631761527767 302
589 3.15290036677 3.01022657378 0.0972772728763 302
590 3.94088330799 0.152175586906 0.0985883891589 302
591 5.69053736512 0.22413848277 0.476616420728 302
592 4.94475849424 2.54478301831 0.520290151347 302
593 3.7623778028 0.142455267903 7.76648333788 302
594 6.05163060247 0.358141392544 0.173741011081 302
595 5.71209284186 0.239279003194 0.181434446827 302
596 4.11507860891 0.264920966987 0.120068143764 302
597 4.04689722798 0.205680994622 0.401619396415 302
598 5.71551376529 0.142525027213 0.632154566748 302
599 4.12886386129 0.202994672481 0.503739050652 302
600 4.09528812855 0.0930687479277 0.491444012632 302
601 1.82534677689 0.0949521215002 0.699037914463 302
602 4.4860434273 0.478819827203 0.146487841943 302
603 3.51911516914 0.0893962057129 0.1176414081 303,304,305,306,307,308,309,310,311,312,313,314,315,316,317,318,319,320,321,322,323,324,325,326,327,328,329,330,331,332,333,334,335,336,337,338,339,340,341,342,343,344,345,346,347,348,349,350,351,352,353,354,355,356,357,358,359,360,361,362,363,364,365,366,367,368,369,370,371,372,373,374,375,376,377,378,379,380,381,382,383,384,385,386,387,388,389,390,391,392,393,394,395,396,397,398,399,400,401,402,403,404,405,406,407,408,409,410,411,412,413,414,415,416,417,418,419,420,421,422,423,424,425,426,427,428,429,430,431,432,433,434,435,436,437,438,439,440,441,442,443,444,445,446,447,448,449,450,451,452,453,454,455,456,457,458,459,460,461,462,463,464,465,466,467,468,469,470,471,472,473,474,475,476,477,478,479,480,481,482,483,484,485,486,487,488,489,490,491,492,493,494,495,496,497,498,499,500,501,502,503,504,505,506,507,508,509,510,511,512,513,514,515,516,517,518,519,520,521,522,523,524,525,526,527,528,529,530,531,532,533,534,535,536,537,538,539,540,541,542,543,544,545,546,547,548,549,550,551,552,553,554,555,556,557,558,559,560,561,562,563,564,565,566,567,568,569,570,571,572,573,574,575,576,577,578,579,580,581,582,583,584,585,586,587,588,589,590,591,592,593,594,595,596,597,598,599,600,601,602
604 2.52522470278 0.0911793994987 0.0647973941939 603
605 5.00529610039 0.238793567127 1.66374324709 603
606 5.79311914385 0.995022980651 0.11599260202 603
607 6.14188946676 0.19459611321 0.164503102922 603
608 4.43542209627 0.16315278864 0.127388666211 603
609 3.59199126766 0.0983643178647 0.102136212624 603
610 3.79548492598 0.118654422062 1.07635140589 603
611 5.12651987765 0.651625343365 0.243396468578 603
612 4.80392792686 9.8385823917 0.652152280437 603
613 5.59130763697 0.310186338487 18.8039454462 603
614 3.34806871603 0.11185608947 0.20092703283 603
615 5.59208170023 0.117019282723 1.55717635513 603
616 4.19125313518 38.9597470774 0.154337282943 603
617 4.22094659975 3.57946726736 0.0994196304993 603
618 7.30308918827 0.146641175283 2.42948633421 603
619 9.28985602798 0.386781860056 0.251125310899 603
620 5.48552205317 12.3913085325 0.154477399894 603
621 5.15914992801 14.9159221177 0.231295614387 603
622 4.32832640889 0.182087633363 0.145910451028 603
623 4.26363128088 0.397593835319 1.22939309346 603
624 5.6825031609 0.189625951287 0.161886066451 603
625 5.56034696029 0.182448918143 0.165567633407 603
626 5.47060428491 0.580296445466 0.281652539905 603
627 4.07967934575 0.0889489022504 0.341861866612 603
628 2.75359866256 0.0646635053207 0.0592748346492 603
629 4.25132763707 0.235796339 0.109341651298 603
630 4.15923859221 0.133685345721 0.190427116268 603
631 3.97454117152 0.252694212649 0.108195651867 603
632 5.38565782188 0.135657555814 0.149347137281 603
633 4.13994176099 0.290375581061 0.24615204526 603
634 5.95230484301 0.147914362497 0.219038442282 603
635 4.58488406825 0.0953187493529 0.211546501427 603
636 7.55261873576 0.169445726293 1.69827251065 603
637 6.37725283705 13.7885859353 0.131709179265 603
638 6.3440323025 0.242816330866 0.724814823412 603
639 5.47090227803 0.134865601959 0.304189708259 603
640 3.92890146369 0.353906276314 1.09160401682 603
641 5.28213159447 0.146203896311 0.702893253115 603
642 4.45574259279 0.233628791368 1.14384886454 603
643 3.62820085492 0.11973997743 0.088695124197 603
644 6.11104335308 29.2663929744 0.157356030362 603
645 4.10164110024 0.325606570803 0.174893086201 603
646 7.12859305845 0.502306588631 0.677838349995 603
647 2.10226261341 2.71550431357 3.85604260289 603
648 5.6358759367 0.217623579049 0.67046655297 603
649 5.84206298942 0.262511213061 0.217655952072 603
650 1.999894811 0.0570962889758 0.080085908985 603
651 8.52427877929 0.434496571713 0.379529686775 603
652 6.0016804783 0.980921222991 0.25236958999 603
653 5.51278217573 0.128184405319 0.412511333451 603
654 4.49011101853 0.139629938068 0.159722604455 603
655 4.09169304051 0.181055723507 0.180950547904 603
656 4.64011875543 0.189751449414 11.6669807413 603
657 3.76257488929 0.126318734869 0.115853417426 603
658 4.36238779267 0.169012303119 29.1988240195 603
659 5.61751238309 0.211257047814 0.113705385613 603
660 4.22001750914 0.137122350382 0.0881868220586 603
661 6.38987361556 0.166432819383 0.147140345688 603
662 3.87879864825 0.168481896555 0.16863648088 603
663 6.68925805622 0.163757955998 0.586270856345 603
664 5.12704860781 0.42312888717 9.82978681654 603
665 6.17588962583 0.800957328455 55.250462611 603
666 5.19436057802 0.157379306949 0.109502774284 603
667 5.51006220243 0.171568233622 0.131641325477 603
668 5.95042144776 1.38475947844 0.979989088954 603
669 4.10665114787 0.0951381524301 1.1921730133 603
670 4.90505552618 0.26789256987 0.433402852733 603
671 4.77592799564 0.532666295892 0.107947850824 603
672 4.61625195674 0.343331097078 0.590898959472 603
673 7.51388562538 20.9384856099 0.2129121363 603
674 4.01882970044 0.254810317432 0.497448353311 603
675 2.53742138064 0.292675908473 0.0568073263346 603
676 7.02295529918 0.150231646765 0.28305773718 603
677 6.33545735078 6.46680351185 1.26302172399 603
678 6.8080315678 0.17615781194 0.319959549003 603
679 5.01108943248 0.198652679051 0.17643541296 603
680 5.00537800164 0.275878274898 0.492709998725 603
681 6.67131985321 0.55409390808 0.237952218303 603
682 5.09205086171 0.205608366599 1.24516579818 603
683 2.75523610294 0.189462145133 0.0591670589452 603
684 5.83689314275 0.414029861819 0.27206487295 603
685 6.44118357361 0.294607708374 0.255612350743 603
686 6.41510903227 0.129400442271 6.04552907312 603
687 4.66805358877 0.24670322878 0.156226259229 603
688 2.85063425322 0.101066007612 0.522717597368 603
689 4.28494227327 0.194051996549 0.404105730286 603
690 3.67450420278 0.151991133386 0.202690560574 603
691 6.02751970286 0.297912370557 0.287640090187 603
692 5.1234533643 0.308334809686 0.191003576421 603
693 2.86513653574 0.0714455665882 0.0759190032688 603
694 4.7814242877 5.02923810904 0.141318224451 603
695 2.43849436068 0.0625350454556 0.133318412381 603
696 1.5615891631 0.0431395283927 0.0383166704729 603
697 5.75448708226 0.259091950064 0.313376053391 603
698 5.39908812687 45.782551596 0.584014078814 603
699 4.53995410151 0.168602285864 0.335381647598 603
700 4.37006162395 0.101219037807 0.183158150635 603
701 5.50216013174 0.117393790798 0.195191435782 603
702 3.69922161307 0.0990796243023 0.0919632325323 603
703 3.09786199278 0.0648527200955 0.167944095679 603
704 4.91972255129 0.19092917096 0.101314844088 603
705 6.13518836511 0.141939104036 0.204699533332 603
706 4.82198816945 0.124796630647 0.180718756963 603
707 4.73530015146 0.132123119779 14.5236850071 603
708 4.03425577004 0.301816422255 0.0835291440066 603
709 5.32388653994 0.131750936365 1.81155978475 603
710 4.35129301572 0.0902562042782 0.349618416493 603
711 7.38516994666 0.16432860482 0.416496120925 603
712 7.58412367038 1.93686364669 5.24752569537 603
713 5.75237617649 0.193384557527 0.141371022415 603
714 6.28329504777 0.217156478813 0.200020770091 603
715 4.13082655067 0.154046361108 0.110225093157 603
716 6.37770442199 0.164048226617 0.410799598021 603
717 4.86827641236 0.323796614999 0.205389881364 603
718 4.6996557064 0.126988222371 0.224071501333 603
719 6.74015635064 0.18416882932 0.267499355559 603
720 6.60323985908 61.4813012893 0.310892746046 603
721 5.44939552357 0.743409441027 0.111307394503 603
722 6.55519230148 47.8078807812 3.39555229151 603
723 3.31052704887 0.168144565278 2.85585581821 603
724 5.5562453363 0.176740991783 0.172876501456 603
725 4.89500800671 0.257409803016 0.912150379644 603
726 5.83670834445 0.795668898594 0.149849498808 603
727 3.78876382743 0.233682089745 0.328105291304 603
728 4.24393125229 0.0964504518269 0.0955455628253 603
729 6.75595961689 0.193412252325 0.149361483596 603
730 4.17639556097 0.108739711751 0.148525490866 603
731 5.74940931452 0.326493107079 14.707250553 603
732 4.40844444646 0.107601794373 0.413702721084 603
733 4.47552045281 0.376842790931 0.277078592002 603
734 5.00056860148 0.204327932431 0.105869298524 603
735 4.18237918232 0.573389169087 8.63177740923 603
736 5.80561284887 0.174878400237 0.194592210526 603
737 6.35195843985 2.32541963501 0.18508487156 603
738 6.6793042632 0.450891716754 0.425867337536 603
739 5.02215238993 0.117778330895 0.707753322922 603
740 2.5636049864 0.071426953946 0.137476593834 603
741 3.97993280925 0.658843471689 0.180342304054 603
742 5.56501557282 0.162313781748 0.697852548732 603
743 6.65967399133 0.191721679376 0.191334867426 603
744 5.46257110888 0.259694178561 0.148089372362 603
745 5.65146555717 0.289345710796 0.150301964261 603
746 3.82871453269 0.104783672649 0.522509604367 603
747 4.5701224651 0.513367853134 0.091461376854 603
748 3.29151960462 9.75532364374 0.665940332929 603
749 6.11691722645 0.136270109512 0.267551198343 603
750 4.36740077481 0.114394370714 0.119142636465 603
751 7.28851231203 0.160446872321 0.207916544769 603
752 5.82366628594 5.56928928446 0.451665776896 603
753 5.97866613253 0.170965622223 0.209639559891 603
754 3.91966414748 0.100255411035 0.0946759535388 603
755 5.05498290342 0.617668151881 0.245610466154 603
756 3.58078144267 0.087944710137 0.279912319147 603
757 3.75007388631 0.0921341907104 0.158438460836 603
758 5.03833955779 0.836404630799 0.417514850475 603
759 8.33770369434 0.506788235535 0.242943957598 603
760 5.5609170795 0.201954078898 0.130691477419 603
761 5.00609952902 14.4806152651 0.284488616933 603
762 5.15834226487 0.154203764975 0.158803169945 603
763 4.22850734954 0.137864014277 0.371947658953 603
764 3.50153981409 0.151519492921 0.0855632446558 603
765 4.60225770617 0.0925672265426 0.352004978381 603
766 5.18166791771 0.591231177824 0.283408046283 603
767 4.55655453372 0.127257666301 0.102581296353 603
768 5.37996813942 0.197134105612 15.8277679797 603
769 6.39919711604 0.285018178214 0.132995535428 603
770 6.05665540733 0.14035492862 0.318165144759 603
771 4.19743245563 0.155686310838 0.229101132013 603
772 5.25522067778 0.183834118886 1.20196873476 603
773 3.12953952817 0.0746739843472 0.113804211456 603
774 4.70177105751 0.100126530247 0.19016824319 603
775 4.14931093863 0.285393095176 3.66741606996 603
776 5.60320735265 0.132942243379 1.31138235705 603
777 5.86656849383 0.121775743421 0.152089421276 603
778 5.49338428787 0.240340422805 0.209778295799 603
779 1.27677549921 0.0633886085339 0.10997992288 603
780 5.83114082024 0.459621680486 0.793929040068 603
781 3.4340117402 0.0856255323116 0.171932654341 603
782 6.33400678347 0.714208013664 32.5278198791 603
783 4.51294789026 0.809224124051 0.0964344243572 603
784 3.86131309031 0.093994466797 0.157236757773 603
785 4.21493368175 0.236320926994 18.7233673346 603
786 3.95659086252 0.174507207565 3.70293545864 603
787 6.2199008849 0.153757586036 26.1909233527 603
788 3.27472821621 0.186182497408 0.183498293312 603
789 4.73535764877 0.0986354607009 0.0975942632622 603
790 4.75265027523 0.719961600513 0.35003001074 603
791 5.80144167346 0.209353790443 1.32949910782 603
792 4.74887553115 0.108400714363 0.197532132639 603
793 6.79513617486 4.47957003878 0.188775469826 603
794 6.61113442425 0.236416026169 0.972883617457 603
795 6.53214899339 1.05424560498 28.3229158137 603
796 6.35512970389 0.459972925376 0.184829473697 603
797 5.1693718183 0.150510006716 0.766686639344 603
798 2.91680948471 0.0765508566199 0.087882327563 603
799 3.90620503007 0.169038887748 0.947406409105 603
800 4.31020000308 9.9439797327 0.238693714363 603
801 5.566160488 0.258786745864 0.364341413772 603
802 2.75357896899 0.0824369098416 0.104821223755 603
803 4.74332417441 0.12992363944 0.196032693663 603
804 4.55221371067 0.125616435814 0.821876681976 603
805 3.71505929084 0.0775747402313 0.147390234966 603
806 6.5118038515 0.408212129783 0.183419643929 603
807 2.76880035965 0.0647466046486 0.109473636915 603
808 6.3732337346 0.15445078785 13.8181732767 603
809 4.82724646691 0.265441419356 0.326774726412 603
810 9.28830081084 0.762232042515 0.254810491774 603
811 4.40822907163 0.0967458863755 0.377586135427 603
812 5.11810527296 0.417463069425 0.199721906554 603
813 4.78876318813 0.956536193111 0.106919091169 603
814 5.5374942649 0.560341931895 0.232193175273 603
815 7.05953496043 0.210155273519 0.453539270847 603
816 5.99370715682 0.1370806875 1.08491784375 603
817 3.26805010253 0.119535443003 0.509399507271 603
818 6.57164776141 0.613970412298 0.164441856199 603
819 5.53513292117 1.79644271828 0.208199103835 603
820 2.38875242037 0.303100101765 0.0665038622579 603
821 5.57874791653 0.551048119633 0.156051658377 603
822 5.66650544704 0.366064046001 0.253370141958 603
823 4.21256204685 0.176560058384 0.180651027464 603
824 5.93199932011 0.549941915058 0.234629137974 603
825 4.02575767122 0.154270267575 0.284170788062 603
826 5.20861512807 0.136609199609 0.181034681001 603
827 6.51134049017 0.22589206325 0.411281515976 603
828 3.93230849456 0.18057548936 0.554411186043 603
829 5.42463089671 0.155633677071 0.269308298982 603
830 3.49900937006 0.293093613688 0.0868470858094 603
831 4.77365507739 0.147487741028 0.171419997803 603
832 6.51922684408 0.299838153691 0.189940677906 603
833 4.30482537567 0.736413556504 0.128639042236 603
834 6.99447336765 0.354224728697 0.140794264503 603
835 4.39261414222 0.127745594331 0.131097707833 603
836 6.12277192192 0.570637833965 0.38395334563 603
837 5.71814394558 0.233058479867 0.230138670215 603
838 5.05784197721 0.344354009842 0.120060714793 603
839 4.22026689258 0.0982633289938 0.360847409755 603
840 6.5815859851 0.554038373735 0.16803192004 603
841 4.1069880825 0.107707011606 0.0942261007688 603
842 4.90537923685 0.181457224509 0.21189923134 603
843 5.54870218402 0.179277480758 0.303603400144 603
844 4.28714126822 0.201095603845 0.0926445538331 603
845 3.1520365133 0.0748897512071 0.0635674884927 603
846 6.17185340251 1.20577653227 0.271118193502 603
847 4.43631428705 0.151559055968 0.11801096127 603
848 6.29260894408 0.198458609223 0.186658891369 603
849 6.17719781002 0.209988658308 0.13496755034 603
850 5.9041384037 0.213806628387 0.147817585778 603
851 6.15629731009 0.135791266029 0.508187835062 603
852 5.68857944225 0.679337144675 0.164984971624 603
853 5.70505516478 0.184711785917 0.15928079957 603
854 5.44635737804 1.18461802889 0.251910328959 603
855 4.58184917967 0.188911578952 0.203134010687 603
856 4.24350647198 0.0961743613285 0.222974635501 603
857 2.5099253107 0.072236606918 0.149033584356 603
858 5.79137025821 0.133006939047 0.11701093539 603
859 5.42893990152 1.25432026222 0.110365541676 603
860 4.28356553483 0.136374511497 0.188943153677 603
861 5.58940889497 0.136328031168 1.44838021911 603
862 6.34598049053 0.287676677718 0.177693832502 603
863 5.63305812702 0.232960030224 0.188454425368 603
864 4.51571913235 0.134740854604 0.50461595173 603
865 4.51805778487 0.164420970947 0.108818719502 603
866 6.63836842041 0.159087112238 0.444487956719 603
867 5.45454826839 0.952933605644 0.226135975038 603
868 3.77183433795 0.192421499859 0.0941133476478 603
869 5.93946171819 0.119144140148 0.387995371574 603
870 5.34817248091 0.223162021617 0.118475603192 603
871 5.73001028248 0.131300378923 0.337783992159 603
872 3.54015472627 0.220951536979 0.209458354706 603
873 3.36788748051 0.0678670819213 0.268929703698 603
874 4.73225156382 0.584420585522 17.9193113067 603
875 4.27029280376 0.166677297599 20.6529328174 603
876 6.98451431506 0.384527188081 0.391732364026 603
877 4.92060986243 0.186957137291 0.978242740869 603
878 5.18985193007 0.229708798479 0.141373179111 603
879 5.7028805044 0.318926293346 0.145218885065 603
880 4.59773423888 12.8699817511 0.293304481127 603
881 7.37870001902 1.73302683119 0.270179705916 603
882 4.95244105493 0.678981039144 0.150052320848 603
883 7.40792445221 0.455281450689 0.239844850214 603
884 5.76958137187 2.65088225451 2.77760835487 603
885 2.12635208795 9.37938552152 0.0452890627639 603
886 4.14695885377 1.12780623968 0.195285284088 603
887 4.25801919046 0.156295854603 0.107944004767 603
888 5.56249783015 0.233146660467 0.605683404735 603
889 5.26157270954 0.139874619367 0.31755968341 603
890 6.29725873883 1.39422683849 11.4736333395 603
891 7.03906436302 0.694322070958 0.246233816394 603
892 4.73952194864 0.099455182518 0.236604985012 603
893 6.33178724313 0.13830758739 0.834821151883 603
894 3.29027386632 0.175570721304 0.345493793938 603
895 6.26408506307 1.37896983948 0.162207846145 603
896 5.2652323595 0.137294643603 0.153256635212 603
897 3.28322739264 0.102159228758 0.471195245074 603
898 7.46741124492 0.841071901993 0.252166808744 603
899 6.64286798917 0.253691270894 0.906609363609 603
900 3.93877177221 0.10440275144 0.130834610617 603
901 4.95229828761 0.139047727417 0.185192051312 603
902 5.17521679478 0.189458608306 1.4507162308 603
903 6.36364768102 1.08532309129 2.48920381198 603
904 4.96383879559 0.228814237509 0.325697016046 604,605,606,607,608,609,610,611,612,613,614,615,616,617,618,619,620,621,622,623,624,625,626,627,628,629,630,631,632,633,634,635,636,637,638,639,640,641,642,643,644,645,646,647,648,649,650,651,652,653,654,655,656,657,658,659,660,661,662,663,664,665,666,667,668,669,670,671,672,673,674,675,676,677,678,679,680,681,682,683,684,685,686,687,688,689,690,691,692,693,694,695,696,697,698,699,700,701,702,703,704,705,706,707,708,709,710,711,712,713,714,715,716,717,718,719,720,721,722,723,724,725,726,727,728,729,730,731,732,733,734,735,736,737,738,739,740,741,742,743,744,745,746,747,748,749,750,751,752,753,754,755,756,757,758,759,760,761,762,763,764,765,766,767,768,769,770,771,772,773,774,775,776,777,778,779,780,781,782,783,784,785,786,787,788,789,790,791,792,793,794,795,796,797,798,799,800,801,802,803,804,805,806,807,808,809,810,811,812,813,814,815,816,817,818,819,820,821,822,823,824,825,826,827,828,829,830,831,832,833,834,835,836,837,838,839,840,841,842,843,844,845,846,847,848,849,850,851,852,853,854,855,856,857,858,859,860,861,862,863,864,865,866,867,868,869,870,871,872,873,874,875,876,877,878,879,880,881,882,883,884,885,886,887,888,889,890,891,892,893,894,895,896,897,898,899,900,901,902,903
905 5.36817926832 0.17453992278 0.124309488176 904
906 5.16738846445 0.743789912803 0.114617020614 904
907 4.81507661634 0.101959430037 0.136527658974 904
908 5.95834552901 0.132605639407 0.832312558895 904
909 5.75112750778 0.353508116657 0.226338693705 904
910 5.16064199461 0.17537006588 0.106410703238 904
911 6.63428110151 0.20318080602 0.141223243778 904
912 6.03430643329 0.245237998888 0.189625492042 904
913 3.13413260197 0.118516812695 0.107252970172 904
914 4.24681169616 0.263775177088 0.117066665433 904
915 5.27360123123 0.213193987018 0.113397790091 904
916 4.2645350761 0.745718727324 0.555416192115 904
917 3.83182128296 0.157431231133 0.493733264095 904
918 4.58480201919 0.115956100495 0.132458033461 904
919 5.0670992058 0.126812452743 0.266492310519 904
920 5.11176868749 0.128796428786 0.168274800501 904
921 4.95234205979 0.199277651616 0.530696530223 904
922 5.67254746242 0.195405343037 0.334091565543 904
923 4.18391704362 0.0911024676029 0.0847941623586 904
924 2.78319307583 0.136195525539 0.138797874204 904
925 5.32401513156 0.1374729142 0.125322303043 904
926 5.18053722305 0.144327137516 0.104072615757 904
927 4.35550383751 0.469209429459 0.133018808664 904
928 5.17248593987 0.546905839064 0.107955977594 904
929 6.17013183594 0.212572397929 0.202608935319 904
930 3.64420048109 0.195238884077 0.467578946515 904
931 6.45460738118 0.21824324232 0.14908351589 904
932 5.11289504003 0.832603750299 0.746720059902 904
933 7.0972348076 0.43253148955 0.221495644725 904
934 4.2197758379 0.857569833175 0.936182700145 904
935 3.75495264606 0.230106764075 0.103322447255 904
936 4.73209320918 0.177384664392 0.279678447665 904
937 4.84758983275 0.139030816485 0.0979747868102 904
938 3.70956400425 0.656743551415 0.140154719283 904
939 4.33227606171 0.109182487853 0.923753056905 904
940 4.82887091416 0.16114947748 0.46450320394 904
941 4.74604672807 0.110121560541 4.41374928492 904
942 5.64689309162 0.341847623981 0.803045693172 904
943 3.52621919108 0.0856133571057 0.113431589482 904
944 4.65047520114 0.153220665582 0.505942016089 904
945 4.49041735686 18.4941072828 0.113267157164 904
946 5.88688212798 14.25027244 0.126844317435 904
947 4.44646505284 0.121296579152 0.317019394933 904
948 5.31276571997 0.483360777971 0.45730958316 904
949 4.93287443022 0.12015434892 0.12643956841 904
950 5.6302144733 0.179820459327 0.191982138828 904
951 3.17053454467 0.791572601527 0.0776038668926 904
952 6.25093129607 13.9580107585 0.192179368891 904
953 3.44901649622 0.0703715752333 1.1189464489 904
954 5.37484126568 0.137173600419 0.165535799672 904
955 4.73393581068 0.396940235528 0.169538277799 904
956 6.86709621902 0.261373403825 0.22243014427 904
957 5.46965661255 0.130986563283 0.633821915494 904
958 5.31249935415 0.296624190315 0.379805868798 904
959 6.59307599127 0.263559340983 0.692662890838 904
960 6.65876032274 0.200947342864 0.16078633942 904
961 3.72806290697 1.55750414127 0.0794076873249 904
962 2.8446808474 0.130870563283 0.155986640977 904
963 5.89848040942 0.354082813314 0.140067925629 904
964 4.25419508688 0.20748178847 0.0882092822209 904
965 4.44288111405 0.14001458308 4.17675765186 904
966 5.21546776138 0.138362335656 3.50210238007 904
967 4.97509482 0.144199740583 0.321508931839 904
968 4.39636245428 0.118132559716 0.325233637233 904
969 3.82261595928 0.0829248773976 0.269571619747 904
970 3.28808315722 0.0760679409068 0.079290844743 904
971 6.80695346671 0.180483381411 0.213526211266 904
972 4.96815824592 0.108508365259 0.239360131655 904
973 5.3072388313 1.16910573047 0.255902161011 904
974 7.46864858733 0.563281796018 0.364434801413 904
975 4.98196886997 1.41743101548 0.1213197958 904
976 7.17399412446 0.229644606954 0.25182043652 904
977 5.28435853885 0.115129045213 0.118006864683 904
978 4.85137431364 2.08210600434 0.151469826872 904
979 6.09938212101 1.36619925149 0.183643401689 904
980 4.35921005234 0.132521655888 0.405536609736 904
981 3.40849986242 0.089708106535 0.108182834068 904
982 4.21672219313 0.0902487428577 0.086246369183 904
983 4.84715978419 0.516153034896 0.905935226202 904
984 4.69558534931 0.178444570877 0.0972785747289 904
985 4.15038986558 27.0287233616 0.153046434349 904
986 4.96558088136 0.142430362652 0.105363619904 904
987 3.86274161084 2.29145180138 20.7503919898 904
988 3.48202091828 0.1724049572 0.178109033613 904
989 4.86628807871 0.277372829208 0.111542331326 904
990 4.40693179523 0.685960542092 0.0915356828737 904
991 3.71435677663 0.12045349954 0.0950745480735 904
992 4.1785636432 0.0908451228943 1.17193431576 904
993 7.26740218142 0.323186276982 0.582885556065 904
994 6.16078919787 0.708376995032 0.271388594633 904
995 3.7193666073 0.0748738480692 0.368326957414 904
996 6.07161784297 0.169844083906 0.342915298387 904
997 3.51727126892 0.11756323776 0.150631846111 904
998 5.11865496616 0.285998736416 0.170678221224 904
999 4.1628401705 0.102532647816 0.114065138532 904
1000 6.76107332523 0.173220953344 0.229398659974 904
1001 5.22420828765 29.9317222632 0.130085658908 904
1002 4.49542593867 0.195698547229 0.138769935479 904
1003 5.75466796515 0.187197346306 35.9590824901 904
1004 6.05066056671 0.905525916821 0.174248866675 904
1005 4.97888107192 0.155735542809 0.194742804996 904
1006 6.92918527885 0.259039482888 0.152217824839 904
1007 3.88419940999 0.164100229201 1.48910256938 904
1008 5.84782733175 0.429345777419 0.758331964031 904
1009 4.85617335043 0.13406788682 0.139568493637 904
1010 5.3731823794 0.189631045524 0.745040147786 904
1011 0.674271593674 0.0467420510054 0.0278225359753 904
1012 5.66452885319 0.155385602252 0.133121642812 904
1013 3.97996528569 0.136845758436 0.27781452844 904
1014 5.36403459505 0.169569802183 0.928743112592 904
1015 3.90456337539 0.105209713109 0.351763855573 904
1016 3.93243665676 0.111346147051 0.130113502719 904
1017 3.54911331907 0.230098469648 10.0799613365 904
1018 4.78585057406 0.131655698951 0.11310578912 904
1019 4.26653477173 0.16281580342 0.0887983254176 904
1020 4.04448657585 0.0999006296249 0.473460656115 904
1021 3.89870160999 0.139048134834 0.107725631195 904
1022 6.67162409622 0.35969916889 0.256183088503 904
1023 4.71969140063 0.909922488782 0.527268279583 904
1024 2.52767132341 0.0517706950354 0.0758513352997 904
1025 6.82159380498 15.3376030267 0.208971877843 904
1026 4.98574151423 0.230212672385 0.104797664341 904
1027 3.39531900809 0.136187057172 0.0748343630749 904
1028 4.39513220794 0.102492579394 0.0903619728317 904
1029 6.99542201265 0.346584141874 0.19574896913 904
1030 5.36316457598 0.46195403766 0.370025730833 904
1031 3.59194515244 0.503038308998 0.0911859234118 904
1032 4.29459411528 0.225646132096 0.131885292487 904
1033 6.26623239447 0.377343525402 0.139962220044 904
1034 3.65108000893 0.392184537558 0.151237482353 904
1035 7.03228450225 0.36868607804 0.156112614279 904
1036 5.14488244669 1.05090530763 2.70076781926 904
1037 4.29835533963 0.206047543755 0.13343229317 904
1038 3.85186498053 3.05977354872 0.107625380224 904
1039 6.77247667663 0.253528984365 0.316201980905 904
1040 5.46036611231 1.61393877868 0.212989644895 904
1041 5.53542044771 0.150093033687 0.282268758651 904
1042 4.84782092175 1.21636239812 0.110053485519 904
1043 5.64068135903 0.132907628877 0.144407087842 904
1044 4.59954738074 0.388858965035 0.762406471778 904
1045 4.89560867382 0.207932375808 27.6236665636 904
1046 5.68566268025 24.6396963979 0.209500157448 904
1047 3.19121044325 0.208776318288 0.136627476471 904
1048 5.33209807118 29.1545208706 5.03466941587 904
1049 4.64595357923 0.173935396659 0.315408315699 904
1050 5.74089061802 0.298274308642 0.172706377419 904
1051 5.23349197332 0.127407235476 0.110529997273 904
1052 3.74879887681 0.36929233011 1.7079800306 904
1053 5.56469122498 0.163951889974 0.121279852987 904
1054 6.39399009647 0.272392002204 0.290531253296 904
1055 1.81830605999 0.0386105174622 0.293674638691 904
1056 4.97827663729 0.193591997209 0.326208787035 904
1057 6.43517188231 0.197973996227 1.26301341796 904
1058 2.35547117538 0.502560876945 0.0495745127547 904
1059 4.39524255178 0.0966232290273 0.094670682904 904
1060 5.55341681797 0.603715545964 22.3423725596 904
1061 4.59259134835 0.184568476198 0.267724387248 904
1062 5.72376953211 0.273535574359 0.55063055071 904
1063 4.62890348291 0.204193350137 0.215817937224 904
1064 6.12073900266 0.389877357836 0.403379919059 904
1065 5.58484552426 0.12679248424 0.33023582516 904
1066 4.88087177672 1.37026764654 0.162197027636 904
1067 2.89755106394 1.17065374889 0.255673916953 904
1068 5.96780463296 0.299097792098 0.160384995144 904
1069 5.14848100149 0.546578084747 0.103256296719 904
1070 5.0670550993 3.27378132557 0.199163911831 904
1071 5.95749040468 0.17659477632 0.611725396407 904
1072 2.5345607984 0.0569467720129 0.15711449022 904
1073 2.92829770727 0.138516924598 0.0779054684065 904
1074 6.25238415373 0.230422804217 0.506973321844 904
1075 4.86657035117 0.211493108697 0.37538840095 904
1076 6.49099667515 0.158180906331 0.267585261013 904
1077 4.5082285787 2.36517486908 20.7418613944 904
1078 3.98725925619 0.0912060377987 0.095381815042 904
1079 4.86042229163 0.104608666602 0.108764529293 904
1080 6.49635831696 1.45654285258 35.6476766772 904
1081 5.28905568678 0.619600386668 0.118449044911 904
1082 6.69320606574 0.141337437645 0.481824427847 904
1083 5.66864179917 0.260698564952 0.245604784582 904
1084 6.05128866407 0.134349768618 0.329765688139 904
1085 4.37624262736 0.414197501166 0.0981298056736 904
1086 3.78486981272 21.3718782419 0.14134431427 904
1087 4.10019916328 8.36888007928 0.21817836834 904
1088 3.42522110719 0.152254750496 0.14342872253 904
1089 6.64656454869 0.483254466071 0.154083481986 904
1090 3.89350334044 0.164625285802 6.33979699762 904
1091 5.3497229404 0.525581050522 0.196068801549 904
1092 5.35761893684 0.213814924529 0.16788972027 904
1093 5.63020131653 0.169173041974 20.4312224073 904
1094 4.61592700693 6.43377367268 0.914469832703 904
1095 5.5798098107 0.94702661707 0.124629820686 904
1096 5.25351715037 2.28158184816 0.116800671699 904
1097 4.18034979673 0.270723463309 0.179219689588 904
1098 5.29258053917 0.33953056757 0.123937646253 904
1099 5.15271137303 0.646613343268 12.6489433374 904
1100 5.0283367128 0.300520567914 0.493835009425 904
1101 3.39119009706 0.226099621033 0.136676435717 904
1102 3.48127258135 0.137897858023 0.104586881999 904
1103 6.67312075497 0.197952267703 1.85781265145 904
1104 4.45908411756 0.232039886134 0.296668941218 904
1105 4.77513875957 0.510034721844 0.406197442391 904
1106 6.87865814445 0.225664953609 0.647167898842 904
1107 5.09149473314 0.557763979802 0.117621869541 904
1108 5.29115354892 0.129576479009 0.294247939582 904
1109 4.62586726598 17.9618998232 0.122110668533 904
1110 3.48135906802 0.223693751794 11.4334439184 904
1111 6.69421136708 0.399227959396 0.644230365069 904
1112 5.75924368891 0.136596681968 0.121476701501 904
1113 4.4625367741 5.77449611132 0.134941635586 904
1114 4.42418602201 0.80604228202 0.573565188587 904
1115 6.20645156328 0.787152012809 0.488707930702 904
1116 3.78335156034 7.76567894867 0.46478670375 904
1117 5.33598597309 0.190607344863 0.200757400221 904
1118 3.22165357861 0.158157589187 0.0679216097861 904
1119 3.08415320379 4.18480002715 0.0667988825217 904
1120 4.20000919979 0.257373605557 0.0953045238852 904
1121 6.53505426851 0.180475390982 0.239929469605 904
1122 6.19077921872 0.125347208726 0.211372497723 904
1123 4.59466403262 1.38521467602 19.294376273 904
1124 4.23456123119 0.0967298011538 0.103850660394 904
1125 3.85023367347 0.12884887769 0.3784756621 904
1126 4.14591418759 23.9471174008 0.345793036772 904
1127 5.37382908048 0.145152284655 0.268772150114 904
1128 5.55258472412 0.161010743451 0.361172567996 904
1129 2.87482397495 0.189010249694 0.34220941655 904
1130 4.65907315262 0.4466695041 0.114625230084 904
1131 4.76268581846 0.190302459365 0.87998819249 904
1132 5.69381328628 0.286066469942 1.78807518236 904
1133 6.38632364304 4.62721649473 0.249185085369 904
1134 5.64539308404 0.32116910145 1.93826890007 904
1135 4.86910306339 0.144918500336 0.110644628624 904
1136 4.60554934838 0.164427691918 0.137842305404 904
1137 6.18172090432 0.156968570689 0.304500293063 904
1138 4.85526068431 0.691460453829 0.422062772418 904
1139 3.96486518909 0.143071292885 0.205793497387 904
1140 5.63973088534 0.181311185267 0.170231577939 904
1141 4.50911292295 0.125162744572 0.0973087451372 904
1142 2.60382650581 1.04344832707 0.0859814771562 904
1143 3.55524419511 0.21355607072 0.139782655578 904
1144 5.44102048138 0.46669206187 0.580838037384 904
1145 4.04871140485 0.12202005928 0.165286523005 904
1146 4.10845517881 0.121271733446 0.441734884615 904
1147 4.99413605986 0.125741488907 0.188389623301 904
1148 6.33418647413 1.24067943374 0.142538436736 904
1149 7.18114362136 14.9086280707 0.14675398587 904
1150 5.48398398083 1.69222633164 0.286565413446 904
1151 3.77827036556 0.307755455755 0.44767171214 904
1152 5.36259543236 0.485208405328 0.158059455618 904
1153 4.58908144816 0.170737694366 2.68599831564 904
1154 5.04351181302 0.209673645524 0.351264580744 904
1155 4.47503978632 0.114246632377 0.108757489795 904
1156 3.48005452961 0.196217841176 0.393203094376 904
1157 5.84102435701 0.12123784407 0.118407994517 904
1158 4.11064201141 0.119542072286 1.03085342551 904
1159 5.06993065122 2.00201347079 0.159474542616 904
1160 5.73600889777 0.119650859268 0.274854874343 904
1161 4.98457225412 0.154193196482 0.111783299097 904
1162 5.69136021452 1.76273407911 0.115089169812 904
1163 5.50687052335 0.908015845009 0.843288985419 904
1164 5.68834048238 0.123226353522 0.161487076637 904
1165 5.85228620318 0.758498084827 0.223514794966 904
1166 3.6394149002 0.102415910622 0.231855150869 904
1167 6.47180703512 0.143404539938 1.2816212976 904
1168 3.39065891498 0.339946464777 0.0862492149422 904
1169 5.95150359084 0.252347249273 18.8676830397 904
1170 5.67452487427 0.233519959284 0.774486560334 904
1171 5.87069547771 0.533887519082 0.233204046598 904
1172 5.25287768369 0.107984475164 0.194709507602 904
1173 6.01070378801 0.288951429163 12.480428514 904
1174 3.8866837775 18.7147695181 0.859291040799 904
1175 5.71083045723 0.197334599936 0.132809988524 904
1176 3.42011749925 3.37242642512 0.100743768923 904
1177 6.89341115043 0.357556475146 0.146434785951 904
1178 3.1092782467 0.114660424268 9.46542433172 904
1179 3.25887806995 0.0909707495917 0.212793298455 904
1180 5.04424481182 0.123087555805 0.147489884319 904
1181 4.70783979134 0.147859593211 0.140303634818 904
1182 4.56638332671 0.87386198283 0.554303367416 904
1183 3.62133096053 0.12642447377 0.12276399655 904
1184 3.30496447983 0.179523113822 0.204587212408 904
1185 4.03138322915 0.188689490335 0.0813656889555 904
1186 6.53730880006 0.130888212338 0.310799864089 904
1187 5.58681782723 0.203353326791 0.75625116611 904
1188 3.61194054823 1.32307418134 0.321851969313 904
1189 4.2116673406 0.106972669863 0.163849505009 904
1190 5.80896700839 0.284070160334 0.166548694695 904
1191 7.43321473911 0.69237123232 0.201232512832 904
1192 4.39202312469 0.092482426592 0.222830920586 904
1193 5.47910998696 0.327792227893 33.81852056 904
1194 5.96213029456 0.598956736111 0.14044408777 904
1195 4.4232986363 0.117431834523 0.121429844974 904
1196 5.82920398379 0.480572075182 1.19349899507 904
1197 6.33702769299 0.127385936953 0.191939769539 904
1198 4.42100601425 0.11185541182 0.194836195178 904
1199 4.67161197483 0.235652123209 0.179424193993 904
1200 2.58291349069 0.112019799761 0.0550018911197 904
1201 3.48686885946 0.189785033955 0.154536406772 904
1202 5.60669004907 0.929653643 0.34020506396 904
1203 7.74841039875 0.992840701758 0.23058991115 904
1204 6.59662313109 0.16547317507 0.206777997127 904
1205 4.14490259139 0.0876831941104 0.451913278522 905,906,907,908,909,910,911,912,913,914,915,916,917,918,919,920,921,922,923,924,925,926,927,928,929,930,931,932,933,934,935,936,937,938,939,940,941,942,943,944,945,946,947,948,949,950,951,952,953,954,955,956,957,958,959,960,961,962,963,964,965,966,967,968,969,970,971,972,973,974,975,976,977,978,979,980,981,982,983,984,985,986,987,988,989,990,991,992,993,994,995,996,997,998,999,1000,1001,1002,1003,1004,1005,1006,1007,1008,1009,1010,1011,1012,1013,1014,1015,1016,1017,1018,1019,1020,1021,1022,1023,1024,1025,1026,1027,1028,1029,1030,1031,1032,1033,1034,1035,1036,1037,1038,1039,1040,1041,1042,1043,1044,1045,1046,1047,1048,1049,1050,1051,1052,1053,1054,1055,1056,1057,1058,1059,1060,1061,1062,1063,1064,1065,1066,1067,1068,1069,1070,1071,1072,1073,1074,1075,1076,1077,1078,1079,1080,1081,1082,1083,1084,1085,1086,1087,1088,1089,1090,1091,1092,1093,1094,1095,1096,1097,1098,1099,1100,1101,1102,1103,1104,1105,1106,1107,1108,1109,1110,1111,1112,1113,1114,1115,1116,1117,1118,1119,1120,1121,1122,1123,1124,1125,1126,1127,1128,1129,1130,1131,1132,1133,1134,1135,1136,1137,1138,1139,1140,1141,1142,1143,1144,1145,1146,1147,1148,1149,1150,1151,1152,1153,1154,1155,1156,1157,1158,1159,1160,1161,1162,1163,1164,1165,1166,1167,1168,1169,1170,1171,1172,1173,1174,1175,1176,1177,1178,1179,1180,1181,1182,1183,1184,1185,1186,1187,1188,1189,1190,1191,1192,1193,1194,1195,1196,1197,1198,1199,1200,1201,1202,1203,1204
1206 5.61135753144 0.113046856633 0.359803897433 1205
1207 4.32983445059 0.122055003076 0.0998250092011 1205
1208 3.14694415993 0.0959437649865 0.0871308481291 1205
1209 4.40051146146 0.109585725861 0.123137838635 1205
1210 5.23212999046 0.207819378308 0.446397662087 1205
1211 5.14923458112 1.93364668777 2.26250118158 1205
1212 4.36367961128 0.254876983094 0.474831969275 1205
1213 7.38600647992 0.478315607506 0.476492497493 1205
1214 6.20367097875 0.177801573359 0.554278650672 1205
1215 4.51798848217 1.78295258675 0.10247521092 1205
1216 6.83061914518 15.068124339 0.328392964216 1205
1217 5.61711362849 0.447107152609 0.360721340437 1205
1218 4.93744892944 0.753649459256 0.436349886948 1205
1219 5.00935940049 0.206498366795 0.201853826983 1205
1220 4.89761776783 0.493503042617 0.359230028854 1205
1221 5.6992751839 0.273285094626 0.286692611283 1205
1222 4.62037614129 0.125342402048 0.119255356721 1205
1223 4.98923935515 12.6685188485 0.147605715772 1205
1224 3.85332836775 0.730108794385 0.101772667415 1205
1225 3.92455365025 0.330090346438 0.110740603068 1205
1226 4.78072818775 0.201795562 0.270443194094 1205
1227 5.19125915555 0.301734901133 0.117840146464 1205
1228 5.42499237721 0.185119948903 0.146467443242 1205
1229 5.09945718705 0.114162699415 0.119809938868 1205
1230 4.39836959328 0.102763477449 0.741757899555 1205
1231 3.71638813955 0.110754198189 0.199824609582 1205
1232 6.45151148596 0.366044592842 0.233641104602 1205
1233 4.95476501381 0.221936570297 0.637987476061 1205
1234 5.26239094329 0.164548238423 0.267425688519 1205
1235 7.57906445546 0.30423851887 1.7857325369 1205
1236 5.46108665739 0.206709451434 0.254376763493 1205
1237 2.85776896216 0.161671931233 0.677789643217 1205
1238 4.63278767595 0.281143758279 3.4043943813 1205
1239 4.86328003021 0.0983891244887 0.121690016058 1205
1240 6.97385754777 0.463549206686 0.366514588064 1205
1241 7.8357298157 2.28121618745 0.980065219094 1205
1242 5.13107431388 0.499252733781 0.40636620586 1205
1243 1.94131385316 0.0420659687741 0.115168276424 1205
1244 5.41283315485 0.196562853613 0.207349216783 1205
1245 5.25051983175 0.133662117996 0.396741899111 1205
1246 4.79544394633 0.172066187806 0.244945356721 1205
1247 6.11991926561 0.185163685288 0.314019293717 1205
1248 4.45269448511 0.0945513800216 0.306825481407 1205
1249 4.06457860131 0.08784204272 0.567662157343 1205
1250 4.51708922076 15.296337923 0.266269770542 1205
1251 4.19612475643 0.31287157893 0.500820688993 1205
1252 5.11833431118 0.371444334845 2.51171294473 1205
1253 4.35672086259 0.574085036255 0.602107138379 1205
1254 4.00779683681 0.162097334652 0.476038326375 1205
1255 5.68088968962 0.15740180463 0.138090819058 1205
1256 4.17075680567 0.174369013581 0.159397440391 1205
1257 5.86496451982 0.128711354044 0.297099405456 1205
1258 5.09712558072 0.87707504599 0.238340532187 1205
1259 5.93083099075 0.276246317977 0.153796999361 1205
1260 4.76356760322 0.376509406982 0.204296674178 1205
1261 5.98431321021 1.74571408378 0.580308989367 1205
1262 6.29850360897 0.271045189978 0.243343781567 1205
1263 5.72371799995 1.28488086856 0.138348252214 1205
1264 3.61534420872 0.153720922729 0.173766102792 1205
1265 5.55588619179 0.20895647338 0.116599526646 1205
1266 5.54585788861 0.151596141091 0.176426439268 1205
1267 5.17062711829 0.374542613145 0.38518502332 1205
1268 5.52495189672 2.22136990397 0.254665428617 1205
1269 3.02953667151 1.94546507734 0.0934911901821 1205
1270 5.22729745653 0.390553761277 0.115013253018 1205
1271 3.88636827956 0.0785481684945 0.0806863364228 1205
1272 5.95046002868 0.425414360584 0.157714247832 1205
1273 6.59368538234 2.28804529142 0.463361764461 1205
1274 5.99422022834 0.167414294667 0.244801062194 1205
1275 3.85974100558 0.153023144319 0.189017919999 1205
1276 4.02687090859 0.534163123891 0.284401579244 1205
1277 2.23208705442 5.4118494119 0.0876944608437 1205
1278 4.44857207789 0.159129337234 0.292048683596 1205
1279 5.02959467889 0.248903472005 0.106614243426 1205
1280 6.55268423826 0.21505145334 1.91074752958 1205
1281 3.51621807505 0.0867468829538 0.473026313497 1205
1282 5.90535467325 0.133369099999 19.5727221293 1205
1283 4.9805575464 0.11889628797 0.114161065773 1205
1284 6.19174740476 0.158037595953 0.150678084739 1205
1285 7.03202297692 0.201021554692 0.148570516232 1205
1286 6.55878292233 0.19170498571 0.964357125044 1205
1287 6.05240009401 0.270243933231 1.16945458672 1205
1288 5.00090294741 6.73399803884 0.109193509723 1205
1289 6.68455969947 0.395837040267 0.227180516504 1205
1290 4.29843032017 0.144938677224 0.247745439536 1205
1291 5.67544928157 1.0094381352 0.26419410472 1205
1292 4.59877362795 0.111731062607 0.10450749201 1205
1293 2.50817265819 0.0525164576251 0.288334640013 1205
1294 4.68700283368 0.137398206274 0.286018932249 1205
1295 4.58102577063 2.28027332089 0.113127790702 1205
1296 5.71717895197 33.8874183795 10.6664552279 1205
1297 6.24227018782 0.278430683236 47.0777496349 1205
1298 6.17165116318 0.53899774191 0.362924982551 1205
1299 5.06166537649 1.5019244592 1.0314680657 1205
1300 2.67202822179 5.80737302246 0.0810228484813 1205
1301 5.57203642591 0.164962146856 0.116431962307 1205
1302 3.9974584528 0.0901612663608 1.05657660233 1205
1303 5.01575587653 0.149479388954 0.102355811184 1205
1304 3.56800323355 0.214373777142 0.228042974556 1205
1305 4.62200299591 4.47489950697 11.8601884685 1205
1306 6.00493522393 0.210071820714 0.1282881305 1205
1307 5.36589736691 0.165958884097 0.175199960281 1205
1308 3.96731397437 6.56070574514 0.417076726579 1205
1309 4.65576309587 0.10657941609 0.301529059054 1205
1310 4.09635558247 0.241501294832 0.408865105345 1205
1311 5.63823125531 0.163462453834 0.118818694515 1205
1312 4.07843605497 0.215134965052 8.79638869989 1205
1313 6.8639504549 0.431918308534 0.652608496321 1205
1314 5.08336218318 0.106890913387 0.117541137448 1205
1315 3.34542524491 0.126976144948 0.0695590618774 1205
1316 6.03279105525 0.266900209288 0.140537656061 1205
1317 7.08309677123 0.738609472951 0.23202275498 1205
1318 4.67044012956 0.104900053558 0.126627087076 1205
1319 5.9301844496 0.12576444051 0.211116248536 1205
1320 7.13042611025 0.163622695809 0.175101439638 1205
1321 3.21950344493 0.0815223639945 0.115034871658 1205
1322 5.61718878027 0.147319042396 0.219404398355 1205
1323 5.01827925615 0.547486414485 0.124607462994 1205
1324 3.03832271855 0.0687780944578 2.81036540198 1205
1325 2.96603703589 0.226494231181 0.0799836448449 1205
1326 4.75785320871 0.126265747001 0.12481859796 1205
1327 4.49432376078 0.708046562244 0.11832027087 1205
1328 5.79964192776 0.601128126598 0.151270162627 1205
1329 7.05259159381 0.748410524416 0.256566772274 1205
1330 4.11454854055 0.0860367441161 0.274278307139 1205
1331 7.49905724528 1.32038676352 0.161087738971 1205
1332 6.29357269149 0.458649143055 0.763873237901 1205
1333 5.60423969675 0.430913617066 0.172600739069 1205
1334 2.89901351023 0.0711123839163 10.1113882521 1205
1335 6.04587591285 0.13161537986 0.138053648947 1205
1336 4.15451076017 0.0836657129737 1.02261548443 1205
1337 2.88243992646 1.42987709446 0.0737632698428 1205
1338 5.24612207631 12.0225024011 0.45531440687 1205
1339 4.23159348896 0.253139948308 0.116798155636 1205
1340 6.31456910471 46.5111608293 0.155779756553 1205
1341 6.13946596991 0.222377274541 4.95589128027 1205
1342 5.93047193349 0.526352396494 0.120772139857 1205
1343 4.80775009688 0.391069657498 0.371306296494 1205
1344 4.82416777546 0.105252240727 0.114099998137 1205
1345 7.82205757313 0.70484818556 0.446784509501 1205
1346 6.56258968667 0.141848568423 0.166470748152 1205
1347 3.3559599079 0.150584184863 0.105944093195 1205
1348 4.06963022906 0.0835067215025 0.653406949364 1205
1349 4.36659144525 0.14918530492 0.202794225656 1205
1350 4.32150345234 0.559696723161 0.0897326997597 1205
1351 4.58716874156 0.176471262149 0.0966946909132 1205
1352 6.12889790429 0.255153880777 0.803165557613 1205
1353 5.83831741911 0.190407491036 0.144851400865 1205
1354 5.86688534771 0.3107422219 0.339006809141 1205
1355 6.50902948516 0.58634238949 0.222191052687 1205
1356 4.35996101565 0.273130071564 14.8597497758 1205
1357 5.5945679271 0.516103054552 0.54933381983 1205
1358 4.74998591028 0.118401075656 1.69741436179 1205
1359 6.01666040182 0.359780811269 0.215687887805 1205
1360 3.89057096946 0.152892623042 0.115000400584 1205
1361 6.02637867085 0.497627442977 0.419405883811 1205
1362 2.99468946565 0.422842885617 0.0762792068802 1205
1363 4.72891715996 0.270352321358 0.131977835848 1205
1364 5.0411530598 0.111051596621 0.126112801334 1205
1365 5.55237679947 0.28877703353 0.304028973588 1205
1366 5.93261738747 0.430897758697 0.244992898121 1205
1367 4.48478099888 0.0949261104424 0.112161490327 1205
1368 5.27243755155 0.580834764152 23.5902937467 1205
1369 4.88907545561 0.0981009029118 0.824894242795 1205
1370 6.23088282949 0.725783138739 0.172586745153 1205
1371 3.37443984418 0.090235025383 0.266184402881 1205
1372 4.61331343917 0.142043084927 0.116906903045 1205
1373 5.61974256268 0.113910925034 0.348570039218 1205
1374 3.30573421148 0.0696695910333 0.10198917866 1205
1375 5.3615967359 1.02886836519 0.273664006837 1205
1376 5.92040979086 0.304859206543 1.69318519432 1205
1377 4.60124826879 0.456137432415 0.108103358788 1205
1378 4.55658835992 0.359003303611 0.094092908212 1205
1379 6.40109231139 0.152018822805 0.236231513214 1205
1380 3.689461202 0.0972994611663 0.165520920049 1205
1381 2.55543448298 6.08686145132 0.0945402917905 1205
1382 5.28883321881 40.0994686698 2.20208937048 1205
1383 4.28993175905 0.141037616531 0.115873007798 1205
1384 5.48341891657 3.35379347597 1.37180694883 1205
1385 4.05568783241 0.190605576832 0.2132777736 1205
1386 4.07651040362 0.337684475411 0.124333461363 1205
1387 2.96392620144 0.0876352284789 0.147384741461 1205
1388 7.20432397431 0.208141048164 0.175196204153 1205
1389 6.00707514955 1.12376875447 0.175575820669 1205
1390 4.22093950289 0.288469809006 0.12081362064 1205
1391 6.09658572897 0.629189536026 0.542671869374 1205
1392 5.36895225466 0.110986328446 0.288697462263 1205
1393 3.78765864279 0.18760657578 0.093254280572 1205
1394 3.52224220663 0.206894577628 0.264505934487 1205
1395 3.45465359257 0.163401938424 0.069138468179 1205
1396 5.44371365794 0.316698401438 0.144196698644 1205
1397 6.45324968354 38.8833910881 0.129378359006 1205
1398 5.02897095915 0.105180591279 0.328424572407 1205
1399 4.41305005876 1.78888093696 2.59884090878 1205
1400 4.31639446895 0.560763995119 0.218538521542 1205
1401 5.80198618316 0.180365007189 0.389518577382 1205
1402 6.54094278754 0.146363414419 29.6226958022 1205
1403 2.05506623114 0.53281776001 0.0546641941793 1205
1404 4.57071672574 0.206812933961 0.399056464069 1205
1405 4.81112797029 0.368179420751 0.366777561456 1205
1406 4.79828707211 0.197703468038 1.45637814631 1205
1407 3.77053804288 0.139337946689 0.0835051956353 1205
1408 5.41893552745 0.141702530821 0.269186887316 1205
1409 6.23453495737 0.437056359819 0.492588472879 1205
1410 4.24287317242 2.26244228945 0.148126619627 1205
1411 6.63459763651 0.158570471341 14.899793432 1205
1412 5.73577049116 0.16088160655 0.401657010704 1205
1413 4.21402144523 0.238372454899 25.3862346465 1205
1414 4.13498420692 6.14959912198 0.156270978911 1205
1415 3.5178770836 0.139947699405 0.157118235203 1205
1416 4.53870478507 0.105829749084 0.0981104062231 1205
1417 5.19886762307 0.170388905321 0.171459275946 1205
1418 5.49077104338 0.175066847367 0.245295515078 1205
1419 4.82771783711 0.102568530086 0.351426260042 1205
1420 2.82339184538 0.101992272929 26.0441543759 1205
1421 4.66089467374 0.118947960021 0.331717253884 1205
1422 3.65399605326 0.414274465079 0.408855644397 1205
1423 6.397445672 0.427901973872 0.185362473432 1205
1424 6.86928437105 0.236575605988 0.278392280253 1205
1425 5.27355901543 3.07390060668 0.181892272642 1205
1426 3.31140809087 0.175817127262 0.804527939324 1205
1427 3.90686551902 0.0865782385031 0.0940934586474 1205
1428 5.62346587907 0.126435324344 0.147899271893 1205
1429 4.91608350796 0.128507444198 0.0983252492429 1205
1430 3.31559717198 0.471087603992 0.199122231264 1205
1431 6.59428068641 0.144625301417 0.20139152021 1205
1432 3.80762809168 8.77571308942 0.110978567445 1205
1433 5.83223878174 0.835042779263 0.141618558158 1205
1434 3.47296285762 0.619179705069 0.291554833086 1205
1435 5.382461759 0.120585596972 22.2751877609 1205
1436 5.4496290422 0.146569788346 0.117853372357 1205
1437 3.29929453759 0.0719596341456 0.148399744791 1205
1438 5.85681201067 0.254838297542 0.124936163213 1205
1439 5.06582869515 0.112253024156 0.408458034478 1205
1440 3.95893920071 0.6997748173 0.0808021778608 1205
1441 4.6495134699 0.128564186864 0.224606741717 1205
1442 6.04538209201 0.244603958277 1.00901478104 1205
1443 4.4381316023 0.727466037735 0.638615034791 1205
1444 3.23438208022 0.206586589642 0.121766389828 1205
1445 4.95396808346 0.233026942396 13.9206604166 1205
1446 4.96807254505 33.5141370424 0.416970164625 1205
1447 2.80371253847 0.0693972084111 0.0659302226532 1205
1448 5.05607379084 0.736231757738 0.177865785434 1205
1449 4.71851358654 0.210763397254 0.241244368031 1205
1450 5.75783402622 0.966493592923 0.154371674489 1205
1451 4.9792827473 0.105649978031 0.276398252035 1205
1452 5.42792498348 0.666883722324 0.228119192723 1205
1453 5.33171355687 0.303208206212 1.45602687837 1205
1454 3.28527854642 0.116075846477 0.231231102848 1205
1455 2.38505930529 0.050938491996 0.0682190479587 1205
1456 6.8902529039 0.155130490925 0.153812017602 1205
1457 6.62284680827 0.174819400614 27.0195717914 1205
1458 3.88648679005 0.441863473403 0.0861806601156 1205
1459 4.26497598648 0.110546182057 0.139674861242 1205
1460 5.38123217623 0.119313642314 0.139478598526 1205
1461 3.30514520024 0.103393292769 2.65115811064 1205
1462 3.26191996031 0.0846306372719 0.0780325668169 1205
1463 2.9793956236 0.0754476039554 0.0744230910436 1205
1464 3.90930140723 0.10227467569 0.200683216341 1205
1465 5.84009411183 0.356470989688 0.165716196471 1205
1466 5.05463839033 0.125021352136 0.308248278428 1205
1467 6.95144231558 0.143929154931 0.208927250602 1205
1468 5.33573319334 0.116964789333 0.163541860336 1205
1469 4.71319867762 0.206692187795 0.289414802243 1205
1470 5.0536115648 1.11697916335 0.613647427185 1205
1471 7.02121246334 0.15522967129 0.576663237939 1205
1472 4.87924123906 12.0720633663 0.144844273191 1205
1473 7.46571760261 0.255516092812 0.730090675096 1205
1474 3.54342519808 0.710790356683 0.203093124303 1205
1475 5.93103921853 0.151296313348 0.430521320237 1205
1476 5.9553406385 0.136070962741 0.411528262192 1205
1477 2.96084670202 0.760336996909 0.145253144904 1205
1478 6.94867386941 0.403786551812 0.173729565837 1205
1479 7.55232679583 0.348521740798 0.244869792723 1205
1480 5.10999727626 0.126140458295 0.199000822045 1205
1481 4.82879686313 0.158215714307 0.258167724474 1205
1482 5.61908815299 0.219497619661 0.219035301278 1205
1483 5.40291310328 0.132997525633 0.409510077979 1205
1484 5.2967232785 0.41401802996 0.875208084148 1205
1485 5.02575505238 0.249292705787 0.118679017185 1205
1486 2.27825585603 0.0595273520115 0.0492421669602 1205
1487 6.96436591935 0.709064778362 0.342917594101 1205
1488 5.44752923741 0.114841671273 0.848864809659 1205
1489 3.415410423 0.143575233931 0.0787407375403 1205
1490 5.04193746742 0.185058202574 0.101866607923 1205
1491 5.48690038196 0.310373167621 2.21567272842 1205
1492 6.92067380061 0.3144061428 0.205980228917 1205
1493 2.04940294284 4.45284623273 0.052602205802 1205
1494 4.46138903949 0.0941902477703 0.14243452948 1205
1495 2.26222801378 0.0714037227653 0.058116167677 1205
1496 4.01497941303 0.23747673616 0.11685242486 1205
1497 6.52868410445 0.146258140584 0.349117615926 1205
1498 4.2746337608 0.134428590544 0.232731643724 1205
1499 6.12713476535 0.161772323676 0.148414562968 1205
1500 3.15055825176 0.212925270109 6.45194258118 1205
1501 5.75630378925 0.225824829686 0.117469891942 1205
1502 2.61268962785 0.273672977461 0.145357621114 1205
1503 4.09723577013 0.0862742276354 0.11231599838 1205
1504 4.95667535458 0.111497453294 1.41081890859 1205
1505 6.06989131677 0.215592472837 9.78766571529 1205
1506 7.74178625869 0.256573708026 0.242671456868 1206,1207,1208,1209,1210,1211,1212,1213,1214,1215,1216,1217,1218,1219,1220,1221,1222,1223,1224,1225,1226,1227,1228,1229,1230,1231,1232,1233,1234,1235,1236,1237,1238,1239,1240,1241,1242,1243,1244,1245,1246,1247,1248,1249,1250,1251,1252,1253,1254,1255,1256,1257,1258,1259,1260,1261,1262,1263,1264,1265,1266,1267,1268,1269,1270,1271,1272,1273,1274,1275,1276,1277,1278,1279,1280,1281,1282,1283,1284,1285,1286,1287,1288,1289,1290,1291,1292,1293,1294,1295,1296,1297,1298,1299,1300,1301,1302,1303,1304,1305,1306,1307,1308,1309,1310,1311,1312,1313,1314,1315,1316,1317,1318,1319,1320,1321,1322,1323,1324,1325,1326,1327,1328,1329,1330,1331,1332,1333,1334,1335,1336,1337,1338,1339,1340,1341,1342,1343,1344,1345,1346,1347,1348,1349,1350,1351,1352,1353,1354,1355,1356,1357,1358,1359,1360,1361,1362,1363,1364,1365,1366,1367,1368,1369,1370,1371,1372,1373,1374,1375,1376,1377,1378,1379,1380,1381,1382,1383,1384,1385,1386,1387,1388,1389,1390,1391,1392,1393,1394,1395,1396,1397,1398,1399,1400,1401,1402,1403,1404,1405,1406,1407,1408,1409,1410,1411,1412,1413,1414,1415,1416,1417,1418,1419,1420,1421,1422,1423,1424,1425,1426,1427,1428,1429,1430,1431,1432,1433,1434,1435,1436,1437,1438,1439,1440,1441,1442,1443,1444,1445,1446,1447,1448,1449,1450,1451,1452,1453,1454,1455,1456,1457,1458,1459,1460,1461,1462,1463,1464,1465,1466,1467,1468,1469,1470,1471,1472,1473,1474,1475,1476,1477,1478,1479,1480,1481,1482,1483,1484,1485,1486,1487,1488,1489,1490,1491,1492,1493,1494,1495,1496,1497,1498,1499,1500,1501,1502,1503,1504,1505
