1 0.949937331614 0.0385502277454 0.0368962012779
2 1.58584384013 0.0981290233793 0.0967309892814 1
3 1.74443704797 0.0903838711256 0.630113482585 1
4 2.08878779049 0.050940972381 12.9151697205 1
5 2.2841163593 0.0781847289506 0.0893019076247 1
6 2.86060009323 6.5587221957 5.85336933578 1
7 2.2344173477 0.0696652657184 0.51746213434 1
8 2.27318615802 0.814727146779 0.0460647004123 1
9 1.40366489572 0.0415147063777 0.0369556077438 1
10 2.3685238496 0.086161648974 0.626365246783 1
11 2.07588022315 0.0807986517491 0.0445920249237 1
12 2.33275483224 0.110383254617 0.100756028106 1
13 1.65692518 0.122204476793 0.075070839657 1
14 1.28670149694 0.0696308763372 0.492041028088 1
15 2.3000985422 0.0999767569182 0.419413664735 1
16 2.50298918573 0.0626401474684 0.0598616935183 1
17 1.87491184941 0.139110691048 0.0867268698716 1
18 2.31834620753 3.19017951957 0.0602614165915 1
19 2.39237988886 0.202131248757 0.246850676734 1
20 1.7796392034 0.139518235991 1.3253317395 1
21 1.25849914365 12.3133841681 0.0884204048374 1
22 1.5521273014 0.0331801060588 0.039363545595 1
23 2.17882794022 0.0517807153388 0.161293551547 1
24 1.25751095689 0.904954986997 0.0287020098996 1
25 2.10815302771 0.0520842834859 1.52150866807 1
26 2.33956023858 0.071358262319 0.0721352172588 1
27 2.82654853041 0.471523996461 0.118790819027 1
28 2.00809547208 0.0629351016785 0.0696465242506 1
29 1.53425664465 0.0482695050087 0.455554001202 1
30 1.46016248872 0.0355187137372 0.0576340180232 1
31 1.64046522381 3.64819546615 0.0693100862109 1
32 1.34087826546 0.0276754600212 0.0317369985914 1
33 1.62140728466 0.112097827772 0.0397536808474 1
34 2.25151852621 0.224026602557 0.125851958603 1
35 1.68160442342 0.0520399257883 0.254643005736 1
36 2.09198451979 0.165362273184 0.0510807228299 1
37 1.60672168816 0.049968789851 0.0564289397106 1
38 2.00210195567 0.174948575315 0.144052938532 1
39 2.68795833303 0.0936810183185 0.158187233961 1
40 2.27793708454 0.0520025941877 4.82086825919 1
41 2.35751296755 0.0571129507341 0.307310374873 1
42 1.82256805197 0.0726583802616 0.120555361297 1
43 2.78512662372 0.141570582101 0.0557183981496 1
44 2.23084620394 0.113111574493 0.094885723444 1
45 2.70834485932 0.105572778718 0.129994419832 1
46 2.41400939195 2.08288372068 0.176483835911 1
47 1.25560888554 0.0648246189 0.0430618095206 1
48 1.89307611832 0.0481587030869 0.0445655033872 1
49 2.63857892241 0.312958603791 0.169319633322 1
50 2.08396006597 0.0463422598951 0.0528057803011 1
51 2.97087416299 0.403017281176 0.154636850697 1
52 2.48549103888 0.12060428754 0.186115253008 1
53 2.38124848072 0.0849112736299 0.105378882517 1
54 2.0911344687 9.12845994675 0.0557668254018 1
55 2.72739720086 0.500047535273 0.0836667429129 1
56 1.65628324254 0.039132850781 0.0351777221446 1
57 2.35259375741 0.0691990533877 0.246278565631 1
58 3.20460476237 0.0985355857472 0.466957712545 1
59 2.59094764441 0.386730211488 0.52730039929 1
60 1.73057929852 0.0415428763175 0.171421164005 1
61 2.21164994747 0.0623953988678 0.0474391288278 1
62 1.79742723796 0.0416038123715 3.85353083563 1
63 1.44426478355 0.11672148679 0.0399570655015 1
64 2.64174136224 0.0647044252717 0.177780008642 1
65 1.54509371578 0.0901212876255 0.0351184558145 1
66 1.54906283936 0.0326146137242 0.0447651647111 1
67 2.7097656022 0.636403851879 0.239145772294 1
68 1.27220315351 0.0540132599222 0.236284742766 1
69 1.7535690311 0.0833999056231 0.074923834021 1
70 2.95967640544 0.0859617023295 0.335654462998 1
71 1.9229816015 0.0410885912077 0.0416775483433 1
72 2.24457057296 0.0671798269858 0.239939724834 1
73 2.49789343184 7.7226183152 0.0614528431741 1
74 1.56440664986 0.0409406746947 0.266341028494 1
75 2.30184561891 0.108193171065 0.0545672056488 1
76 3.07789448164 1.02073379612 0.0927414591668 1
77 2.16092173046 0.0526519157568 0.0958303533966 1
78 0.994357091266 0.034457649775 0.0214718945331 1
79 2.18650842471 0.0596231747198 0.0603202422936 1
80 1.46505289539 0.0461726077001 0.149666668939 1
81 1.94598007855 0.0512810768905 0.0703379421417 1
82 2.22665372184 0.052817381075 5.23631034716 1
83 2.97984170024 0.0882168615374 0.0766837858068 1
84 1.79570939516 0.046507119995 0.140200630145 1
85 2.06420800755 0.107067012821 0.239605605578 1
86 2.11905548247 0.152675186148 0.0449979237882 1
87 1.50846955715 0.0849231419686 0.0350515893575 1
88 2.57214601187 0.182268508938 0.887413753045 1
89 2.25618729397 0.0495474243742 0.0653172183051 1
90 1.35335441721 0.064872778579 0.102679060788 1
91 2.41482811591 0.120340993759 0.0547360117958 1
92 2.17442287767 0.199293067367 0.144041028309 1
93 2.11527087209 0.164090001227 0.0516398060976 1
94 0.846270065978 0.0337677253973 0.0256709065277 1
95 1.93247057124 0.0624734374848 0.0468104234368 1
96 2.25144952151 0.327690364027 0.0527068258995 1
97 1.61615046187 0.185398400048 0.166614074186 1
98 2.29617184044 0.112812632534 0.10655956926 1
99 2.07780438021 0.047953062331 0.0537356306269 1
100 2.18588248287 0.0629166468249 0.0660453607216 1
101 2.35656192489 0.187679207354 0.590296857176 1
102 1.87101599003 0.0638844163336 5.06145848511 1
103 1.70715662179 2.52413380713 0.0541277793192 1
104 1.14401049849 0.0245283434278 0.0342686961353 1
105 2.15813867387 0.428051735935 0.388384791193 1
106 2.26009015439 0.0660723550761 0.0534139173888 1
107 2.33467327157 0.730179909271 0.080117537973 1
108 1.85561406943 4.29748341569 0.0390891728333 1
109 2.26451686871 0.136509783537 0.283030256577 1
110 2.5381298811 0.201881114854 0.130606366429 1
111 1.50171813495 0.0644343717248 0.0306696925089 1
112 1.90912299549 0.0592807601134 0.0549848261426 1
113 1.51550833126 0.0466524236458 0.0353967188233 1
114 1.98361171818 0.0463126767488 0.0438006217497 1
115 2.25029009903 0.565587239867 0.622630078894 1
116 1.64619315031 0.0339598345293 0.0788685272217 1
117 2.67120449903 0.143873388546 0.0755649138829 1
118 2.38932866382 0.0569703127707 0.134943780326 1
119 2.13931854982 0.58567424562 0.0746384551836 1
120 1.64210264127 0.0546471385132 0.0364597215028 1
121 2.28887567399 0.098815699059 0.221015478902 1
122 2.33234432858 0.351160450227 0.0831279251806 1
123 2.20905487794 0.0596491337563 0.558119542909 1
124 1.58010846839 0.0666874237134 0.0814000045267 1
125 2.35264735685 5.27867965019 0.0506491972554 1
126 1.38710776055 0.0360377278844 0.0886286755819 1
127 2.20341183267 0.190838635388 0.400192366441 1
128 1.94020054285 0.151537866438 0.202351480056 1
129 2.44997939288 0.0711867900554 0.116809267281 1
130 2.51390912344 0.213228102475 0.0806588769424 1
131 1.58536844152 4.00175419405 0.0957969841651 1
132 2.18561127571 0.157912051788 0.0619503338482 1
133 1.97192495505 0.155850963896 0.06627539589 1
134 1.56490971514 0.034725851556 0.268443863121 1
135 2.0584484684 0.0434894765562 0.186306121034 1
136 1.61337418884 0.0545680437425 0.322116702089 1
137 2.9313042465 0.736336241942 7.84521649263 1
138 1.89559951395 0.046915956866 0.0467508851026 1
139 0.717737838728 0.0214070785051 0.0258278179206 1
140 1.99462090541 0.176047947765 0.066093869759 1
141 1.37314896349 0.0475992201616 0.0370030183962 1
142 2.63972878406 0.0590851628048 0.0846877359152 1
143 1.40567055266 0.0558581411705 0.0288338594921 1
144 2.02018744575 0.0947558186076 0.0577141980954 1
145 2.3763241275 0.119462317007 0.309617051155 1
146 1.56682736391 5.929312907 0.0407678286145 1
147 2.38577921926 0.0545044384299 0.0710192083225 1
148 2.17982283826 0.0452218925014 0.105914269052 1
149 2.99186502356 0.107160209813 0.459066719725 1
150 3.23256142829 2.84730851068 0.168928468599 1
151 1.68561323563 0.0609418069876 0.0456910203838 1
152 3.14110454313 24.8851812408 0.0777768030099 1
153 2.3837701611 0.0477572791607 0.12054316282 1
154 2.93961046512 0.0593184402016 0.0839470011983 1
155 0.911016005304 0.0226115902723 0.0269492218553 1
156 1.62897980308 0.114782805637 0.0415383199138 1
157 1.93290041082 0.0656808695446 0.0438141224696 1
158 1.58982584818 0.0374686456302 0.0525798147169 1
159 0.987289734055 2.98582113157 0.0273790088231 1
160 1.8636487775 0.0953475884289 0.252537353302 1
161 1.18179786969 0.0306196872225 0.0813369217506 1
162 1.34190981757 0.184953706622 0.165960793575 1
163 2.03887147148 0.0516743581954 0.0447953673087 1
164 1.46231531194 0.035493471538 3.53939954055 1
165 3.24949019632 6.89763648802 0.0734879537289 1
166 2.43130959817 0.163524233868 0.180455455163 1
167 1.5611056501 0.154587674376 0.0336316022405 1
168 2.23634041879 0.0902915112537 0.0900047470946 1
169 1.56890897523 0.04342224236 0.0442833775476 1
170 2.1542983739 0.0928768776583 0.0966923293796 1
171 1.46908850679 4.34287786924 0.0876231218487 1
172 2.84163342486 0.0699432059611 0.289762604737 1
173 2.15183768844 0.0937630868927 0.0532060619923 1
174 2.29854860042 0.154900047131 0.104205225332 1
175 0.86344831148 0.0196701638794 0.0816965272874 1
176 2.16594387769 0.0846735620961 0.0740119201194 1
177 1.78815723785 0.0816062414829 0.0467882343487 1
178 1.59128249751 0.227655642925 0.108168188407 1
179 1.74045468057 0.159032539447 0.117157487171 1
180 1.82570864748 0.0604001238609 0.070912970033 1
181 2.16452806703 0.0598661362491 0.0443731886784 1
182 2.13672152899 0.347911573494 0.0541693921804 1
183 1.28844780193 0.0568246057003 0.0778336263711 1
184 2.13996379816 0.0665950487686 0.398166864247 1
185 2.4330081556 0.0620794534575 0.0824147060371 1
186 1.89040815646 0.0382935022804 0.0485318591923 1
187 2.40663909787 0.344931623138 0.985561413514 1
188 2.49164807278 6.72936136893 0.124904525154 1
189 1.78026053946 0.0869948056087 0.241238827283 1
190 1.5833952235 0.0395213999698 0.055625145456 1
191 2.29816922508 0.0496145481102 0.122777815313 1
192 1.66155361195 0.163498830455 0.0492627986791 1
193 1.87038258675 0.050594449734 0.105071135954 1
194 2.12152993485 0.061739444265 0.128364172294 1
195 2.07138947005 0.0513155043594 0.0619439177832 1
196 2.21329792589 0.080383850956 0.0606016634891 1
197 1.9683056087 0.0827609070936 0.0451429984765 1
198 1.77945905606 0.162015890996 0.0402843188975 1
199 1.95789259848 0.055108012172 0.0522812334696 1
200 1.75759374312 0.129137931589 6.7921788572 1
201 2.08587059107 0.0552915145538 0.091611224817 1
202 0.970169607336 0.0531322014667 0.0290448298162 1
203 1.87297092672 0.0414262909804 0.0422266274132 1
204 1.81366793291 0.134301107141 0.25586040519 1
205 2.58874231517 0.0536377506398 0.0975356431933 1
206 1.45248517299 0.0430931458964 0.0390832684296 1
207 2.04879363902 0.136242235454 0.0605921526796 1
208 2.49535186904 0.24162281159 0.734218551961 1
209 2.15376384857 0.0498543408889 0.0510491133978 1
210 1.99122610179 0.0619346428769 0.0867586707604 1
211 2.58566423696 0.494029958502 0.0702832807349 1
212 2.40670226001 0.130352032374 0.0558800298982 1
213 2.07395852919 0.0574440643014 19.3230879055 1
214 2.09902389209 0.191486025677 0.0567002275105 1
215 1.29228292853 0.0753332452943 0.169576609769 1
216 2.57990421613 0.181081688732 0.0718213370499 1
217 2.67974423231 0.621200706238 0.133002811832 1
218 1.94638776776 13.2219404608 0.304100439739 1
219 2.25606401289 0.117667811354 0.0650092542823 1
220 1.87284627036 0.198648645454 0.082293307664 1
221 2.06658827734 12.5638700678 0.0949087487611 1
222 2.57262933816 0.0597612194677 0.0909405470147 1
223 2.47357706757 0.256131581536 0.112828456195 1
224 1.4281170338 0.642986109015 0.07356796324 1
225 1.22157311957 0.0546739301027 0.0822427112592 1
226 3.06168499846 0.173801403694 0.722253937113 1
227 1.98115666391 0.0454921418715 0.155143308833 1
228 2.18231446239 0.0861199508601 0.0542862889369 1
229 1.71599681072 0.0902022136727 0.131307790959 1
230 1.74191125359 0.295374793005 0.106041886854 1
231 3.02340414478 0.24633230176 0.304292751166 1
232 1.73751724001 0.312513738203 0.650280343274 1
233 2.51123490415 0.138817024582 0.0622106639869 1
234 1.66506706895 0.0387139130798 0.0564622139262 1
235 1.34624264229 0.0280134699962 9.55964322019 1
236 1.48678009356 0.0351286726504 0.0509325228931 1
237 2.58733277238 0.473723285431 1.42450411298 1
238 1.92911330887 0.0473609027794 0.0389698324599 1
239 2.24459780309 0.0574521817663 0.0470303955815 1
240 1.54735736467 0.118633652358 0.0345388083542 1
241 1.47336317534 0.0893160654613 0.1564657593 1
242 1.77013229132 0.0360272245411 3.3257338555 1
243 1.63148145922 0.100285234045 0.0508927146948 1
244 2.47755383096 0.113026650724 0.104614902658 1
245 2.11595625738 0.0454253275634 14.0234238821 1
246 1.85123812283 0.103213082626 0.0496502604592 1
247 2.12183136616 0.168527604456 0.815100934043 1
248 2.02846640519 0.0492396903043 0.061096692034 1
249 2.05809387721 0.0784381211046 0.0547824388301 1
250 2.2477207176 0.0627337663401 0.0499862479375 1
251 2.16924136113 0.119826364036 0.0444066669558 1
252 2.20509276687 0.0818523318759 0.0831446766784 1
253 1.98855949425 0.0617557735406 0.764116576586 1
254 2.45145106994 0.299804507076 0.161603230444 1
255 2.44418337195 0.0700240687508 0.119125426192 1
256 2.14898930904 0.0685792654444 0.0680627743002 1
257 1.47116156371 0.334554979416 0.0437485305406 1
258 1.70175131031 0.0905295016573 0.038430191171 1
259 2.32311801817 0.0668244290405 2.19421995462 1
260 1.1032979874 0.0240761210666 0.0469492723771 1
261 1.81951589337 0.301788089012 0.0452389111026 1
262 2.81483539464 0.0808867022729 0.0905010167453 1
263 1.95987915362 0.0414214524416 7.13073101725 1
264 1.87491563237 0.0462418873045 0.280467731854 1
265 2.0345653261 0.0607934431106 0.0651600479693 1
266 2.6469481234 0.0641506714033 0.29920084654 1
267 2.16542355913 0.140125623246 0.0498095261405 1
268 2.03219735354 0.117638502048 0.111920342712 1
269 1.73362875881 0.129601797177 0.0695850061602 1
270 1.63876532351 0.0356698796554 0.101654631205 1
271 0.944163752517 0.0351881203608 0.0339030880908 1
272 1.89923706862 0.0559006026851 4.29126746874 1
273 2.54340949987 0.0579603663589 0.120680681152 1
274 2.55564069267 0.175196682304 0.0641373789942 1
275 0.936441744048 0.517113409607 0.0828740138188 1
276 2.12257852433 0.0508852490835 0.73171338256 1
277 1.72408603784 0.0402591043284 0.644420701606 1
278 1.39176033221 0.0314237764373 0.0380905488223 1
279 1.91622610594 0.0600910237255 0.0492502949499 1
280 1.70995367065 0.223088563794 0.0522182782502 1
281 2.31531332012 0.212095989486 0.394010589344 1
282 1.62305860382 0.0455370712479 0.0514410025423 1
283 1.8569038503 0.0698458755372 0.0410499110553 1
284 1.59882404951 0.048654356179 0.0412858609463 1
285 1.07797150588 0.0367628358116 0.0235413137198 1
286 2.46458406936 0.095868485487 0.0548712550991 1
287 1.99861258352 0.200332401878 0.156442115217 1
288 2.31366261263 0.117398847637 0.0655123317325 1
289 1.54661235915 0.116968728093 0.212853937715 1
290 2.06926314646 10.6734011256 0.0746749776371 1
291 1.78127717275 0.0517789681401 0.24255482055 1
292 3.19231364323 0.0848849065447 0.0753179460417 1
293 1.22207125461 0.0297321617203 0.0434520011462 1
294 1.37963020454 0.0613726801483 0.065171804878 1
295 0.94794848488 0.051800396606 0.0522545214878 1
296 2.47829311098 0.282815494115 0.12873317232 1
297 2.71606563627 0.192840905282 0.830576362382 1
298 2.06287011138 0.0476181192822 0.590456818808 1
299 2.31360396183 0.150948815867 0.0649524306617 1
300 2.6594219617 0.0729081487651 0.276322397548 1
301 1.56238898776 0.196400500923 0.443291862941 1
302 1.32609473254 0.0619149787207 0.0917646443908 1
303 1.26727770527 0.028724603394 0.942481707961 1
304 2.36063978785 0.196018573496 0.0620555601598 1
305 2.87261782229 0.0829630466604 1.74420496609 1
306 1.76700651799 0.101555821855 0.176983241048 1
307 1.94782447129 0.119264542872 0.0516649812696 1
308 1.89642609608 0.0416022644689 0.0395388688332 1
309 2.17036551075 0.0699019923898 0.0446268294941 1
310 2.8551325861 0.076978145933 0.110401477187 1
311 1.99643033323 0.066190742465 0.190748706368 1
312 3.19073983185 0.0729548608887 0.117949703814 1
313 3.311636206 1.66141491025 0.107865535069 1
314 1.8710439952 0.0464401937044 0.0383282102245 1
315 2.82014678483 0.120280322684 1.11470091189 1
316 2.39237364839 0.510139142324 0.121068824842 1
317 1.38879266109 0.0409427123713 0.11215396923 1
318 2.18169621668 1.02017383946 0.429228858183 1
319 2.09260219105 0.171656370523 0.0615958056591 1
320 2.26133196729 0.0631610925757 0.0764425090777 1
321 1.82909519151 0.0443190506753 0.0931672596435 1
322 2.24050683914 0.0709782598023 0.0448146608984 1
323 2.52732160845 0.0778077491248 0.090466552411 1
324 0.362011495971 0.00831007565282 0.0605490963396 1
325 2.48545385873 0.0567307333579 0.0828651291685 1
326 1.51765229603 0.0315290813516 0.0343690997126 1
327 1.64243257637 0.954519188518 0.0434669866028 1
328 1.11315613856 0.0888282167579 3.64346015087 1
329 1.48321646681 0.0373443737178 0.0417909942551 1
330 2.20181204772 0.130073691902 0.0487684915116 1
331 2.02143530246 0.0418169545069 0.0433612543902 1
332 2.22228889747 0.0452982951446 0.0580987581702 1
333 1.6274669282 0.0377964523141 0.0346775922205 1
334 2.4827279603 0.272590578397 0.0655388493051 1
335 1.81236821531 4.90942425273 0.0773355381611 1
336 2.5343020516 0.0835379169873 0.114898780277 1
337 1.5452775689 0.0344249270256 0.0581730797936 1
338 2.04037838592 1.54945696431 0.299155185467 1
339 2.2429431472 0.589606094719 0.0902351928738 1
340 1.33095237322 0.0512047858766 0.0978387523995 1
341 1.8370065151 0.0500255967669 0.322084788345 1
342 2.10014486417 0.0649528116274 0.409159673735 1
343 1.88781109972 0.052031478637 0.0664107839535 1
344 2.08245218135 0.0448488819866 1.13070587748 1
345 1.6168652037 0.0354425891033 0.0372765866207 1
346 1.61431636046 0.130848054349 0.0346424512005 1
347 1.30454225262 0.0508901821145 0.0299346886437 1
348 2.0698596616 0.0503422690025 4.76072504723 1
349 2.87779575882 0.109874079399 0.320392342156 1
350 1.16654942323 0.0271688832663 0.0495828508498 1
351 1.7661695141 0.0943804042534 0.0570020263889 1
352 1.30597113617 0.0419676689466 0.058063673148 1
353 1.78472422466 0.148406467366 4.89811840862 1
354 1.69915218232 0.230731716616 0.072170251589 1
355 2.3317627678 0.06735158834 0.06747237291 1
356 2.90048618492 0.101655677162 0.0808175946906 1
357 1.87975178016 0.0568227337887 0.302524177523 1
358 0.833720660477 0.0655024411835 0.0256358756446 1
359 1.8189852213 0.602891433321 0.113600824059 1
360 1.75106261523 0.042738097491 0.0631897376016 1
361 1.89606572791 0.313719763676 1.15197643051 1
362 2.64209436321 19.9198374342 0.194944673269 1
363 1.2345357078 0.0339002324404 0.0622014142047 1
364 1.91967972169 0.051337435816 5.29245616923 1
365 2.57338741377 0.480396691125 0.123918439524 1
366 2.40662579939 2.37362274507 0.127841274549 1
367 2.0294758102 0.368761862845 0.0732783256243 1
368 1.85925325494 0.0653937978803 0.140721365515 1
369 1.91756410694 2.87305541556 0.0870040185867 1
370 2.86812460899 0.628022155019 0.063546422277 1
371 2.12923403501 1.01010179973 0.0836206879404 1
372 1.1613662223 0.159334012709 0.0311680086434 1
373 2.04393038037 0.0720599677978 0.0550879838471 1
374 1.32364172317 0.0397826532391 0.0604574013511 1
375 1.67851168645 0.136285908571 0.0394532874558 1
376 1.66544587648 0.0981030314736 0.0415581298344 1
377 1.77035701322 0.264250609373 0.236038192384 1
378 2.50935234361 0.167711572326 0.0620835103537 1
379 1.78638380915 0.0451361041181 0.409454492955 1
380 1.87922651298 0.042869342186 0.0726215179907 1
381 1.60403410816 0.226200499615 0.0462584320555 1
382 2.05669731436 0.0540182282698 0.103157638752 1
383 1.78625070651 0.226215348184 0.175658786763 1
384 2.26802322832 0.0456663565249 0.0499350704645 1
385 2.23818052499 5.11747961921 0.158832862487 1
386 1.85142308603 0.0402558878572 0.0483934700897 1
387 2.38295326008 0.0566424461103 0.147211047904 1
388 2.25193470281 0.186390377502 0.361942338365 1
389 1.50370870966 0.034422825299 0.235455688034 1
390 2.83825470852 0.253703232288 0.418194225243 1
391 0.903850656767 0.0199331369564 0.357255389535 1
392 1.56170639786 0.0559709275638 0.0881272747758 1
393 2.17771774873 0.0660477321839 0.174100528993 1
394 1.67475642797 0.0836705588183 0.0338945950437 1
395 2.59110451171 0.239025600064 6.796852528 1
396 1.32546472252 0.091808828632 0.133557767397 1
397 2.20611571698 0.075252845102 8.54421883783 1
398 2.05193428214 0.0502000985428 1.55025155994 1
399 1.69409491458 0.168084558345 0.151489286667 1
400 2.06823821247 0.0570939170676 0.187567377829 1
401 1.42186440285 0.0536096410026 0.0697906533081 1
402 1.75317024154 0.085654511126 0.148727868385 2,3,4,5,6,7,8,9,10,11,12,13,14,15,16,17,18,19,20,21,22,23,24,25,26,27,28,29,30,31,32,33,34,35,36,37,38,39,40,41,42,43,44,45,46,47,48,49,50,51,52,53,54,55,56,57,58,59,60,61,62,63,64,65,66,67,68,69,70,71,72,73,74,75,76,77,78,79,80,81,82,83,84,85,86,87,88,89,90,91,92,93,94,95,96,97,98,99,100,101,102,103,104,105,106,107,108,109,110,111,112,113,114,115,116,117,118,119,120,121,122,123,124,125,126,127,128,129,130,131,132,133,134,135,136,137,138,139,140,141,142,143,144,145,146,147,148,149,150,151,152,153,154,155,156,157,158,159,160,161,162,163,164,165,166,167,168,169,170,171,172,173,174,175,176,177,178,179,180,181,182,183,184,185,186,187,188,189,190,191,192,193,194,195,196,197,198,199,200,201,202,203,204,205,206,207,208,209,210,211,212,213,214,215,216,217,218,219,220,221,222,223,224,225,226,227,228,229,230,231,232,233,234,235,236,237,238,239,240,241,242,243,244,245,246,247,248,249,250,251,252,253,254,255,256,257,258,259,260,261,262,263,264,265,266,267,268,269,270,271,272,273,274,275,276,277,278,279,280,281,282,283,284,285,286,287,288,289,290,291,292,293,294,295,296,297,298,299,300,301,302,303,304,305,306,307,308,309,310,311,312,313,314,315,316,317,318,319,320,321,322,323,324,325,326,327,328,329,330,331,332,333,334,335,336,337,338,339,340,341,342,343,344,345,346,347,348,349,350,351,352,353,354,355,356,357,358,359,360,361,362,363,364,365,366,367,368,369,370,371,372,373,374,375,376,377,378,379,380,381,382,383,384,385,386,387,388,389,390,391,392,393,394,395,396,397,398,399,400,401
403 2.14520845699 0.0453967273104 0.16959887855 402
404 2.12546152555 0.648345242486 0.0610556557619 402
405 2.2784821448 0.0737104075474 0.078509545547 402
406 1.80651087052 0.0480760113002 0.0877457018051 402
407 3.23607393295 0.570766031522 0.0889070659936 402
408 2.66791486026 0.0715175093516 0.0923478948267 402
409 2.56663776395 0.054687693718 6.90702187082 402
410 1.82878410921 0.0438375987481 0.0369168905135 402
411 1.55853923359 1.76732076508 0.0412725456234 402
412 2.1219217261 0.0600625151324 0.0795932195695 402
413 2.13290910958 0.0535916550828 0.61710083229 402
414 1.75221096221 0.922148731666 0.101581388604 402
415 2.33278491939 0.0471394088495 0.618593973622 402
416 2.04115836812 0.272644732472 0.0574140449961 402
417 1.39341982351 0.038653228924 0.0606501630625 402
418 2.91268056456 21.6002710977 2.70024880368 402
419 2.88395060409 0.13773306112 0.0594075259388 402
420 1.86574859653 0.0425399566217 0.0479544320028 402
421 2.57428961123 0.471054986731 0.142585395616 402
422 2.27553992948 0.0735129214982 0.0523020406818 402
423 1.60271783203 0.44898435902 0.0598171869295 402
424 2.21702100917 0.103703595824 0.0531043483734 402
425 2.19380583344 0.0625687047462 0.229204504755 402
426 2.92227060682 0.50587214334 0.084974123378 402
427 1.32048319262 0.0355202540814 0.0506257995781 402
428 2.37539146835 0.229802645734 0.424445098749 402
429 3.0356335076 0.091246553368 0.0644070926077 402
430 2.34388489681 0.327935395794 4.13577911762 402
431 2.26738529359 0.148946508916 0.157597143734 402
432 1.66939186623 0.107871996649 0.250631941091 402
433 0.821314294783 0.0399621248946 0.027723427635 402
434 2.35947118914 14.6308740761 0.0827975380608 402
435 1.88417526594 0.0532057165209 0.208598479408 402
436 2.11231188559 0.0433370286364 0.0473367587314 402
437 2.50582230403 0.320168127903 0.653893100338 402
438 1.5161490681 6.32116102766 0.047526670057 402
439 1.28718247535 0.0354580754745 0.271194637614 402
440 2.3186743811 0.0677344243994 0.519471880747 402
441 1.59240827478 0.0950233704064 0.0437494868216 402
442 2.65806793848 0.0651099749097 0.0547666339449 402
443 2.47791081838 0.0756854584531 0.0694165294002 402
444 2.01013504957 0.0411897771574 0.216307825096 402
445 2.16893586545 0.0912494605332 0.044562600526 402
446 1.8451987654 0.136494498576 0.0520851277931 402
447 2.58110334363 0.343934173181 0.177645818895 402
448 2.25221592804 0.176866706113 0.106471155976 402
449 2.2857340405 0.0882429704454 5.32583361087 402
450 2.87336665571 0.0977197118024 0.13932223722 402
451 2.31902414926 0.253824148244 0.12679506214 402
452 1.94885664693 0.0733461704365 0.0506734627255 402
453 2.0693324454 0.0777314673908 0.0440999410281 402
454 1.9770673274 0.0907399183192 0.081192560406 402
455 1.55827804989 0.526174121404 0.442411542745 402
456 2.39722195113 0.0920570341274 0.109613349788 402
457 2.35062547493 0.149849297672 0.0524704617044 402
458 2.59263751221 5.00518481844 0.321966865041 402
459 1.65491352576 0.0371742326737 0.0667806253333 402
460 2.34929951932 0.493763698161 0.0815313117178 402
461 1.36555604847 0.132165620702 0.0433852718511 402
462 1.11476988884 0.0292866695008 0.0276125830981 402
463 2.5166230709 0.0615590994438 0.158020621709 402
464 2.54593879357 0.08674227143 0.0774971731838 402
465 1.0060913163 0.0235261522263 0.0449060901287 402
466 2.25302765912 0.0507110298612 0.0579858106426 402
467 1.69409790592 0.1048931249 0.0343516282796 402
468 2.75920709025 0.069165026385 5.85158139534 402
469 1.86311758617 0.0513172109557 0.509269733148 402
470 1.99510204357 0.173125808494 0.0989722280753 402
471 0.778976699944 6.46988844214 0.0380638700967 402
472 2.43937081788 0.0617217622304 3.94459790331 402
473 1.69029232256 0.0669348923357 0.187048765712 402
474 2.34860223404 5.4504516401 0.109470766535 402
475 1.38248251268 0.0399183198261 0.0676307119456 402
476 1.92614887646 0.105890595866 0.0616342517956 402
477 1.53004077999 0.0669414852812 0.800438843397 402
478 1.90250456978 0.0412615154214 0.892901685412 402
479 2.17936579422 0.0554000615781 10.2689685945 402
480 1.63888020243 0.0406817528013 0.0538844515505 402
481 2.84368467923 0.132085884875 0.0600852643348 402
482 2.39507969374 0.0515052803836 0.0577025368608 402
483 1.8078654682 0.0481595319275 0.0420374743508 402
484 2.93698356612 0.100047045469 0.0726844393024 402
485 2.64123311908 0.0928470940454 0.0684997641328 402
486 1.64928544381 0.103211302015 0.0364473772365 402
487 2.34564098687 0.0516604869634 0.0544687949575 402
488 2.27790638878 0.0940446334007 1.41145883507 402
489 1.3758588875 0.0279303198204 0.125406286465 402
490 1.93200234454 0.125983092273 0.084648839996 402
491 2.40413204017 0.060706391851 0.729762708481 402
492 2.13027425303 0.123581163429 0.745276682378 402
493 1.58961673155 0.062274054421 0.0910189867369 402
494 2.3725200624 0.168384827805 0.109262587543 402
495 1.53494570695 0.0535356679976 0.139771952981 402
496 2.33756778406 5.55107285112 0.059556910109 402
497 2.16015433165 0.96538039771 0.055036456228 402
498 1.8470045067 0.0514286964048 0.222236482191 402
499 3.3793069636 0.191375162246 0.113916915919 402
500 1.81324498087 0.124281833571 0.263725056339 402
501 1.70169705909 0.200684598882 0.80474783987 402
502 2.9646326896 0.0945968750828 0.181177304152 402
503 2.37234139843 5.42179949446 0.0871009754694 402
504 1.56783927221 0.0334848301981 0.21958633524 402
505 1.88633209993 0.0679692661748 0.173491377959 402
506 1.64355826344 0.27110437238 0.0421525062671 402
507 1.62239924931 0.111376453629 0.0429357555539 402
508 3.06355185195 0.12435509728 0.239242184259 402
509 1.34262277174 0.0989996825951 0.0878498444464 402
510 2.15526570035 0.115634481459 0.0495048182311 402
511 1.40750166649 0.0311702153336 0.0291869584989 402
512 2.45198963632 0.188843157573 0.213036863894 402
513 1.55151976957 0.09883735096 0.0582297871405 402
514 2.1033580341 0.19695369427 0.114706627888 402
515 2.03021928759 0.0611342043228 5.56343313564 402
516 3.35167449027 0.519132316466 0.505327925865 402
517 1.99316735159 8.27193783784 0.0416235461016 402
518 1.55860011859 0.124804215463 0.275554106513 402
519 1.57650216307 0.0841272837753 0.0384420971121 402
520 1.28777765394 0.0291176529549 0.0277305399583 402
521 1.70406407951 0.0384230699135 0.0690445437451 402
522 2.13472307531 0.103423284582 8.69827343945 402
523 1.47303030152 0.0406429758186 0.0592673034868 402
524 2.66868224617 0.333583964647 1.01146862199 402
525 1.91535194186 0.0783477856651 0.216668711026 402
526 1.64306390058 0.0585907589569 0.0337999566512 402
527 2.72703356501 0.0717993533218 0.0992335360964 402
528 1.87911692276 0.146480519505 0.0540107526336 402
529 2.01761262105 4.15345785656 0.0960816634876 402
530 2.44435446698 0.0838751079999 0.0531574752185 402
531 1.86815120421 0.11633565482 0.201965320322 402
532 1.86409155209 0.213442991257 0.0421959703399 402
533 1.42849907136 0.122251264438 0.0323715313432 402
534 1.31179008486 0.0694091431443 0.0460740221699 402
535 1.97603607074 0.104342590827 0.475086488039 402
536 2.14572816434 0.466350114508 0.120539195278 402
537 1.68241880745 0.0534710785977 0.0601376794683 402
538 1.40753096458 0.165370911977 0.0711816521387 402
539 0.905008451227 0.0186293940241 0.264787534943 402
540 2.47547398121 0.591650846999 0.0767095152365 402
541 0.932462950793 0.0496719648719 0.0799799249456 402
542 2.87689302719 0.101875034617 3.32175735572 402
543 2.23797320117 0.0800373611195 4.50652019443 402
544 2.36416191634 0.0626960511272 0.389487983233 402
545 1.88564302786 0.275852089015 0.0598546795957 402
546 1.27229368145 0.0758794163376 0.318854251031 402
547 2.55460394402 0.056580144026 0.0515431494343 402
548 1.63455182665 11.8377039328 0.148241925675 402
549 1.93147557164 0.35891758009 0.171174832178 402
550 1.91408619454 0.0398366082615 0.0432877460016 402
551 1.73308220307 0.0425868983305 0.0402389891593 402
552 2.04459266437 0.0877181362016 0.156243106806 402
553 2.60059149146 0.054647328008 0.082311125286 402
554 2.08411015978 0.246236428644 4.38913266168 402
555 3.13597373434 0.108943700037 0.0707066526021 402
556 1.68100194977 0.177032461517 0.0439891539151 402
557 1.55049409905 0.165139615444 0.132492899684 402
558 1.32177683016 0.0358779859678 0.719971823776 402
559 1.90633056036 0.0418400159953 0.06428788705 402
560 2.97394734 0.071031420357 0.0678138463518 402
561 1.82929259216 0.0854109761429 0.074115103894 402
562 2.54745314583 0.197491511664 0.406060612775 402
563 1.93909624798 0.0438789767187 0.0404601582851 402
564 1.22317891616 0.0321163047895 0.0365154439703 402
565 1.90417943418 0.138143949541 0.0552666087327 402
566 1.96428349606 0.0828854713496 0.0442058454008 402
567 2.13456491393 0.0524819926581 0.0623897992343 402
568 1.9075460862 0.041083812067 4.52956698864 402
569 1.53465281981 0.0324942926505 0.155069553439 402
570 1.47019666364 0.0593692433846 0.0324984342526 402
571 1.2974570921 0.0566792658134 0.0284171081583 402
572 1.43628960387 0.0347846389758 0.0441269460653 402
573 2.22322641338 0.133675057564 0.18623352523 402
574 1.90598411382 0.0422458844877 0.0713306258016 402
575 1.2399663641 0.0296956842189 0.0972011985613 402
576 2.25584169649 0.0868161681509 0.06858835687 402
577 1.63449551329 0.359407865492 0.0818532781583 402
578 2.13696432746 0.0661782295298 0.165732523394 402
579 2.12031216496 0.113602923947 0.043024893302 402
580 2.63863913812 0.173429408346 0.0529993523906 402
581 3.08044957255 0.0678728863401 0.0748971629014 402
582 1.90928835634 0.0509510701598 0.0702967189793 402
583 2.54228654677 0.0688799449738 0.189026233599 402
584 1.46467403716 0.0394792143681 0.0359980073499 402
585 1.44030563454 0.0322274259334 0.0437442408479 402
586 2.1042162415 0.156829244841 0.0440929487727 402
587 2.400073286 0.0543623064376 0.76119391871 402
588 1.37600423868 0.0518587821292 0.227331957684 402
589 2.70911705445 0.0618753534485 0.275856547115 402
590 1.39816747666 0.0568014123096 0.0409920026966 402
591 2.55972386106 0.0959560823403 0.12788064001 402
592 2.05439614624 0.0557619540692 0.0449364946263 402
593 2.32776822367 0.149159774439 0.0752558818456 402
594 2.09915904896 0.0551581877991 0.0519812793346 402
595 1.83095124381 0.0530440450623 0.216973591764 402
596 2.39045174999 0.0729098820868 0.225434601966 402
597 2.02379388979 0.0620819576816 0.0589248826549 402
598 1.49855603665 0.0498169163425 0.249901178414 402
599 1.95067510404 0.111388906489 0.0952269420962 402
600 2.65260543046 0.076009887785 0.59949975717 402
601 1.82499453571 0.0708001900118 0.0641076260628 402
602 2.11921429957 0.0945965861241 0.469860061683 402
603 2.12859481055 0.126162220424 13.5045528005 402
604 1.57401539603 0.0421274560999 0.714395055227 402
605 1.80740300189 0.0792678528581 0.195352153473 402
606 1.77089319376 0.0421854383888 0.0735790952826 402
607 2.20358061112 0.0616452789182 0.0590962259349 402
608 1.62387757724 0.0753023972592 0.285835836889 402
609 1.86059008557 0.0533098060574 0.0402924947819 402
610 1.58787663296 0.0528022143065 0.11044236624 402
611 2.01501395377 0.0873516057513 0.0488486988368 402
612 1.4605700456 0.0375618823727 0.154636537421 402
613 1.61504755898 0.0394261038152 0.182267980897 402
614 1.65494076949 0.0532475179079 0.0411744585865 402
615 3.11823144391 0.177129230414 0.552121940165 402
616 1.73019886934 0.0441332932697 0.112848940661 402
617 1.53159519592 0.10490195045 0.187523725981 402
618 2.32679768358 0.092686685673 0.0502336755997 402
619 2.04455100203 0.0567005337333 0.0608911217152 402
620 2.39535542068 0.203935253542 0.297245969274 402
621 2.45471552213 0.05971217011 0.0709579647429 402
622 2.05251752334 0.0486063611619 0.0442634716491 402
623 2.20044048665 0.0577013541811 0.110103945437 402
624 2.86206458879 10.1439212925 0.061385009807 402
625 1.55780567311 0.140509097174 0.0353138870171 402
626 1.9530089504 0.0423613396796 0.417644734142 402
627 2.41229328836 0.0744189912079 0.123243014799 402
628 1.69582255283 0.911454083957 0.213929724865 402
629 1.99898143879 0.0540243727387 0.16104837414 402
630 2.74045355065 0.972466919137 6.13032706364 402
631 1.45866783415 0.0539074009985 0.0469360890137 402
632 2.57672482594 0.185829303502 0.0737205211462 402
633 2.53280398688 0.0640945107865 0.163585058299 402
634 2.18144431092 0.770572792843 0.125575489541 402
635 1.46380119002 2.00837058277 0.0616254035397 402
636 1.60047022254 0.0342060891631 0.126118474366 402
637 2.67812084149 0.22724475295 0.0630436319797 402
638 2.64635267794 0.0892162038055 0.0650810436921 402
639 2.02270606142 0.256285565993 0.0909056040466 402
640 1.9319059588 0.158171501355 0.0403096723384 402
641 1.70898905208 5.70988533506 0.0365440562643 402
642 1.79212719643 0.106897881391 0.422998831478 402
643 1.37897753769 0.088134829157 0.0573955694488 402
644 1.78462171731 0.0559199996191 0.0849329954371 402
645 2.25093608542 0.0992830389832 1.34008117027 402
646 2.30365590858 0.0888261336188 0.0951241016876 402
647 1.21727224062 0.0248727133557 0.0858609479384 402
648 0.845356967007 0.0455970705129 0.0685908063129 402
649 2.3069052859 0.0717797931309 0.11153850702 402
650 2.23211056904 0.0781498448514 0.353426905644 402
651 2.57676450368 0.0544204012371 2.99996719916 402
652 2.35574663818 23.0942042745 0.0855837896123 402
653 3.25778340954 0.07300338007 0.183860892929 402
654 0.782112882226 0.0319160642852 0.0342942849698 402
655 1.85475817243 0.267500885453 0.0415402224888 402
656 2.01888165205 0.181619370534 0.0568147744658 402
657 1.97175082543 3.24077331433 0.139214458867 402
658 2.67360830164 0.0732508086773 0.060379799892 402
659 1.57140099548 0.0730383308778 0.129541566031 402
660 1.38120424624 0.0340897155989 0.0357545218801 402
661 1.58927748763 0.0347658012159 0.142643514883 402
662 2.16191625356 0.111818875242 0.366552230582 402
663 1.76297852508 0.200670417632 4.56455515132 402
664 0.993707447805 1.33430600719 0.0212874017964 402
665 2.23539672932 0.0936547806038 0.0565962974775 402
666 1.52250188584 0.273697193803 0.0493428263403 402
667 1.91632344451 0.0387455539913 0.0592181684012 402
668 1.48485380977 0.0360880854594 0.0406678474084 402
669 1.94140891229 0.0454727901907 0.0599153178958 402
670 1.62017112592 0.0387572425856 0.0342198843581 402
671 2.05213183852 0.0599359413782 0.122234545874 402
672 1.42161036378 0.040558695186 0.0295889683008 402
673 2.03894563572 0.0638270905897 0.0500644238783 402
674 2.40271113353 0.0942132595926 0.0586893758598 402
675 1.05459260749 0.0343909431516 0.167776951972 402
676 2.42982512055 0.130917910004 0.221303962443 402
677 2.65647142536 0.112518709821 0.193497243773 402
678 2.11976340081 0.331943326587 0.0560162156593 402
679 1.96596173875 0.1352609429 0.0946915285859 402
680 1.71967186435 0.037423190481 0.0705566245466 402
681 2.12355411639 0.0637969272737 0.049949432185 402
682 2.03338184145 0.18937962056 0.428978653461 402
683 1.61790884627 1.71890093704 0.304381904161 402
684 1.97297100744 0.121578062877 0.0579832370754 402
685 1.56189790476 0.0464365185903 0.0399140772663 402
686 2.96540711229 0.0777778219036 0.127766645889 402
687 2.76314532994 0.0851755551295 0.513959225012 402
688 1.53842078915 0.0364240712255 0.0708946961342 402
689 2.64365203769 0.23480505152 8.79584144096 402
690 1.55003504656 0.0723768359415 0.0731362818978 402
691 2.24768851506 0.0598706029327 0.231309673338 402
692 1.72066199207 0.0573978909629 0.0458767242163 402
693 1.9329532753 0.050355476798 0.0521270807829 402
694 1.55967463544 0.0510639101213 0.0317259937901 402
695 1.79521474224 0.113746926038 0.0416859238992 402
696 1.52858633703 0.0638653996661 0.089135046246 402
697 2.02471711944 0.118411837209 0.0960281264942 402
698 1.6411109833 0.060834015477 0.0793853260345 402
699 1.86952447621 0.140789636539 0.086756934199 402
700 2.40684110736 0.0719583386313 0.148038484911 402
701 2.64403551633 0.0852079440898 0.0725737573718 402
702 2.18617493767 0.0919592254419 17.4870356119 402
703 2.02661910112 7.20585664502 0.0630352029165 402
704 1.31444143432 0.161238450717 0.0353536094999 402
705 1.81201502525 0.0527989793416 0.0687102452216 402
706 1.56214499485 0.176456433067 0.0427070028501 402
707 2.07270763907 0.0430900463771 5.22912723233 402
708 3.00748616163 0.672815392339 0.0764451045138 402
709 2.20550504304 0.490382663224 0.0733670586406 402
710 3.26330982693 0.616497205321 16.1030117976 402
711 1.63098218677 0.223511556677 0.196511125525 402
712 2.56598008597 0.181059975533 0.18903519049 402
713 2.07518066454 0.0645687229461 0.0539070802613 402
714 1.47428393449 0.173984817358 0.0322854918245 402
715 2.24671767197 3.06924981763 0.15382465058 402
716 2.09602577799 0.045321515131 0.213101554677 402
717 1.3165157087 0.0363021264855 0.03213471916 402
718 2.58410432729 1.62589331932 0.111196184688 402
719 1.82252455283 0.111247077089 0.0644482381876 402
720 2.3326797234 0.0467852404372 0.171636235043 402
721 1.60725348139 0.0512572495712 1.008599043 402
722 1.97421578415 7.52460490792 0.0557984257008 402
723 1.12111896224 0.0231273561493 0.0256534135396 402
724 2.36711063002 0.0835087928294 0.335012437512 402
725 1.67451594832 0.141441283926 0.178900882021 402
726 2.5413484954 0.0526363389476 0.25426572649 402
727 1.95629594755 0.184798526581 0.0911070421014 402
728 2.24625272403 0.700475110785 0.100396721805 402
729 2.24529996886 0.698384099471 0.0796699419257 402
730 1.45583403547 0.0497820239079 0.0471458972348 402
731 1.9349800114 0.20902586479 0.367037129088 402
732 3.09441681162 0.282696636728 11.7043795747 402
733 2.12595233411 0.181871109871 0.184097891044 402
734 1.94003613473 0.0426944499451 0.570894085659 402
735 3.01790307122 0.12180493823 0.0791590819775 402
736 1.65572622993 0.176280958849 0.32416650655 402
737 2.25409624476 0.15469853384 0.0604873657287 402
738 2.23172845846 0.143458734622 0.0503114109287 402
739 1.07512021806 0.0338998885552 0.632237504086 402
740 1.9634723261 0.0560555824179 0.0777009025026 402
741 1.61760607086 0.0390771635378 0.0347662447059 402
742 3.93982409552 0.229662767899 0.120100012624 402
743 2.2080439823 0.0726556605864 0.11580316656 402
744 1.58812185856 0.215318992163 0.0398441004539 402
745 2.54343122463 0.18191192505 0.121410152119 402
746 1.58216532594 0.0596074929543 0.0534402379344 402
747 2.19524794725 0.074987397322 0.116806066487 402
748 3.05335831139 0.0677620127764 0.769032399187 402
749 2.54058060228 0.0598310561394 0.195629630433 402
750 2.32470351597 5.34644485422 0.348829528842 402
751 2.59767336852 0.131739402937 0.0666762137978 402
752 1.62627899251 0.151243259381 0.0346003221287 402
753 1.00161760593 0.0530380709777 0.0578169817268 402
754 1.75961243803 0.0403164486518 0.0376509198224 402
755 1.4246889237 0.0478794997495 0.0331472911166 402
756 1.91159613379 0.0391808950495 0.102179209334 402
757 2.63211512796 0.0599941075094 0.0566062833431 402
758 2.0105547649 0.0736324475733 0.411146673233 402
759 1.93240306325 0.0580578818462 0.0699379060594 402
760 2.51516161687 0.0564359703377 18.5107819992 402
761 1.58066439759 0.15268221821 0.0823064496121 402
762 1.908000312 0.253834754752 0.0519656347595 402
763 2.03678732642 0.079321317572 0.285720275491 402
764 3.1244360522 0.0772131858127 0.164975839131 402
765 2.23144826071 0.0660171179685 0.058202307352 402
766 1.79214703895 0.0627818889699 0.0763259473424 402
767 1.70086163123 0.0361878325739 0.0371968976746 402
768 2.1877408536 0.885507930708 0.149801979334 402
769 2.11638608639 0.0768603298914 2.14821001524 402
770 2.06028311071 0.0829645247139 0.0577043964328 402
771 2.18383752399 0.0982789559893 0.0490721237546 402
772 2.2057109816 0.0636314071427 4.79864372821 402
773 2.7631385673 1.43188286605 0.113039214453 402
774 1.59658616352 4.53951341754 0.0392568435482 402
775 2.3822324919 0.0658262544211 0.0580882215275 402
776 2.38823073478 0.0794089967381 0.063807896081 402
777 2.76384624559 0.223124789194 0.0640349654716 402
778 2.62066044477 9.36237828098 0.722004070191 402
779 2.28144117524 21.3472698877 0.0742614877728 402
780 1.61435371109 0.0876343855582 0.0405819506496 402
781 2.26105277739 0.194684062745 0.0810419709746 402
782 1.91428326464 0.0895842360287 0.118214477151 402
783 1.7253447061 0.115594680033 0.0456645649303 402
784 2.83547718843 0.133994447548 0.0992513257852 402
785 2.03085026902 5.19934523249 0.0825061979723 402
786 1.87429643209 0.0568803434639 0.0446688281892 402
787 2.76822927184 0.197339727362 23.1002328951 402
788 2.08008179909 0.0766158024721 1.36568010386 402
789 3.34696566664 0.126969592652 0.0712690750051 402
790 2.23281003138 0.0590860248692 0.0844408195901 402
791 2.59549543225 0.0763478876734 0.160502057339 402
792 2.11727432002 0.061658863392 0.0729826309358 402
793 2.03692274387 0.185578877598 0.0779255197847 402
794 1.75747176335 0.715553747721 0.0398247192163 402
795 1.69779397516 0.494754458074 1.39236908111 402
796 1.72563413319 0.109801227898 0.0400063696631 402
797 1.93393289819 0.0491181361059 0.117062256434 402
798 1.30119955528 0.0447180743237 0.0926130219757 402
799 1.97181048527 0.125639027431 0.141434261037 402
800 1.96403243795 0.281770662156 0.0561669089718 402
801 2.12960820039 0.0521820154421 0.333692492092 402
802 2.16134511939 0.0670442896371 0.328462533976 402
803 2.50364565894 0.0535882333736 0.0660378230763 403,404,405,406,407,408,409,410,411,412,413,414,415,416,417,418,419,420,421,422,423,424,425,426,427,428,429,430,431,432,433,434,435,436,437,438,439,440,441,442,443,444,445,446,447,448,449,450,451,452,453,454,455,456,457,458,459,460,461,462,463,464,465,466,467,468,469,470,471,472,473,474,475,476,477,478,479,480,481,482,483,484,485,486,487,488,489,490,491,492,493,494,495,496,497,498,499,500,501,502,503,504,505,506,507,508,509,510,511,512,513,514,515,516,517,518,519,520,521,522,523,524,525,526,527,528,529,530,531,532,533,534,535,536,537,538,539,540,541,542,543,544,545,546,547,548,549,550,551,552,553,554,555,556,557,558,559,560,561,562,563,564,565,566,567,568,569,570,571,572,573,574,575,576,577,578,579,580,581,582,583,584,585,586,587,588,589,590,591,592,593,594,595,596,597,598,599,600,601,602,603,604,605,606,607,608,609,610,611,612,613,614,615,616,617,618,619,620,621,622,623,624,625,626,627,628,629,630,631,632,633,634,635,636,637,638,639,640,641,642,643,644,645,646,647,648,649,650,651,652,653,654,655,656,657,658,659,660,661,662,663,664,665,666,667,668,669,670,671,672,673,674,675,676,677,678,679,680,681,682,683,684,685,686,687,688,689,690,691,692,693,694,695,696,697,698,699,700,701,702,703,704,705,706,707,708,709,710,711,712,713,714,715,716,717,718,719,720,721,722,723,724,725,726,727,728,729,730,731,732,733,734,735,736,737,738,739,740,741,742,743,744,745,746,747,748,749,750,751,752,753,754,755,756,757,758,759,760,761,762,763,764,765,766,767,768,769,770,771,772,773,774,775,776,777,778,779,780,781,782,783,784,785,786,787,788,789,790,791,792,793,794,795,796,797,798,799,800,801,802
