1 2.65935695764 0.0623869803007 0.0587377710022
2 2.41643417701 0.190726661701 0.0898824334627 1
3 2.2613163167 0.162143779606 0.0948198110118 1
4 2.67848657849 0.0562009360771 0.451281311326 1
5 2.74733970306 0.0720937183611 0.315581631633 1
6 2.08661776907 0.0835523614831 0.375973071753 1
7 1.88163091314 0.0561353532028 0.291247353739 1
8 1.21933887937 0.110168089666 0.0285441146096 1
9 2.32181500793 0.200286611495 0.224505038833 1
10 2.85866331094 0.0611263367588 0.268155849851 1
11 2.44000346138 9.69250924146 0.548240378325 1
12 1.2050404567 0.0891446108026 0.0504531109622 1
13 2.31507068946 0.0588350928728 0.138305541168 1
14 2.14402552525 0.0856626521653 0.0687618569704 1
15 2.09793759217 1.05570679292 0.0441992241015 1
16 1.67330272534 0.174336627958 0.0335953712376 1
17 2.11547651649 0.25442880683 0.0798848181345 1
18 2.53581055354 0.108826270779 0.0512445803921 1
19 1.77690598873 0.159969491833 0.504103910165 1
20 1.68986255517 0.0663051702452 0.0511540456489 1
21 1.69035655176 0.0937906405122 0.0382983477381 1
22 1.9647768713 0.0437523745019 0.0568966897026 1
23 2.43133219283 0.596649154711 0.0551682835062 1
24 1.30476505603 0.0760009627435 0.0805945562678 1
25 2.38621674939 0.192479484613 0.103541022222 1
26 1.58225582869 0.0565222183747 0.0492323671127 1
27 1.73526118199 0.252419060382 0.0395006450554 1
28 1.63898531468 0.07936430644 0.0418431802135 1
29 1.81035423214 0.152980480986 0.0419267024667 1
30 2.09156310116 0.0420108220764 4.73965808155 1
31 2.27744697314 0.1128895361 0.066955687847 1
32 2.1574993303 0.0651144265255 0.0641851879148 1
33 1.1781820746 0.0239625783312 0.0450794006638 1
34 3.10039727559 0.282471198999 1.06146822863 1
35 1.89198824504 0.044093736356 0.0959614726324 1
36 1.98675156138 0.0678983650684 0.0974841962373 1
37 2.66704301328 0.153308311511 0.135197470074 1
38 1.96028267346 0.0801377228503 0.0429934439581 1
39 2.67198062883 0.0927199795973 0.113206662421 1
40 2.11138277318 0.0987478486726 0.103840808465 1
41 0.964759262339 0.0683255086797 0.033168456585 1
42 1.65992172426 0.106690773716 9.39526050612 1
43 2.81132906541 0.269009129385 0.117746180297 1
44 1.41684623187 0.0362671040965 0.150454416655 1
45 1.57583935926 0.0350115379805 0.159841870457 1
46 2.96166103368 0.0640460001043 0.0620975007119 1
47 2.60778437038 0.0736006660068 0.470774959792 1
48 1.45535718711 0.170750016948 0.111177504195 1
49 2.13297260606 0.1158851655 0.089032451696 1
50 1.89879640766 0.379891614608 0.128194964401 1
51 2.39089904288 0.0784989266532 0.183520201041 1
52 1.55597784295 0.0449801883465 0.054742371719 1
53 1.8538194773 0.0873019114733 0.0559572735711 1
54 2.19410737718 0.235325498253 4.56393529844 1
55 3.13535990428 0.158178212589 0.40902394572 1
56 2.2400890441 0.108546376369 0.0982916550315 1
57 2.12226660757 0.0856826974711 0.0622226838804 1
58 2.68469846188 0.280773820948 0.121297424857 1
59 1.6253023463 0.13770095602 0.052023674481 1
60 1.89997093618 0.0631793682546 0.0640356973035 1
61 1.04923712231 0.192709463995 0.0264665313082 1
62 1.45711422221 0.0292529349463 0.0374166147051 1
63 2.78892044912 0.0672322001721 0.0926818086809 1
64 2.21578864934 1.70370974684 0.0457071369079 1
65 2.81012101298 0.0730249141984 0.199012943147 1
66 2.24465023846 0.137377769814 0.0549698408682 1
67 2.14214074934 0.0465709431677 0.0665321337574 1
68 1.78650678002 0.0438889643463 0.0961450296463 1
69 1.67016423544 0.0966668585708 0.168799143373 1
70 1.7194867343 0.0535105112908 0.195852016774 1
71 2.6222020155 0.277277320235 1.89673390314 1
72 1.38402943758 0.0514049972797 0.0338984047037 1
73 2.61467592474 0.0743919596773 0.09291886769 1
74 1.76773046527 0.326332197605 0.059681278056 1
75 2.57564174984 0.0912790509243 0.096065561211 1
76 2.03447389826 0.086200840671 0.201403242383 1
77 2.2334991365 0.0836021785727 0.0563327479147 1
78 2.33996572419 0.169529960929 0.0531202533459 1
79 1.41013183118 0.028273642832 8.06274432438 1
80 1.75794735591 0.0555768348161 0.084134568255 1
81 1.90648401624 0.14353215933 0.149298366876 1
82 1.87962891004 0.0422925297154 0.0454548465065 1
83 2.63089019217 0.110751776628 0.139534726954 1
84 0.937591551215 0.0205645072528 0.0405873925038 1
85 2.06540255679 0.0514413120705 0.676972271873 1
86 2.20181640399 0.0708974481647 0.158566148575 1
87 2.39515406425 0.0554848613731 0.0562168036886 1
88 2.22187301562 0.0471722363689 0.199292525106 1
89 2.37546476995 0.0702320274723 0.0822440936385 1
90 1.66191612986 0.129420368702 0.0777547453568 1
91 2.97570738471 0.147335389923 0.150867196742 1
92 2.20582314891 1.51246565543 0.0458263150797 1
93 1.20070846134 0.172278475564 0.0372875228868 1
94 2.90794271566 0.187449194928 0.254864487499 1
95 2.44992657008 0.115263470719 0.344142204239 1
96 2.27092692177 0.0572637346931 0.0507841775288 1
97 1.41066396389 0.0607708013157 0.0332010088367 1
98 1.13671457076 0.0442613128268 0.132524119828 1
99 2.73801663607 0.0578097701543 0.930316468054 1
100 2.64421508953 0.0580911519924 0.0602772529655 1
101 1.47013430175 0.0313522377024 1.68712713511 1
102 2.14361512687 0.0876589115411 0.180197053514 1
103 2.00004049131 0.0594677911259 0.0444780403112 1
104 2.300863857 0.102509826857 0.157771304326 1
105 1.81104829551 0.101508681174 0.0432466604375 1
106 2.6809381923 0.0713787038362 0.0699907737773 1
107 1.68706361063 0.0921718300932 0.0467906636753 1
108 1.79601395835 0.0439553719645 0.0591936411945 1
109 1.35529434848 0.0474413500195 1.76878621848 1
110 2.31574027067 0.171666764828 0.773359989997 1
111 1.80861594823 0.220353124495 0.0375369565897 1
112 2.21817321253 0.0450950192093 0.0469506578439 1
113 1.52100291181 0.192816650721 0.034186845334 1
114 1.98312807067 0.0885391751838 4.78124755978 1
115 1.53406474502 0.241291081082 0.0441158185877 1
116 1.31227577652 0.0376600553356 0.0383626163886 1
117 1.32219671507 0.0488074953086 0.891707033531 1
118 1.55686486964 0.0317248356512 0.0644704263271 1
119 2.09804508439 11.1126539715 0.0459286632268 1
120 2.93615999826 0.073040228717 0.0737023488787 1
121 2.3045422942 0.0888274782544 0.079483290929 1
122 1.43353597475 0.0460048275865 0.0334002884295 1
123 1.86325909695 0.277437393379 0.26632004952 1
124 1.61054001763 0.0380675308158 0.0402366876966 1
125 1.66045708118 0.738492610575 0.104041216677 1
126 1.96567274991 0.0444396828814 0.040088768874 1
127 3.22213079244 10.9509223976 0.07411068976 1
128 2.84809633278 0.135095023204 5.74288912843 1
129 2.70643524335 0.299001824196 0.0841422791257 1
130 3.01151939996 0.0807473945759 0.119243274776 1
131 1.93959996151 8.80239861179 0.21408665152 1
132 2.00083743253 0.0991069866892 0.0641440508463 1
133 2.4794034755 0.352912151528 0.0559661796273 1
134 1.97339878197 0.366267507976 0.50195026742 1
135 2.41022491546 5.8451836133 1.49611799505 1
136 1.89492746198 0.0422890614666 0.89461732497 1
137 1.44759985167 0.039059877 0.166299980018 1
138 1.76577712831 0.130058344171 0.0522149833767 1
139 2.47336172208 0.133655201241 0.0554008405592 1
140 1.93594053539 0.944450411605 0.0678561644847 1
141 3.55983266619 0.252376971994 4.25959456535 1
142 2.4902758126 5.46782794403 0.1483621547 1
143 1.8995919718 0.0409191221319 0.0831126496699 1
144 2.0114953328 0.213077762538 0.0775653594635 1
145 1.69337094469 0.0350882258265 0.0408551476297 1
146 1.65850471726 0.0512190390664 0.399411624629 1
147 2.51957928578 0.0603918156588 0.14488535398 1
148 3.210639883 0.171329454806 0.161186842945 1
149 1.72957017247 1.03194532612 0.134381664589 1
150 2.75943656593 0.104149666962 0.0558634626393 1
151 1.43399808062 0.0298618361237 0.0410607491509 1
152 2.53960011085 0.345394293795 0.0882857363819 1
153 2.98409375313 0.194540949731 0.119882052027 1
154 2.10160240047 0.227233510346 0.0901203596595 1
155 1.36789918811 0.0529486196453 0.0355524373868 1
156 1.39841758107 0.197627663883 0.0350349198032 1
157 2.13539690381 0.0842070351949 0.138485391786 1
158 3.27852321109 1.75567591661 0.100085701437 1
159 2.93538171898 0.290738217683 0.0677768216627 1
160 2.20800135573 0.0935270684348 1.30796969194 1
161 2.49037644617 0.0830325040936 0.358547486579 1
162 0.972576369483 0.505065712754 0.0578661567214 1
163 2.53577983062 20.694191512 0.0895324626347 1
164 0.954339367508 0.0732856994701 0.027735499224 1
165 2.02226620248 0.243893499033 0.0681146199212 1
166 1.70367802388 0.0480279732042 4.35564890509 1
167 2.15719680937 0.33755221106 0.056781208255 1
168 2.08555754812 0.0662286492949 0.0653427536741 1
169 2.25095247294 0.0774395582684 0.0749029982443 1
170 1.51829851091 0.0513544225905 0.081526241295 1
171 1.85644275328 5.65257021436 0.0519904010585 1
172 1.98759735916 0.810563378742 0.0758091582942 1
173 2.38162114137 0.474272275069 0.0510435178172 1
174 1.2119027767 0.0243189036515 1.71897987904 1
175 2.71055606726 0.185284080753 0.0692438123061 1
176 2.13666691361 0.0864536481245 0.0618778118159 1
177 2.7716259667 0.120825894359 0.364324102119 1
178 1.12983785913 0.037787233748 0.0292412347663 1
179 2.43278919046 0.0655641646199 0.0805205202529 1
180 2.58777051762 0.118155053259 0.281455691345 1
181 2.36087710743 0.124182646881 6.15505765968 1
182 2.6300422767 18.6771302049 0.36574067105 1
183 2.60997445085 0.116095161642 0.164409935027 1
184 1.41788274324 0.031579337547 8.45010337138 1
185 2.30091343702 0.0586586627359 0.16604078306 1
186 1.3889161197 0.315542238777 0.0911217279703 1
187 2.84072372684 0.153677359522 0.112416464676 1
188 1.90792949698 0.0451380186751 0.0970582766471 1
189 2.49976421504 0.129482844429 0.167604313322 1
190 1.98430846496 0.0457413711902 3.5615644583 1
191 2.44742986519 0.300110824049 0.0851516647744 1
192 2.27492789892 0.0922038867681 0.0475526990483 1
193 2.16360970226 0.128886780066 0.158970547756 1
194 1.93038652293 6.78133818533 0.0542723502009 1
195 2.12841779789 0.0858195730818 0.0722554518115 1
196 3.21706212281 0.1156733745 0.0730328916599 1
197 1.43061260459 0.0594728449355 0.0479142675639 1
198 2.01988256622 0.308034896258 0.0671533226894 1
199 1.61166928418 0.0396921484981 0.492369036458 1
200 1.02459229262 0.125892803177 0.0668785785853 1
201 2.42835574078 0.0575306051291 0.37304478695 1
202 1.09546981923 0.0661086611947 0.0222016785054 1
203 1.82519814713 0.117820738862 0.0486153866232 1
204 1.91007601684 17.6372787397 0.0863750153319 1
205 0.432300976851 0.0300413884655 2.06110860626 1
206 1.98479815313 0.0665101143221 0.143224836861 1
207 2.38898646091 0.87723274877 0.0688121645712 1
208 1.68743314409 0.0573819640963 0.0467557220648 1
209 1.7782831516 0.04419129318 0.107103223629 1
210 1.52022396277 9.12167605641 0.0312172719443 1
211 2.22262878459 16.5063112554 0.0577555411309 1
212 2.23207447697 0.845270955231 0.0555950514162 1
213 1.94833971931 0.0608443063996 0.0446227996055 1
214 1.9187718976 1.68165685781 0.0425895708937 1
215 2.41421828382 0.0529837355168 0.0885212102703 1
216 2.81636066959 1.16422418984 0.0773692281809 1
217 2.21614781605 0.163327254099 0.0457385365168 1
218 1.92345304923 0.0468597139972 0.408543984882 1
219 2.0547984079 0.0929925914083 0.0450121196251 1
220 1.83767479716 0.0649234881589 0.0838478551147 1
221 1.48647666803 0.0392499623459 0.0912676911474 1
222 2.74874358371 0.185466303128 1.33921894459 1
223 2.79553541382 0.0594036518192 0.0707088569462 1
224 2.19581791908 0.0576541304917 0.101497823563 1
225 2.61726076106 0.0833685490309 0.136131193897 1
226 1.33805173326 0.583642767305 0.0728945073342 1
227 2.27974792083 0.0489033340639 0.0730608683873 1
228 2.35801137186 0.191988364631 0.103792278266 1
229 1.61873927631 0.0549194762772 0.123394393077 1
230 1.94198249881 0.0571666800517 0.054905194432 1
231 2.66539499098 0.0860818009618 0.0592575970079 1
232 2.27529458693 0.0644936482362 7.69032460868 1
233 2.46428481285 1.70323499422 0.0639250211354 1
234 1.55909460077 0.0639114631961 0.0612805147365 1
235 1.51541652958 0.148241870053 0.0634636330451 1
236 2.23985947194 0.125193948767 0.087168162087 1
237 1.77651425122 0.0418557224431 0.0451487262249 1
238 2.59929818805 0.131450890523 0.256535195094 1
239 3.09213538736 0.106735312909 0.122865828432 1
240 1.27294047231 0.0494363146244 0.0422453551364 1
241 1.45229752547 0.431036764641 0.0713225194004 1
242 2.25136155385 0.0621472226814 0.131572194849 1
243 1.30404238862 0.16285229886 0.168922581663 1
244 1.80592380996 0.0509588514977 0.0593249555563 1
245 1.56907879407 0.104593239474 0.074107568766 1
246 2.39212202004 0.114857915811 0.0788847726222 1
247 1.70062113669 0.0535841072606 0.0507911297636 1
248 2.10237760366 0.220014760993 0.0571898294439 1
249 1.38787524287 0.0532877624037 0.0466909802799 1
250 2.45898116714 0.0597548665104 0.13045625975 1
251 0.928980165861 0.055779995914 0.186525124707 1
252 2.00629994439 0.0522630571869 0.0512814628136 1
253 2.2786749886 0.0732171044965 0.0461710700883 1
254 2.72929234581 0.0675154501916 13.3184110676 1
255 2.66396602044 0.298128329285 0.0555159020509 1
256 1.77820128727 0.157870615409 0.0401720819737 1
257 2.1078571605 16.8800172162 0.0500784663409 1
258 1.77786301055 0.947790744683 0.169679753496 1
259 1.25597624336 0.0350639170871 2.8038498452 1
260 1.97178949527 0.0732857385694 0.155189452301 1
261 1.92200869111 0.0821222607736 0.0599935420789 1
262 2.61676250771 0.14041015776 0.0836045410058 1
263 2.24710790578 0.0596047143475 0.0562822127385 1
264 1.95010221896 0.743712501509 4.03241128249 1
265 1.82872082817 0.0574210542328 0.0426914770242 1
266 1.35696499268 0.0596057123648 0.0280611675928 1
267 2.79174349556 1.02560130689 0.0721045860606 1
268 2.18007973657 0.0842183776709 0.113708942966 1
269 1.87042442859 0.0643661951142 0.0746308564026 1
270 2.1134659611 0.320704916744 0.225929448481 1
271 1.39407581414 0.0745315891741 0.0543772496231 1
272 2.2933915231 0.100503789209 0.151993582557 1
273 2.41641406053 0.138495398028 0.0961740530986 1
274 0.562784223833 0.0112716760699 0.012528316546 1
275 2.46611067855 0.150543319781 0.472189601087 1
276 1.25758773472 0.0318232064174 0.0714084220799 1
277 1.84792793961 0.18072710259 0.453354227327 1
278 1.95170102588 7.47999475098 0.167239363359 1
279 2.76918150593 0.0760134586479 0.221311868908 1
280 1.976202062 0.0768216046183 0.0553022096117 1
281 1.47408164679 0.0332378276273 0.0445824355818 1
282 0.572704813895 0.0242489723011 0.14940989665 1
283 2.25052825471 0.201973882608 4.53262817457 1
284 1.81351724124 0.56912083551 0.0973944008366 1
285 1.64618618099 0.42624983633 0.0752709546146 1
286 1.92107216571 0.0488380695821 0.0426633405806 1
287 1.94268588965 0.0635019590549 0.0396649843348 1
288 1.69816457578 0.0486138060101 0.531079231123 1
289 2.3977086281 0.102659883343 0.150180502841 1
290 2.00590919369 0.152469610372 0.0619951467671 1
291 2.01899925868 0.042754135099 0.0680865169547 1
292 2.64689027876 0.137943484899 0.182546590773 1
293 2.70581592298 0.11903885406 1.08222385984 1
294 2.41104306046 0.0745749218753 0.272579143054 1
295 0.835576035671 0.232075659334 0.0207547346906 1
296 1.90940679631 0.0534310754277 0.296190858223 1
297 0.611517744363 0.0156334395728 0.0132204529907 1
298 1.59514977534 2.56782226536 0.304264582309 1
299 1.74944081501 0.0663601421856 0.03621474536 1
300 1.39203665037 0.0411070412266 0.039345439825 1
301 2.14886254653 0.0462231201363 0.047780990644 1
302 2.48576511538 0.189876548465 0.195837722745 2,3,4,5,6,7,8,9,10,11,12,13,14,15,16,17,18,19,20,21,22,23,24,25,26,27,28,29,30,31,32,33,34,35,36,37,38,39,40,41,42,43,44,45,46,47,48,49,50,51,52,53,54,55,56,57,58,59,60,61,62,63,64,65,66,67,68,69,70,71,72,73,74,75,76,77,78,79,80,81,82,83,84,85,86,87,88,89,90,91,92,93,94,95,96,97,98,99,100,101,102,103,104,105,106,107,108,109,110,111,112,113,114,115,116,117,118,119,120,121,122,123,124,125,126,127,128,129,130,131,132,133,134,135,136,137,138,139,140,141,142,143,144,145,146,147,148,149,150,151,152,153,154,155,156,157,158,159,160,161,162,163,164,165,166,167,168,169,170,171,172,173,174,175,176,177,178,179,180,181,182,183,184,185,186,187,188,189,190,191,192,193,194,195,196,197,198,199,200,201,202,203,204,205,206,207,208,209,210,211,212,213,214,215,216,217,218,219,220,221,222,223,224,225,226,227,228,229,230,231,232,233,234,235,236,237,238,239,240,241,242,243,244,245,246,247,248,249,250,251,252,253,254,255,256,257,258,259,260,261,262,263,264,265,266,267,268,269,270,271,272,273,274,275,276,277,278,279,280,281,282,283,284,285,286,287,288,289,290,291,292,293,294,295,296,297,298,299,300,301
303 2.02217047921 0.0603818283211 0.0439868388256 302
304 2.00056787459 9.74486284306 0.0419863926086 302
305 1.93768743203 0.115762169079 0.102988811324 302
306 1.19388651309 0.0686094945729 0.0535953588592 302
307 1.63526880877 4.13500711303 0.428271710914 302
308 2.23905782758 0.0451696785642 1.03755469062 302
309 1.44387939373 0.0295211559153 0.0336755730904 302
310 1.24687423815 0.0285347932775 0.0515452010921 302
311 2.7221232715 0.178369970096 0.0694919474515 302
312 1.93383276118 0.0423057002992 0.106130918406 302
313 1.22239465195 0.0687199173351 0.031334985326 302
314 2.42900750504 0.716427588634 0.073601330517 302
315 1.68608507281 0.48562342168 0.0360861390323 302
316 1.98311642505 0.077210942358 0.0849898746905 302
317 1.8608272043 0.159213335998 0.0378611226361 302
318 2.08333970839 2.4130199074 0.0418914448702 302
319 2.24752462529 0.0518147468476 14.29515306 302
320 1.63207536518 0.628682777535 0.0385865307759 302
321 3.30791379823 0.113142104988 0.119195904365 302
322 2.65610084228 0.118786775336 0.0855592771466 302
323 2.07946348679 0.0438921428008 0.0705771162231 302
324 2.25515718007 0.664725884367 1.16976257962 302
325 1.73266622663 1.02463419347 0.992035638683 302
326 2.04101281554 0.101863413206 0.103899478464 302
327 1.44580452636 0.0363143670102 0.0300521380181 302
328 2.45382646723 0.101612069588 0.0607077365239 302
329 1.8284084373 0.162407036554 14.5311869881 302
330 0.450149646508 0.00922290050705 0.0100134821647 302
331 1.86705076653 0.0383869098685 0.0453222971749 302
332 1.75229282262 0.040901747126 0.128139282798 302
333 1.88858631912 0.0816680650228 0.123528903561 302
334 2.10385604908 0.0475535158313 0.093575485041 302
335 1.95995726331 0.226702020643 0.0394161978653 302
336 2.85110180268 0.07310954698 0.0574487091276 302
337 1.52909313574 0.178121261527 0.126456462362 302
338 1.23078469556 0.0450335226464 0.248131101667 302
339 1.94923760782 0.069524003142 0.257555556156 302
340 2.59767385459 2.05725619363 0.0629098053517 302
341 2.43905538943 0.167747255897 0.0534079485749 302
342 1.62134335959 0.113943402261 0.151625909731 302
343 2.2725392783 0.142699071742 0.188849073232 302
344 2.20923063041 0.0563282989202 0.83463294807 302
345 2.08418083055 0.259606868155 0.219449986305 302
346 1.62842260541 0.0811982897294 0.0422001521207 302
347 1.70546636963 0.0428942653975 0.0345957573142 302
348 2.47086118824 0.0924267248216 0.318126330465 302
349 1.479168449 0.104726269638 0.0624291981651 302
350 1.706845492 0.0394410441497 0.0950017140957 302
351 1.96604080956 0.0427506317641 0.208279595681 302
352 0.718212198229 0.364761370341 0.014481343722 302
353 1.38552631814 0.0374101853194 8.24364990269 302
354 1.97562279838 0.584609833672 0.223022652152 302
355 1.75919399903 0.089739500086 0.134983935867 302
356 2.77882053478 0.167996768257 0.0779327878732 302
357 1.73676742168 0.0699310613378 0.0434424639888 302
358 1.46228298245 2.65102848312 0.0406065801584 302
359 2.27481728342 0.135362938475 0.0529056011115 302
360 2.11915527079 0.0621370383821 0.104023376914 302
361 2.18308572161 0.0548301447681 0.0487558838583 302
362 1.92097205949 0.0487826879411 0.0829659242432 302
363 2.02721558121 0.160795290402 0.0537197132091 302
364 2.65068421359 0.116830581322 0.104072905723 302
365 1.87523047873 8.25924166815 0.0407123634767 302
366 1.81262067854 0.0494437952563 0.050476026969 302
367 1.58685090219 0.161027416185 0.0452695845923 302
368 1.17532821053 0.0442903056008 0.0609168450783 302
369 1.91316015811 0.0512145948446 4.80684417717 302
370 1.40837773248 0.0381519141879 0.142217204886 302
371 0.968676699648 0.0204679890076 0.0226242714119 302
372 1.10916652075 0.0490943969099 0.0279441755182 302
373 1.34366094734 0.065426257697 0.0649352079089 302
374 1.21012734555 0.0287870071967 0.0648781134118 302
375 1.80414101111 0.462858057485 0.0767320251987 302
376 1.63354188162 0.425358701398 0.0363550907702 302
377 1.68254485251 0.062471199575 0.681050917124 302
378 1.32875573628 0.239865041387 0.219219535831 302
379 2.35532470231 0.0511798042543 0.123416438501 302
380 2.09957602254 0.0480503374638 0.04365740144 302
381 2.56145495574 0.076816835875 0.114157802835 302
382 2.30906005954 0.501844246964 0.228695070733 302
383 2.36965249634 0.0844217428154 0.0620714154248 302
384 1.82854142005 0.115193851896 0.157914558358 302
385 1.10077611827 0.0307111416528 0.701363107031 302
386 2.20324411631 0.0482727057673 6.82357701018 302
387 2.51773186841 0.0756734660038 1.03046651329 302
388 2.23429032968 0.0910957013299 0.0836554250493 302
389 2.00123515734 0.2215089982 0.0664484060377 302
390 1.42300993586 0.0306099038722 5.47221880392 302
391 1.33500881722 0.0365188745478 0.087844648567 302
392 1.91565833303 1.12269914775 0.102089493886 302
393 1.39011543092 0.0439551547578 0.0343831588994 302
394 2.30342099346 0.0718389179802 0.449939526565 302
395 2.02565079898 0.0953248064791 0.391645014108 302
396 1.4353124425 0.0357994364246 0.388757820999 302
397 1.43567122699 0.140014780393 0.0377969768135 302
398 1.74998182501 0.116673694801 0.121324431152 302
399 1.98243470423 0.541653146973 0.0911315188809 302
400 2.13091424096 0.215461416434 0.104013573653 302
401 2.15474813695 1.21438595374 0.0983308767023 302
402 2.08645849998 0.134891228596 0.174247258064 302
403 1.81429201941 0.0520061220766 0.0384600905281 302
404 1.94065094389 0.120591660748 0.0435868973658 302
405 1.60897539991 0.0431216588421 0.0322955580927 302
406 1.81770349219 0.0835671676761 0.0393965424043 302
407 3.00614902831 0.0665133113237 0.145903844473 302
408 1.50722860369 0.0471790353945 0.0430667306138 302
409 2.80862530521 0.161173838808 0.24508462472 302
410 2.309471717 0.0816621009591 0.0819015130908 302
411 1.7400408055 0.0364698236219 0.315297753918 302
412 2.15273193225 0.164114331865 0.249272589001 302
413 3.02565300902 0.117286191327 0.302250353569 302
414 1.06238051121 0.0274464620073 0.0259014115775 302
415 1.93688435429 0.24832366681 0.0791617363869 302
416 1.57854836474 0.048007850999 0.101816854519 302
417 2.16638560339 0.0443278692806 0.103192943772 302
418 1.64963627966 0.0652105099807 0.0349019508777 302
419 2.36119662763 0.0512793930482 0.117761172274 302
420 1.80654852015 0.0396352005167 0.0691424325182 302
421 2.05135119136 1.39105903101 6.77208506765 302
422 2.27127943809 0.0669820293405 0.381862563605 302
423 1.62651983853 0.0404996372604 0.0353609389607 302
424 2.26425920214 0.785313035439 0.0470214629909 302
425 1.63559221599 0.0707325105559 0.0724100698005 302
426 2.29917982484 0.103806504235 0.385523985831 302
427 1.42513102124 0.0613640835759 0.0492769999688 302
428 2.29801490677 0.231774023894 0.0666956173022 302
429 1.06116267657 0.0446886858857 0.336951758265 302
430 2.14136695292 0.062269375777 0.660106636949 302
431 1.8799535934 0.0544278894004 0.114925466416 302
432 2.50112572146 0.131116002041 0.076761642601 302
433 2.17610039504 0.8218982583 0.0464310017846 302
434 2.08283525474 0.139727369979 0.0496669568755 302
435 1.55596007746 0.0804826200167 1.18587923038 302
436 2.46078719597 0.582199152552 0.806025045528 302
437 2.17913599252 0.218239690253 0.0926534912546 302
438 1.98589410183 0.0438522282796 0.0502404141193 302
439 1.63290604302 0.288024148592 0.0369112893388 302
440 1.49650074627 0.0463711607081 0.033309452941 302
441 1.30383149141 0.0320418206859 0.140521632344 302
442 2.18371839247 0.0692587341929 0.107849606107 302
443 2.04204624907 0.27271416514 0.0478327621723 302
444 1.74578360874 3.67315803963 0.275838719396 302
445 1.99111199127 0.0905455594855 0.0961166367784 302
446 1.8555908492 0.517032432974 0.933907340416 302
447 2.59544554711 0.112961554526 0.0644777834459 302
448 2.2148761339 0.2383059185 0.10015092104 302
449 1.56600358219 0.0825976615362 0.036718799036 302
450 1.66169281972 0.087688404354 0.128947592714 302
451 2.12540182507 0.114550766729 0.0818438347067 302
452 2.72341530652 0.055335462809 0.213871276035 302
453 1.7776196643 0.052447097762 0.112618269166 302
454 2.32406109223 0.181792374075 0.682530773516 302
455 1.85110996235 0.0373981863777 0.205569465368 302
456 1.10608127009 0.267338396095 0.040579186441 302
457 2.31298660262 0.093354275362 0.078496522616 302
458 1.53723755225 0.0512361563956 0.102206295548 302
459 1.95240058535 0.0702472565023 0.0796902796693 302
460 2.12065310663 0.417434446791 0.110497446243 302
461 1.99052074587 0.176469442817 0.0656043824004 302
462 2.11470073914 13.5126741739 0.108957077596 302
463 1.44112751563 0.101713648493 4.24893292448 302
464 1.73555022686 0.0408512712149 0.0377616480802 302
465 2.77588096856 0.286723931981 0.0690678683716 302
466 1.96413523858 0.0559911809853 0.0474125876789 302
467 2.07176702881 0.070728322258 0.0587433846845 302
468 1.89570859623 3.60713071957 0.0727556541793 302
469 2.04044519182 2.31398103578 0.19179704453 302
470 2.41607035849 0.152100329241 0.0774491498563 302
471 2.14135229294 8.91039590799 0.0819553688819 302
472 2.67202188133 0.0795410064877 0.15016684986 302
473 1.97868532804 0.232928578241 0.0536364973971 302
474 3.24194896943 0.0833229676163 1.67908521896 302
475 1.49195849045 0.0641047451026 0.575312850287 302
476 2.67076507548 0.0657720478327 0.0791010631796 302
477 2.08129506224 0.086986932394 0.0689893856636 302
478 1.55035020019 0.0517522773144 0.0676953013467 302
479 1.80648985783 0.0433273250295 0.0386307584788 302
480 1.33385771982 0.110360656129 0.120371457474 302
481 2.35179006656 0.0734054367828 0.121773053479 302
482 2.26813258689 0.0964783681482 3.12994100948 302
483 1.41713548716 0.0835210956178 0.41390484531 302
484 1.66079440714 0.0472260772732 0.049085108509 302
485 2.82621415267 0.989494734342 0.0832037995128 302
486 1.8772430062 0.0526527024493 0.0595584061068 302
487 2.28348809724 0.0505803440548 0.242986733046 302
488 2.57913140506 0.0911527290378 0.376071415778 302
489 1.94027465253 0.0762463077603 0.411535526475 302
490 1.55649422475 0.0360404892715 0.0344805701304 302
491 1.10408378171 0.107910417138 0.175234218224 302
492 2.44671218057 0.533931096481 0.0489816988208 302
493 2.38821771226 0.0815349611568 0.196834379404 302
494 2.51665893476 0.132772425065 0.0665735190604 302
495 1.93396197936 0.0599597143844 0.105824156469 302
496 2.53974558072 18.5780438582 0.058008671044 302
497 1.88635344049 0.206457224688 0.245812158017 302
498 2.65627199354 0.244642543047 0.0647798876317 302
499 1.27983871334 0.0444626218622 0.158385765522 302
500 2.57026475427 0.221480825244 0.118328058675 302
501 2.80177644146 0.0676230139612 0.175239857847 302
502 1.62866627327 0.0686029459297 0.0598406355625 302
503 2.7842277461 0.160797960122 0.073530633984 302
504 2.50873231244 10.1703678139 0.0620894403238 302
505 1.43355607115 0.0320873035022 0.0841873755806 302
506 1.701422871 0.071250755965 0.044730855834 302
507 2.29709615977 0.0650716613884 0.0499410996244 302
508 2.16345281246 0.0497644775603 0.0616871878578 302
509 2.45467281725 0.122095822972 0.0864770101934 302
510 2.04400111451 0.6245473369 0.679735558698 302
511 3.09093699239 0.508216585243 0.131740058286 302
512 1.70829845509 0.0354416358729 0.064861455368 302
513 1.79395637341 0.0640349240661 0.106844825919 302
514 2.41992381023 0.114031857402 0.0855697292302 302
515 1.74574457157 0.049798714135 0.0514364900574 302
516 1.61173943373 0.0334909078943 0.0601114476553 302
517 1.10925584815 0.0443564920182 3.73950340415 302
518 0.977367539521 0.0586054461797 0.0402298327881 302
519 1.46248734277 0.074930625904 0.0777980717331 302
520 1.54041199814 0.0317415924693 0.125445002503 302
521 2.00148096727 0.0524627333145 0.0777968771822 302
522 1.69155340567 0.0634498557366 0.0502260540932 302
523 1.93254057807 0.107701636488 5.27918026048 302
524 1.87367944026 0.0947377318842 0.501885538661 302
525 2.46305834732 0.197032209587 0.715714376011 302
526 1.92604249032 0.100795025724 0.144428471452 302
527 1.9579421141 0.0481474124938 0.241217886046 302
528 2.45930699203 0.352486603501 0.33003709562 302
529 1.04740251471 0.0309656832358 0.0209782714231 302
530 1.94651402663 0.659489551094 0.136580480053 302
531 2.88887735577 0.167818373649 0.993668828014 302
532 1.06352502385 0.100347352014 0.0216984397309 302
533 0.911923357102 1.28729279343 0.0222160577411 302
534 2.08952307866 0.0569149404978 0.199826019843 302
535 2.9811850273 7.10260728683 0.0952233897098 302
536 2.23419896554 0.0691643258982 0.0596971341526 302
537 2.22894250991 0.46037274956 0.096240783966 302
538 2.31466005193 0.469701698101 0.0527647785329 302
539 1.90225617271 0.0824966444708 0.0785368844762 302
540 1.04107061627 0.0474149062967 0.0457173812512 302
541 2.79143388092 0.064276405418 1.90197632315 302
542 2.41720746716 5.32640031526 0.0606264139673 302
543 2.52638474802 0.516830167954 0.0678910305806 302
544 1.79756292021 0.0807336383123 0.0471146108672 302
545 2.7784363568 0.634765447279 0.0772777107464 302
546 2.36601303729 0.271707998126 0.24512044915 302
547 2.01416677963 0.110275065282 0.491264719504 302
548 2.71420485937 0.0663001034309 0.955208774034 302
549 2.11825174744 11.6179491663 0.0436485652533 302
550 1.61595036783 0.0349043213118 0.0360414146553 302
551 2.58061123871 5.98728596761 0.0613727064291 302
552 2.19175590026 0.0472323562812 0.115832983242 302
553 1.39828809541 0.0534376618546 0.0423974921526 302
554 2.17674387925 0.161708487768 0.0456535086464 302
555 2.51516478347 0.114321254504 0.0938829102516 302
556 1.51114189199 0.0325694168481 0.198756285118 302
557 1.44325980262 0.367832673667 0.0547693033799 302
558 1.91833876571 0.0651837859843 0.437911686919 302
559 2.36212857317 0.0533335144347 0.508922857182 302
560 2.46581876604 0.0531670233396 9.78407306323 302
561 1.79698189572 0.0775712808287 0.142841068378 302
562 2.22065876635 0.0738233760902 0.0962437127182 302
563 1.94956172303 0.0634432125489 5.04645191486 302
564 2.44779978004 0.0855492321976 0.386596459058 302
565 2.16466377528 0.056885237053 0.095754934326 302
566 1.85318194184 0.0579407455153 0.0421228435089 302
567 1.84270095804 1.14374456499 0.0772464779759 302
568 2.00046379414 0.112513649171 0.0701663270166 302
569 2.19524191989 0.305954229609 0.0445491829322 302
570 1.78417393908 0.0601541499833 0.853039112037 302
571 1.22839275904 0.0445987010104 0.0875043331906 302
572 1.77662595794 0.0372747201423 2.39739221729 302
573 1.90940867734 0.150802086304 0.114405515484 302
574 2.19544160471 0.05941629103 2.33606074768 302
575 1.4039460512 0.128451636087 3.69220549598 302
576 1.73016757968 0.109234531193 0.377216300639 302
577 1.79752784613 0.101069992235 0.03858576834 302
578 1.56709655722 0.138306370853 0.0503927094748 302
579 2.7029967706 0.161165129358 0.163049389694 302
580 2.29167015367 1.26717980598 0.103162951212 302
581 3.08083092679 0.159332589406 0.0682600895559 302
582 1.81527530852 0.144093401964 0.16053451612 302
583 2.2403302654 0.156623881202 0.821476927261 302
584 2.30497891097 0.073043922256 7.24408534166 302
585 2.78434547899 6.11113503483 0.0717046064413 302
586 1.69195628052 3.57113307995 1.05628313852 302
587 1.71941849006 0.164072348786 0.146794617903 302
588 1.52054213514 0.13875341291 0.0667114909608 302
589 1.47196753796 0.241573111974 0.304155694864 302
590 2.22782247359 0.445497742692 0.0557045914511 302
591 2.1210807289 0.0521802931565 0.0974555743481 302
592 1.86250540887 0.0901714438876 0.120711055863 302
593 1.43816576794 0.0440861399066 0.318485292311 302
594 2.99389692178 0.074722453663 0.0731132606646 302
595 1.98350982834 0.0679251839976 0.37043234035 302
596 1.02577867356 0.0309835900103 0.0417397863616 302
597 3.14423296879 0.153679317913 0.129961714205 302
598 1.37493848889 3.74751370672 0.0893691268181 302
599 1.80739015588 0.0631767328133 0.0500594425108 302
600 2.3166342967 0.345672494589 0.0873594457265 302
601 1.98667730585 0.210629243715 6.23654113671 302
602 1.94985490578 0.123411473342 0.505271297935 302
603 1.72482340747 0.0499529521153 0.0516477513925 303,304,305,306,307,308,309,310,311,312,313,314,315,316,317,318,319,320,321,322,323,324,325,326,327,328,329,330,331,332,333,334,335,336,337,338,339,340,341,342,343,344,345,346,347,348,349,350,351,352,353,354,355,356,357,358,359,360,361,362,363,364,365,366,367,368,369,370,371,372,373,374,375,376,377,378,379,380,381,382,383,384,385,386,387,388,389,390,391,392,393,394,395,396,397,398,399,400,401,402,403,404,405,406,407,408,409,410,411,412,413,414,415,416,417,418,419,420,421,422,423,424,425,426,427,428,429,430,431,432,433,434,435,436,437,438,439,440,441,442,443,444,445,446,447,448,449,450,451,452,453,454,455,456,457,458,459,460,461,462,463,464,465,466,467,468,469,470,471,472,473,474,475,476,477,478,479,480,481,482,483,484,485,486,487,488,489,490,491,492,493,494,495,496,497,498,499,500,501,502,503,504,505,506,507,508,509,510,511,512,513,514,515,516,517,518,519,520,521,522,523,524,525,526,527,528,529,530,531,532,533,534,535,536,537,538,539,540,541,542,543,544,545,546,547,548,549,550,551,552,553,554,555,556,557,558,559,560,561,562,563,564,565,566,567,568,569,570,571,572,573,574,575,576,577,578,579,580,581,582,583,584,585,586,587,588,589,590,591,592,593,594,595,596,597,598,599,600,601,602
