1 4.32381105897 0.0961920001441 1.18096669784
2 4.72323569292 0.130096870239 0.164291691061 1
3 5.83637461558 0.126974128368 13.9560923336 1
4 2.86744328783 0.685518507884 2.23267188725 1
5 4.87239023639 0.185581054649 0.14351204094 1
6 5.42044914902 5.24409976463 0.150309707415 1
7 5.04332546613 0.300186093919 0.136739172688 1
8 3.98095194623 0.319642720879 0.0917857915555 1
9 5.90211319806 0.275428642545 0.26560123489 1
10 6.4513173199 0.151879501912 0.374875032317 1
11 4.24032563576 0.137763014587 0.0933211578968 1
12 6.29771965236 0.197696416523 0.310076554234 1
13 3.12952731084 0.334345449112 0.102394459901 1
14 5.84111998465 0.129599818079 0.12098324584 1
15 3.8951258507 16.3729221228 0.081337320782 1
16 5.55733822679 0.205201021439 0.149515991047 1
17 4.34247450195 1.17782209944 0.827843360138 1
18 3.80778430454 0.833819165405 0.22383036519 1
19 4.81191378193 1.09067502829 1.3756063082 1
20 6.39054068591 2.53341977239 8.15145958225 1
21 3.3074850236 0.0739330989093 0.611973830138 1
22 4.60287948473 12.1943039809 0.0978812470377 1
23 6.32541792911 0.47861740937 1.14499562919 1
24 4.51739040291 24.6604655896 0.145033748479 1
25 5.36913979817 0.391432294392 0.2673174077 1
26 5.69099295636 0.246707452164 0.181389685362 1
27 5.16284240771 0.106383261181 0.131574173533 1
28 5.19808495881 0.247791234968 0.244581916299 1
29 5.01186358681 0.283413234244 0.187301911972 1
30 3.64656410422 0.141290708219 0.0784021210405 1
31 4.81664916777 0.337519550328 1.1648720831 1
32 4.25612599091 0.190427570809 0.114362113751 1
33 5.17837809501 0.125928451907 0.768794956714 1
34 4.26719816574 0.201424291482 0.497754069717 1
35 5.30418155763 0.298117483177 1.39319115966 1
36 4.53005417609 0.193521274544 0.262864114494 1
37 3.29363865885 0.0757107461356 0.102370698776 1
38 6.64683008362 0.178555431891 0.427549039901 1
39 3.94262354655 0.217868636792 0.260632310397 1
40 6.76362912227 3.88470279647 0.911067772498 1
41 6.44020860451 0.47538089771 0.129169512006 1
42 6.04806067275 0.88491204012 0.325943719767 1
43 7.50356847493 0.279856487974 0.198657228162 1
44 2.88877873699 0.0663195771393 0.460823293218 1
45 5.21692481991 0.298602801011 0.113424200971 1
46 5.65877217637 0.216868140922 0.210892443557 1
47 3.53774956062 21.4376262235 0.103481963764 1
48 3.47912480741 0.389386020311 0.0830510975231 1
49 6.84508533458 0.344811834329 0.326231084839 1
50 2.96515171096 0.0644051660715 5.70808039007 1
51 3.58023132439 0.162929546294 0.720008994027 1
52 3.90539466518 0.163364322515 0.097198452881 1
53 4.53610854888 5.68274609017 0.146466517882 1
54 3.21405511425 0.397942096926 0.191058501861 1
55 5.39595899658 0.361770220938 0.463309369715 1
56 6.86821589525 0.857956868135 0.179077817321 1
57 6.16962384658 2.07763399214 0.746717788673 1
58 5.05450103265 11.2220997468 0.127145480545 1
59 5.00345044599 0.268723621205 0.289367711557 1
60 6.36141733618 3.87777736965 3.65270745887 1
61 5.72496253537 1.23017423527 0.21645503941 1
62 3.35347545586 0.0839525462388 0.145629412217 1
63 5.96257614192 0.981997558542 0.128054655993 1
64 3.75492810737 0.113581860877 0.786594297737 1
65 3.50174609701 0.0912656311841 0.0867011907439 1
66 6.67753672055 0.195051323157 0.143400413231 1
67 4.17238635963 0.087427435959 0.108912479942 1
68 2.62201291122 0.062831685751 0.0982626412791 1
69 4.00165245984 0.0976675165602 0.140528750785 1
70 4.38430153557 0.0904420575431 2.04813452513 1
71 4.29456275162 0.167383536351 0.29836357694 1
72 4.83984510168 0.110093646449 0.347228092761 1
73 5.6119055232 0.167427103409 0.235132914791 1
74 4.87189094367 0.109296836348 0.255649027472 1
75 5.05909472792 0.120459825057 0.380605407221 1
76 5.2375798252 0.658981007143 0.172533029236 1
77 6.46591023882 1.97275717439 0.134343516947 1
78 3.85077395594 0.140354549585 0.291228996481 1
79 5.50217490068 0.993993175038 32.276546272 1
80 6.57709880212 0.138572347022 0.405518423348 1
81 4.31016677133 0.118144670203 0.270624937641 1
82 4.13881220099 0.12666727061 0.103499059896 1
83 5.03252865986 0.178027577926 0.174740960566 1
84 3.35234892585 0.199065122609 0.105242137659 1
85 4.55009571491 0.215287657278 0.0931272612421 1
86 1.2945514622 0.0735263614831 0.0911227937445 1
87 6.07740345521 0.218693270629 0.330680147166 1
88 4.05695333583 0.203272390531 0.100104036487 1
89 5.81736853664 0.135386843704 29.8105155416 1
90 4.46210419554 0.114971156808 0.14819146942 1
91 6.10789795293 0.302012672043 0.790783188911 1
92 4.61218754778 1.26342622247 1.12270510915 1
93 4.76962371713 0.273862549744 0.149426221069 1
94 6.49836530431 0.170192611254 0.142786583957 1
95 3.73973477211 0.119583432562 0.474203253712 1
96 7.2036632105 0.337621728299 12.3216176524 1
97 6.53135179071 1.46917934952 0.292640109656 1
98 5.15436920497 0.15409607905 0.171269060158 1
99 3.36400254046 0.902403321237 19.3165383048 1
100 4.04951772231 0.493286905124 0.0967271311514 1
101 5.63334423266 0.155794881248 0.128820753867 1
102 6.29076367873 0.128492373637 0.150448332789 1
103 5.87449453012 0.14149547819 0.441678584312 1
104 5.26744705259 0.164963933137 0.202868999653 1
105 6.1620889314 0.170439839537 3.69939696045 1
106 5.53352701913 0.753717023486 0.338665358415 1
107 3.19475293342 0.12924180562 3.0800447476 1
108 2.9835601326 0.0973135760079 0.5887428606 1
109 4.72899130378 0.20176137973 0.119634987307 1
110 5.97580131062 0.125076582846 0.446414996564 1
111 3.5637320848 0.117711937731 0.119796120523 1
112 7.07117657462 0.392465811536 0.770925410255 1
113 5.56938194499 3.00251663925 0.40451927158 1
114 5.99782735182 7.67842823153 0.122003283764 1
115 6.62282358615 0.165464229239 0.139929256299 1
116 3.05821019259 0.199581081387 0.136228444049 1
117 4.45123028188 0.156993864018 0.110209805467 1
118 5.04123926586 0.146236919919 0.150726308654 1
119 4.55414743296 0.4259170801 0.0917735380237 1
120 3.93737061326 0.105076608608 0.156955384212 1
121 5.68595024299 0.124835145237 0.774313988589 1
122 1.01154032105 0.0302646876438 0.020633286788 1
123 4.53719430916 0.586079971949 12.6793299724 1
124 5.60346753688 0.116461919528 0.122183189952 1
125 4.68669584337 0.114773701191 0.385050970443 1
126 5.97013024873 0.149225170554 0.245271276419 1
127 2.51169981615 0.0757206169469 0.0585357855052 1
128 5.34950613697 0.137666815481 0.381896922335 1
129 4.15860049431 0.349112047402 0.184267844644 1
130 3.64010663735 0.101980067078 0.0884603351754 1
131 4.7986561434 0.096802304961 0.347265245959 1
132 5.53553378715 2.54186880673 0.196003805412 1
133 5.29028338013 1.13892507673 0.798087142265 1
134 2.97014726698 0.357386202839 0.0668528326147 1
135 4.66717049028 0.531934872234 2.25952305311 1
136 2.73779139316 0.0966097302404 0.128459779773 1
137 4.95143943117 1.53233014122 0.205418061366 1
138 3.82954125802 0.116994436946 0.127096157146 1
139 5.22299005456 0.119732300476 0.340179627923 1
140 3.74662066862 0.156938427881 0.283643525171 1
141 5.05018595409 0.907498868189 0.186311727048 1
142 7.13353041133 2.63085025954 0.555552905638 1
143 4.46657615838 0.10951227517 0.242950124644 1
144 3.89275938915 8.61058708031 0.675811141026 1
145 7.14863454741 0.208825362714 0.143895391859 1
146 7.80271869052 70.4808841712 0.2352454754 1
147 6.34017623632 0.227930556342 0.184116140069 1
148 4.10377786065 0.145190179484 0.177965557626 1
149 5.69866237378 0.132326312197 5.67293659404 1
150 7.24910455971 0.156964378379 2.31536069325 1
151 6.11113185697 0.607097676917 0.367491777371 1
152 5.35763699631 1.2511480354 0.173823433267 1
153 4.48247816883 0.392019522576 0.147859805024 1
154 5.43224198775 0.146615075325 0.117553711025 1
155 7.22421067402 0.504277747002 0.555773517047 1
156 5.29799700683 2.0603657091 0.801084196522 1
157 4.97361367207 0.163742451264 32.4195839311 1
158 3.69043031048 0.0906370589134 0.112168115724 1
159 5.58872765481 37.5474613595 1.94726599966 1
160 4.60266620045 0.0968462130772 0.177047053094 1
161 4.31140750587 0.30308369875 5.9284617271 1
162 8.73946385929 20.3032004877 0.736309163851 1
163 4.49538269173 0.0968202756817 14.8777550042 1
164 3.0451244315 0.160030297685 0.0937034958759 1
165 7.75632135999 0.27568786752 0.176311008213 1
166 7.45072831185 0.163707777776 0.524038244074 1
167 5.34871825415 0.190929750828 0.144265980607 1
168 5.17190922325 0.12779929359 0.21173391192 1
169 5.65472899359 0.403847284658 0.236784010783 1
170 4.78613529707 0.16124839894 0.16824737093 1
171 6.2943477457 0.180252538185 0.595766280052 1
172 2.43211859907 0.174564787202 1.64788969557 1
173 5.73526925747 0.116262325517 0.929086998039 1
174 3.97202853173 0.140630575384 0.274713464254 1
175 4.77140026263 0.169505849654 0.366139902924 1
176 4.69455727682 1.1710405862 0.593398100131 1
177 3.88098425111 0.372319134952 0.134938929443 1
178 2.56054257276 12.2277261445 0.105689712532 1
179 3.17017489219 0.119707377953 0.121129325406 1
180 5.59463859088 1.17909062158 14.2592335858 1
181 4.07340557213 0.0996125583415 0.219612477826 1
182 5.69801194695 3.03469455155 0.176822950652 1
183 6.17037386205 0.129950517396 0.127058465686 1
184 5.96094228366 4.46759491073 0.739284942079 1
185 4.91910144028 0.231718494903 0.163003489909 1
186 5.72014385161 0.162335359329 0.131808032047 1
187 4.49040989622 0.204191585152 0.454507347642 1
188 4.97636836464 0.212501360089 0.16188613793 1
189 4.0529848552 0.0875527491882 0.11261763838 1
190 4.94695473577 2.61885242414 0.127706127797 1
191 3.21317963921 0.543481784953 0.224254887484 1
192 6.22749987759 0.148727361749 0.574161679216 1
193 5.92080351123 0.422583920114 0.239712700258 1
194 4.58687142717 0.100679521468 0.0957265429054 1
195 4.98789393888 0.417693567952 13.3038716293 1
196 4.78930003638 0.15673576557 3.78250510354 1
197 5.0188610808 0.323949219214 10.1723253697 1
198 4.97327135382 0.173951394681 0.127883138884 1
199 2.96083698252 0.197281711945 2.21550120537 1
200 4.06616323182 0.0878860408083 0.190816254444 1
201 4.78996879119 0.124395905536 0.363282232188 1
202 3.40537357609 0.071906837726 0.0688253993994 2,3,4,5,6,7,8,9,10,11,12,13,14,15,16,17,18,19,20,21,22,23,24,25,26,27,28,29,30,31,32,33,34,35,36,37,38,39,40,41,42,43,44,45,46,47,48,49,50,51,52,53,54,55,56,57,58,59,60,61,62,63,64,65,66,67,68,69,70,71,72,73,74,75,76,77,78,79,80,81,82,83,84,85,86,87,88,89,90,91,92,93,94,95,96,97,98,99,100,101,102,103,104,105,106,107,108,109,110,111,112,113,114,115,116,117,118,119,120,121,122,123,124,125,126,127,128,129,130,131,132,133,134,135,136,137,138,139,140,141,142,143,144,145,146,147,148,149,150,151,152,153,154,155,156,157,158,159,160,161,162,163,164,165,166,167,168,169,170,171,172,173,174,175,176,177,178,179,180,181,182,183,184,185,186,187,188,189,190,191,192,193,194,195,196,197,198,199,200,201
203 5.61028204842 0.143216510936 0.407075878794 202
204 5.44642189297 0.652252703513 0.304393223267 202
205 3.92665108649 1.06183857199 0.594904012744 202
206 5.56902783088 0.132261550578 0.384305554812 202
207 4.57775873657 0.148464777385 0.105859826195 202
208 4.83356844391 0.208268339434 0.899060530777 202
209 5.49746946169 0.36851745671 3.21340644302 202
210 4.53850956804 9.33443083082 0.0975652845835 202
211 3.63764261219 0.111887707236 0.465657024935 202
212 5.28825342656 5.36288252957 0.166224912881 202
213 3.25377136894 0.494096852343 0.128261687062 202
214 3.77162957822 0.104596928732 0.0794978929159 202
215 5.35342910305 0.129702241366 0.141544069055 202
216 3.95105701102 0.109649776335 0.113843752518 202
217 4.81055399803 0.320641028395 0.142069997417 202
218 4.57362369109 0.12803198296 0.124656510756 202
219 7.72289938738 17.5726476976 0.567709138523 202
220 3.36805324857 0.127854633153 0.137430598696 202
221 5.29004694028 0.118771718928 0.327936588354 202
222 6.05502410992 0.431330910705 0.141365026634 202
223 5.69155917934 0.116733216306 0.648368598361 202
224 4.85777276004 0.283800341177 0.159793248278 202
225 2.01486369313 0.0438131769168 0.215555101041 202
226 5.50352186943 0.400491046638 0.130028274353 202
227 4.46545696042 0.203815375795 0.18792042853 202
228 5.00801801405 0.108945152553 0.219775052537 202
229 6.91525379128 0.271026752602 69.133145876 202
230 6.07754787288 0.167320820605 0.393892713038 202
231 4.30329038675 0.157629260933 0.0915484177701 202
232 3.90970968073 0.220513807824 0.202322643107 202
233 3.42133661399 0.113367072149 0.106545886211 202
234 6.46413654294 1.39936276654 0.138115406373 202
235 5.41753621593 0.154704393679 0.703319623281 202
236 3.29250528846 0.0719498802466 0.682369175041 202
237 4.62755106576 0.0991937782444 0.107522171328 202
238 4.87965916521 0.129126244997 2.48651775215 202
239 5.08345945663 0.215271911235 0.750373744133 202
240 4.95386373128 1.94746801396 0.188890167318 202
241 4.5127326588 0.0953362855793 0.166604165171 202
242 5.62770667017 1.23598885565 0.113738135736 202
243 4.96871944622 0.301066487539 0.29820805698 202
244 3.25423791321 0.075664063545 2.79772761868 202
245 3.56864002838 0.08095816601 0.103526145001 202
246 4.91464986939 0.116196483703 0.381126783425 202
247 5.86828661026 0.148674709074 0.25407079357 202
248 5.24577197879 0.242743885553 0.311576495772 202
249 6.60900950709 0.4623399701 1.9750232655 202
250 4.66857289986 10.8154459685 0.172012624945 202
251 3.24992247328 0.134252208117 0.0809766458038 202
252 3.22132848228 0.0748359504373 0.102181357151 202
253 5.65106103131 0.22423937859 0.822121976825 202
254 7.80753600977 0.488880212801 60.4602134479 202
255 2.84062559368 0.0931110346297 6.50841305036 202
256 6.34414414962 0.255660984002 1.16228021597 202
257 4.03220982039 0.483589885566 0.369181472507 202
258 5.31625218307 0.403055602769 0.140316976142 202
259 4.50074190049 0.0953193749517 0.301286793503 202
260 1.93019915712 0.0631289814228 0.431629178637 202
261 6.49669217795 0.286747617331 0.138886168958 202
262 5.86995417027 0.183182363206 0.245509851459 202
263 4.20543263692 0.395494010583 0.157683166836 202
264 3.73017147778 0.103058678435 0.112998431616 202
265 5.89176063633 0.293662315146 0.50990687661 202
266 4.55556107151 0.187915282703 0.297430250433 202
267 3.19915704235 0.324679727186 0.0839122000018 202
268 6.28983276917 0.268456294985 0.139921754657 202
269 3.80382107985 0.125799535021 0.0913472213478 202
270 5.11391598847 0.136086523712 0.239248921406 202
271 6.82332564813 0.340016337327 0.157096213181 202
272 6.16161970041 0.540419925823 0.377702273723 202
273 6.62010041053 0.368408002187 0.149239687475 202
274 5.73761265082 1.7886703458 28.3754765632 202
275 4.9383513336 0.878044460499 0.144864587224 202
276 3.87315403739 0.148080178896 0.149422370724 202
277 4.72453830846 0.133154308956 0.477287132822 202
278 4.51153204652 0.293213197459 0.187101063369 202
279 6.6389574673 0.523634236438 0.746242709655 202
280 6.18575479559 0.38816436423 30.179663941 202
281 5.12925417723 0.308850273124 0.304510798458 202
282 5.21163843981 0.213908793343 0.117542916936 202
283 5.58446452971 0.213549610551 0.45331797442 202
284 4.28791920707 0.599298922339 0.5376515914 202
285 5.92359631768 0.301361348549 0.246233342988 202
286 6.03108789825 0.158942156984 0.764086820003 202
287 5.2752106685 0.142244920914 0.175828848462 202
288 6.33210521039 0.263506171242 0.149333503901 202
289 7.58192517379 0.366529345148 0.436427534169 202
290 6.36258407447 0.87233843451 0.187758925285 202
291 4.37726922451 2.72957671055 0.15879318628 202
292 5.38925637573 0.113597753237 0.141823760589 202
293 2.39785206138 0.115941896222 0.901302871976 202
294 5.33843410666 0.115627010788 0.846269339657 202
295 4.77394167682 0.301880759921 35.8774155205 202
296 6.94521071362 0.20619963015 0.164707081077 202
297 3.32280806183 8.79194363204 0.0748518043776 202
298 7.27907410818 0.155970296685 0.429302861395 202
299 5.07585370084 0.246680253079 21.7171005416 202
300 5.9158689323 0.127275642949 4.62262191248 202
301 7.36343243258 3.01407767825 0.180096825068 202
302 5.12027983513 0.185130175128 0.134613593931 202
303 6.07971208665 0.287356443882 0.276998846243 202
304 4.42854288797 0.10290011815 0.179612247175 202
305 4.91124652258 0.378765990215 0.128171544008 202
306 5.18395699733 27.2960683055 0.742122758521 202
307 2.65441134439 0.547399150864 0.0899036212717 202
308 6.00012788133 0.369180121157 4.39804402755 202
309 4.74022875934 0.197954297245 0.981520905652 202
310 4.40316936052 0.711459502858 0.145520254767 202
311 3.29260913809 0.119681829737 0.0817871337936 202
312 1.73323139437 0.0398905877037 8.67342435262 202
313 4.89285045057 0.149357336906 0.489587487309 202
314 4.42624405259 0.121022188009 0.10901108339 202
315 6.39536689707 1.58995571362 0.297788755775 202
316 4.74277036175 0.210378966823 0.492043733872 202
317 4.80893695877 3.00782744321 0.143937284621 202
318 5.55141062156 0.487908114077 0.379455551014 202
319 4.30937121218 0.15015871291 0.143639068118 202
320 5.21028750542 0.127779491335 0.132402979536 202
321 1.85232435618 0.124056866593 2.00598253903 202
322 2.59173803383 0.152161357523 0.137445947568 202
323 4.37262706333 0.230283401357 1.08002258849 202
324 5.54047428561 0.487919030606 1.44062392795 202
325 5.44562105765 0.129067743011 0.141022452124 202
326 8.2406395286 0.164857797133 3.50573088037 202
327 3.97850690147 0.215365336824 0.127196978673 202
328 5.78510564028 0.714890459844 6.92607554197 202
329 3.77238457867 0.112393832423 0.0815038572387 202
330 5.00404792945 0.151695466134 0.377536032114 202
331 4.52409969637 0.0970892028333 0.191389061309 202
332 4.73131298079 0.104473988421 0.291094819873 202
333 6.74148609403 0.299216310546 1.44157167332 202
334 3.14201956179 0.105703759199 0.0858833898573 202
335 5.53862060996 0.148480232433 0.200353263727 202
336 4.6789288528 5.24040633418 0.343765664244 202
337 3.81974821501 8.92171425435 0.0857525800053 202
338 5.29209351382 0.108245415702 0.725528141007 202
339 3.94718407019 0.168194183359 0.103568209551 202
340 7.38403082815 0.149476822999 0.645177335096 202
341 6.52863183667 0.736352414037 0.152191000883 202
342 2.16343832736 9.34782828569 0.170776406319 202
343 7.55173378007 0.298246326687 0.478903160207 202
344 5.8908541174 0.138223097617 0.180667356645 202
345 4.92050544467 1.37134288503 0.106890545696 202
346 2.95423002973 0.148978095913 0.166479472181 202
347 5.63049056096 0.621975572362 0.320687263231 202
348 3.65248214699 0.359916408349 0.103604654894 202
349 6.31611888493 0.578817275487 0.156302155578 202
350 7.73184241048 0.210326392324 0.625239253297 202
351 5.19464640519 42.3467135667 0.304517355696 202
352 4.82470797545 0.173144558683 0.123815262494 202
353 4.96592281521 0.364753052639 0.356977231259 202
354 5.28766676662 0.126236996842 13.6805755751 202
355 6.90262364905 0.149392519086 0.296962186145 202
356 7.19664659866 0.151808598841 0.244518235262 202
357 4.79584619059 0.275633877373 0.403204081897 202
358 2.93795118953 0.0666490105174 0.130541186549 202
359 3.56722084278 0.230589019689 0.0764625207348 202
360 4.91116997599 0.187741924755 0.118311274927 202
361 6.74954754903 1.30669933706 0.155340230169 202
362 3.81216336459 0.300390325175 0.142321706689 202
363 5.95773314969 0.222521597377 0.358297193463 202
364 3.88524649307 0.136362971981 0.372846822295 202
365 5.35271320471 0.581740612859 0.117449519292 202
366 4.91979877948 0.318119987679 0.543580845948 202
367 2.80878353315 0.304272795964 0.101867042412 202
368 2.4182550016 0.0540183291753 0.0502180115664 202
369 3.19831163864 0.0705184319801 0.992989843553 202
370 6.6325539432 0.168454959653 0.165424615157 202
371 4.22413558759 2.82175656243 0.151451157038 202
372 6.39986982265 44.2134007831 0.315141854424 202
373 3.65787585101 0.0758085695855 0.944825323408 202
374 5.54440604406 0.305270695317 0.408085958868 202
375 6.08430447752 0.229184611731 0.249984403098 202
376 5.10920852839 0.219015048774 0.207920112208 202
377 6.09278805265 0.178386919333 0.124795436827 202
378 6.05999052858 0.224649170831 14.2664709955 202
379 6.32455287423 2.57667493153 1.68223956651 202
380 5.90326682509 0.802547579166 0.497263257248 202
381 5.10292747731 21.6767515885 0.259352788327 202
382 3.52414394466 0.664745665099 0.102216158992 202
383 5.73599558755 0.151753383222 0.134576227218 202
384 5.4446951433 0.203091443539 0.116481914239 202
385 4.62918329301 3.73741710816 0.154318566764 202
386 4.75559439772 0.11180305476 0.113177313348 202
387 4.52925236371 0.748223957922 0.233761956663 202
388 5.24633598277 0.18255848606 0.183596190423 202
389 5.50983603473 1.0165942103 0.438511399034 202
390 4.14838281271 0.101925992536 0.109894861874 202
391 5.52915104895 2.79326201548 0.146827576044 202
392 2.53315815484 0.139688837354 0.156047986301 202
393 5.70077997518 0.166630052391 0.131015013781 202
394 3.90292477577 0.59660648317 0.669140346229 202
395 7.3597481953 0.15253868812 0.2413298806 202
396 6.16500583763 0.847748556335 0.223859105136 202
397 4.6174424706 1.37339888379 0.0936918750931 202
398 6.03866876882 0.169140595998 0.13810919015 202
399 3.62713659516 0.252042339623 0.16691773051 202
400 3.38386348341 0.1706317964 0.0743352044482 202
401 5.44805264732 0.18823447719 0.281258383944 202
402 4.52736968327 0.119448322512 0.183598007923 202
403 6.4114078842 0.13638670809 0.165663699829 203,204,205,206,207,208,209,210,211,212,213,214,215,216,217,218,219,220,221,222,223,224,225,226,227,228,229,230,231,232,233,234,235,236,237,238,239,240,241,242,243,244,245,246,247,248,249,250,251,252,253,254,255,256,257,258,259,260,261,262,263,264,265,266,267,268,269,270,271,272,273,274,275,276,277,278,279,280,281,282,283,284,285,286,287,288,289,290,291,292,293,294,295,296,297,298,299,300,301,302,303,304,305,306,307,308,309,310,311,312,313,314,315,316,317,318,319,320,321,322,323,324,325,326,327,328,329,330,331,332,333,334,335,336,337,338,339,340,341,342,343,344,345,346,347,348,349,350,351,352,353,354,355,356,357,358,359,360,361,362,363,364,365,366,367,368,369,370,371,372,373,374,375,376,377,378,379,380,381,382,383,384,385,386,387,388,389,390,391,392,393,394,395,396,397,398,399,400,401,402
404 4.80455601337 0.49585221746 0.138861166435 403
405 5.57145914111 0.117358562742 2.05592565438 403
406 4.56058365723 0.808786529924 3.63716966209 403
407 5.99670263194 0.12371389439 0.378466431776 403
408 4.03492435778 0.100693738827 0.369981945891 403
409 5.0269157765 0.489531017006 7.37481171205 403
410 5.29233041507 0.111208951132 0.356348665335 403
411 3.66278530828 0.201621515033 0.140467096866 403
412 4.53264941147 0.577263074717 0.645787937382 403
413 6.11769720244 0.142243577453 0.455255544463 403
414 6.63487651672 0.148201396359 0.301617506671 403
415 5.58559098283 7.12869722091 0.270178990523 403
416 5.01373773253 1.30276335619 0.229391626311 403
417 5.68754328173 0.215316690379 0.125905717011 403
418 3.58670390783 0.112852573266 0.144019787936 403
419 3.49429087838 0.254929456579 0.105962519544 403
420 4.42000339658 0.383364166217 0.565395815843 403
421 4.46708262897 0.216364135005 0.762521382489 403
422 4.5531649419 0.183310178809 0.100949319524 403
423 7.33558146391 1.49520940812 0.193762762521 403
424 5.44091864179 16.8993414322 1.6329660347 403
425 5.61716563362 0.573216461325 0.57872765666 403
426 5.92625867627 0.225904468019 0.250573360859 403
427 7.06062880865 0.64558078221 0.335062585619 403
428 4.78042932418 0.115690822402 0.170854467178 403
429 5.03239725295 0.371834156273 0.145485418581 403
430 4.18925065204 0.510003238799 0.169972401337 403
431 5.57143374139 0.710174881045 0.42478579071 403
432 2.77730004571 0.0586560906152 0.143579032127 403
433 4.64236143969 0.101311845271 14.0614795936 403
434 7.18069962524 0.428995751251 0.173031498889 403
435 4.53394348303 0.0972915652425 0.108577049082 403
436 5.68454282763 0.121079027818 7.60350411908 403
437 5.17169430485 0.105068375845 0.275043188495 403
438 4.33389756136 0.119804782132 0.089277027492 403
439 3.72318568147 0.0756447494747 0.112516121386 403
440 3.88900454766 0.181878244235 0.0847520858367 403
441 5.14171608812 0.266865855755 10.497843424 403
442 5.51550345591 0.315813714616 0.356392939723 403
443 5.9877638806 0.129453076358 0.168164822945 403
444 4.50682469972 0.11706375225 0.194501780145 403
445 3.42983059091 0.157784897753 0.153064157152 403
446 3.46520503891 0.0970454656988 0.0921758531486 403
447 4.12292165116 0.0851746016557 0.260312679645 403
448 5.38621469652 2.8296021936 1.34856951776 403
449 5.51885735704 0.617174322112 11.5113866476 403
450 2.99978719007 0.15159681227 0.0891987734761 403
451 3.5723135813 0.129779927259 0.208364119285 403
452 4.88218918539 0.131929185875 0.315199839906 403
453 3.22874072616 0.0786548332278 0.49836994721 403
454 5.22800401076 0.147859720155 0.21264437997 403
455 3.73892972515 0.0761398143633 0.129029293745 403
456 7.08221754604 0.159799037994 17.2980546041 403
457 4.10384851315 0.15470063554 0.225487476226 403
458 6.46514434859 0.185653769603 0.378127784308 403
459 5.16940052717 0.32233962551 0.145740833128 403
460 5.8682828283 0.121264029553 0.365675745436 403
461 3.49358063777 0.0724547500732 0.167615660724 403
462 4.53690255479 0.755657043668 0.502252350159 403
463 4.66111230434 12.5181347609 0.205461814982 403
464 5.35890886838 0.933848854866 0.185195213202 403
465 3.76356179118 0.523118261162 0.131028839234 403
466 3.16849048829 0.141740020507 0.512947578829 403
467 6.20265068194 0.176963856589 1.10706705997 403
468 6.71367400072 0.400728276601 0.184027930724 403
469 4.08462753852 0.130194239316 0.223248140925 403
470 4.10000157066 0.49823609337 0.084601367561 403
471 6.40960210533 0.53890247668 0.133745572587 403
472 6.56696418027 0.41946667772 0.88588858872 403
473 2.03939058123 0.0914534763589 0.303512762405 403
474 4.76051601793 0.182450094963 0.290898283208 403
475 5.11220935437 0.248148265269 0.200865675222 403
476 4.4966465931 0.183981067661 0.177216486852 403
477 2.64744343962 0.0591658521065 0.102070559693 403
478 5.31173619067 0.286008243726 0.172148789282 403
479 5.60596329046 1.41969131052 0.446399727152 403
480 5.11377565645 0.140993180886 10.6727141244 403
481 5.73066425547 0.124480065665 0.303873626545 403
482 3.43624648071 0.104860135502 0.0800988845478 403
483 5.68485367433 0.403249236315 0.163445864668 403
484 5.02965066461 0.320352144194 20.1439745073 403
485 3.35850303841 0.131254615086 0.139238401933 403
486 3.66801844667 3.66424639886 0.0912049867703 403
487 4.75520795012 0.322795513207 0.170362639678 403
488 5.54746637361 0.405069729056 0.221671321529 403
489 4.39327959975 0.495214818347 0.101611388717 403
490 5.43551663212 0.226386013308 0.125078110608 403
491 4.64276346717 0.105877340896 0.105076124516 403
492 5.99292331603 0.533298088405 0.174345317778 403
493 5.36141209848 0.354132126979 0.114831410153 403
494 3.98310195661 0.0907734510806 0.136981963884 403
495 5.14706077606 0.145844915471 0.344871110607 403
496 4.0067655312 5.1161532382 0.215895526642 403
497 5.67704887234 0.319363819729 0.394970707272 403
498 6.48714083187 0.133572579663 0.325110857212 403
499 5.84775847177 0.190146890541 0.130680402022 403
500 6.83744705519 0.184252037854 0.213309856806 403
501 6.78377307033 0.756914504336 0.230143030616 403
502 6.24918657337 1.06086600506 1.05728582793 403
503 6.52255660312 4.75921416619 0.20447110163 403
504 4.92029848064 0.117775738956 0.11662809246 403
505 4.67751548299 0.141673825656 0.707340151113 403
506 4.03968890742 0.747759403057 0.426328160812 403
507 4.47180335283 0.134362837382 0.0961056262281 403
508 5.58296989468 0.461371060663 0.185699010846 403
509 4.35649475293 0.10731686861 0.348793965677 403
510 8.08128192408 0.753977300171 0.291966479883 403
511 5.76584400605 0.171550503378 0.145702119904 403
512 4.75763263769 0.313923805617 0.132264007858 403
513 6.4685051094 0.155367059267 0.201068197031 403
514 4.02499786932 0.19577605993 0.710268446249 403
515 4.92467907692 0.970733588383 0.37103450945 403
516 5.21287026517 0.352919084676 1.62227721897 403
517 4.63855710392 0.098783265895 0.178538504441 403
518 3.88493152679 0.0809117358883 0.18986384498 403
519 4.05545894608 0.35370949923 0.581609991948 403
520 4.48389737988 0.427408177628 37.7709103977 403
521 3.82007545672 0.105044400727 0.104363150735 403
522 5.70743562809 0.116136209184 0.144301492323 403
523 3.05866601907 0.228230171645 0.0738255928728 403
524 4.14425182968 0.424685372393 0.0990833385671 403
525 1.71680945086 0.12045382948 0.08378264146 403
526 5.5953926698 0.638519929099 0.120630860302 403
527 5.17683860347 0.564464219688 0.409491115557 403
528 4.76504168452 0.0956445120742 0.105439354395 403
529 4.8167761042 0.10716722994 0.0998414214631 403
530 4.74509050742 0.19547071983 0.339014364398 403
531 5.12344797818 32.9644581291 0.282919025142 403
532 3.06296922598 0.106877996118 0.1078166027 403
533 4.88461903123 0.217624520246 0.171681869401 403
534 5.52354381196 27.7472003486 0.39250697552 403
535 5.55655427173 0.346801740974 0.12537798093 403
536 4.11055131116 0.279732009137 0.113626444834 403
537 4.22935674997 0.166626714476 0.149097600299 403
538 3.31109772331 0.0746978188943 0.383827416467 403
539 6.73251380766 0.143850807522 0.161636404524 403
540 5.35713842188 0.133179168044 0.138358188877 403
541 4.03353086213 0.205685856642 0.085117232807 403
542 5.15769736425 0.140039162942 0.255033107416 403
543 5.98603345729 0.149324750393 1.10115227463 403
544 5.1425052501 0.194252803866 0.300759894506 403
545 4.98423419013 0.126918853101 0.101120126675 403
546 4.12784679498 0.0977046140137 5.89706223446 403
547 3.07946305054 0.109998020094 0.134077919943 403
548 4.89312631395 28.8707357175 0.217424057836 403
549 5.57218604626 28.7993449438 0.195643906712 403
550 4.44973630322 0.140111383244 0.0999950056555 403
551 5.03481017325 0.484164125291 0.336198582035 403
552 5.3096084342 1.28947504232 0.679749156609 403
553 3.94183076019 0.169133256715 0.0879922981516 403
554 5.46005356908 0.139176375845 0.169679375524 403
555 5.32064730855 0.177348615142 0.427408581675 403
556 5.49299848466 0.148772264791 0.233203580967 403
557 5.07354123417 0.251909420688 0.590561249085 403
558 5.68228681548 0.254684668258 0.124207792761 403
559 4.67416595911 0.0973903839292 0.710883707744 403
560 6.04417755395 0.199743302825 0.135021319707 403
561 5.60149564631 0.171694965248 11.5871592613 403
562 5.68570945275 0.471046304568 0.12385454393 403
563 5.26139084806 0.125969246929 2.29285266372 403
564 6.97802134564 0.199318509383 0.143504425371 403
565 6.07210990847 0.289338210944 0.135087741153 403
566 5.03681115437 0.204864824334 21.4280532918 403
567 1.82021346963 0.0487298210666 0.0794634557611 403
568 3.94165644004 0.0801861351346 12.637798079 403
569 4.46596826322 0.38270509443 0.323032743243 403
570 3.92204624894 0.163991627692 0.0800553803599 403
571 3.47339091695 0.509632218468 0.0695631996558 403
572 5.01022402499 1.03573880371 0.122038382956 403
573 4.59582727332 0.259659075596 0.223773277619 403
574 5.28789212884 0.165528011357 0.304567961436 403
575 4.12242225429 15.441757362 0.117072091643 403
576 3.56307389145 10.4122615765 0.96287219529 403
577 5.10438113062 0.168306819773 0.432455551207 403
578 5.65906608659 0.171359965411 0.287609089656 403
579 6.56209098029 3.15941428635 0.162503547368 403
580 4.82551788364 0.223590716974 0.641359406808 403
581 5.11655752676 14.7906211854 0.687609066271 403
582 4.11347197999 0.119822769103 1.04896233654 403
583 3.70259368715 0.140299549109 0.145884893894 403
584 4.9641567351 12.2562218376 0.432982219159 403
585 3.84087907401 0.120727015744 0.280713453003 403
586 5.4136232281 1.22809332752 0.156430778132 403
587 4.80483855266 0.461108208587 0.244803743038 403
588 5.85097600599 0.345190981796 0.337363993361 403
589 5.62976397477 0.198914748148 0.127078612978 403
590 7.06099353006 0.170101212418 0.169802789122 403
591 4.36412851533 0.0987023297904 0.324957241591 403
592 3.4011432513 0.104724745751 0.28077479498 403
593 4.77304167367 0.109724588619 0.838503604284 403
594 5.38180307153 0.234246871199 0.211958456171 403
595 4.92744696547 0.327865258157 0.23232733121 403
596 5.12844822992 0.134081770608 0.331174884856 403
597 3.29603614191 0.300087436284 0.204528685028 403
598 3.59298396609 0.0822974929514 1.08299565649 403
599 4.55405046262 0.104472684217 0.280170591235 403
600 5.84219058793 0.216727454849 0.206201957672 403
601 5.99567930995 2.09093322949 0.341693101217 403
602 4.17005220255 0.0841750636319 0.285718327623 403
603 4.65458188821 0.448399147062 1.55899392698 403
604 2.29947487021 0.0516014011802 0.102522252692 404,405,406,407,408,409,410,411,412,413,414,415,416,417,418,419,420,421,422,423,424,425,426,427,428,429,430,431,432,433,434,435,436,437,438,439,440,441,442,443,444,445,446,447,448,449,450,451,452,453,454,455,456,457,458,459,460,461,462,463,464,465,466,467,468,469,470,471,472,473,474,475,476,477,478,479,480,481,482,483,484,485,486,487,488,489,490,491,492,493,494,495,496,497,498,499,500,501,502,503,504,505,506,507,508,509,510,511,512,513,514,515,516,517,518,519,520,521,522,523,524,525,526,527,528,529,530,531,532,533,534,535,536,537,538,539,540,541,542,543,544,545,546,547,548,549,550,551,552,553,554,555,556,557,558,559,560,561,562,563,564,565,566,567,568,569,570,571,572,573,574,575,576,577,578,579,580,581,582,583,584,585,586,587,588,589,590,591,592,593,594,595,596,597,598,599,600,601,602,603
605 5.90315352358 0.380642001358 10.5187214759 604
606 5.97943830325 1.14858164458 1.40024378183 604
607 5.35745272633 0.352421227339 0.123597843384 604
608 3.55098914164 0.0770810713999 0.391282621763 604
609 6.04265384314 0.12932479983 0.454557255653 604
610 3.33896322431 14.6679239605 0.132485178297 604
611 6.24540292616 1.72910808167 0.274278044105 604
612 5.98263869203 0.42199787649 0.165510881358 604
613 4.83438725311 0.121904091034 0.289245373391 604
614 2.6019672343 0.0888464861547 0.384756099336 604
615 5.49414336196 0.136957783122 0.121789733612 604
616 4.0945522505 0.0972270596889 0.269307852699 604
617 5.06944122314 0.142255661053 0.372216220531 604
618 4.21296106591 0.475808057125 0.285495801397 604
619 5.16879204229 0.365895240595 0.243010145371 604
620 6.1865688744 0.135405514886 0.127473363056 604
621 7.44833802894 0.607997229451 0.23059438235 604
622 5.11974115307 0.519415556295 21.1496063478 604
623 7.56912046544 0.159861460971 0.16781546334 604
624 3.89478376339 0.0980906375556 0.130829988151 604
625 4.83436276445 0.509524328019 0.479336034622 604
626 4.39120401394 0.119531860638 0.523812989301 604
627 4.29915285718 0.329282824628 0.0911376877408 604
628 6.19638892742 0.181200123428 18.4271507904 604
629 4.29246685478 2.72013722588 0.181721475471 604
630 4.76893608142 0.129420139122 0.142005724803 604
631 3.6395277141 0.197556055285 0.246170417323 604
632 5.49836331069 52.0556850202 0.154701594052 604
633 5.65260881647 0.125210935946 0.322871899303 604
634 5.70328014862 0.220729426076 0.144485626875 604
635 5.53522411576 0.233709232698 0.497492893044 604
636 3.15015725084 0.282945684905 0.0698788468006 604
637 5.47062552717 0.331749064771 0.154218159918 604
638 4.97152464867 1.00753772338 0.181144200132 604
639 5.13810107379 0.225465837308 29.0978215593 604
640 4.59111407607 0.422203968478 0.633265165197 604
641 6.04078819257 0.775764500719 0.140238174234 604
642 3.04992696943 0.0940835665387 0.110947392477 604
643 4.71300887108 0.114678399239 0.390495791291 604
644 5.76775416695 0.180793722621 30.7688749088 604
645 5.99663031854 0.557073235901 0.567919910971 604
646 6.15116927241 1.07957777394 0.191849953878 604
647 5.86276579744 0.12414228111 0.977517737283 604
648 5.99542913842 0.160545124864 1.26055488846 604
649 3.21820250193 7.68074558117 0.786608234737 604
650 5.55314766159 0.770795824164 0.146039840556 604
651 4.70338518534 14.455798469 0.379803765634 604
652 5.43264916599 0.330606352054 0.191481620942 604
653 5.85904167108 2.51296053687 0.97266947934 604
654 4.06389197704 0.14058415668 3.86061569864 604
655 2.15423224662 0.0666256856062 5.24165457453 604
656 5.59253888946 0.153151892436 0.920249754279 604
657 5.88615279494 12.3280561878 0.141752917274 604
658 6.91213099608 0.150006290711 0.197084511199 604
659 5.13820742946 0.255852700618 2.23691189442 604
660 4.40368391312 0.499961684561 0.0953966609505 604
661 5.83033126628 0.261594846745 0.152990263994 604
662 3.58286560574 1.91423654802 0.0888480886235 604
663 6.35844345476 0.388277564804 0.151990036141 604
664 3.95506844807 2.65545383073 0.262572342091 604
665 6.00789194805 1.26311740172 0.260519767876 604
666 5.78008006168 0.918528652475 0.134503708995 604
667 4.65490521218 0.116544055697 0.121130526676 604
668 5.37948519461 0.304235562133 0.311451766761 604
669 7.14325534159 0.298165122733 0.178957050305 604
670 5.13583466924 2.1844564767 0.139591661054 604
671 5.12756148824 0.106750829136 0.254068801257 604
672 5.62667434598 14.83712199 0.179306511635 604
673 4.27863782957 0.165881142193 0.355419048318 604
674 4.28475256847 0.0860084971698 0.211846433773 604
675 6.01822824767 0.178611459726 0.342950891935 604
676 3.64847962283 0.101272668951 0.0742777566427 604
677 5.51169235187 0.281830643246 0.320409457426 604
678 6.72615503978 0.224967493222 0.392329544809 604
679 6.94560474597 0.179514158807 0.271807740103 604
680 4.5778464718 0.102101712613 0.238803383668 604
681 6.26221987951 0.288995408591 0.199357771971 604
682 5.11006320407 0.292112306677 0.187316422767 604
683 5.96760850065 56.6902542308 0.119729938777 604
684 5.31022442682 0.597632867889 0.115342162923 604
685 5.66947909652 0.137727467507 7.09494670358 604
686 4.78530204375 0.135169417825 0.424718759153 604
687 2.38856467473 0.0638836930195 0.0525697660845 604
688 5.9766553143 2.79874069713 1.06484565474 604
689 3.98665921349 0.106352530923 0.193486144541 604
690 4.21177358565 0.106809464004 0.108193797022 604
691 6.13290838451 0.258126234805 0.277742583164 604
692 5.43987672674 3.90747043533 0.748376652663 604
693 5.2372791471 0.215922343038 0.164048365424 604
694 4.08467013428 0.0901376715448 20.4038499325 604
695 3.39408111632 0.0721885104593 0.288287309686 604
696 5.36798235352 0.242275983536 0.161392730681 604
697 7.14563905406 3.04929691657 0.26052583396 604
698 4.6454016497 0.228596729425 0.484662902685 604
699 4.79391523092 0.155042114661 0.542721991652 604
700 4.61507635708 0.153551956402 0.129904279081 604
701 4.9812352331 0.162613503929 0.164699283333 604
702 5.63037466036 0.147980472812 0.240476930344 604
703 6.71399890745 0.191706977193 0.153314321199 604
704 4.98981748004 0.147282683938 0.241406033635 604
705 6.74668072221 0.146612176904 38.093352063 604
706 5.83851840573 0.144443576648 0.323550001631 604
707 4.34428236784 0.161985641675 0.249703561731 604
708 4.96723055435 0.261015648025 0.134309225989 604
709 3.44908548356 0.131561848894 0.0825673331547 604
710 3.98719783516 0.514660173023 0.139510221337 604
711 6.51735282437 0.147189875166 0.490868631186 604
712 6.19412712575 0.744083072837 1.51884866056 604
713 3.16749093793 0.072882842708 0.0843330573726 604
714 4.98280770204 0.150040367487 0.485551903244 604
715 3.89790108812 0.232455686108 0.211776170015 604
716 4.60086197444 0.122816066531 0.137521230377 604
717 3.80897074288 0.166948122831 0.799497381932 604
718 6.7537601462 1.22131235872 0.140264527155 604
719 3.75513145175 0.436804381882 0.268499113268 604
720 6.06623259997 0.274122920044 0.20911146935 604
721 3.01644966114 0.0611435634621 0.0873266917111 604
722 4.72230932757 0.11799372557 0.191497084414 604
723 6.92779839119 0.160809692946 0.198116182929 604
724 4.65315999453 0.471790147525 0.103411062212 604
725 3.89701933514 0.174541662972 0.116658932353 604
726 6.55566449152 0.3144275349 0.227215106121 604
727 4.27347334127 0.273428887096 0.0967114229919 604
728 4.90678401954 0.457811356556 0.130497147177 604
729 6.25433601184 0.137186616691 0.170001066101 604
730 6.60462656613 0.136870464635 0.325471976906 604
731 3.00614599324 0.0810010319533 3.00825894814 604
732 4.48438281813 1.12826750915 0.18377196139 604
733 5.21868434897 0.534516672947 0.140047848996 604
734 5.47778847514 0.184399579255 0.117144011061 604
735 4.97179613688 0.121963001288 0.137652513565 604
736 3.43489466845 0.0906217599306 0.137601302456 604
737 6.66266720956 0.172091087915 1.51421231897 604
738 1.39507402631 0.213495409218 0.0532275523536 604
739 5.71130364444 2.16733097319 0.120249003168 604
740 1.77452510194 0.0529210910191 0.0406715738623 604
741 5.04856680052 0.589539999983 0.118510245171 604
742 5.33820192993 0.14935901689 0.421116378093 604
743 5.81258710979 0.117233480615 0.121399540616 604
744 3.10584693638 0.0627852069511 0.546543669963 604
745 5.66534516581 0.317486068195 0.144090201823 604
746 5.37204692354 0.118677620241 0.559767822137 604
747 4.05823525385 0.110220795049 0.090628514869 604
748 6.62487768784 0.167718359092 34.6820748221 604
749 4.41560077127 0.145435523747 0.0971814710769 604
750 6.03383524972 0.143316849011 11.870518898 604
751 5.54561653082 0.250287144544 14.6590361374 604
752 2.66923716278 0.12288432642 0.0871165923377 604
753 4.65042874357 0.117918415103 0.393553578216 604
754 5.05152610107 0.182651961328 0.265033481732 604
755 7.60967241182 15.5461768798 1.76794895366 604
756 6.45009224053 0.458899317856 0.232129113507 604
757 5.10588766159 0.2441318338 0.138914865995 604
758 4.65366376766 0.420145384309 0.278095280296 604
759 4.21879807297 0.126259556166 0.259429672467 604
760 4.93406788146 0.24268171297 0.100440710121 604
761 3.15898612779 0.0798634117094 14.6433446542 604
762 1.56958322535 0.107779591436 0.0377837117268 604
763 3.36340482414 0.138266041147 0.551707211335 604
764 6.43124961544 0.193050504723 0.507514962936 604
765 4.64568177342 12.6448824258 0.116375697992 604
766 5.1354273593 0.142076146797 0.109637813578 604
767 5.72556744248 0.199076367656 0.348552907985 604
768 4.67413869023 0.131321472687 0.18668803708 604
769 3.57434475232 0.177142306443 0.0912577798181 604
770 4.55325275565 0.139088029585 0.0913707646328 604
771 6.8230475949 0.556437251089 0.408939140015 604
772 5.10583730494 0.11136476944 0.112573565976 604
773 4.53518405642 0.630191705029 0.203746230439 604
774 4.41770968878 2.81520124034 6.25896211549 604
775 3.77859488465 12.9204402433 0.455881972749 604
776 4.5714480627 0.131711922104 0.107545747361 604
777 4.16398875451 0.177576254567 0.878442668052 604
778 5.33901620861 0.729413464168 0.222952073441 604
779 6.78277709202 0.407972244287 0.17906907988 604
780 1.57348076975 0.0481761322678 0.0713413034432 604
781 2.61217705707 0.057994690243 0.0695091061743 604
782 5.25777309221 0.244246255103 0.400934201494 604
783 4.34819005175 0.0995859106983 2.02017465403 604
784 5.56726660095 2.57169301854 3.17459975752 604
785 5.63366784033 0.144479224399 0.664302514291 604
786 3.75002956873 0.147183215744 0.351097265627 604
787 4.98408797668 0.187784750804 0.166057888801 604
788 6.71708906972 0.295701282921 0.140201451935 604
789 4.48835824402 0.287968490791 0.102483372149 604
790 4.90490287618 0.107544075978 0.144843410967 604
791 3.40066202258 0.327392600148 0.131774843981 604
792 7.42085130146 1.51026888976 0.432760617506 604
793 5.40559343539 2.47778441631 0.120342041576 604
794 2.62662995445 0.0758012635375 0.0750459484266 604
795 5.0919054765 0.208405288395 0.330691046705 604
796 3.69186157126 0.119626886776 0.0989508662069 604
797 6.09165215648 0.16280054742 0.376087359012 604
798 4.84546974899 1.61887191011 0.245048981237 604
799 3.41156116777 0.0817786011885 0.0762706234621 604
800 3.8988483129 0.137140874748 0.0883730891078 604
801 5.94883099934 0.340015156788 0.488206889975 604
802 3.77390507299 0.450142532859 0.0757072058442 604
803 4.70318559513 0.103755591089 0.162849266006 604
804 5.43983853642 1.09081996067 0.335199324707 604
805 7.42438161287 1.48779089224 0.222430930859 605,606,607,608,609,610,611,612,613,614,615,616,617,618,619,620,621,622,623,624,625,626,627,628,629,630,631,632,633,634,635,636,637,638,639,640,641,642,643,644,645,646,647,648,649,650,651,652,653,654,655,656,657,658,659,660,661,662,663,664,665,666,667,668,669,670,671,672,673,674,675,676,677,678,679,680,681,682,683,684,685,686,687,688,689,690,691,692,693,694,695,696,697,698,699,700,701,702,703,704,705,706,707,708,709,710,711,712,713,714,715,716,717,718,719,720,721,722,723,724,725,726,727,728,729,730,731,732,733,734,735,736,737,738,739,740,741,742,743,744,745,746,747,748,749,750,751,752,753,754,755,756,757,758,759,760,761,762,763,764,765,766,767,768,769,770,771,772,773,774,775,776,777,778,779,780,781,782,783,784,785,786,787,788,789,790,791,792,793,794,795,796,797,798,799,800,801,802,803,804
806 6.29369017894 0.353988546661 0.126183341578 805
807 4.75275219092 0.189425578868 7.4491603692 805
808 4.20520188288 2.0127858968 1.84001276985 805
809 7.35011518777 1.06482528951 0.181863867445 805
810 4.27436199836 0.219352719616 3.57069247341 805
811 6.11625646464 0.281540336663 1.90576176155 805
812 5.33550902553 0.320146337262 0.322349553518 805
813 5.1556588032 0.415374983032 0.187168437793 805
814 4.4834981841 0.134431929946 0.12356369683 805
815 3.46465600925 0.14480277904 0.254400595505 805
816 4.81049278251 0.408472960587 0.160242718295 805
817 6.85190314204 25.5155679717 0.214291175945 805
818 3.9563962965 0.275188140265 0.249984976391 805
819 3.95341400513 0.387231216546 0.0873766334925 805
820 7.47409881872 0.289028077936 2.55773170483 805
821 5.93687136077 0.198547728561 0.294830644212 805
822 3.6618819405 0.233267769219 0.0779164827603 805
823 7.29720608108 18.7745987861 0.275497543259 805
824 6.03710049837 1.79525785718 0.459155122799 805
825 4.35327942211 0.487830141609 0.116789115368 805
826 6.33515597534 0.134358644123 57.0942136671 805
827 6.29077753629 0.899198360854 0.163003807364 805
828 5.14779968732 0.1546271862 0.107834467941 805
829 2.73503701997 0.0571330201924 0.417630764686 805
830 4.97415138261 1.22932632955 0.0999911958604 805
831 7.54523870346 0.253254748481 4.91969906244 805
832 7.14103226792 0.162053008649 1.0532545203 805
833 4.85821728035 0.153306315729 0.141328566058 805
834 4.66614990313 0.20114133852 0.119773767256 805
835 5.20776575153 0.4553909787 0.125539000433 805
836 6.84870155381 0.416005682258 0.158503979578 805
837 7.02260969861 16.3997907701 0.645944943354 805
838 4.13216890009 0.17737954792 0.188686017737 805
839 3.67793404751 0.124903317204 0.172088607665 805
840 8.72737509513 36.8979068887 48.0051994302 805
841 7.08406912864 0.320244059223 0.639606317192 805
842 3.70120841087 0.375296478455 0.0778232764673 805
843 4.81774132308 0.340651669564 0.20028491767 805
844 4.12036355886 0.237827492006 0.145951868125 805
845 6.86368353508 0.158919182638 0.143208952697 805
846 3.71474598715 0.0914273699912 0.168820777519 805
847 4.05857715988 0.138855863527 0.605713022925 805
848 5.07373067597 1.12974102164 0.117556180878 805
849 4.73592849861 1.64217742817 46.1319654046 805
850 3.14079304286 0.0676374800468 0.0696657010046 805
851 4.40643030294 0.0927621613241 0.108200174631 805
852 4.8435940523 0.251736600403 0.124475488887 805
853 6.47428340343 0.286180765634 0.340014229745 805
854 6.45440485228 18.3809523993 0.140368404307 805
855 5.36301573177 0.122720729796 0.318877875036 805
856 4.73049866926 0.162785696973 0.27390902981 805
857 2.88018415065 0.0628943607636 0.156627586253 805
858 3.93140088294 1.28596620313 0.185567961576 805
859 4.76916249462 0.107257114789 0.102149832916 805
860 3.62752415534 0.46757961466 8.6304529759 805
861 5.20655651556 0.483794507795 0.105425651816 805
862 2.96902177072 0.33964768756 0.395636824593 805
863 3.73960546826 0.0998125050092 0.808334429124 805
864 6.60126825111 0.545611647697 16.2079213752 805
865 2.99771103086 0.0781215690081 0.151725586808 805
866 2.93248913849 11.8899899021 0.256510512892 805
867 5.40658221192 0.118547124594 0.227904416498 805
868 7.41236177152 0.643528086382 0.157163317562 805
869 5.95174516927 0.424082789359 0.144146313354 805
870 4.8068555516 0.572415682879 0.139436844646 805
871 4.79102126926 0.601870367634 0.141852191929 805
872 6.7591118363 22.0690192394 0.217212091383 805
873 6.14840737611 0.253051919109 0.219441522511 805
874 4.6983127414 1.02002947581 0.444743717276 805
875 4.5551230395 0.282828874377 0.10157011963 805
876 6.47422492323 0.174350135107 24.3731637851 805
877 3.05168543554 0.0668881713612 0.161146004227 805
878 4.45874968608 1.03050522032 0.155564006692 805
879 4.80047446712 0.653735008341 0.445633805016 805
880 5.89297443777 0.15183401833 0.124576411128 805
881 4.20554760544 0.0913517747094 0.495211310834 805
882 5.66534396437 0.190019381723 0.141805290975 805
883 6.38087476351 0.208438650374 0.683474263308 805
884 7.93039843303 0.291135276088 1.34548924635 805
885 4.39066561397 0.200773681427 0.0996269422389 805
886 5.65485744554 0.153030687855 0.384670928162 805
887 4.7266466558 0.658408395382 0.690730019121 805
888 5.4738039125 0.143565219275 0.962686889076 805
889 4.45110581222 0.111666715382 0.968887558405 805
890 7.91098419058 0.295050866409 35.4443855426 805
891 3.88253210869 0.102295299491 0.0945390546121 805
892 3.5308208445 0.0713241052029 0.263467261694 805
893 3.41111973842 0.121373561998 0.111635897314 805
894 4.46915771989 3.11505351881 0.229057005493 805
895 5.37715127737 0.139920556596 0.625620843762 805
896 5.15848214649 0.241858317053 0.118440305135 805
897 7.13524539208 0.30928484094 0.401156700645 805
898 7.22219574925 7.42904166326 0.154588656888 805
899 7.92249458488 0.214297114834 0.286524950353 805
900 6.63056635891 0.218771381729 1.39690279967 805
901 5.42898269062 0.219283695702 35.4309377218 805
902 4.14113485045 0.748690544872 0.36549573489 805
903 5.6362354788 0.268839903702 1.58510259828 805
904 6.4772318964 5.93028093398 0.496567168433 805
905 3.73613567975 0.114150193882 0.428433532261 805
906 1.84052991223 0.0442769364079 0.357423400489 805
907 4.75226564401 0.193588813785 0.425184849758 805
908 4.2603939727 0.229885945597 0.30315711806 805
909 4.93430355063 0.11548282971 0.110552803547 805
910 5.63864989682 0.938999958279 0.18692170921 805
911 5.94364235763 0.302073597046 0.265878158563 805
912 3.17098823901 0.236570038487 0.12781959953 805
913 4.31967315871 8.7834875507 0.183430713989 805
914 4.00545748676 0.124337916969 3.19272216917 805
915 4.17890310327 0.947385535659 0.100583415945 805
916 3.39782405276 0.0824108387552 0.231769139002 805
917 4.04267095404 0.138198054031 0.0972332127485 805
918 5.17613896877 10.1159612818 0.107517534461 805
919 4.78777211691 0.193520057561 15.4303767156 805
920 5.81377665591 0.218256644019 1.20535000307 805
921 6.04617951535 0.127384191877 0.167343787208 805
922 6.576706939 0.271076681443 0.214521049248 805
923 3.96658696564 0.55661516923 0.168336848033 805
924 2.01120375845 0.051244227676 0.142706770864 805
925 4.54075234431 0.295677701705 0.131337410205 805
926 2.06591227742 0.0490713672345 0.0416366491987 805
927 3.70820347483 0.118677543238 0.143803891454 805
928 6.10290630549 0.198333955424 0.124688406984 805
929 4.54943340709 0.162348097757 4.32907094502 805
930 4.48409188931 0.420301676715 0.128563408264 805
931 5.80133218755 0.125731636713 7.67685593509 805
932 6.00509675031 0.430607728317 0.495231782264 805
933 3.00481635144 0.119165513479 0.0779443733075 805
934 3.90342338506 0.104554018589 0.140509988189 805
935 6.77393484298 0.264434996463 0.285213163033 805
936 6.04804271644 0.278018637082 0.775106783633 805
937 5.22137628086 0.167234186705 0.110289367083 805
938 5.01947198988 0.169714675318 0.130382685797 805
939 5.03803382132 0.347480906725 0.767506697776 805
940 4.8368428373 0.139060824253 0.134856340626 805
941 4.32753472561 0.20790951687 8.950175396 805
942 3.77076045922 1.50343573339 0.126631992961 805
943 5.16547251027 2.37036454231 0.593279976761 805
944 5.50210720107 0.173448882606 0.128997968709 805
945 4.40057362229 0.299223085303 0.421074695719 805
946 5.21457067806 0.19153461986 1.20276338681 805
947 3.98496181193 2.13122473546 0.255060580049 805
948 5.50689665194 0.228361168047 0.338103843437 805
949 6.77350985772 5.14299369684 0.181168179439 805
950 5.9473770006 0.13135423797 0.510001911881 805
951 5.02394819687 0.37046417279 0.38453713406 805
952 6.24308790632 0.164706189188 0.286063988255 805
953 7.48520062912 0.756100304206 0.215983262666 805
954 6.47850033254 0.197468468452 0.177120850645 805
955 5.82876463696 0.140508936948 0.140389751362 805
956 4.36563858918 0.32381592594 0.0987346489111 805
957 4.15835241114 0.302903623005 0.100184007905 805
958 5.39596865681 0.189568863507 0.282342904767 805
959 6.20933147978 0.469059692913 1.41959993944 805
960 4.08184690251 0.989792906714 0.097072079986 805
961 6.28014768615 0.794112790083 0.268615220948 805
962 5.96392342426 0.131942528201 0.148541983386 805
963 4.40969622798 0.131932681955 0.178091846477 805
964 2.87154790977 8.79392219912 0.0690901673947 805
965 3.49577483413 0.127069860434 0.201405418736 805
966 4.05925559167 0.815593777578 0.315097009626 805
967 5.05037264612 0.419082959585 0.157744505458 805
968 3.34213409016 0.115811975929 0.323671401045 805
969 5.86039783802 0.224102054004 0.394410366714 805
970 3.84082667463 20.0777211041 0.364206484103 805
971 2.50913010225 0.0789073265844 0.236441217268 805
972 4.91670695122 0.13751815545 0.38700355934 805
973 2.54434270385 0.346904922467 0.0845497283944 805
974 3.22360301218 0.15178570906 0.0781660308538 805
975 3.87628338907 0.281215323213 0.121475228336 805
976 5.63381407479 4.55503920783 1.4480381468 805
977 4.12374747152 0.0851670823435 0.418496270083 805
978 3.63579395405 0.37107476004 0.174253310005 805
979 5.27410039516 0.2882111061 0.146020938194 805
980 4.29813979147 0.683748951311 0.0913119711668 805
981 3.68589056372 0.274724136988 1.58995454354 805
982 2.84809874998 0.100286987238 0.206790068363 805
983 6.20016414016 0.400210413199 0.206454377687 805
984 4.0852299918 0.253803914115 0.107406489984 805
985 6.60645933562 0.195936515197 1.24867961754 805
986 5.17088430498 0.14482600782 0.155873974439 805
987 5.21476031428 0.428667543138 0.149623293487 805
988 6.39608532044 0.174210582623 0.484052373751 805
989 7.36235940514 0.383089440281 0.150167410938 805
990 4.05758631594 0.0938534077794 0.114860735206 805
991 4.92344875693 0.110153166278 0.123864760537 805
992 5.56570080789 0.664999993809 0.119512851931 805
993 5.79105753975 0.169595720355 0.127731392201 805
994 3.49583685534 1.32601898279 0.124512040731 805
995 4.11068253832 0.112556441998 0.0874870891148 805
996 4.64943759885 0.206480399431 0.181737558175 805
997 4.58268070186 0.214530572443 0.117179145282 805
998 5.86016077093 0.147800289372 0.131964993149 805
999 3.25430940268 0.0691048620376 0.557294409666 805
1000 4.33554700691 0.250764882407 0.106260529974 805
1001 4.968503141 0.154729451684 0.111758471555 805
1002 4.07674012551 0.328958131035 1.28600073421 805
1003 6.17361427353 0.144700698192 0.356361672788 805
1004 6.16396688837 0.130365886441 0.183573622634 805
1005 4.71296965337 0.197838364771 0.607490901325 805
1006 5.66353320662 0.261657774123 0.113341272117 806,807,808,809,810,811,812,813,814,815,816,817,818,819,820,821,822,823,824,825,826,827,828,829,830,831,832,833,834,835,836,837,838,839,840,841,842,843,844,845,846,847,848,849,850,851,852,853,854,855,856,857,858,859,860,861,862,863,864,865,866,867,868,869,870,871,872,873,874,875,876,877,878,879,880,881,882,883,884,885,886,887,888,889,890,891,892,893,894,895,896,897,898,899,900,901,902,903,904,905,906,907,908,909,910,911,912,913,914,915,916,917,918,919,920,921,922,923,924,925,926,927,928,929,930,931,932,933,934,935,936,937,938,939,940,941,942,943,944,945,946,947,948,949,950,951,952,953,954,955,956,957,958,959,960,961,962,963,964,965,966,967,968,969,970,971,972,973,974,975,976,977,978,979,980,981,982,983,984,985,986,987,988,989,990,991,992,993,994,995,996,997,998,999,1000,1001,1002,1003,1004,1005
