1 4.51656649688 0.149634274241 0.127299003158
2 4.55215061804 1.23240566966 0.224432671865 1
3 5.29745031022 0.55339983319 0.118922897042 1
4 5.76766570263 0.545103280807 0.12689881843 1
5 4.49314434772 0.161284478721 0.103557077577 1
6 3.98101759668 0.519317909039 2.8112039332 1
7 5.80073581853 0.802423282583 0.1160543453 1
8 4.8428083009 0.198335990739 0.179896633359 1
9 4.26176125716 9.04660247162 0.0865344958028 1
10 2.49344370094 0.771684153337 0.36816975811 1
11 5.32913972853 0.106733646188 0.13127295431 1
12 4.42341269902 0.128015927677 0.1063484848 1
13 6.69494312228 0.158119378698 5.92835547245 1
14 4.72972549173 0.111217704399 0.688062677569 1
15 4.12097132315 0.116345305782 0.338345459608 1
16 3.31084409905 0.0668398641875 0.0671769729403 1
17 5.913345763 0.183707308788 0.168264698325 1
18 4.48496114078 0.323189444869 0.400158865169 1
19 5.4909533575 0.223560361158 0.483502101398 1
20 5.47107870085 0.137125648493 0.143321454733 1
21 4.36165488952 1.05891334959 0.187356419036 1
22 3.61407298888 0.0797216154867 0.0901863371032 1
23 4.41867425833 0.345196689113 0.357938917318 1
24 5.79203318784 0.685032714219 6.9749324018 1
25 4.44824975994 0.153674995277 1.10987195987 1
26 3.57887089227 0.0725431550927 0.100669619522 1
27 4.79344247227 0.100557507309 0.156733281702 1
28 6.97146954196 19.4258635991 0.629388676343 1
29 4.73613516639 0.118097364221 0.46892862661 1
30 3.99832198403 0.360702675724 0.144912562048 1
31 4.09163601126 0.193352719152 0.337663515466 1
32 1.24525954305 0.0656422972962 0.0569819223045 1
33 6.92216768444 0.141034544142 0.915784533026 1
34 6.38811492384 0.135042171155 0.304612006557 1
35 7.11323761763 0.604421533589 0.24199232294 1
36 5.90470284889 0.511780505713 2.60829474971 1
37 5.31973663779 0.108035065246 0.138371813545 1
38 5.09668774551 0.132569627133 0.421081560193 1
39 7.85671614496 0.337217092475 0.225426061247 1
40 5.54056321743 0.204513497171 0.239584810536 1
41 2.51546640892 0.0829018636349 0.0879954044948 1
42 6.65649223827 1.3480995229 0.147157041196 1
43 7.64485177339 0.535563399868 0.207325453205 1
44 5.15524088255 0.425854333762 5.72802635407 1
45 2.9857835454 0.164504052039 0.0967210576284 1
46 2.0697017173 0.101466160455 0.0568496816321 1
47 6.59212129036 0.147098002039 1.69400202282 1
48 3.61507391295 0.0973737761834 0.187269141922 1
49 4.6063253423 0.10631592957 13.1535516167 1
50 3.72420434465 0.0990584465388 0.237804786842 1
51 6.7413768193 0.23533339451 0.267741679313 1
52 6.83386834772 0.183559451753 0.152322180445 1
53 5.12133271531 0.149437828991 0.653224685225 1
54 3.68876856481 6.51269723782 0.110453705447 1
55 5.60547803614 0.231143990734 0.177853767903 1
56 6.10982183158 0.220940400504 0.167533280835 1
57 4.66719217021 0.108432504874 0.104415794105 1
58 6.61063006816 0.366599877929 20.4857374975 1
59 3.55551537872 0.117984159847 0.0907302437476 1
60 4.0374593771 1.51251490427 0.118227714551 1
61 4.66070090479 0.269414679569 0.149569300014 1
62 4.06337611386 0.119913481007 24.5498573284 1
63 2.7228597378 0.072479939477 0.511348671023 1
64 3.52314609471 0.29528645672 0.152896557408 1
65 2.30210100599 0.149813805006 0.190362522518 1
66 3.9934982576 0.645859633934 0.102573963848 1
67 6.21216907311 0.458083257444 0.128568757206 1
68 5.66811875868 0.123980135465 0.403844094996 1
69 4.56579247632 0.191882230134 0.151448343731 1
70 3.60353925173 0.108916380357 0.21340289802 1
71 4.65936454664 0.104050471231 0.135429409167 1
72 3.20703144744 0.15881960682 0.152012282943 1
73 4.71735142312 0.535326453329 0.411605044691 1
74 4.3980927226 0.655184032479 0.438062889789 1
75 3.05942520465 0.236263855803 0.0620248627521 1
76 5.79637721506 0.441434512056 2.05780141428 1
77 4.95467388863 0.320523065032 0.100039274467 1
78 5.47250484903 17.588109571 0.14235478938 1
79 3.2450895512 0.398121255607 0.0914419238035 1
80 6.51838913071 0.481607785127 0.19198342317 1
81 4.89275391744 0.201302873559 0.17031237502 1
82 4.68038570428 0.102490937223 0.546249946556 1
83 4.43188582392 0.173183929567 0.159474964722 1
84 2.65438838415 0.0843556443433 0.0959737712064 1
85 7.42217268549 0.219644072794 0.186949741573 1
86 2.05987861059 0.0475753272132 0.144569300764 1
87 4.50378195633 0.319078647494 0.274724594579 1
88 5.21526444403 0.189103526931 0.221994600593 1
89 4.37458434108 0.103973648776 0.353412552768 1
90 5.08451367981 0.712422748923 1.08110794959 1
91 5.34082956502 0.133885882544 0.132324491368 1
92 2.81657319616 0.227428094343 8.36683284148 1
93 5.79709164053 0.210277481719 14.2818477765 1
94 4.37594922821 0.148364915982 0.137827576798 1
95 7.80104765886 0.879046736647 0.161220640372 1
96 4.10042802693 0.235587393863 0.154370113911 1
97 6.24845950895 32.2367845353 5.05508144306 1
98 3.67488705131 0.160539837482 0.0799777134768 1
99 5.3184009961 0.211073789267 0.178332972173 1
100 4.30810228048 0.117476828076 0.144876623029 1
101 5.27161986091 52.1369892042 0.222901708012 1
102 4.76075719392 0.112974881583 2.24410825946 2,3,4,5,6,7,8,9,10,11,12,13,14,15,16,17,18,19,20,21,22,23,24,25,26,27,28,29,30,31,32,33,34,35,36,37,38,39,40,41,42,43,44,45,46,47,48,49,50,51,52,53,54,55,56,57,58,59,60,61,62,63,64,65,66,67,68,69,70,71,72,73,74,75,76,77,78,79,80,81,82,83,84,85,86,87,88,89,90,91,92,93,94,95,96,97,98,99,100,101
103 4.95267093185 0.322042279383 0.134614431357 102
104 5.24249178651 1.51829185723 0.298420119085 102
105 6.23801330178 0.238107075885 0.86547535511 102
106 4.89814484668 0.110190922723 0.531519640992 102
107 4.74104027604 0.119735728571 0.123944420309 102
108 2.67600880192 0.0760960134637 0.0927380011393 102
109 5.62570681766 0.283059118329 1.58507221766 102
110 5.48364883847 0.110149408164 0.377550386359 102
111 5.10405677159 0.120440810463 0.315778682652 102
112 5.63972877766 0.159342565311 0.258022421754 102
113 4.89768055787 0.101804201779 0.111663506713 102
114 4.12383831774 0.0835657867054 0.0862564328504 102
115 4.57666302254 0.309814812501 14.430848096 102
116 6.36380418637 0.163498493634 0.134337404359 102
117 5.90810990878 0.201740243953 35.3104309448 102
118 4.56217031923 0.196059664824 0.107730729095 102
119 5.66764629857 0.131798493659 0.291613257013 102
120 4.41953642207 0.131595402188 0.342133613631 102
121 4.69383422824 11.8811790332 0.268497552944 102
122 5.69570359992 0.936323964636 0.544019407311 102
123 6.79627475759 0.174416575035 0.342299979072 102
124 4.20518861142 2.53373706651 0.0848085128305 102
125 6.59349929126 0.203034442423 0.201380277085 102
126 8.01316634233 0.925360735198 0.232703330872 102
127 5.01337128298 0.233599232144 1.01748402283 102
128 4.09074639095 0.16809046513 0.090556208517 102
129 6.84495825508 0.497473729771 0.162698624131 102
130 4.51448615988 0.10193006687 0.211894499269 102
131 5.74004922588 2.10910898332 0.913117636105 102
132 4.63705657494 3.0627387647 1.59159834708 102
133 7.14882937458 0.163003667747 0.275858615531 102
134 3.51020909817 0.181394672321 0.48497894429 102
135 3.96037754972 0.112468576018 0.0947427163871 102
136 5.98525331351 0.179406993059 0.156511525538 102
137 3.78848562075 0.349660832978 1.25318986363 102
138 4.76238045624 0.637235823024 21.2255571647 102
139 6.37739722396 0.145588143313 0.5787180861 102
140 2.81275111713 0.0609580927139 0.135235522171 102
141 4.69829838597 0.223947427025 0.118238553169 102
142 5.65282781331 29.3678446232 0.119670543963 102
143 3.72041710247 0.390160788271 0.0788068722381 102
144 5.40600904857 0.116576199413 24.447172989 102
145 3.40453873731 0.293088159913 0.068373328889 102
146 2.90089030674 0.212640853094 0.14149676977 102
147 4.58793360389 0.296528331035 0.149681660522 102
148 4.77602354454 0.0958058415687 0.150108376949 102
149 3.79968964329 0.10171524922 0.0821853309646 102
150 7.27338124026 0.526869237875 1.98730605417 102
151 3.91602309994 1.44754617515 2.26432757663 102
152 6.57286244474 0.529477477305 0.188886463997 102
153 6.4133178853 1.00730534626 0.187692887689 102
154 5.85720737752 0.150143915765 0.154691049809 102
155 4.97150386659 0.118855219813 0.116777727916 102
156 3.76664846674 0.122014962863 0.139745908827 102
157 4.70232998659 11.891105691 0.192084458026 102
158 4.49835867858 0.09522879951 0.155288003785 102
159 3.46459612887 0.071579507796 0.071491609836 102
160 3.64347921493 0.214008442723 0.0767381664649 102
161 4.7759473415 0.104844744409 0.135722025408 102
162 5.45508990494 0.344751222473 0.155536238004 102
163 4.21288863487 0.0949871898606 0.225480710377 102
164 5.02128917527 0.251049791308 2.70816141205 102
165 3.65432492388 0.39451821384 0.115139187757 102
166 5.92917275244 0.226703544988 0.409873258411 102
167 4.71224451465 43.874089469 0.225475568416 102
168 8.09067459484 0.259106862374 0.283096495446 102
169 3.72798488489 0.0991011821483 0.108070114058 102
170 5.47596913756 1.13604711477 1.4376087554 102
171 5.53892009362 0.114708540958 0.132561532079 102
172 4.45820296885 0.16712587517 0.103334867727 102
173 6.07499843442 0.22905105089 0.1217812287 102
174 3.8996246513 0.262232988113 0.0996834579558 102
175 3.36386773358 0.0811418710523 0.0931775327172 102
176 6.24763980498 0.566591597631 30.7125665689 102
177 5.36338314463 0.193640802045 0.129912844557 102
178 2.81691626965 2.15239432564 0.336913686743 102
179 4.79309159097 0.186490820448 2.56123987534 102
180 5.37787417155 0.248380513182 0.233161012313 102
181 5.30982049919 2.66202404906 0.226475451287 102
182 3.96377676929 0.10973033587 0.48889088627 102
183 7.25141397081 0.162567807652 2.23305813226 102
184 3.97787201827 0.773350819868 0.121604963258 102
185 6.9137666061 1.87611727703 0.164504088249 102
186 6.75746567035 0.299514544361 0.801704141766 102
187 5.96618998136 13.7305812357 0.183424208768 102
188 8.06224631618 1.28325960378 0.237334987253 102
189 4.79995879525 0.109108099998 0.428815753395 102
190 7.05974873962 1.07493394182 0.574302049706 102
191 4.68129872551 0.154159893427 0.116786555379 102
192 4.99317091555 0.135328909819 0.428459725055 102
193 4.79415947629 0.134720087837 0.281910280085 102
194 4.95810787126 0.261368260712 0.144733057641 102
195 2.04477818613 0.0696089013014 0.119714405057 102
196 4.25346636097 0.298390519861 0.129476891735 102
197 5.83915977606 1.35796793035 0.4767968721 102
198 4.61070833536 0.108732034467 1.20135957152 102
199 4.80328814436 0.10042352825 0.208490814334 102
200 6.59303214605 0.169045240539 0.145782583452 102
201 4.27705990284 0.580570262996 0.0913567857525 102
202 5.81993784419 1.77391634433 0.121946802992 102
203 6.39349997212 0.187255244985 0.251263318059 103,104,105,106,107,108,109,110,111,112,113,114,115,116,117,118,119,120,121,122,123,124,125,126,127,128,129,130,131,132,133,134,135,136,137,138,139,140,141,142,143,144,145,146,147,148,149,150,151,152,153,154,155,156,157,158,159,160,161,162,163,164,165,166,167,168,169,170,171,172,173,174,175,176,177,178,179,180,181,182,183,184,185,186,187,188,189,190,191,192,193,194,195,196,197,198,199,200,201,202
204 5.66993329515 0.315198361051 12.2857590392 203
205 5.88897301858 0.125472819398 0.143825077229 203
206 3.04191439725 0.135065930576 0.175318281422 203
207 4.89935278405 0.247957268762 0.179922113663 203
208 5.23560448695 0.237427914626 0.277866423636 203
209 5.75816161465 0.368661152956 0.453181850536 203
210 4.00933689716 0.280544238467 0.133858538719 203
211 5.17977261296 0.155040656504 15.7901644746 203
212 4.05669674515 0.0871591043426 0.210875364813 203
213 4.75320685745 0.131723627092 0.387201176324 203
214 5.10477502234 0.13498023964 0.628608731504 203
215 2.50512225272 0.10031654594 2.16051420118 203
216 5.20544657828 0.232268637211 17.8857778454 203
217 4.65177316135 0.389873516017 0.299325392562 203
218 5.00684432498 0.133571450811 0.707342220733 203
219 4.98004403214 0.151153683715 0.206064383398 203
220 5.25263421671 0.627257928969 0.188822341889 203
221 5.6810473544 0.150164919093 0.176856989208 203
222 4.16627091817 1.70210941447 0.201347521893 203
223 4.23092027951 18.4827473287 1.2126354711 203
224 4.32692101887 0.222367213069 0.117745806902 203
225 5.9122935188 0.193128565975 0.164868686583 203
226 4.69966799316 42.2915832057 0.0958477625828 203
227 5.40178063773 0.256683260829 0.15589268346 203
228 6.09730829083 0.391561948281 0.206977041421 203
229 4.2252423516 0.125178638781 0.14293685546 203
230 4.26573352871 0.419132857153 0.147302116132 203
231 4.93772340638 0.149348029526 0.234085721009 203
232 1.85226648118 0.0398509477221 1.92293235337 203
233 6.98167830676 0.159819208776 13.787974949 203
234 5.8016929188 0.179349009338 0.915456146197 203
235 2.94554517698 0.0966117921692 0.156069266976 203
236 4.42703918605 0.110569203785 0.210874580977 203
237 5.01325759115 0.381185298824 0.366335122778 203
238 5.02728090391 0.127038738123 0.270765737661 203
239 4.8208528011 0.409925480231 0.128912737168 203
240 6.34047461789 0.585758837353 0.198516826269 203
241 4.90356023514 2.12040857973 0.319521006982 203
242 4.4999634767 0.506555309005 0.129273037215 203
243 2.7495464469 0.0684828669666 0.188419061677 203
244 7.38919111094 0.301604650788 0.640983804538 203
245 4.81263846199 0.280716168291 0.125587789582 203
246 4.8552260629 0.11887538003 0.14780841856 203
247 4.60199453583 0.125243226253 0.194566256249 203
248 3.10929418235 0.0682227637536 0.0897852422881 203
249 4.74569797581 0.932758947521 0.110687538349 203
250 5.82995309121 16.0194463424 0.808140807639 203
251 4.15379956338 0.251482818499 0.249206269877 203
252 3.7641238306 0.127151860486 1.65322948522 203
253 4.57915162907 0.132584704121 0.303926659656 203
254 2.39851273165 0.110045281641 0.853140115516 203
255 4.84929880892 0.115387748203 0.159239274307 203
256 3.94491823492 0.201078411887 0.158563536489 203
257 4.15625796522 1.76376923743 2.0653394934 203
258 5.29577088299 0.251429096866 0.10879880367 203
259 6.44785132133 0.222388117112 0.311930384871 203
260 6.116594045 1.04716097544 1.24309689201 203
261 5.08527341058 0.184426177398 0.306978489985 203
262 6.28301669533 0.506245650365 0.444670500379 203
263 5.19009302847 0.208161520094 0.198797993048 203
264 5.18467748018 0.305428183684 0.13085400636 203
265 3.99018203439 0.142376664275 0.491474069379 203
266 4.44969001468 0.455495538737 0.111883811861 203
267 5.28507259811 0.245402570149 1.55559494687 203
268 5.53732108923 0.1241044282 14.9596857077 203
269 5.4226592744 0.298052830891 0.178270494851 203
270 5.74180822101 33.5604625759 0.520251526852 203
271 5.67088406626 0.175715664748 0.332462669857 203
272 4.34968735137 0.0974205521275 0.124368867531 203
273 3.22994035934 0.0717105017074 0.100267242112 203
274 6.83592995371 0.150408892008 2.97674994116 203
275 5.32641609681 0.356457910507 0.156873850255 203
276 5.18191743119 2.7383771413 0.212740952099 203
277 6.84417757029 0.385462769245 0.239306704713 203
278 5.28291634248 2.24046472883 0.299485259785 203
279 3.74546550298 0.114767382152 0.246968570248 203
280 5.17809374677 0.486631558445 0.150749492682 203
281 3.78480654965 0.163485940468 4.6034442677 203
282 4.03367863874 0.19362747827 2.27855976115 203
283 3.8045847128 0.15373059008 0.0916987809812 203
284 3.67624061163 0.349586942323 0.173173490951 203
285 5.85416273773 0.461517919037 0.295319319614 203
286 5.25576309768 0.303774422144 0.651281059011 203
287 4.04655000923 0.0951798191517 0.13429965718 203
288 6.26615568002 2.2208553301 0.185398544685 203
289 5.42645420585 1.07922973941 0.447104419995 203
290 3.07957909402 0.0925030335951 0.404394407992 203
291 5.80502655289 0.120156083508 0.265722654758 203
292 4.93612606186 0.112603153036 0.120191642847 203
293 5.19147185432 2.9129945109 0.142355620281 203
294 5.49424399888 0.354357116741 0.216699619224 203
295 5.30729619242 38.8676265387 0.400257124937 203
296 4.45429289534 5.34221262221 0.201394094873 203
297 5.41631358413 0.123265637377 0.146733275719 203
298 4.3865858106 0.273606963513 1.62921653151 203
299 6.91590358241 1.08992742809 1.28499085048 203
300 5.61885456762 0.267241263558 0.624612627006 203
301 3.74714927666 0.116899621328 1.26792987288 203
302 5.43306925315 0.128885082176 1.42478413503 203
303 4.95927061621 0.180100079524 20.519090309 203
304 4.99894323078 0.150607140345 0.102535093722 204,205,206,207,208,209,210,211,212,213,214,215,216,217,218,219,220,221,222,223,224,225,226,227,228,229,230,231,232,233,234,235,236,237,238,239,240,241,242,243,244,245,246,247,248,249,250,251,252,253,254,255,256,257,258,259,260,261,262,263,264,265,266,267,268,269,270,271,272,273,274,275,276,277,278,279,280,281,282,283,284,285,286,287,288,289,290,291,292,293,294,295,296,297,298,299,300,301,302,303
305 2.60589675551 0.0967782196425 0.117208305511 304
306 4.4473791757 0.0897734700994 0.550740938739 304
307 6.22357220927 0.186892066985 0.448434262248 304
308 4.09375087264 0.0986723552349 0.902083306637 304
309 4.86693034827 0.135871040484 0.1615431682 304
310 6.86825971292 0.367927352097 0.313377766369 304
311 5.71130636556 0.133561558151 0.35977276367 304
312 5.50969439938 0.116535410915 0.387897597435 304
313 4.54770612852 0.317233169854 0.124935002453 304
314 4.04464089837 0.188211885089 3.29394136772 304
315 7.55858370806 0.268439777187 0.823788161696 304
316 3.05453884539 0.0629723531336 0.0825343518736 304
317 5.59615629212 0.232861970215 0.380546632424 304
318 5.94391107268 0.226699714029 0.270105450131 304
319 3.97998191564 0.0959694203106 0.117269377846 304
320 2.94758542465 0.12744827334 0.0596705656022 304
321 4.96640854666 0.104260673219 0.109059467624 304
322 3.67572982046 0.0871755873373 0.108625251924 304
323 6.11657606775 0.264027527071 0.253374984508 304
324 4.0808942868 0.101142582312 0.691113600501 304
325 4.92596078741 0.770044232884 0.160276430903 304
326 5.88657018094 0.169484231224 0.127833599133 304
327 4.41350407509 0.618782264728 0.106022033376 304
328 3.67086795882 1.85611444372 0.474786538956 304
329 6.68897926547 0.150504509735 0.426008973394 304
330 1.74677683826 0.0554438205548 0.221398766789 304
331 6.15613337222 0.221155983763 0.137959963004 304
332 5.1249787273 0.195987700992 0.12744726848 304
333 3.40848168034 0.0837777090812 0.10168019229 304
334 5.83214903666 0.195256215587 0.212433908526 304
335 4.97895976751 11.363188834 0.260095620486 304
336 5.18227286247 0.139645503371 0.166912177076 304
337 5.56128015457 0.139458050534 0.458753596453 304
338 5.51717113269 0.202624165431 13.5086629035 304
339 5.12630584747 0.391556997776 0.140847067403 304
340 5.22874890537 0.999161498891 0.136423360483 304
341 2.75907112138 1.41182330317 0.0861606493214 304
342 5.52378454553 0.243355014721 0.114115971452 304
343 3.50106664305 1.27268828977 10.8549364463 304
344 6.26434825406 0.431414114959 0.708104102618 304
345 3.8599837142 0.170706241442 0.104502650478 304
346 5.22266465623 0.114429107443 0.218314973105 304
347 5.43423685673 0.112492722917 0.151301926547 304
348 4.10638007511 0.122605727227 0.173598032348 304
349 5.1762011114 0.242939235218 0.18641897369 304
350 4.86970491437 0.189573293555 0.284245171626 304
351 4.69855772252 0.131180043343 0.137999702048 304
352 6.07355528497 2.90660588576 0.530850121772 304
353 4.74662244811 0.12307156518 0.220140709807 304
354 7.59446046248 19.6570527341 0.289117132904 304
355 4.15617865532 0.316266211187 3.02162873151 304
356 5.80763705317 0.637278574836 0.151531748298 304
357 4.76950997218 0.21544451245 0.483320855859 304
358 4.38125443042 0.209844175279 8.75824085768 304
359 6.28719523864 0.206521410721 0.126789095062 304
360 4.02016427804 0.396361558636 0.539502517418 304
361 5.54894775052 0.152374013994 0.397396416559 304
362 3.67750737039 0.0739049521332 0.136691904499 304
363 6.72961909673 66.7499936059 0.311256170238 304
364 5.3209856239 23.0679843196 0.247589593249 304
365 5.11947165622 0.120676223526 0.266884580173 304
366 3.59980720045 0.641661647955 0.0978635694243 304
367 4.2215373333 0.0919850111009 19.1990054555 304
368 6.24281375423 0.140655124237 0.225755827262 304
369 5.39926302483 0.179370727629 1.63527902389 304
370 4.55483138929 0.129891831924 0.234626285915 304
371 7.03346812112 68.0350128479 0.168606127416 304
372 5.10914590595 0.177008183262 2.48864707971 304
373 3.50592645201 0.0744314486315 0.07518174828 304
374 4.53566775116 0.251194672937 0.0936750637664 304
375 6.16060251051 0.19025840949 0.246180852486 304
376 4.85294777174 0.100222289548 0.418741170882 304
377 3.17740218766 0.437058212629 0.24525666919 304
378 5.65920218517 0.72299827974 12.8880199817 304
379 5.31160217179 0.321406615658 0.280676392554 304
380 6.87482841055 0.557344226237 0.804246787847 304
381 2.37112515201 0.0556383584289 0.0904848637321 304
382 4.79564259047 0.789158175681 0.185788472539 304
383 5.89436826439 0.146453662173 17.0337893245 304
384 4.50263033623 0.140442828734 0.209304669898 304
385 6.31737193209 0.148222755726 0.154567788701 304
386 5.24862857823 0.2161514953 0.71743937551 304
387 7.19568017028 0.850922352465 0.651958355194 304
388 6.43118370384 0.300771838813 0.277793448895 304
389 4.02296513095 1.86951629327 0.166166476543 304
390 5.6094571075 0.730508370344 0.37929364453 304
391 4.88377217575 0.103036058503 0.512155650026 304
392 4.13068184086 0.183614732851 0.605884736454 304
393 5.37083614402 0.174390482656 0.146252472503 304
394 4.79654011793 1.21141944584 0.151306609134 304
395 2.73113695651 0.0676656144672 0.0627974651567 304
396 6.67486445866 0.149117448233 0.277996688985 304
397 3.90267666768 0.195023028343 0.127501852417 304
398 2.87557914062 0.0735350149393 0.575221117766 304
399 4.50940867719 0.268170578892 0.0950895908149 304
400 4.19551848061 2.20222097575 0.114445574717 304
401 5.44986081331 0.431201248592 0.624524378998 304
402 6.606693334 0.140688229605 0.303645355484 304
403 3.34812353875 0.134915101303 0.105503598226 304
404 6.21941338192 0.751538366097 0.164507052509 304
405 6.07853199455 4.25351363445 1.52337788304 305,306,307,308,309,310,311,312,313,314,315,316,317,318,319,320,321,322,323,324,325,326,327,328,329,330,331,332,333,334,335,336,337,338,339,340,341,342,343,344,345,346,347,348,349,350,351,352,353,354,355,356,357,358,359,360,361,362,363,364,365,366,367,368,369,370,371,372,373,374,375,376,377,378,379,380,381,382,383,384,385,386,387,388,389,390,391,392,393,394,395,396,397,398,399,400,401,402,403,404
406 4.79288896005 0.703923136099 0.262268066976 405
407 2.69081186675 0.092060271354 0.127921446176 405
408 4.45518497996 0.303686915172 1.8142773662 405
409 6.77296417563 0.381623149696 1.44887549951 405
410 2.83317604712 1.20875315025 0.130087654771 405
411 4.07169743648 0.227577992196 0.431201634213 405
412 3.31593154331 0.262538488356 0.138866163027 405
413 5.74360203341 0.623217701134 0.18980918504 405
414 4.93724339083 0.245371525687 0.222671776957 405
415 4.13377525305 0.192275380521 0.0888108012391 405
416 5.38804527425 0.305251685661 0.138964368613 405
417 4.22802704846 0.167404491506 0.0923089651951 405
418 4.23425934042 4.30537413306 1.81332517401 405
419 5.66496479936 0.269904994111 0.185218454275 405
420 4.0055241217 0.11335448498 0.289861017419 405
421 3.39228747054 0.0831081122462 1.14231580923 405
422 5.90655869301 0.126904200182 0.212273649324 405
423 4.81546286985 0.131669207917 0.127310775323 405
424 4.93451349934 0.129319481471 0.120516905854 405
425 5.33686521417 0.670058733505 0.13401462132 405
426 4.05158633945 0.314877415702 8.9845628171 405
427 2.04463757415 0.0642076731517 0.0532406405176 405
428 6.75014724963 0.330796960276 1.4173176956 405
429 4.11895059419 0.106809114788 0.0964480706682 405
430 5.21207534822 0.193215741559 0.186473996268 405
431 7.69454810043 0.258045177896 0.587645743969 405
432 4.59792341122 0.298249512872 0.103138402674 405
433 6.20589357632 0.381588919133 0.41412156725 405
434 4.56193126928 10.0054001092 1.68722613133 405
435 6.30770442743 0.196405073372 0.262730513385 405
436 6.33369476252 0.499876700735 0.641460577378 405
437 5.59333380709 0.131398706456 0.115636303011 405
438 4.66781382555 0.180837221391 0.308379206964 405
439 3.27910544857 0.153355439138 0.0823337761904 405
440 4.15563071501 0.0950125018522 0.3282897293 405
441 5.72889900783 0.141764165196 0.130828036562 405
442 4.87146130694 12.1132117426 12.3252777168 405
443 3.87513525 0.526150614179 0.403691570117 405
444 3.64234553488 0.0894332258367 0.85348587235 405
445 4.16432322084 0.164351686827 0.0999514080918 405
446 4.80669110644 0.320280919737 0.244689169859 405
447 1.84627103462 0.0442620587053 0.0590893296051 405
448 5.0841285912 0.150782785543 0.537925480849 405
449 3.17343250951 0.335034159195 0.0807347351341 405
450 2.78862786752 0.0579635412769 0.0710336527594 405
451 4.35231735409 0.0927228735168 0.17687380325 405
452 6.20287054922 0.182042752347 0.189029861118 405
453 3.57000572418 0.595847771741 0.896119019334 405
454 5.78622642196 31.8695425131 0.823792856773 405
455 5.41310173576 0.117253375947 11.2509091582 405
456 4.50004856697 0.224257596922 0.0927342899521 405
457 5.68069242272 0.417582754406 0.183617968572 405
458 6.31643471904 0.45533037562 0.287968326401 405
459 5.0738985039 5.88752981498 0.197071974968 405
460 5.36820060865 0.153311942442 0.111865795291 405
461 4.90031823296 0.115834394212 0.38760725757 405
462 5.46041860571 1.10147086034 0.559973439094 405
463 4.66296185601 0.103107742652 0.0946888644016 405
464 4.62698739317 0.104644850759 1.4986396686 405
465 4.0611246335 0.262315328077 0.183267262192 405
466 5.53883108116 0.336633238599 0.258078992043 405
467 5.15769008248 0.190125112065 0.140847319842 405
468 4.0600369778 9.52214892688 0.140402520608 405
469 3.25608301536 0.0732027443049 0.0807700849251 405
470 3.52294684481 0.171747567502 0.115508838406 405
471 4.06062554909 0.100981504422 0.333671479287 405
472 5.79009680212 0.295603216323 20.6792019031 405
473 6.52828918977 0.141183200944 0.304026927212 405
474 4.67175865624 0.135104799226 0.229469662249 405
475 6.51371265587 13.6486255117 0.131669864771 405
476 6.65478369216 0.254898210967 0.549250719261 405
477 4.76214529821 0.432164804761 0.516514251015 405
478 5.8902702914 0.399531993674 0.495172663268 405
479 4.85278676663 1.11685082007 0.173961788165 405
480 5.73063192923 0.147650042288 0.22026816331 405
481 5.81667264346 0.366119422547 0.169417892604 405
482 6.24460711718 0.253683800759 7.56158110536 405
483 7.35072469739 0.148912538784 0.31192319622 405
484 4.60367531016 0.578297556994 1.12282287394 405
485 6.02279090872 0.286426903698 25.6147949266 405
486 5.20486317472 0.270748024656 0.15486386448 405
487 3.9281505194 0.489733276645 0.345610095845 405
488 4.44651881334 0.205525703142 0.467002794937 405
489 5.03250295571 0.121031179605 0.147762925183 405
490 5.51133388984 0.151647834313 0.144426825895 405
491 3.59959446648 0.121704989049 0.128511772872 405
492 5.46111862716 0.11940251339 0.142676120416 405
493 4.55924340043 0.118931074637 0.159983252626 405
494 2.96543093534 0.13570164275 0.0661426927857 405
495 5.22134731484 0.109524527835 0.206326355161 405
496 4.06657826643 0.66673022278 0.11198670332 405
497 4.92734655259 0.198515648231 0.854281801361 405
498 4.35343476033 0.48850694486 0.158323169643 405
499 5.39560808886 2.66647632507 0.12303848193 405
500 2.34014092426 0.109495364324 0.0500576050442 405
501 7.0703725674 4.33368972876 0.162870660123 405
502 5.34738826945 0.514026273832 0.565821951624 405
503 4.10697649139 0.143395577668 0.11109665095 405
504 4.65359938454 0.711892386591 0.161957802852 405
505 3.17041098719 0.562741164282 0.31147937483 405
506 3.68103061549 0.264108537073 0.109665315366 406,407,408,409,410,411,412,413,414,415,416,417,418,419,420,421,422,423,424,425,426,427,428,429,430,431,432,433,434,435,436,437,438,439,440,441,442,443,444,445,446,447,448,449,450,451,452,453,454,455,456,457,458,459,460,461,462,463,464,465,466,467,468,469,470,471,472,473,474,475,476,477,478,479,480,481,482,483,484,485,486,487,488,489,490,491,492,493,494,495,496,497,498,499,500,501,502,503,504,505
