4171 0.086533 -1 -1 
4172 0.082273 0.411226 0.167130 4171
4173 0.080527 0.150229 0.099035 4171
4174 0.127880 0.096381 0.099384 4171
4175 0.129905 0.126203 0.073823 4171
4176 0.103505 0.087720 0.088140 4171
4177 0.059784 0.087651 0.101759 4171
4178 0.092120 0.077874 0.085625 4171
4179 0.055314 0.095334 0.100711 4171
4180 0.068165 0.090165 0.100432 4171
4181 0.106159 0.094356 0.095333 4171
4182 0.104972 0.090165 0.088629 4171
4183 0.100292 0.099454 0.083600 4171
4184 0.061390 0.101899 0.083530 4171
4185 0.055384 0.121244 0.075359 4171
4186 0.066769 0.095892 0.080946 4171
4187 0.054476 0.084577 0.078920 4171
4188 0.059644 0.084577 0.094356 4171
4189 0.105879 0.098965 0.088699 4171
4190 0.087580 0.093378 0.096800 4171
4193 0.048260 0.167060 0.134864 4172
4194 0.033524 0.180609 0.162730 4172,4173
4195 0.050915 0.179912 0.190807 4174,4172
4196 0.035200 0.161543 0.128647 4175,4172
4197 0.047841 0.139962 0.137936 4176,4172
4198 0.034851 0.088628 0.105111 4177,4172
4199 0.031777 0.101479 0.107207 4178,4172
4200 0.049308 0.091283 0.087651 4179,4172
4201 0.044908 0.105670 0.086603 4180,4172
4202 0.033245 0.103575 0.092749 4181,4172
4203 0.045327 0.099524 0.101410 4182,4172
4204 0.034082 0.092820 0.082063 4183,4172
4205 0.031848 0.094356 0.081015 4184,4172
4206 0.045397 0.100501 0.103155 4185,4172
4207 0.045117 0.100921 0.085626 4172,4186
4208 0.033245 0.093797 0.089676 4187,4172
4209 0.044140 0.124457 0.096381 4188,4172
4210 0.033734 0.125575 0.119988 4189,4172
4211 0.032127 0.137378 0.083530 4190,4172
4214 0.044559 0.118451 0.117403 4173
4215 0.044070 0.253035 0.228102 4174,4173
4216 0.031150 0.283695 0.269727 4175,4173
4217 0.045117 0.162451 0.145060 4176,4173
4218 0.034641 0.163079 0.152184 4177,4173
4219 0.030381 0.114330 0.094285 4178,4173
4220 0.046514 0.105111 0.092260 4179,4173
4221 0.043791 0.118939 0.113631 4180,4173
4222 0.031080 0.101480 0.103505 4181,4173
4223 0.043860 0.094216 0.099454 4182,4173
4224 0.033593 0.106088 0.087162 4183,4173
4225 0.031289 0.108253 0.090723 4184,4173
4226 0.046794 0.088210 0.084578 4185,4173
4227 0.044838 0.107206 0.086115 4186,4173
4228 0.032965 0.113283 0.105530 4187,4173
4229 0.046584 0.106229 0.096800 4188,4173
4230 0.033594 0.091702 0.089676 4189,4173
4231 0.030870 0.101479 0.089187 4190,4173
4234 0.044908 0.124038 0.131232 4174
4235 0.046165 0.297732 0.268120 4174,4175
4236 0.034501 0.304578 0.294730 4174,4176
4237 0.052730 0.160565 0.172648 4174,4177
4238 0.042324 0.177886 0.149111 4174,4178
4239 0.031569 0.117961 0.117404 4174,4179
4240 0.046584 0.118381 0.099873 4174,4180
4241 0.046585 0.110699 0.131091 4174,4181
4242 0.034293 0.108254 0.099454 4174,4182
4243 0.042812 0.100013 0.100013 4174,4183
4244 0.034292 0.089746 0.101480 4174,4184
4245 0.030171 0.089746 0.085136 4174,4185
4246 0.047073 0.106507 0.084089 4174,4186
4247 0.044908 0.111187 0.107695 4174,4187
4248 0.031638 0.088699 0.097359 4174,4188
4249 0.044908 0.101479 0.099943 4174,4189
4250 0.037156 0.098266 0.097918 4174,4190
4253 0.028915 0.124038 0.127111 4175
4254 0.047283 0.328533 0.316241 4175,4176
4255 0.045607 0.370856 0.336565 4175,4177
4256 0.032196 0.192692 0.173835 4175,4178
4257 0.044838 0.220908 0.093797 4175,4179
4258 0.036038 0.099943 0.137377 4175,4180
4259 0.031150 0.152743 0.135353 4181,4175
4260 0.044768 0.110699 0.104064 4175,4182
4261 0.043651 0.110069 0.098895 4175,4183
4262 0.032826 0.089676 0.081505 4175,4184
4263 0.045886 0.104622 0.091143 4175,4185
4264 0.032755 0.098476 0.087162 4175,4186
4265 0.029823 0.107696 0.099384 4175,4187
4266 0.046095 0.096869 0.110139 4175,4188
4267 0.045536 0.089257 0.092819 4189,4175
4268 0.031289 0.090235 0.086603 4175,4190
4271 0.042254 0.080527 0.100502 4176
4272 0.034432 0.374699 0.313727 4176,4177
4273 0.031708 0.368621 13.269558 4176,4178
4274 0.044489 0.211130 0.241860 4176,4179
4275 0.045188 0.280482 0.235295 4180,4176
4276 0.031288 0.151975 0.141987 4181,4176
4277 0.041555 0.143035 0.145130 4176,4182
4278 0.033943 0.110210 0.102108 4176,4183
4279 0.030870 0.111816 0.098895 4176,4184
4280 0.046095 0.098406 0.126133 4176,4185
4281 0.044978 0.090235 0.091282 4176,4186
4282 0.032267 0.096870 0.086114 4176,4187
4283 0.051123 0.096381 0.088628 4188,4176
4284 0.043092 0.096381 0.095333 4189,4176
4285 0.031917 0.109371 0.101969 4176,4190
4288 0.043371 0.099454 0.084997 4177
4289 0.058946 13.403024 0.377771 4177,4178
4290 0.046375 0.357866 0.364920 4177,4179
4291 0.042044 0.288444 0.256248 4180,4177
4292 0.033524 0.292146 0.273219 4181,4177
4293 0.032267 0.150229 0.148623 4182,4177
4294 0.044279 0.103015 0.166221 4183,4177
4295 0.041905 0.095334 0.090235 4177,4184
4296 0.031568 0.104063 0.091282 4177,4185
4297 0.043581 0.109930 0.091771 4177,4186
4298 0.031847 0.094215 0.096170 4177,4187
4299 0.031708 0.090165 0.094216 4188,4177
4300 0.043301 0.093238 0.098965 4189,4177
4301 0.042883 0.087651 0.083530 4177,4190
4304 0.028146 0.093727 0.097917 4178
4305 0.042324 0.364013 0.336286 4178,4179
4306 0.033384 0.367854 0.346203 4180,4178
4307 0.031778 0.316870 0.314425 4181,4178
4308 0.044768 0.088698 0.336705 4182,4178
4309 0.041765 0.167549 0.153860 4183,4178
4310 0.030940 0.107067 0.098406 4178,4184
4311 0.041765 0.099943 0.088139 4185,4178
4312 0.031359 0.087092 0.087651 4178,4186
4313 0.030451 0.090235 0.093239 4178,4187
4314 0.044000 0.077943 0.115797 4188,4178
4315 0.042184 0.096870 0.093238 4189,4178
4316 0.031219 0.090724 0.094355 4178,4190
4319 0.038762 0.101410 0.093238 4179
4320 0.032267 0.359892 0.811136 4180,4179
4321 0.031009 0.356190 0.369111 4181,4179
4322 0.042533 0.400958 0.375187 4182,4179
4323 0.042393 0.095263 0.093378 4183,4179
4324 0.031847 0.096940 0.094844 4179,4184
4325 0.041067 0.088140 0.098407 4185,4179
4326 0.031499 0.092190 0.091771 4179,4186
4327 0.029473 0.100991 0.107345 4179,4187
4328 0.044000 0.086044 0.087650 4188,4179
4329 0.041765 0.078362 0.080457 4189,4179
4330 0.032267 0.088209 0.098407 4179,4190
4333 0.045885 0.077454 0.112794 4180
4334 0.039390 0.372813 0.406336 4181,4180
4335 0.031638 0.095822 0.093797 4180,4182
4336 0.044908 0.097359 0.086603 4180,4183
4337 0.043651 0.082063 0.106648 4180,4184
4338 0.033035 0.077385 0.075778 4180,4185
4339 0.041416 0.082063 0.096311 4180,4186
4340 0.033594 0.079828 0.084578 4180,4187
4341 0.029054 0.088210 0.091213 4180,4188
4342 0.044838 0.083600 0.097917 4189,4180
4343 0.043511 0.098895 0.086184 4180,4190
4346 0.029403 0.089676 0.082553 4181
4347 0.040229 0.103086 0.094355 4181,4182
4348 0.032336 0.088140 0.090724 4181,4183
4349 0.031150 0.082553 0.124596 4181,4184
4350 0.043092 0.083530 0.094356 4181,4185
4351 0.041696 0.094845 0.090166 4181,4186
4352 0.031080 0.092749 0.088070 4181,4187
4353 0.041835 0.085556 0.090724 4181,4188
4354 0.030590 0.088629 0.084578 4181,4189
4355 0.029473 0.096311 0.088140 4181,4190
4358 0.040577 0.093308 0.088629 4182
4359 0.042603 0.115308 0.094356 4183,4182
4360 0.031498 0.119359 0.110210 4182,4184
4361 0.044000 13.108852 0.094775 4182,4185
4362 0.033384 0.086114 0.103644 4182,4186
4363 0.031708 0.075359 0.082553 4182,4187
4364 0.044907 0.101968 0.087162 4188,4182
4365 0.041905 0.087720 0.086115 4189,4182
4366 0.031778 0.089188 0.092260 4182,4190
4369 0.039320 0.092819 0.092679 4183
4370 0.032825 0.119987 0.102736 4183,4184
4371 0.031150 0.110698 0.112794 4183,4185
4372 0.043371 0.091212 0.082553 4183,4186
4373 0.042185 0.084088 0.094286 4183,4187
4374 0.030381 0.084578 0.089955 4188,4183
4375 0.043441 0.080527 0.091701 4189,4183
4376 0.032406 0.089188 0.082971 4183,4190
4379 0.027657 0.091702 0.102387 4184
4380 0.044209 13.118141 0.112794 4185,4184
4381 0.042463 0.121873 0.124527 4184,4186
4382 0.030591 0.100222 0.096381 4184,4187
4383 0.048260 0.079898 0.091701 4188,4184
4384 0.040298 0.087161 0.089187 4189,4184
4385 0.031498 0.074800 0.089606 4184,4190
4388 0.041486 0.117893 0.124317 4185
4389 0.042673 0.087162 0.086603 4185,4186
4390 0.031778 0.112794 0.113841 4185,4187
4391 0.041695 0.088140 0.088698 4188,4185
4392 0.034362 0.085625 0.096869 4189,4185
4393 0.029822 0.097359 0.092819 4185,4190
4396 0.040369 0.090165 0.123550 4186
4397 0.042184 0.110070 0.130114 4187,4186
4398 0.031638 0.096870 0.130673 4188,4186
4399 0.041974 0.106927 0.110767 4189,4186
4400 0.033524 0.088070 0.097429 4190,4186
4403 0.027098 0.086603 0.122502 4187
4404 0.041625 0.088140 0.094286 4188,4187
4405 0.040438 0.119359 0.109162 4189,4187
4406 0.031219 0.086533 0.080946 4190,4187
4409 0.038832 0.116426 0.119988 4188
4410 0.031848 0.112304 0.112165 4189,4188
4411 0.031568 0.126063 0.125574 4188,4190
4414 0.041555 0.124038 0.118940 4189
4415 0.042324 0.101898 0.078292 4189,4190
4418 0.028775 0.118939 0.092260 4190
4421 0.057619 -1 -1 4193
4422 0.058038 0.122501 0.125016 4194,4421,4193
4423 0.058667 0.119429 0.120896 4421,4193,4195
4424 0.098197 0.085555 0.088140 4196,4421,4193
4425 0.097359 0.116845 0.110769 4197,4421,4193
4426 0.069772 0.083111 0.085067 4421,4198
4427 0.093797 0.112933 0.091213 4421,4199
4428 0.054197 0.089188 0.085137 4200,4421
4429 0.057200 0.097988 0.086603 4421,4201
4430 0.063905 0.089677 0.086044 4202,4421
4431 0.096590 0.094774 0.086045 4203,4421
4432 0.097289 0.096311 0.072845 4421,4204
4433 0.054616 5.007198 0.082552 4421,4205
4434 0.093168 0.075778 0.080457 4421,4206
4435 0.056991 0.088629 0.082553 4421,4207
4436 0.065302 0.085626 0.078990 4208,4421
4437 0.055594 0.093867 0.085625 4421,4209
4438 0.105251 0.097848 0.130463 4421,4210
4439 0.103225 13.092859 0.085067 4421,4211
4442 0.026540 0.124876 0.118451 4422,4214
4443 0.029473 0.123269 0.109651 4422,4423,4215
4444 0.035550 0.145060 0.098476 4422,4216,4424
4445 0.042603 0.108673 0.095822 4422,4217,4425
4446 0.028565 0.094286 0.093238 4422,4426,4218
4447 0.034781 0.106089 0.104552 4422,4219,4427
4448 0.045257 0.095403 0.093797 4422,4428,4220
4449 0.042673 0.091771 0.090654 4422,4429,4221
4450 0.031568 0.091702 0.084088 4422,4430,4222
4451 0.042323 0.097359 0.103086 4422,4431,4223
4452 0.032686 0.097429 0.116635 4422,4224,4432
4453 0.030241 0.093308 0.085556 4422,4225,4433
4454 0.045048 0.108673 0.099174 4422,4434,4226
4455 0.042115 0.092260 0.089188 4422,4435,4227
4456 0.031358 0.088698 0.086603 4422,4436,4228
4457 0.042882 0.096940 0.089187 4422,4437,4229
4458 0.031708 0.148552 0.088139 4422,4438,4230
4459 0.031498 0.086604 0.092750 4422,4439,4231
4462 0.041556 0.134305 0.108323 4423,4234
4463 0.042534 0.124527 0.153231 4423,4235,4424
4464 0.034293 0.131162 0.115867 4423,4236,4425
4465 0.043301 0.086603 0.108743 4237,4423,4426
4466 0.033105 0.102457 0.104622 4423,4427,4238
4467 0.030102 0.094356 0.084578 4423,4428,4239
4468 0.043092 0.087721 0.086673 4423,4429,4240
4469 0.042044 0.098966 0.096381 4423,4430,4241
4470 0.032477 0.090724 0.092261 4423,4242,4431
4471 0.042045 0.089677 0.083531 4423,4243,4432
4472 0.032756 0.113422 0.084089 4423,4244,4433
4473 0.029892 0.094355 0.097988 4423,4245,4434
4474 0.043930 0.095823 0.083530 4435,4423,4246
4475 0.042603 0.098406 0.099942 4423,4436,4247
4476 0.032685 0.096381 0.094775 4423,4437,4248
4477 0.042813 0.097218 0.098965 4423,4438,4249
4478 0.031498 0.090165 0.096311 4423,4439,4250
4481 0.027658 0.133257 0.122991 4253,4424
4482 0.043651 0.131232 0.119429 4254,4424,4425
4483 0.042184 0.130673 0.138634 4255,4426,4424
4484 0.031498 0.105111 0.087162 4427,4424,4256
4485 0.042533 0.103086 0.088140 4428,4257,4424
4486 0.032826 0.086673 0.094355 4258,4429,4424
4487 0.031289 0.096381 0.085626 4259,4430,4424
4488 0.048260 0.094844 0.090235 4260,4431,4424
4489 0.042114 0.086114 0.077384 4261,4424,4432
4490 0.031219 0.093937 0.083111 4262,4433,4424
4491 0.041835 0.108673 0.091282 4434,4263,4424
4492 0.033174 0.119987 0.100501 4435,4264,4424
4493 0.031079 0.092260 0.092261 4436,4265,4424
4494 0.043093 0.081016 0.102038 4437,4266,4424
4495 0.041835 0.090165 0.085626 4438,4424,4267
4496 0.031848 0.090724 0.083531 4268,4439,4424
4499 0.038273 0.090166 0.099035 4271,4425
4500 0.031638 0.123549 0.090235 4272,4426,4425
4501 0.028914 0.109581 0.092819 4273,4427,4425
4502 0.041485 0.090724 0.091283 4428,4274,4425
4503 0.041695 0.098406 0.087162 4429,4275,4425
4504 0.029892 0.110699 0.084578 4430,4276,4425
4505 0.042114 0.111327 0.098895 4277,4431,4425
4506 0.048819 0.096381 0.106718 4278,4432,4425
4507 0.048051 0.108114 0.094845 4279,4433,4425
4508 0.043721 0.097988 0.090165 4434,4280,4425
4509 0.042115 0.101410 0.101479 4435,4281,4425
4510 0.029054 0.085136 0.097917 4282,4436,4425
4511 0.041765 0.104482 0.097358 4283,4437,4425
4512 0.031708 0.087092 0.101968 4438,4284,4425
4513 0.030800 0.088210 0.087162 4285,4439,4425
4516 0.040857 0.100012 0.094775 4288,4426
4517 0.041765 0.098407 0.093796 4289,4426,4427
4518 0.030940 0.089676 0.081994 4428,4426,4290
4519 0.041975 0.095403 0.085556 4291,4429,4426
4520 0.032825 0.101968 0.090235 4426,4430,4292
4521 0.032127 0.101479 0.117194 4431,4426,4293
4522 0.043442 0.097847 0.103085 4294,4426,4432
4523 0.041136 0.097429 0.098406 4295,4426,4433
4524 0.030730 0.091213 0.097429 4434,4296,4426
4525 0.042254 0.091283 0.098965 4435,4297,4426
4526 0.030032 0.084508 0.115657 4436,4426,4298
4527 0.029822 0.081016 0.090165 4299,4437,4426
4528 0.043651 0.085556 0.090654 4300,4426,4438
4529 0.042883 0.093307 0.084089 4439,4301,4426
4532 0.028845 0.092749 0.089676 4427,4304
4533 0.041067 0.090165 0.094356 4428,4427,4305
4534 0.031080 0.100432 0.087651 4429,4427,4306
4535 0.029822 0.086114 0.091282 4307,4427,4430
4536 0.052590 0.103505 0.086603 4308,4431,4427
4537 0.041346 0.095892 0.081505 4309,4427,4432
4538 0.031498 0.091212 0.096450 4310,4427,4433
4539 0.042044 0.089676 0.098895 4434,4427,4311
4540 0.033314 0.093797 0.123549 4435,4312,4427
4541 0.029543 0.073333 0.093238 4436,4427,4313
4542 0.044000 0.101969 0.091143 4437,4314,4427
4543 0.042254 0.080457 0.099454 4315,4427,4438
4544 0.029403 0.094285 0.090723 4439,4427,4316
4547 0.038273 0.079968 0.097429 4319,4428
4548 0.031708 0.094355 0.099035 4320,4428,4429
4549 0.029194 0.086114 0.106648 4321,4428,4430
4550 0.042673 0.100152 0.099943 4428,4322,4431
4551 0.041276 0.085486 0.103016 4428,4323,4432
4552 0.031638 0.099943 0.090724 4428,4324,4433
4553 0.040997 0.090235 0.127600 4434,4428,4325
4554 0.030870 0.090724 0.084927 4435,4428,4326
4555 0.029822 0.088768 0.094216 4428,4436,4327
4556 0.043651 0.082971 0.084019 4328,4428,4437
4557 0.041136 0.092260 0.084089 4329,4428,4438
4558 0.030311 0.075359 0.093308 4428,4439,4330
4561 0.038552 0.098406 0.078990 4429,4333
4562 0.031987 0.085625 0.085067 4334,4429,4430
4563 0.031080 0.086114 0.100432 4335,4429,4431
4564 0.041765 0.089118 0.098895 4336,4429,4432
4565 0.040996 0.088140 0.093377 4337,4429,4433
4566 0.032616 0.080946 0.095403 4434,4429,4338
4567 0.041346 0.079479 0.114120 4435,4429,4339
4568 0.033035 0.090235 0.087650 4436,4429,4340
4569 0.030381 0.091212 0.085067 4437,4429,4341
4570 0.044139 0.095334 0.094844 4429,4438,4342
4571 0.041626 0.091213 0.097289 4343,4429,4439
4574 0.027867 0.113003 0.085556 4346,4430
4575 0.039181 0.083600 0.107625 4347,4431,4430
4576 0.031568 0.093238 0.095892 4348,4430,4432
4577 0.033105 0.090793 0.098895 4349,4430,4433
4578 0.046095 0.091213 0.086045 4434,4350,4430
4579 0.041276 0.092261 0.094845 4435,4430,4351
4580 0.031498 0.087581 0.094285 4436,4430,4352
4581 0.040997 0.087581 0.087092 4437,4430,4353
4582 0.031918 0.119917 0.102177 4354,4430,4438
4583 0.030380 0.084088 0.081505 4355,4439,4430
4586 0.048260 0.081016 0.093239 4358,4431
4587 0.047561 0.097079 0.090165 4431,4359,4432
4588 0.030870 0.092190 0.083531 4431,4360,4433
4589 0.041695 0.089257 0.089187 4434,4361,4431
4590 0.033384 0.101479 0.112304 4435,4431,4362
4591 0.031428 0.087721 0.092749 4436,4431,4363
4592 0.043232 0.099104 0.089746 4364,4437,4431
4593 0.041765 0.093308 0.101480 4365,4431,4438
4594 0.029822 0.086603 0.102038 4439,4366,4431
4597 0.038552 0.102107 0.090165 4369,4432
4598 0.033733 0.103086 0.083530 4370,4433,4432
4599 0.027867 0.093168 0.080457 4434,4371,4432
4600 0.042324 0.077385 0.075847 4435,4372,4432
4601 0.041137 0.080387 0.090794 4373,4436,4432
4602 0.031499 0.078432 0.090584 4437,4374,4432
4603 0.042534 0.099175 0.090235 4375,4438,4432
4604 0.032336 0.083041 0.097428 4376,4439,4432
4607 0.027517 0.109162 0.113353 4379,4433
4608 0.041695 0.093308 0.081016 4434,4380,4433
4609 0.041905 0.094845 0.096870 4435,4381,4433
4610 0.030311 0.084997 0.102736 4382,4436,4433
4611 0.041136 0.077454 0.089746 4383,4437,4433
4612 0.031848 0.076826 0.094845 4438,4433,4384
4613 0.031568 0.086114 0.088139 4439,4385,4433
4616 0.039879 0.106089 0.105600 4434,4388
4617 0.041067 0.099384 0.088140 4435,4434,4389
4618 0.031219 0.084577 0.092120 4390,4434,4436
4619 0.040787 0.089746 0.082483 4434,4437,4391
4620 0.031708 0.099174 0.093308 4434,4392,4438
4621 0.028495 0.101758 0.090724 4434,4393,4439
4624 0.039390 0.103434 0.108673 4435,4396
4625 0.041416 0.084578 0.080946 4435,4436,4397
4626 0.029822 0.082553 0.093797 4435,4398,4437
4627 0.041276 0.082972 0.099873 4435,4399,4438
4628 0.033174 0.087651 0.085067 4435,4400,4439
4631 0.028425 0.114749 0.110768 4436,4403
4632 0.043581 0.074730 0.110209 4404,4437,4436
4633 0.042324 0.094775 0.102038 4405,4436,4438
4634 0.030381 0.088559 0.090724 4406,4436,4439
4637 0.038063 0.098966 0.104552 4437,4409
4638 0.031638 0.080039 0.080457 4437,4438,4410
4639 0.029822 0.110140 0.108604 4437,4439,4411
4642 0.040298 0.132768 0.098965 4414,4438
4643 0.042604 0.127600 0.110209 4415,4439,4438
4646 0.029683 0.089258 0.130393 4439,4418
4649 0.056432 -1 -1 4442
4650 0.071587 0.119987 0.105111 4443,4442,4649
4651 0.057829 0.119429 0.117403 4442,4649,4444
4652 0.099664 0.085137 0.104343 4442,4649,4445
4653 0.097848 0.120476 0.120477 4442,4649,4446
4654 0.056432 0.096380 0.091282 4649,4447
4655 0.092121 0.084997 0.087092 4448,4649
4656 0.055314 0.085066 0.103575 4449,4649
4657 0.056223 0.092260 0.081504 4649,4450
4658 0.065092 0.071796 0.105599 4451,4649
4659 0.098616 0.075917 0.086533 4452,4649
4660 0.098546 0.295986 0.092749 4453,4649
4661 0.092819 0.085137 0.100920 4649,4454
4662 0.055803 0.094285 0.088558 4649,4455
4663 0.066419 0.094845 0.101969 4649,4456
4664 0.056641 0.117333 0.098896 4649,4457
4665 0.055943 0.078362 0.100013 4649,4458
4666 0.099664 0.075289 0.089676 4459,4649
4669 0.029403 0.125645 0.125086 4462,4650
4670 0.034502 0.122991 0.109651 4651,4650,4463
4671 0.045397 0.123200 0.120965 4464,4650,4652
4672 0.031149 0.100012 0.098406 4465,4650,4653
4673 0.042813 0.097359 0.124736 4466,4654,4650
4674 0.029683 0.109232 0.088768 4655,4467,4650
4675 0.030451 0.087651 0.084089 4656,4650,4468
4676 0.044629 0.091772 0.085625 4657,4650,4469
4677 0.040927 0.092749 0.093797 4470,4650,4658
4678 0.032406 0.092750 0.100502 4471,4659,4650
4679 0.044000 0.106648 0.099943 4472,4660,4650
4680 0.033175 0.097918 0.087651 4473,4650,4661
4681 0.030451 0.101968 0.103505 4650,4662,4474
4682 0.044629 0.107834 0.099454 4475,4650,4663
4683 0.043651 0.082971 0.100222 4664,4650,4476
4684 0.031429 0.078362 0.086604 4665,4650,4477
4685 0.043023 0.089676 0.094286 4478,4666,4650
4688 0.031219 0.126134 0.103086 4651,4481
4689 0.030032 0.113352 0.126552 4651,4482,4652
4690 0.043511 0.119498 0.116844 4651,4653,4483
4691 0.043022 0.087092 0.109720 4484,4654,4651
4692 0.031150 0.094356 0.084578 4655,4485,4651
4693 0.039530 0.102458 0.086045 4486,4656,4651
4694 0.036667 0.100502 0.076406 4657,4487,4651
4695 0.038692 0.095822 0.088140 4488,4651,4658
4696 0.044838 0.102038 0.103645 4659,4651,4489
4697 0.042324 0.112304 0.103016 4660,4651,4490
4698 0.031708 0.085625 0.092190 4651,4661,4491
4699 0.041835 0.090654 0.093308 4651,4492,4662
4700 0.033524 0.089607 0.086603 4493,4651,4663
4701 0.031708 0.096381 0.077384 4664,4494,4651
4702 0.042114 0.078921 0.089187 4665,4495,4651
4703 0.043022 0.081435 0.081016 4496,4666,4651
4706 0.029542 0.110209 0.113841 4499,4652
4707 0.041207 0.101969 0.132699 4500,4653,4652
4708 0.031569 0.117403 0.078920 4654,4501,4652
4709 0.030031 0.104342 0.099594 4655,4502,4652
4710 0.043930 0.100013 0.080457 4656,4503,4652
4711 0.042673 0.095333 0.108952 4504,4657,4652
4712 0.031358 0.098406 0.098615 4505,4658,4652
4713 0.041625 0.086114 0.094286 4506,4659,4652
4714 0.033035 0.084508 0.089187 4507,4660,4652
4715 0.030381 0.082971 0.104343 4508,4661,4652
4716 0.043511 0.097289 0.088699 4509,4662,4652
4717 0.041834 0.082552 0.096381 4510,4663,4652
4718 0.030730 0.092819 0.083530 4664,4511,4652
4719 0.040857 0.104273 0.095334 4512,4665,4652
4720 0.030730 0.076337 0.084578 4513,4666,4652
4723 0.026261 0.093308 0.105041 4516,4653
4724 0.043651 0.101409 0.096381 4654,4517,4653
4725 0.041485 0.096381 0.092261 4655,4518,4653
4726 0.031638 0.096870 0.085067 4656,4519,4653
4727 0.040647 0.103574 0.097918 4657,4653,4520
4728 0.033174 0.102457 0.094914 4521,4658,4653
4729 0.029822 0.099035 0.099384 4659,4522,4653
4730 0.043791 0.086533 0.100431 4523,4660,4653
4731 0.041696 0.087162 0.101968 4524,4661,4653
4732 0.031428 0.085137 0.076337 4525,4662,4653
4733 0.041486 0.089187 0.091702 4526,4653,4663
4734 0.031708 0.087022 0.088629 4664,4527,4653
4735 0.028774 0.084577 0.083530 4665,4653,4528
4736 0.043023 0.091702 0.089607 4666,4529,4653
4739 0.042603 0.100990 0.105111 4654,4532
4740 0.027867 0.090654 0.079968 4655,4654,4533
4741 0.043511 0.104063 0.109162 4534,4654,4656
4742 0.031987 0.100990 0.100502 4654,4657,4535
4743 0.034920 0.091282 0.123199 4654,4536,4658
4744 0.044558 0.091213 0.109162 4654,4537,4659
4745 0.042813 0.081016 0.086604 4654,4660,4538
4746 0.032267 0.086673 0.079968 4654,4661,4539
4747 0.041416 0.093238 0.093238 4654,4662,4540
4748 0.033873 0.087581 0.100990 4541,4654,4663
4749 0.030101 0.074242 0.085067 4664,4654,4542
4750 0.042184 0.087651 0.090235 4654,4543,4665
4751 0.042603 0.099384 0.088629 4654,4666,4544
4754 0.026679 0.096870 0.090234 4655,4547
4755 0.039460 0.119079 0.105600 4655,4548,4656
4756 0.034083 0.096870 0.100431 4655,4549,4657
4757 0.029124 0.084019 0.097359 4655,4658,4550
4758 0.043650 0.087512 0.097359 4655,4659,4551
4759 0.041556 0.085556 0.087651 4655,4552,4660
4760 0.028635 0.085067 0.078362 4655,4661,4553
4761 0.040647 0.094286 0.093867 4655,4554,4662
4762 0.032896 0.088210 0.095822 4655,4555,4663
4763 0.029193 0.090235 0.099594 4655,4664,4556
4764 0.041346 0.090654 0.105600 4655,4665,4557
4765 0.041835 0.088139 0.078361 4655,4666,4558
4768 0.026540 0.087720 0.074241 4561,4656
4769 0.042324 0.085067 0.110140 4562,4657,4656
4770 0.033384 0.087511 0.100851 4563,4656,4658
4771 0.027797 0.079480 0.093797 4656,4659,4564
4772 0.044140 0.082483 13.101030 4656,4660,4565
4773 0.042464 0.085137 0.082483 4656,4661,4566
4774 0.031428 0.085555 0.091771 4656,4567,4662
4775 0.041136 0.107136 0.081994 4568,4656,4663
4776 0.033035 0.095823 0.092260 4664,4569,4656
4777 0.028914 0.081435 0.122501 4570,4665,4656
4778 0.045955 0.088210 0.086114 4571,4666,4656
4781 0.042673 0.084508 0.090165 4657,4574
4782 0.029054 0.081505 0.094845 4657,4658,4575
4783 0.043442 0.092749 0.080946 4657,4659,4576
4784 0.031080 0.085556 0.092819 4657,4660,4577
4785 0.028425 0.088628 0.094285 4578,4657,4661
4786 0.044000 0.082972 0.075848 4579,4657,4662
4787 0.041905 0.092260 0.089676 4657,4580,4663
4788 0.031149 0.090724 0.093727 4664,4657,4581
4789 0.041067 0.094914 0.084507 4665,4657,4582
4790 0.033314 0.086603 0.091772 4657,4666,4583
4793 0.030660 0.086184 0.080457 4586,4658
4794 0.052380 0.104063 0.094845 4587,4659,4658
4795 0.041975 0.104902 0.090724 4660,4658,4588
4796 0.031917 0.087651 0.084578 4589,4658,4661
4797 0.041346 0.096800 0.088768 4590,4658,4662
4798 0.033803 0.100990 0.083739 4591,4658,4663
4799 0.032057 0.082483 0.095822 4664,4592,4658
4800 0.044768 0.092819 0.091212 4665,4658,4593
4801 0.042882 0.081993 0.087581 4666,4658,4594
4804 0.027727 0.102527 0.086674 4659,4597
4805 0.041207 0.082064 0.084019 4660,4598,4659
4806 0.032896 0.090235 0.095403 4599,4659,4661
4807 0.030312 0.089606 0.095822 4659,4600,4662
4808 0.043511 0.084089 0.087650 4601,4659,4663
4809 0.043371 0.086603 0.084508 4664,4602,4659
4810 0.043860 0.087721 0.099384 4665,4659,4603
4811 0.039949 0.081924 0.095892 4666,4659,4604
4814 0.031429 0.108673 0.082064 4607,4660
4815 0.027657 0.076336 0.087651 4660,4661,4608
4816 0.041695 0.088140 0.092260 4660,4662,4609
4817 0.039181 0.090235 0.102947 4610,4660,4663
4818 0.028705 0.077943 0.091212 4664,4611,4660
4819 0.038203 0.090724 0.090724 4665,4612,4660
4820 0.030311 0.084019 0.088698 4666,4660,4613
4823 0.025142 0.097289 13.100751 4661,4616
4824 0.039531 0.097428 0.103225 4617,4661,4662
4825 0.039669 0.092330 0.091632 4618,4661,4663
4826 0.029334 0.092749 0.090235 4664,4619,4661
4827 0.039600 0.119219 0.088209 4620,4665,4661
4828 0.033804 0.084089 0.091282 4621,4666,4661
4831 0.025352 0.093308 0.091283 4624,4662
4832 0.039390 0.094286 0.088139 4625,4662,4663
4833 0.038623 0.086044 0.092749 4664,4626,4662
4834 0.028146 0.079968 0.092260 4665,4662,4627
4835 0.040228 0.081016 0.095334 4628,4666,4662
4838 0.029054 0.100012 0.102108 4631,4663
4839 0.027169 0.089187 0.093587 4664,4632,4663
4840 0.042743 0.081504 0.095892 4633,4665,4663
4841 0.039949 0.077943 0.090166 4666,4634,4663
4844 0.027447 0.079968 0.098965 4664,4637
4845 0.044488 0.082064 0.091841 4664,4665,4638
4846 0.037155 0.131232 0.140940 4664,4666,4639
4849 0.027098 0.092679 0.093797 4642,4665
4850 0.042953 0.098407 0.081924 4665,4666,4643
4853 0.040369 0.096311 0.100502 4666,4646
4856 0.036457 -1 -1 4669
4857 0.091003 0.352629 0.101969 4856,4669,4670
4858 0.094635 0.159587 0.110698 4856,4669,4671
4859 0.068375 0.119498 0.083530 4856,4669,4672
4860 0.054266 0.118939 0.126134 4856,4673
4861 0.054756 0.094355 0.095333 4856,4674
4862 0.091702 0.117892 0.132977 4856,4675
4863 0.054756 0.093238 0.087651 4856,4676
4864 0.068794 0.101828 0.081993 4677,4856
4865 0.055245 0.081016 0.090793 4856,4678
4866 0.087861 0.090793 0.102457 4856,4679
4867 0.091213 0.095822 0.088209 4856,4680
4868 0.053080 0.085626 0.090724 4856,4681
4869 0.065371 0.072705 0.090654 4856,4682
4870 0.091562 0.079828 0.079968 4856,4683
4871 0.054616 0.099454 0.079479 4856,4684
4872 0.087162 0.092120 0.072775 4856,4685
4875 0.032965 0.114889 0.122990 4857,4688
4876 0.028216 0.101480 0.094915 4857,4689,4858
4877 0.043441 0.115308 0.126553 4857,4690,4859
4878 0.041556 0.097847 0.096800 4857,4691,4860
4879 0.030800 0.101968 0.106647 4857,4861,4692
4880 0.040159 0.088629 0.093797 4857,4862,4693
4881 0.032756 0.091701 0.104064 4857,4863,4694
4882 0.029613 0.145898 0.098895 4857,4695,4864
4883 0.040717 0.095472 0.093308 4857,4696,4865
4884 0.040369 0.089187 0.104064 4857,4866,4697
4885 0.029124 0.092750 0.086604 4857,4698,4867
4886 0.039181 0.075359 0.091213 4857,4699,4868
4887 0.030241 0.102527 0.089187 4857,4869,4700
4888 0.030450 0.092819 0.092260 4857,4870,4701
4889 0.041975 0.088210 0.088070 4857,4871,4702
4890 0.039600 0.090654 0.085556 4857,4703,4872
4893 0.026470 0.113213 0.089676 4706,4858
4894 0.039111 0.113212 0.114819 4707,4859,4858
4895 0.033314 0.112025 0.086673 4860,4708,4858
4896 0.030451 0.096940 0.090165 4861,4709,4858
4897 0.041905 0.130743 0.085625 4862,4710,4858
4898 0.039600 0.101480 0.085625 4863,4711,4858
4899 0.031080 0.081505 0.089187 4712,4864,4858
4900 0.045886 0.115447 0.093308 4713,4865,4858
4901 0.034432 0.094915 0.119218 4714,4866,4858
4902 0.029682 0.083530 0.089677 4715,4867,4858
4903 0.041416 0.075847 0.094286 4868,4716,4858
4904 0.041346 0.092749 0.087162 4717,4869,4858
4905 0.030241 0.082064 0.092330 4718,4870,4858
4906 0.038063 0.097359 0.096870 4871,4719,4858
4907 0.032266 0.076825 0.083530 4872,4720,4858
4910 0.026051 0.113353 0.123968 4723,4859
4911 0.041346 0.088629 0.119359 4724,4860,4859
4912 0.039600 0.093308 0.120476 4725,4861,4859
4913 0.029403 0.130254 0.118870 4862,4726,4859
4914 0.040717 0.119499 0.107137 4863,4727,4859
4915 0.031568 0.084578 0.085067 4864,4859,4728
4916 0.029962 0.088070 0.087162 4729,4859,4865
4917 0.038761 0.077943 0.085556 4730,4866,4859
4918 0.039531 0.079898 0.093797 4731,4867,4859
4919 0.030870 0.081994 0.084089 4732,4868,4859
4920 0.040438 0.085136 0.093308 4733,4869,4859
4921 0.032197 0.084089 0.097359 4734,4870,4859
4922 0.029892 0.091841 0.091841 4871,4859,4735
4923 0.045047 0.090235 0.100921 4736,4859,4872
4926 0.040997 0.106019 0.117333 4860,4739
4927 0.027797 0.120406 0.091213 4740,4860,4861
4928 0.040298 0.088140 0.086044 4862,4860,4741
4929 0.030730 0.108673 0.124457 4863,4860,4742
4930 0.028285 0.119848 0.113772 4743,4860,4864
4931 0.042254 0.099384 0.088698 4860,4744,4865
4932 0.040228 0.086184 0.091771 4860,4866,4745
4933 0.030241 0.099873 0.093169 4860,4867,4746
4934 0.038762 0.084089 0.079409 4860,4747,4868
4935 0.033104 0.087651 0.115098 4748,4860,4869
4936 0.027029 0.092190 0.087092 4860,4749,4870
4937 0.041137 0.094844 0.091282 4750,4860,4871
4938 0.039670 0.077942 0.084648 4751,4860,4872
4941 0.028286 0.148343 0.119010 4861,4754
4942 0.038133 0.088628 0.098337 4862,4861,4755
4943 0.031777 0.102527 0.093727 4863,4861,4756
4944 0.029473 0.124039 0.131721 4861,4864,4757
4945 0.040019 0.127600 0.117333 4758,4861,4865
4946 0.039390 0.082064 0.094845 4759,4861,4866
4947 0.028914 0.082971 0.081993 4760,4861,4867
4948 0.045466 0.086114 0.075918 4761,4868,4861
4949 0.036317 0.087162 0.094355 4869,4861,4762
4950 0.035199 0.087092 0.096311 4763,4861,4870
4951 0.041276 0.084578 0.083530 4861,4871,4764
4952 0.040299 0.088698 0.086184 4861,4765,4872
4955 0.027028 0.084089 0.092190 4862,4768
4956 0.040787 0.090165 0.094774 4862,4863,4769
4957 0.033175 0.094844 0.102946 4862,4770,4864
4958 0.029752 0.084088 0.095333 4862,4771,4865
4959 0.041277 0.088629 0.097358 4862,4772,4866
4960 0.040159 0.097149 0.085137 4862,4867,4773
4961 0.030381 0.092749 0.094844 4862,4868,4774
4962 0.039181 0.093238 0.093308 4862,4775,4869
4963 0.032267 0.086115 0.083041 4862,4776,4870
4964 0.029473 0.091771 0.088628 4862,4777,4871
4965 0.039600 0.083530 0.088699 4862,4778,4872
4968 0.037994 0.097918 0.085625 4863,4781
4969 0.027517 0.091631 0.093797 4863,4782,4864
4970 0.039391 0.100920 0.085136 4863,4783,4865
4971 0.031219 0.087581 0.087651 4863,4784,4866
4972 0.030381 0.096870 0.080527 4863,4785,4867
4973 0.042254 0.085067 0.079480 4863,4868,4786
4974 0.043161 0.095334 0.084578 4787,4863,4869
4975 0.027448 0.090724 0.080457 4863,4870,4788
4976 0.040718 0.085556 0.085625 4863,4871,4789
4977 0.031219 0.092750 0.095333 4863,4790,4872
4980 0.027098 0.102527 0.086114 4864,4793
4981 0.039251 0.091632 0.087162 4794,4864,4865
4982 0.041835 0.087651 0.088210 4795,4866,4864
4983 0.027587 0.078431 0.087651 4796,4867,4864
4984 0.040298 0.096870 0.089118 4868,4797,4864
4985 0.030730 0.102527 0.113282 4869,4798,4864
4986 0.028565 0.083530 0.089188 4870,4864,4799
4987 0.040159 0.077803 0.100501 4800,4871,4864
4988 0.039391 0.097429 0.086044 4801,4864,4872
4991 0.027029 0.090165 0.106786 4804,4865
4992 0.038204 0.078921 0.092191 4866,4805,4865
4993 0.032546 0.090165 0.108463 4867,4806,4865
4994 0.028705 0.092819 0.085626 4868,4807,4865
4995 0.040368 0.107974 0.086044 4808,4869,4865
4996 0.041625 0.092261 0.092750 4809,4870,4865
4997 0.028216 0.091772 0.107765 4810,4871,4865
4998 0.040368 0.078921 0.094286 4811,4872,4865
5001 0.030451 0.106089 13.103265 4866,4814
5002 0.033454 0.092330 0.092261 4866,4867,4815
5003 0.043092 0.080527 0.099104 4868,4866,4816
5004 0.040438 0.104412 0.094844 4817,4869,4866
5005 0.030451 0.091213 0.094356 4818,4866,4870
5006 0.041206 0.094355 0.090654 4871,4819,4866
5007 0.033105 0.079409 0.093727 4866,4820,4872
5010 0.025492 0.098476 0.097918 4867,4823
5011 0.059365 0.099454 0.095752 4868,4824,4867
5012 0.056572 0.089677 0.091701 4825,4869,4867
5013 0.031150 0.098407 0.086603 4826,4867,4870
5014 0.039530 0.077943 0.081016 4827,4871,4867
5015 0.032616 0.090724 0.091702 4867,4828,4872
5018 0.025702 0.079969 0.095403 4831,4868
5019 0.041556 0.084019 0.084578 4832,4868,4869
5020 0.039740 0.087651 0.100920 4868,4833,4870
5021 0.029893 0.106368 0.080458 4868,4871,4834
5022 0.039391 0.081015 0.082483 4868,4835,4872
5025 0.029892 0.089187 0.117472 4838,4869
5026 0.027797 0.081993 0.087092 4839,4869,4870
5027 0.041206 0.104064 0.100851 4840,4869,4871
5028 0.039251 0.103924 0.085625 4869,4841,4872
5031 0.026400 0.104412 0.089187 4844,4870
5032 0.038482 0.092260 0.114958 4845,4871,4870
5033 0.031080 0.117403 0.116286 4846,4870,4872
5036 0.025283 0.084019 0.098966 4871,4849
5037 0.041416 0.120965 0.116914 4850,4871,4872
5040 0.037994 0.087650 0.094844 4853,4872
5043 0.034222 -1 -1 4875
5044 0.068864 0.114261 0.099943 4875,4876,5043
5045 0.053009 0.118939 0.113841 4875,4877,5043
5046 0.089048 0.094914 0.099593 5043,4878
5047 0.093168 0.125156 0.123479 4879,5043
5048 0.054546 0.112305 0.085067 4880,5043
5049 0.090724 0.089188 0.093727 4881,5043
5050 0.064463 0.096311 0.091282 4882,5043
5051 0.054197 0.092190 0.088140 4883,5043
5052 0.087581 0.086115 0.087092 4884,5043
5053 0.092819 0.081505 0.088629 5043,4885
5054 0.056502 0.086673 0.097079 5043,4886
5055 0.064952 0.087092 0.082553 5043,4887
5056 0.097498 0.074311 0.082552 4888,5043
5057 0.059016 0.075359 0.087092 4889,5043
5058 0.094495 0.089885 0.081016 4890,5043
5061 0.029403 0.112793 0.110768 4893,5044
5062 0.029054 0.124038 0.144082 5045,5044,4894
5063 0.043232 0.120476 0.118451 5046,5044,4895
5064 0.041765 0.135282 0.112794 5047,5044,4896
5065 0.028984 0.125574 0.126064 5044,4897,5048
5066 0.039880 0.090514 0.104553 5044,4898,5049
5067 0.032686 0.085067 0.097637 4899,5044,5050
5068 0.029054 0.087092 0.091772 4900,5044,5051
5069 0.042463 0.084578 0.100501 4901,5044,5052
5070 0.039461 0.084577 0.095333 4902,5044,5053
5071 0.029263 0.115656 0.093169 5054,4903,5044
5072 0.038762 0.098685 0.098406 5055,5044,4904
5073 0.030800 0.088698 0.092260 5056,5044,4905
5074 0.028565 0.083460 0.086114 5044,5057,4906
5075 0.042813 0.081435 0.087162 5044,5058,4907
5078 0.039321 0.133327 0.108254 5045,4910
5079 0.027866 0.102527 0.122083 5046,5045,4911
5080 0.039460 0.088629 0.101480 5047,5045,4912
5081 0.031150 0.119848 0.108393 5045,4913,5048
5082 0.027657 0.112794 0.122501 5045,4914,5049
5083 0.040578 0.098336 0.096940 5045,4915,5050
5084 0.039320 0.087092 0.100501 4916,5045,5051
5085 0.029194 0.086115 0.085486 4917,5045,5052
5086 0.039181 0.085067 0.085556 5045,4918,5053
5087 0.032266 0.081994 0.095333 5054,5045,4919
5088 0.029682 0.097917 0.099733 5055,5045,4920
5089 0.042044 0.083041 0.089187 5045,5056,4921
5090 0.040229 0.093797 0.089257 4922,5045,5057
5091 0.030311 0.085137 0.090794 4923,5045,5058
5094 0.036038 0.120965 0.111187 5046,4926
5095 0.031219 0.090724 0.099454 5047,5046,4927
5096 0.028216 0.081016 0.090235 5046,4928,5048
5097 0.040718 0.128647 0.120965 5046,4929,5049
5098 0.039879 0.117333 0.124038 4930,5046,5050
5099 0.030451 0.113002 0.080946 5046,5051,4931
5100 0.037225 0.084578 0.090654 5046,4932,5052
5101 0.033105 0.084578 0.095823 5046,4933,5053
5102 0.028426 0.088139 0.086533 5054,5046,4934
5103 0.041276 0.078362 0.095264 5046,4935,5055
5104 0.039321 0.089187 0.094844 5046,5056,4936
5105 0.030101 0.083530 0.098337 5046,5057,4937
5106 0.039320 0.088139 0.089187 4938,5046,5058
5109 0.031289 0.103505 0.099943 5047,4941
5110 0.030939 0.093308 0.080387 5047,4942,5048
5111 0.041555 0.089187 0.083041 5047,4943,5049
5112 0.038133 0.119429 0.129346 5047,4944,5050
5113 0.029404 0.116355 0.118940 5047,4945,5051
5114 0.039041 0.078921 0.086114 5047,4946,5052
5115 0.031778 0.087162 0.089746 5047,4947,5053
5116 0.029403 0.088139 0.078921 5047,5054,4948
5117 0.041485 0.089187 0.089676 5047,5055,4949
5118 0.039461 0.089187 0.086603 5047,5056,4950
5119 0.029404 0.095822 0.092750 5047,5057,4951
5120 0.039181 0.088698 0.092749 5047,4952,5058
5123 0.030521 0.093797 0.090794 4955,5048
5124 0.026540 0.080946 0.082482 4956,5049,5048
5125 0.043092 0.092120 0.084508 5050,4957,5048
5126 0.038622 0.119848 0.140730 4958,5051,5048
5127 0.028704 0.080527 0.086114 4959,5052,5048
5128 0.040088 0.100990 0.097009 5053,4960,5048
5129 0.031778 0.084997 0.096311 5054,4961,5048
5130 0.028775 0.084019 0.090096 5055,4962,5048
5131 0.040438 0.097918 0.089676 5056,4963,5048
5132 0.039950 0.096870 0.092749 5057,4964,5048
5133 0.027867 0.085137 0.119079 4965,5058,5048
5136 0.036806 0.093797 0.137937 5049,4968
5137 0.032965 0.078432 0.088139 5050,4969,5049
5138 0.030521 0.082482 0.083041 4970,5051,5049
5139 0.041206 0.086114 0.096939 5052,5049,4971
5140 0.039250 0.095263 0.104482 4972,5049,5053
5141 0.030311 0.102736 0.086115 5054,5049,4973
5142 0.039321 0.099104 0.086603 4974,5055,5049
5143 0.030591 0.096660 0.093867 4975,5056,5049
5144 0.028845 0.090724 0.081435 4976,5057,5049
5145 0.041276 0.085556 0.094844 4977,5058,5049
5148 0.039809 0.107206 0.098267 4980,5050
5149 0.028076 0.100502 0.077384 4981,5050,5051
5150 0.039949 0.092888 0.087581 4982,5050,5052
5151 0.034431 0.090723 0.087650 4983,5050,5053
5152 0.031359 0.093308 0.090723 5054,5050,4984
5153 0.043511 0.090235 0.081505 5055,5050,4985
5154 0.037854 0.082483 0.087650 5056,5050,4986
5155 0.029543 0.099663 0.088698 5057,5050,4987
5156 0.039740 0.084089 0.100501 5058,5050,4988
5159 0.030241 0.096381 0.087092 5051,4991
5160 0.028076 0.083530 0.088210 4992,5051,5052
5161 0.045815 0.089676 0.092260 4993,5051,5053
5162 0.038273 0.079340 0.103015 5054,4994,5051
5163 0.030172 0.100990 0.091771 5055,4995,5051
5164 0.038902 0.099454 0.090235 4996,5056,5051
5165 0.031778 0.096940 0.084997 4997,5057,5051
5166 0.027448 0.097359 0.083530 5058,5051,4998
5169 0.038342 0.088069 0.092749 5001,5052
5170 0.039810 0.086603 0.077384 5002,5052,5053
5171 0.030102 0.089746 0.092819 5054,5003,5052
5172 0.039950 0.086603 0.088140 5055,5052,5004
5173 0.032616 0.095263 0.086044 5056,5005,5052
5174 0.028984 0.097289 0.106368 5057,5006,5052
5175 0.040298 0.092260 0.083530 5007,5058,5052
5178 0.039600 0.095263 0.090723 5010,5053
5179 0.030939 0.079409 0.082064 5054,5011,5053
5180 0.038343 0.085556 0.082063 5055,5012,5053
5181 0.029892 0.092260 0.092260 5056,5013,5053
5182 0.028286 0.088629 0.091213 5057,5014,5053
5183 0.042952 0.098966 0.091213 5058,5015,5053
5186 0.041067 0.081924 0.094355 5054,5018
5187 0.027378 0.089118 0.090724 5054,5055,5019
5188 0.039250 0.079969 0.100501 5054,5020,5056
5189 0.031638 0.078921 0.081924 5054,5021,5057
5190 0.028146 0.077384 0.090235 5054,5022,5058
5193 0.037645 0.099454 0.095893 5055,5025
5194 0.039740 0.087651 0.080947 5055,5056,5026
5195 0.030031 0.092749 0.091632 5055,5057,5027
5196 0.040438 0.088699 0.090166 5055,5058,5028
5199 0.031918 0.081435 0.091213 5056,5031
5200 0.028845 0.102247 0.082412 5056,5057,5032
5201 0.039390 0.118451 0.132768 5056,5058,5033
5204 0.038343 0.100431 0.093657 5036,5057
5205 0.026051 0.083530 0.083041 5037,5057,5058
5208 0.036667 0.079480 0.087651 5058,5040
5211 0.044070 -1 -1 5061
5212 0.094425 0.112235 0.112165 5062,5061,5211
5213 0.054686 0.113283 0.116844 5061,5063,5211
5214 0.088489 0.094216 0.100990 5064,5061,5211
5215 0.056781 0.078991 0.112235 5065,5211
5216 0.064323 0.081505 0.086045 5066,5211
5217 0.096939 0.080527 0.077873 5067,5211
5218 0.060203 0.076965 0.089676 5068,5211
5219 0.063206 0.094845 0.096381 5069,5211
5220 0.066559 0.083530 0.096381 5070,5211
5221 0.091981 0.080457 0.088628 5071,5211
5222 0.053568 0.087162 0.077314 5072,5211
5223 0.092331 0.081574 0.078431 5073,5211
5224 0.055594 0.069702 0.082972 5074,5211
5225 0.088070 0.088698 0.081504 5075,5211
5228 0.031498 0.114680 0.113701 5078,5212
5229 0.027518 0.120476 0.115867 5079,5212,5213
5230 0.043651 0.088699 0.088698 5214,5080,5212
5231 0.039320 0.128926 0.124527 5081,5215,5212
5232 0.029263 0.111746 0.117473 5216,5082,5212
5233 0.037784 0.089676 0.086674 5083,5217,5212
5234 0.030520 0.081854 0.084089 5212,5218,5084
5235 0.029543 0.081993 0.083041 5212,5085,5219
5236 0.040229 0.078432 0.099385 5220,5212,5086
5237 0.040438 0.089676 0.088209 5087,5221,5212
5238 0.028216 0.108672 0.112094 5222,5088,5212
5239 0.039670 0.077942 0.091282 5223,5089,5212
5240 0.030661 0.092680 0.087161 5090,5212,5224
5241 0.041416 0.081016 0.086673 5091,5212,5225
5244 0.038482 0.126552 0.139193 5094,5213
5245 0.038971 0.082971 0.090724 5214,5213,5095
5246 0.030171 0.073752 0.088210 5215,5213,5096
5247 0.039461 0.126623 0.124457 5216,5213,5097
5248 0.031638 0.132768 0.112724 5098,5217,5213
5249 0.028634 0.083531 0.091772 5099,5213,5218
5250 0.038902 0.090654 0.085625 5100,5213,5219
5251 0.040228 0.082971 0.086114 5101,5220,5213
5252 0.029263 0.092749 0.091282 5102,5221,5213
5253 0.039111 0.091213 0.081924 5222,5213,5103
5254 0.031847 0.091283 0.096800 5223,5213,5104
5255 0.029613 0.089676 0.089677 5105,5213,5224
5256 0.042184 0.086184 0.085067 5106,5213,5225
5259 0.039111 0.113352 0.115378 5214,5109
5260 0.026190 0.081504 0.089676 5214,5215,5110
5261 0.039320 0.084578 0.087162 5216,5214,5111
5262 0.031149 0.116425 0.115308 5217,5214,5112
5263 0.027937 0.128718 0.126064 5214,5113,5218
5264 0.041276 0.081365 0.086114 5114,5214,5219
5265 0.039390 0.094775 0.088698 5115,5214,5220
5266 0.027727 0.085067 0.094844 5214,5116,5221
5267 0.038342 0.107415 0.090235 5222,5214,5117
5268 0.030451 0.095263 0.095334 5223,5214,5118
5269 0.033454 0.091213 0.096870 5214,5119,5224
5270 0.049307 0.092260 0.094286 5214,5120,5225
5273 0.039740 0.090165 0.089746 5215,5123
5274 0.027797 0.091771 0.100571 5216,5124,5215
5275 0.040787 0.078432 0.095333 5217,5215,5125
5276 0.031917 0.125364 0.135352 5126,5215,5218
5277 0.029333 0.114330 0.127111 5215,5127,5219
5278 0.042324 0.109720 0.105879 5128,5215,5220
5279 0.039740 0.089118 0.084997 5221,5215,5129
5280 0.030590 0.084578 0.088628 5222,5215,5130
5281 0.039111 0.088699 0.094285 5223,5215,5131
5282 0.030730 0.092260 0.093238 5215,5132,5224
5283 0.027867 0.095822 0.085067 5215,5133,5225
5286 0.037993 0.083041 0.106228 5216,5136
5287 0.039111 0.083530 0.089187 5216,5217,5137
5288 0.028146 0.094775 0.107345 5216,5218,5138
5289 0.039391 0.081505 0.080946 5216,5139,5219
5290 0.030101 0.081575 0.088139 5216,5220,5140
5291 0.028425 0.076336 0.101480 5216,5221,5141
5292 0.041486 0.105809 0.077384 5216,5222,5142
5293 0.040159 0.086604 0.094355 5216,5223,5143
5294 0.025213 0.081994 0.080947 5216,5144,5224
5295 0.039740 0.090724 0.105111 5216,5145,5225
5298 0.031918 0.093377 0.114330 5217,5148
5299 0.027099 0.093867 0.093797 5217,5218,5149
5300 0.041067 0.087092 0.087721 5150,5217,5219
5301 0.040718 0.087651 0.096870 5151,5217,5220
5302 0.030381 0.086603 0.094286 5217,5221,5152
5303 0.038692 0.093238 0.087023 5217,5153,5222
5304 0.030591 0.081924 0.092819 5223,5217,5154
5305 0.029124 0.077943 0.090794 5217,5155,5224
5306 0.042673 0.094775 0.077244 5217,5225,5156
5309 0.038971 0.094286 0.072774 5159,5218
5310 0.026819 0.079968 0.100991 5160,5218,5219
5311 0.040159 0.078013 0.101410 5161,5220,5218
5312 0.031568 0.080457 0.104691 5221,5162,5218
5313 0.029682 0.101060 0.091771 5222,5163,5218
5314 0.040788 0.092749 0.083530 5223,5164,5218
5315 0.038762 0.100432 0.087162 5165,5218,5224
5316 0.029542 0.084997 0.086534 5166,5225,5218
5319 0.036807 0.084089 0.088698 5169,5219
5320 0.031778 0.080947 0.096870 5170,5220,5219
5321 0.028286 0.087651 0.078921 5221,5171,5219
5322 0.050145 0.091283 0.090165 5222,5172,5219
5323 0.039600 0.084577 0.090654 5223,5173,5219
5324 0.031568 0.098825 0.084019 5174,5224,5219
5325 0.039810 0.086045 0.096870 5175,5225,5219
5328 0.030940 0.099174 0.100362 5178,5220
5329 0.026959 0.102526 0.088140 5221,5220,5179
5330 0.040857 0.108114 0.084997 5222,5180,5220
5331 0.049098 0.086603 0.093797 5223,5220,5181
5332 0.038831 0.083600 0.095333 5182,5220,5224
5333 0.037714 0.078921 0.094845 5183,5220,5225
5336 0.029822 0.085626 0.090165 5221,5186
5337 0.027797 0.087651 0.083041 5222,5221,5187
5338 0.038902 0.079479 0.089117 5223,5221,5188
5339 0.037085 0.081505 0.095892 5221,5189,5224
5340 0.028355 0.086604 0.095334 5221,5190,5225
5343 0.034641 0.083041 0.097917 5222,5193
5344 0.032266 0.084089 0.086603 5223,5222,5194
5345 0.028146 0.093797 0.115098 5195,5222,5224
5346 0.039041 0.094775 0.123060 5222,5196,5225
5349 0.036457 0.084019 0.092749 5223,5199
5350 0.026470 0.088628 0.103644 5223,5200,5224
5351 0.038762 0.112165 0.115867 5223,5201,5225
5354 0.030800 0.080946 0.092260 5204,5224
5355 0.026330 0.115867 0.116355 5205,5225,5224
5358 0.036318 0.088698 0.090724 5208,5225
5361 0.057759 -1 -1 5228
5362 0.055664 0.107067 0.117403 5229,5361,5228
5363 0.089537 0.112305 0.111117 5230,5361,5228
5364 0.066069 0.084089 0.081016 5231,5361,5228
5365 0.085276 0.079479 0.104971 5232,5361,5228
5366 0.054337 0.086603 0.084019 5233,5361
5367 0.086673 0.074311 0.102247 5361,5234
5368 0.052381 0.088140 0.103505 5361,5235
5369 0.052102 0.079969 0.087162 5361,5236
5370 0.066000 0.095053 0.081923 5361,5237
5371 0.088140 0.080457 0.090095 5238,5361
5372 0.086813 0.086533 0.081575 5239,5361
5373 0.084299 0.073752 0.078362 5361,5240
5374 0.050984 0.075847 0.093307 5361,5241
5377 0.031499 0.111746 0.095893 5362,5244
5378 0.041067 0.088209 0.085556 5362,5363,5245
5379 0.037923 0.103574 0.085625 5362,5246,5364
5380 0.037365 0.116845 0.126622 5362,5247,5365
5381 0.043022 0.120965 0.117333 5362,5366,5248
5382 0.033244 0.089117 0.086673 5362,5249,5367
5383 0.029263 0.093797 0.082552 5362,5368,5250
5384 0.039390 0.085625 0.096381 5362,5369,5251
5385 0.038831 0.089187 0.094774 5362,5252,5370
5386 0.028775 0.084089 0.080457 5362,5253,5371
5387 0.038483 0.086603 0.095334 5362,5254,5372
5388 0.031917 0.093727 0.086673 5362,5373,5255
5389 0.027447 0.086603 0.097918 5362,5374,5256
5392 0.037086 0.128578 0.091702 5363,5259
5393 0.038482 0.092190 0.085066 5363,5364,5260
5394 0.028495 0.088140 0.084508 5363,5261,5365
5395 0.036807 0.107137 0.119918 5363,5366,5262
5396 0.032546 0.109721 0.130743 5363,5263,5367
5397 0.029054 0.089606 0.083460 5363,5368,5264
5398 0.039670 0.077942 0.091701 5363,5265,5369
5399 0.038063 0.083041 0.091282 5363,5370,5266
5400 0.029054 0.086603 0.088139 5267,5363,5371
5401 0.036387 0.087092 0.089187 5363,5268,5372
5402 0.031428 0.094845 0.091212 5363,5269,5373
5403 0.028775 0.083181 0.087651 5363,5270,5374
5406 0.036667 0.101549 0.087651 5364,5273
5407 0.037435 0.095333 0.093797 5274,5364,5365
5408 0.028984 0.088699 0.090095 5275,5366,5364
5409 0.036806 0.123199 0.132488 5276,5367,5364
5410 0.032965 0.132210 0.131650 5368,5277,5364
5411 0.028774 0.074311 0.076965 5369,5278,5364
5412 0.040508 0.083042 0.097429 5370,5364,5279
5413 0.037575 0.087651 0.092749 5280,5371,5364
5414 0.029334 0.079410 0.084089 5281,5364,5372
5415 0.038483 0.086114 0.092749 5282,5373,5364
5416 0.032337 0.092261 0.086603 5374,5283,5364
5419 0.025841 0.098826 0.086533 5286,5365
5420 0.039949 0.084996 0.090165 5366,5287,5365
5421 0.037994 0.086185 0.089746 5288,5367,5365
5422 0.029054 0.117892 0.136400 5289,5368,5365
5423 0.036457 0.085136 0.087581 5369,5290,5365
5424 0.030311 0.094285 0.075708 5291,5370,5365
5425 0.028565 0.092889 0.089118 5292,5371,5365
5426 0.039460 0.094285 0.087162 5372,5293,5365
5427 0.037854 0.100991 0.095752 5294,5373,5365
5428 0.029682 0.081505 0.090234 5374,5295,5365
5431 0.039600 0.105670 0.121244 5366,5298
5432 0.036876 0.081016 0.083600 5366,5367,5299
5433 0.028774 0.089746 0.092260 5300,5368,5366
5434 0.039181 0.073753 0.078362 5301,5369,5366
5435 0.038552 0.083530 0.084508 5302,5366,5370
5436 0.029054 0.084438 0.088699 5371,5303,5366
5437 0.037924 0.088628 0.097289 5304,5366,5372
5438 0.029892 0.090165 0.091702 5366,5305,5373
5439 0.029193 0.087581 0.084648 5374,5366,5306
5442 0.035968 0.119428 0.113283 5309,5367
5443 0.037924 0.085974 0.081505 5368,5310,5367
5444 0.029473 0.091701 0.100013 5311,5369,5367
5445 0.037645 0.081993 0.099942 5312,5367,5370
5446 0.031288 0.088629 0.098406 5313,5371,5367
5447 0.028565 0.079899 0.086534 5314,5367,5372
5448 0.038832 0.092260 0.089746 5367,5373,5315
5449 0.038064 0.081016 0.094705 5374,5367,5316
5452 0.026330 0.094845 0.090724 5368,5319
5453 0.035689 0.096311 0.095334 5368,5369,5320
5454 0.032266 0.081504 0.085067 5368,5370,5321
5455 0.027517 0.087162 0.085067 5322,5368,5371
5456 0.039949 0.099523 0.092260 5368,5323,5372
5457 0.037785 0.098895 0.083950 5368,5324,5373
5458 0.027099 0.091282 0.085626 5374,5368,5325
5461 0.034851 0.075359 0.086603 5369,5328
5462 0.030031 0.092749 0.086603 5369,5370,5329
5463 0.026749 0.091212 0.097638 5330,5369,5371
5464 0.039740 0.084578 0.099384 5331,5369,5372
5465 0.038064 0.087162 0.089676 5332,5369,5373
5466 0.028774 0.092260 0.087092 5374,5333,5369
5469 0.033593 0.097429 0.086603 5370,5336
5470 0.030730 0.087162 0.098896 5371,5370,5337
5471 0.028146 0.108673 0.095333 5338,5370,5372
5472 0.038483 0.094356 0.078851 5339,5370,5373
5473 0.038133 0.088140 0.102876 5374,5340,5370
5476 0.025562 0.090724 0.099454 5371,5343
5477 0.036737 0.107694 0.094356 5344,5371,5372
5478 0.030800 0.088698 0.091771 5345,5371,5373
5479 0.028635 0.091283 0.099943 5374,5346,5371
5482 0.035899 0.087581 0.089187 5349,5372
5483 0.037854 0.086603 0.098616 5350,5373,5372
5484 0.027727 0.117403 0.120965 5374,5351,5372
5487 0.034501 0.107486 0.089676 5354,5373
5488 0.035968 0.089746 0.092820 5374,5355,5373
5491 0.026120 0.108183 0.082552 5374,5358
5494 0.057200 -1 -1 5377
5495 0.068864 0.111187 0.126343 5494,5377,5378
5496 0.052939 0.120965 0.106158 5494,5377,5379
5497 0.085276 0.078921 0.088209 5494,5380,5377
5498 0.054895 0.105321 0.080457 5494,5381,5377
5499 0.089816 0.086603 0.080388 5494,5382
5500 0.086952 0.084578 0.090724 5494,5383
5501 0.051403 0.081994 0.095334 5494,5384
5502 0.066838 0.075359 0.083041 5494,5385
5503 0.054266 0.084997 0.091213 5494,5386
5504 0.086114 0.084578 0.080946 5494,5387
5505 0.084298 0.080946 0.079968 5494,5388
5506 0.050705 0.072775 0.101828 5494,5389
5509 0.029334 0.115726 0.094286 5495,5392
5510 0.026610 0.086673 0.088070 5393,5495,5496
5511 0.030032 0.093656 0.114679 5495,5497,5394
5512 0.040298 0.117892 13.134694 5495,5498,5395
5513 0.037435 0.114750 0.141987 5495,5499,5396
5514 0.030520 0.083042 0.075918 5495,5397,5500
5515 0.040718 0.081435 0.080457 5495,5398,5501
5516 0.031010 0.079479 0.088140 5495,5399,5502
5517 0.029403 0.091702 0.091282 5495,5503,5400
5518 0.040019 0.098337 0.094844 5495,5504,5401
5519 0.039111 0.084787 0.092680 5495,5505,5402
5520 0.028705 0.087651 0.093308 5506,5495,5403
5523 0.035061 0.091213 0.087092 5406,5496
5524 0.031149 0.090724 0.086604 5407,5496,5497
5525 0.028705 0.089188 0.084089 5496,5498,5408
5526 0.040159 0.112793 0.105600 5496,5499,5409
5527 0.038273 0.123061 0.129626 5496,5410,5500
5528 0.028077 0.084578 0.082972 5496,5411,5501
5529 0.038203 0.088070 0.081505 5496,5502,5412
5530 0.031359 0.093797 0.095892 5496,5503,5413
5531 0.028146 0.091771 0.088629 5414,5496,5504
5532 0.039181 0.086114 0.086603 5415,5496,5505
5533 0.038204 0.097848 0.089188 5506,5496,5416
5536 0.026819 0.095334 0.079409 5497,5419
5537 0.036736 0.090305 0.102037 5497,5498,5420
5538 0.030451 0.091143 0.089117 5497,5421,5499
5539 0.028216 0.110698 0.141568 5497,5500,5422
5540 0.039600 0.115308 0.127670 5497,5423,5501
5541 0.038064 0.081993 0.087092 5424,5497,5502
5542 0.029124 0.093797 0.083041 5425,5497,5503
5543 0.044558 0.087651 0.083041 5504,5497,5426
5544 0.037923 0.092819 0.094775 5505,5427,5497
5545 0.028285 0.085625 0.097359 5506,5497,5428
5548 0.037505 0.095892 0.096381 5431,5498
5549 0.039251 0.100990 0.091283 5432,5498,5499
5550 0.028984 0.093727 0.097359 5433,5498,5500
5551 0.038483 0.081993 0.083530 5498,5434,5501
5552 0.030591 0.077384 0.086604 5502,5498,5435
5553 0.027378 0.091772 0.095264 5436,5498,5503
5554 0.039251 0.091771 0.099873 5504,5498,5437
5555 0.038553 0.080038 0.120057 5438,5505,5498
5556 0.029613 0.080457 0.096870 5506,5439,5498
5559 0.033943 0.124457 0.097917 5442,5499
5560 0.031708 0.087022 0.094844 5443,5499,5500
5561 0.026819 0.085067 0.078432 5444,5499,5501
5562 0.039740 0.096870 0.088139 5502,5499,5445
5563 0.040369 0.085626 0.097289 5446,5499,5503
5564 0.028077 0.090724 0.080946 5504,5447,5499
5565 0.037435 0.098965 0.085626 5505,5499,5448
5566 0.032266 0.087651 0.092260 5506,5449,5499
5569 0.025562 0.123479 0.110699 5452,5500
5570 0.037924 0.083530 0.086184 5453,5500,5501
5571 0.038203 0.082552 0.081993 5454,5502,5500
5572 0.044699 0.076337 0.085626 5503,5500,5455
5573 0.054616 0.091213 0.080457 5504,5456,5500
5574 0.031428 0.086115 0.091702 5505,5500,5457
5575 0.026749 0.091771 0.090724 5506,5458,5500
5578 0.036038 0.092749 0.089187 5461,5501
5579 0.037365 0.087651 0.092750 5462,5502,5501
5580 0.028286 0.093308 0.084089 5463,5503,5501
5581 0.037295 0.076895 0.081016 5504,5464,5501
5582 0.031080 0.107624 0.086673 5505,5465,5501
5583 0.027517 0.088699 0.079898 5506,5466,5501
5586 0.036177 0.088209 0.088698 5469,5502
5587 0.035899 0.083530 0.090235 5502,5503,5470
5588 0.025912 0.089187 0.089606 5504,5502,5471
5589 0.037295 0.094914 0.084019 5472,5505,5502
5590 0.031638 0.085556 0.088698 5506,5502,5473
5593 0.026400 0.090724 0.084578 5476,5503
5594 0.038343 0.095333 0.083530 5477,5504,5503
5595 0.037715 0.094356 0.106996 5505,5503,5478
5596 0.027657 0.078991 0.082552 5506,5503,5479
5599 0.040647 0.079410 0.095334 5504,5482
5600 0.031708 0.089676 0.099384 5504,5505,5483
5601 0.028216 0.125086 0.129765 5506,5504,5484
5604 0.036387 0.081993 0.093308 5487,5505
5605 0.039740 0.110210 0.112305 5506,5505,5488
5608 0.026540 0.101967 0.084508 5506,5491
5611 0.050774 -1 -1 5509
5612 0.069422 0.064952 0.112234 5510,5611,5509
5613 0.089607 0.111187 0.095823 5511,5611,5509
5614 0.054197 0.076895 0.079480 5512,5611,5509
5615 0.086953 0.085067 0.087162 5513,5611,5509
5616 0.052660 0.079339 0.087651 5611,5514
5617 0.083670 0.076337 0.083530 5611,5515
5618 0.050845 0.079899 0.073823 5611,5516
5619 0.054616 0.094286 0.074312 5611,5517
5620 0.067397 0.077384 0.076337 5518,5611
5621 0.087861 0.079898 0.080457 5519,5611
5622 0.089048 0.077384 0.089187 5520,5611
5625 0.024724 0.109232 0.088699 5612,5523
5626 0.033873 0.091213 0.089188 5612,5613,5524
5627 0.039740 0.075359 0.086115 5612,5525,5614
5628 0.027658 0.111746 0.137378 5612,5526,5615
5629 0.039321 0.117403 0.128158 5612,5616,5527
5630 0.030172 0.084508 0.092261 5612,5528,5617
5631 0.028495 0.078921 0.085067 5612,5529,5618
5632 0.038832 0.093797 0.099384 5612,5619,5530
5633 0.027168 0.087720 0.092819 5612,5531,5620
5634 0.028775 0.088628 0.096031 5612,5532,5621
5635 0.039320 0.093308 0.113770 5612,5533,5622
5638 0.030381 0.092330 0.081924 5613,5536
5639 0.027657 0.105600 0.091771 5613,5537,5614
5640 0.039251 0.082972 0.079968 5613,5538,5615
5641 0.040578 0.109162 0.117892 5613,5539,5616
5642 0.025911 0.115866 0.125086 5613,5540,5617
5643 0.036597 0.087162 0.087721 5613,5618,5541
5644 0.029543 0.092749 0.090724 5542,5613,5619
5645 0.028914 0.079828 0.092261 5613,5543,5620
5646 0.038901 0.081505 0.082482 5613,5544,5621
5647 0.037295 0.072774 0.089256 5613,5622,5545
5650 0.025632 0.079899 0.090235 5548,5614
5651 0.038413 0.084019 0.087232 5549,5614,5615
5652 0.030032 0.094286 0.088140 5616,5550,5614
5653 0.028705 0.117333 0.116915 5551,5617,5614
5654 0.039740 0.089187 0.094356 5618,5614,5552
5655 0.038133 0.104553 0.085695 5619,5553,5614
5656 0.035269 0.088699 0.087581 5554,5614,5620
5657 0.037924 0.075359 0.091213 5555,5621,5614
5658 0.031987 0.090165 0.090723 5556,5622,5614
5661 0.025003 0.088139 0.087651 5559,5615
5662 0.039530 0.096590 0.096869 5560,5616,5615
5663 0.038273 0.078432 0.094356 5561,5617,5615
5664 0.028705 0.094286 0.095334 5618,5562,5615
5665 0.037365 0.084089 0.096870 5619,5563,5615
5666 0.030242 0.092749 0.094844 5564,5620,5615
5667 0.026260 0.091212 0.091701 5565,5621,5615
5668 0.041486 0.085067 0.092261 5566,5622,5615
5671 0.038413 13.151595 0.113772 5616,5569
5672 0.025842 0.088629 0.093797 5616,5617,5570
5673 0.037016 0.094286 0.097429 5618,5616,5571
5674 0.029543 0.081924 0.097918 5619,5616,5572
5675 0.027168 0.091771 0.096311 5573,5616,5620
5676 0.038063 0.098895 13.100402 5574,5616,5621
5677 0.039390 0.079968 0.083530 5575,5616,5622
5680 0.024933 0.115378 0.113771 5617,5578
5681 0.037784 0.101968 0.082483 5618,5617,5579
5682 0.030311 0.082064 0.083530 5619,5617,5580
5683 0.028495 0.089187 0.086114 5581,5617,5620
5684 0.038273 0.081505 0.091772 5582,5617,5621
5685 0.038343 0.091213 0.091771 5617,5583,5622
5688 0.025283 0.086114 0.086673 5586,5618
5689 0.037575 0.095822 0.092749 5587,5618,5619
5690 0.031149 0.101479 0.093797 5618,5588,5620
5691 0.028704 0.100710 0.099524 5618,5621,5589
5692 0.039530 0.081994 0.084578 5590,5618,5622
5695 0.036317 0.092888 0.076337 5593,5619
5696 0.025842 0.082063 0.089676 5619,5594,5620
5697 0.036946 0.085625 0.087162 5619,5595,5621
5698 0.028984 12.715228 0.085555 5619,5622,5596
5701 0.025981 0.094286 0.092749 5599,5620
5702 0.040089 0.088699 0.091283 5600,5621,5620
5703 0.036248 0.126552 0.110140 5601,5622,5620
5706 0.026330 0.084089 0.088698 5604,5621
5707 0.037295 0.079968 0.089677 5605,5622,5621
5710 0.029822 0.081994 0.092749 5622,5608
5713 0.034642 -1 -1 5625
5714 0.072774 0.106089 0.116356 5626,5625,5713
5715 0.061390 0.105600 0.117822 5627,5625,5713
5716 0.087999 0.080458 0.079479 5625,5713,5628
5717 0.091562 0.075848 0.121385 5713,5629
5718 0.087651 0.077385 0.081016 5630,5713
5719 0.051124 0.080387 0.083041 5713,5631
5720 0.052521 0.084508 0.084019 5713,5632
5721 0.066489 13.099773 0.085556 5713,5633
5722 0.083949 0.094424 0.089676 5634,5713
5723 0.088000 0.095613 0.084578 5635,5713
5726 0.037295 0.091771 0.093308 5714,5638
5727 0.029193 0.090165 0.095334 5715,5714,5639
5728 0.038203 0.090165 0.110977 5716,5714,5640
5729 0.032825 0.112235 0.120965 5717,5641,5714
5730 0.029263 0.114330 0.122502 5714,5642,5718
5731 0.038622 0.085556 0.079968 5643,5714,5719
5732 0.038552 0.090235 0.089117 5720,5714,5644
5733 0.028705 0.088698 0.090724 5714,5645,5721
5734 0.037156 0.082552 0.083600 5722,5714,5646
5735 0.031917 0.080457 0.094844 5723,5714,5647
5738 0.025213 0.089746 0.085066 5715,5650
5739 0.040648 0.091701 0.085067 5716,5715,5651
5740 0.037994 0.084997 13.100891 5717,5715,5652
5741 0.028634 0.129695 0.115308 5715,5653,5718
5742 0.037365 0.118940 0.105600 5715,5654,5719
5743 0.031289 0.096940 0.084159 5715,5655,5720
5744 0.027867 0.078921 0.085137 5656,5715,5721
5745 0.039531 0.091282 0.093238 5722,5657,5715
5746 0.038343 0.081505 0.090166 5723,5715,5658
5749 0.026121 0.099384 0.085066 5716,5661
5750 0.036946 0.085556 0.091702 5717,5716,5662
5751 0.031918 0.081924 0.086603 5663,5716,5718
5752 0.027029 0.086673 0.088698 5716,5719,5664
5753 0.036597 0.095822 0.087162 5716,5720,5665
5754 0.038133 0.087092 0.089188 5716,5721,5666
5755 0.028285 0.085626 0.084089 5722,5716,5667
5756 0.037994 0.082553 0.078431 5716,5668,5723
5759 0.030171 0.094286 0.081994 5717,5671
5760 0.026889 0.084578 0.091772 5717,5672,5718
5761 0.038483 0.077943 0.088210 5717,5673,5719
5762 0.036527 0.083460 0.095334 5717,5720,5674
5763 0.026819 0.097429 0.097638 5717,5721,5675
5764 0.037225 0.083530 0.110838 5717,5722,5676
5765 0.030381 0.085137 0.092819 5717,5723,5677
5768 0.024235 0.103504 0.103575 5680,5718
5769 0.038692 0.093308 0.093308 5681,5719,5718
5770 0.044907 0.079968 0.091213 5720,5682,5718
5771 0.028285 0.091771 0.088699 5721,5683,5718
5772 0.038413 0.094216 0.092260 5722,5684,5718
5773 0.032686 0.093797 0.092191 5685,5723,5718
5776 0.025702 0.126133 0.115308 5688,5719
5777 0.039530 0.089746 0.087161 5720,5689,5719
5778 0.037226 0.088699 0.094355 5690,5721,5719
5779 0.028635 0.085556 0.086115 5722,5691,5719
5780 0.037575 0.080457 0.082971 5692,5723,5719
5783 0.029263 0.088628 0.093238 5720,5695
5784 0.026539 0.103575 0.110279 5720,5721,5696
5785 0.037365 0.090235 0.092260 5722,5720,5697
5786 0.036527 0.074870 0.094285 5723,5720,5698
5789 0.026260 0.081994 0.091282 5721,5701
5790 0.041905 0.116634 0.085555 5722,5721,5702
5791 0.030661 0.135353 0.129695 5723,5721,5703
5794 0.023886 0.090165 0.073822 5722,5706
5795 0.039810 0.086603 0.077943 5722,5723,5707
5798 0.037016 0.085137 0.086045 5723,5710
5801 0.033454 -1 -1 5726
5802 0.053079 0.121454 0.125853 5801,5726,5727
5803 0.068165 0.112794 0.112724 5801,5726,5728
5804 0.085416 0.075289 0.079968 5801,5729
5805 0.087441 0.075848 0.074311 5801,5730
5806 0.053079 0.079479 0.086114 5801,5731
5807 0.087371 0.076336 0.086114 5801,5732
5808 0.049168 0.074800 0.082063 5801,5733
5809 0.066349 0.081435 0.090375 5734,5801
5810 0.083740 0.081016 0.083600 5735,5801
5813 0.027168 0.104342 0.091213 5802,5738
5814 0.027657 0.088210 0.092330 5803,5802,5739
5815 0.040019 0.076406 0.098755 5740,5802,5804
5816 0.039390 0.123549 0.111187 5802,5805,5741
5817 0.028705 0.120965 0.118869 5802,5742,5806
5818 0.038762 0.093727 0.091772 5802,5743,5807
5819 0.032337 0.090095 0.084578 5802,5808,5744
5820 0.027587 0.095264 0.082552 5802,5809,5745
5821 0.040717 0.086673 0.100921 5810,5802,5746
5824 0.037365 0.089676 0.082972 5803,5749
5825 0.030311 0.073823 0.092749 5803,5750,5804
5826 0.037854 0.078362 0.074870 5803,5751,5805
5827 0.029962 0.123061 0.119429 5803,5752,5806
5828 0.030032 0.087022 0.085066 5803,5753,5807
5829 0.045746 0.081504 0.087092 5803,5808,5754
5830 0.038203 0.086114 0.098895 5803,5809,5755
5831 0.028565 0.099384 0.078921 5803,5810,5756
5834 0.034851 0.107276 0.101410 5759,5804
5835 0.030591 0.081505 0.092260 5760,5805,5804
5836 0.027657 0.102458 0.087651 5761,5806,5804
5837 0.038692 0.091561 0.096381 5762,5807,5804
5838 0.037784 0.088140 0.099384 5808,5763,5804
5839 0.028705 0.085067 0.089676 5809,5764,5804
5840 0.037645 0.089257 0.130184 5810,5765,5804
5843 0.030311 0.090723 0.102736 5768,5805
5844 0.025562 0.094356 0.099384 5806,5805,5769
5845 0.037295 0.083111 0.089257 5770,5807,5805
5846 0.036736 0.085067 0.092749 5771,5808,5805
5847 0.028146 0.087162 0.127949 5809,5772,5805
5848 0.036038 0.075358 0.092750 5810,5773,5805
5851 0.028775 0.100502 0.103575 5806,5776
5852 0.025842 0.092749 0.090165 5807,5806,5777
5853 0.040438 0.090654 10.203527 5778,5808,5806
5854 0.036876 0.078921 0.086044 5779,5809,5806
5855 0.028634 0.101410 0.086184 5810,5780,5806
5858 0.033664 0.119429 0.110698 5807,5783
5859 0.030521 0.088699 0.100991 5784,5808,5807
5860 0.026610 0.088140 0.077943 5785,5809,5807
5861 0.037924 0.080387 0.102177 5810,5786,5807
5864 0.036527 0.091771 0.086045 5808,5789
5865 0.026680 0.111257 0.127670 5809,5808,5790
5866 0.038273 0.118450 0.110768 5810,5808,5791
5869 0.030730 0.110488 0.091771 5809,5794
5870 0.025981 0.132977 0.118940 5810,5809,5795
5873 0.035549 0.078991 0.091143 5810,5798
5876 0.052660 -1 -1 5813
5877 0.052730 0.116774 0.105041 5814,5813,5876
5878 0.087930 0.124526 0.112794 5813,5876,5815
5879 0.054825 0.098126 0.084578 5813,5876,5816
5880 0.083530 0.083041 0.076337 5813,5876,5817
5881 0.068096 0.082552 0.079480 5818,5876
5882 0.085067 0.086114 0.087022 5819,5876
5883 0.049378 0.085556 0.084019 5820,5876
5884 0.053080 0.079410 0.087162 5821,5876
5887 0.037784 0.094355 0.077943 5877,5824
5888 0.048679 0.084578 0.102387 5878,5825,5877
5889 0.036457 0.093797 0.089048 5879,5877,5826
5890 0.040228 0.118939 0.129695 5880,5877,5827
5891 0.032057 0.122013 0.108114 5828,5881,5877
5892 0.028495 0.091213 0.089676 5829,5882,5877
5893 0.039251 0.089117 0.091213 5883,5877,5830
5894 0.038133 0.081016 0.108114 5831,5877,5884
5897 0.026051 0.091212 0.088140 5878,5834
5898 0.038832 0.077244 0.096800 5878,5879,5835
5899 0.033175 0.099523 0.098895 5836,5878,5880
5900 0.027028 0.091772 0.088210 5837,5878,5881
5901 0.040229 0.084997 0.096939 5882,5878,5838
5902 0.037156 0.091561 0.089677 5883,5878,5839
5903 0.028845 0.090654 0.089676 5878,5840,5884
5906 0.034851 0.086115 0.088699 5879,5843
5907 0.030102 0.081994 0.093797 5879,5880,5844
5908 0.028774 0.090235 0.098895 5881,5879,5845
5909 0.038343 0.079898 0.096870 5882,5879,5846
5910 0.036946 0.094775 0.094774 5883,5847,5879
5911 0.025981 0.086673 0.094704 5879,5848,5884
5914 0.034641 0.089676 0.086114 5880,5851
5915 0.031079 0.084578 0.085626 5881,5880,5852
5916 0.027029 0.090654 0.078362 5882,5880,5853
5917 0.046654 0.088140 0.088698 5883,5854,5880
5918 0.035340 0.091840 0.085137 5855,5880,5884
5921 0.025562 0.121943 0.110139 5881,5858
5922 0.036666 0.080387 0.093169 5882,5881,5859
5923 0.032477 0.086603 0.091701 5883,5881,5860
5924 0.026051 0.080527 0.081994 5881,5861,5884
5927 0.034921 0.115308 0.115797 5882,5864
5928 0.038064 0.086115 0.088000 5883,5882,5865
5929 0.025073 0.092260 0.082552 5882,5866,5884
5932 0.034641 0.100222 0.087650 5883,5869
5933 0.031428 0.091701 0.084578 5883,5870,5884
5936 0.025562 0.090724 0.087092 5873,5884
5939 0.050147 -1 -1 5887
5940 0.071867 0.124457 0.107067 5888,5887,5939
5941 0.081994 0.119499 0.117893 5889,5887,5939
5942 0.082483 0.092260 0.085626 5890,5887,5939
5943 0.051683 0.095822 0.086115 5891,5887,5939
5944 0.051054 0.080946 0.070679 5892,5939
5945 0.091841 0.085625 0.078921 5893,5939
5946 0.057478 0.075918 0.082971 5894,5939
5949 0.031637 0.084648 0.094355 5888,5940,5897
5950 0.035061 0.083111 0.088559 5898,5940,5941
5951 0.038482 0.103504 0.084089 5899,5942,5940
5952 0.037225 0.126553 0.118381 5900,5943,5940
5953 0.037644 0.086603 0.090165 5944,5901,5940
5954 0.028006 0.093238 0.073753 5902,5945,5940
5955 0.027937 0.074731 0.084020 5946,5903,5940
5958 0.028077 0.081435 0.093308 5906,5941
5959 0.028705 0.076407 0.079410 5942,5907,5941
5960 0.036876 0.092749 0.109790 5908,5943,5941
5961 0.037435 0.087650 0.081435 5944,5909,5941
5962 0.027727 0.083530 0.090723 5945,5910,5941
5963 0.035689 0.086045 0.085626 5946,5911,5941
5966 0.030101 0.086115 0.106228 5914,5942
5967 0.026121 0.082552 0.078362 5915,5942,5943
5968 0.037226 0.085067 0.106368 5944,5916,5942
5969 0.035270 0.086603 0.080946 5917,5945,5942
5970 0.027308 0.087651 0.086603 5946,5942,5918
5973 0.032965 0.088139 0.083041 5943,5921
5974 0.030800 0.081504 0.085136 5944,5943,5922
5975 0.027098 0.095892 0.075847 5945,5943,5923
5976 0.038343 0.074311 0.097918 5946,5924,5943
5979 0.035968 0.115727 0.096869 5944,5927
5980 0.025352 0.085555 0.100501 5944,5945,5928
5981 0.035339 0.074311 0.090165 5946,5944,5929
5984 0.030172 0.112794 0.116844 5945,5932
5985 0.024724 0.085066 0.091212 5946,5945,5933
5988 0.034572 0.089117 0.089187 5946,5936
5991 0.050146 -1 -1 5949
5992 0.053778 0.109092 0.099453 5950,5991,5949
5993 0.083251 0.107695 0.121454 5951,5991,5949
5994 0.053009 0.085555 0.078432 5952,5991,5949
5995 0.067886 0.078292 0.086603 5953,5991,5949
5996 0.080248 0.077454 0.090654 5991,5954
5997 0.081784 0.083042 0.084578 5955,5991
6000 0.024514 0.088140 0.083460 5950,5958,5992
6001 0.028914 0.090235 0.110349 5951,5959,5993,5992
6002 0.035130 0.081505 0.085556 5960,5994,5992
6003 0.039391 0.086114 0.088629 5995,5961,5992
6004 0.038413 0.094286 0.088209 5962,5996,5992
6005 0.036806 0.084578 0.090794 5997,5963,5992
6008 0.024445 0.082552 0.091213 5966,5993
6009 0.042743 0.109231 0.088210 5994,5993,5967
6010 0.032476 0.077385 0.083531 5995,5968,5993
6011 0.027657 0.089676 0.084927 5969,5996,5993
6012 0.038901 0.098895 0.093238 5997,5970,5993
6015 0.036806 0.086673 0.090724 5973,5994
6016 0.025841 0.079409 0.090165 5995,5994,5974
6017 0.036527 0.075848 0.088629 5994,5996,5975
6018 0.031009 0.088558 0.078431 5994,5997,5976
6021 0.024165 0.095263 0.087093 5995,5979
6022 0.037784 0.092819 0.092260 5995,5980,5996
6023 0.036736 0.079968 0.093308 5995,5997,5981
6026 0.024864 0.087162 0.072775 5996,5984
6027 0.036527 0.086114 0.043023 5997,5996,5985
6030 0.029892 0.089676 0.085067 5997,5988
6033 0.031708 -1 -1 6000
6034 0.068654 0.096800 0.110629 6033,6000,6001
6035 0.081714 0.115867 0.109721 6033,6002,6000
6036 0.083251 0.103225 0.094844 6033,6003
6037 0.051054 0.116845 0.100920 6033,6004
6038 0.051054 0.084578 0.079898 6033,6005
6041 0.033174 0.122991 0.101479 6001,6008,6034
6042 0.031080 0.121454 0.117962 6009,6002,6035,6034
6043 0.039181 0.086603 0.091702 6010,6036,6034
6044 0.032616 0.110558 0.079898 6011,6037,6034
6045 0.028216 0.090166 0.084997 6012,6038,6034
6048 0.035549 0.120965 0.126064 6015,6035
6049 0.037784 0.086114 0.076406 6036,6035,6016
6050 0.026190 0.090235 0.110209 6037,6017,6035
6051 0.034851 0.077873 0.089676 6018,6038,6035
6054 0.030171 0.124596 0.127670 6021,6036
6055 0.026889 0.087093 0.075358 6022,6037,6036
6056 0.038483 0.085555 0.091282 6038,6036,6023
6059 0.035620 0.080038 0.087651 6037,6026
6060 0.025422 0.061390 0.043022 6038,6037,6027
6063 0.033733 0.081365 0.089676 6038,6030
6066 0.044279 -1 -1 6041
6067 0.082133 0.105600 0.104063 6042,6066,6041
6068 0.082273 0.116286 0.139543 6043,6066,6041
6069 0.051892 0.084578 0.084019 6066,6041,6044
6070 0.050006 0.111747 0.113841 6066,6045
6073 0.029683 0.103016 0.130114 6042,6048,6067
6074 0.036247 0.077873 0.119987 6042,6043,6049,6067,6068
6075 0.026819 0.078432 0.085626 6042,6067,6069,6044,6050
6076 0.039879 0.094845 0.084020 6042,6067,6051,6070
6079 0.034851 0.122920 0.119289 6054,6068
6080 0.039251 0.097148 0.090165 6055,6068,6069
6081 0.027378 0.083041 0.075358 6056,6068,6070
6084 0.033873 0.116356 0.124527 6059,6069
6085 0.029962 0.048190 0.044070 6060,6069,6070
6088 0.025352 0.086603 0.093308 6063,6070
6091 0.050704 -1 -1 6073
6092 0.053708 0.107067 0.103575 6091,6074,6073
6093 0.066978 0.110699 0.125574 6091,6075,6073
6094 0.051474 0.089048 0.083041 6091,6076,6073
6097 0.038692 0.115378 0.115867 6092,6079,6074
6098 0.028426 0.119359 0.125645 6093,6092,6075,6080,6074
6099 0.039391 0.079409 0.089746 6081,6076,6092,6094,6074
6102 0.025562 0.118940 0.135283 6093,6075,6084
6103 0.035898 0.042533 0.041556 6093,6085,6075,6094
6106 0.031498 0.096940 0.084578 6094,6088
6109 0.033384 -1 -1 6097
6110 0.081784 0.103993 0.115797 6098,6097,6109
6111 0.082902 0.106089 0.112235 6099,6097,6109
6114 0.026819 0.121454 0.113771 6098,6110,6102
6115 0.037505 0.048679 0.049727 6099,6098,6103,6110,6111
6118 0.027448 0.112794 0.126552 6099,6106,6111
6121 0.050496 -1 -1 6114,6102
6122 0.050704 0.055804 0.086603 6115,6103,6121,6102
6125 0.035479 0.064045 0.072774 6106,6118,6103,6122
6128 0.033175 -1 -1 6125,6106
