4171 4.679853 -1 -1 
4172 11.700016 0.898438 2.235828 4171
4173 11.782429 0.718666 1.985307 4171
4174 11.679762 0.763155 2.070793 4171
4175 11.656854 0.770349 2.013803 4171
4176 16.286421 0.781034 2.032520 4171
4177 11.701482 0.769581 2.081479 4171
4178 11.911844 0.773981 14.364319 4171
4179 11.703927 0.780406 2.143917 4171
4180 11.894872 0.773701 2.103898 4171
4181 11.770136 0.770628 2.075123 4171
4182 11.842911 0.770279 13.594668 4171
4183 11.879647 0.121873 2.031193 4171
4184 11.850733 0.780965 2.099148 4171
4185 11.844308 0.776356 14.771284 4171
4186 11.866866 0.771886 2.170177 4171
4187 11.885164 0.775587 2.025187 4171
4188 11.885793 0.773073 2.087974 4171
4189 11.894593 0.783479 2.071352 4171
4190 11.691495 0.776076 2.100894 4171
4193 6.944176 0.245212 0.486723 4172
4194 11.805336 0.185358 0.656088 4172,4173
4195 11.625564 0.214412 0.609644 4174,4172
4196 11.713984 11.695826 0.756102 4175,4172
4197 14.153399 1.250996 0.760292 4176,4172
4198 11.785012 0.282369 0.719714 4177,4172
4199 11.823006 0.290610 13.216618 4178,4172
4200 11.606078 0.246609 0.716292 4179,4172
4201 11.655736 0.277339 0.705677 4180,4172
4202 11.661464 0.263441 0.645822 4181,4172
4203 11.852968 0.243257 0.115866 4182,4172
4204 11.798631 0.226564 0.710006 4183,4172
4205 11.652104 0.223003 0.681720 4184,4172
4206 11.640720 0.256946 0.703860 4185,4172
4207 11.696383 0.256806 0.678438 4172,4186
4208 11.760638 0.279854 0.739409 4187,4172
4209 11.692472 0.285023 0.725232 4188,4172
4210 11.790530 0.272381 0.704908 4189,4172
4211 11.740244 0.273778 0.698203 4190,4172
4214 7.002004 0.235225 0.488889 4173
4215 11.711260 0.262602 0.617257 4174,4173
4216 11.694218 0.283765 0.601054 4175,4173
4217 11.702739 1.446901 0.648546 4176,4173
4218 11.714473 0.255479 0.725581 4177,4173
4219 11.826568 0.267073 0.697714 4178,4173
4220 11.713076 0.887053 0.729422 4179,4173
4221 11.782708 0.265118 0.734660 4180,4173
4222 11.634504 0.276293 0.726279 4181,4173
4223 11.756936 0.257434 0.680673 4182,4173
4224 11.784454 0.270705 0.685772 4183,4173
4225 11.802542 0.257714 0.764762 4184,4173
4226 11.779704 0.267212 0.741714 4185,4173
4227 11.817348 0.266096 0.692476 4186,4173
4228 11.648472 0.271683 0.709797 4187,4173
4229 11.697990 0.265745 0.733333 4188,4173
4230 11.680949 0.271822 0.696946 4189,4173
4231 11.604403 0.265117 0.728095 4190,4173
4234 6.951230 0.240184 0.387479 4174
4235 11.643863 0.286908 0.283206 4174,4175
4236 11.670473 13.229679 0.579473 4174,4176
4237 11.643933 1.711809 0.769371 4174,4177
4238 11.802403 0.276571 0.695968 4174,4178
4239 11.723901 0.244025 0.785993 4174,4179
4240 11.667051 0.257295 0.724463 4174,4180
4241 11.616904 0.275175 0.746253 4174,4181
4242 11.707279 0.256457 0.687797 4174,4182
4243 11.777399 0.277898 0.754914 4174,4183
4244 11.833552 0.265047 0.774679 4174,4184
4245 11.598466 0.250730 0.745345 4174,4185
4246 11.784035 0.314425 0.669708 4174,4186
4247 11.802193 0.268051 0.685981 4174,4187
4248 11.487419 0.262044 0.692197 4174,4188
4249 11.635272 0.286140 0.099943 4174,4189
4250 11.488815 0.266095 0.730889 4174,4190
4253 7.028335 0.231524 0.385035 4175
4254 11.657133 0.386920 0.495035 4175,4176
4255 11.807292 13.304268 0.479810 4175,4177
4256 11.752117 2.065904 0.695339 4175,4178
4257 11.707838 2.281783 0.708958 4175,4179
4258 11.780891 0.267631 0.688705 4175,4180
4259 11.593857 0.278457 0.700787 4181,4175
4260 11.613412 0.269657 0.688146 4175,4182
4261 11.799399 0.262743 0.712310 4175,4183
4262 11.788155 0.266933 0.709308 4175,4184
4263 11.807851 0.260857 0.705745 4175,4185
4264 11.733680 0.278388 0.679625 4175,4186
4265 11.808269 0.269098 0.694012 4175,4187
4266 11.768180 0.293263 13.583634 4175,4188
4267 11.603704 0.264838 0.675713 4189,4175
4268 11.708606 0.276432 0.699948 4175,4190
4271 6.941522 0.066279 0.373791 4176
4272 11.638206 0.411644 0.358844 4176,4177
4273 11.653572 0.391181 0.509632 4176,4178
4274 11.712447 2.493960 0.739549 4176,4179
4275 11.672009 2.638183 0.766438 4180,4176
4276 11.629266 1.102234 0.722997 4181,4176
4277 11.811063 0.258413 0.676413 4176,4182
4278 11.658320 0.267492 0.715943 4176,4183
4279 11.733888 0.264629 0.763435 4176,4184
4280 11.715031 0.260647 0.734451 4176,4185
4281 11.809526 0.261276 0.669638 4176,4186
4282 11.671939 0.244514 0.692056 4176,4187
4283 11.577584 0.280972 0.687238 4188,4176
4284 11.575069 0.235784 0.689612 4189,4176
4285 11.615159 0.268261 0.720342 4176,4190
4288 7.027148 0.121244 0.385943 4177
4289 11.720409 0.357308 0.503416 4177,4178
4290 11.698969 0.404031 0.353816 4177,4179
4291 11.811831 0.267282 0.757079 4180,4177
4292 11.649031 3.089916 0.736686 4181,4177
4293 11.660695 0.301994 0.683047 4182,4177
4294 11.798142 0.114820 0.687866 4183,4177
4295 11.806244 0.435949 0.735987 4177,4184
4296 11.838999 0.256805 0.712450 4177,4185
4297 11.763082 0.284044 0.671314 4177,4186
4298 11.670403 0.258413 0.680673 4177,4187
4299 11.665444 0.267143 0.093238 4188,4177
4300 11.678086 0.247098 0.678228 4189,4177
4301 11.480715 0.257365 0.718318 4177,4190
4304 6.916937 0.112165 0.298222 4178
4305 11.743876 13.378719 0.407523 4178,4179
4306 11.805965 0.367434 0.374418 4180,4178
4307 11.649311 3.146418 0.742971 4181,4178
4308 11.580447 3.216190 0.674388 4182,4178
4309 11.812391 0.139543 0.675295 4183,4178
4310 11.779704 0.264488 0.694571 4178,4184
4311 11.609222 0.287607 0.712591 4185,4178
4312 11.689329 0.267771 0.666076 4178,4186
4313 11.612435 0.269098 10.475699 4178,4187
4314 11.758124 0.260927 0.676063 4188,4178
4315 11.688422 0.280972 0.673479 4189,4178
4316 11.732631 0.280483 0.700089 4178,4190
4319 7.011782 0.133187 0.350254 4179
4320 11.693590 0.347321 0.360591 4180,4179
4321 11.631851 0.354515 0.362406 4181,4179
4322 11.802543 14.187131 0.685282 4182,4179
4323 11.777330 0.252686 0.727466 4183,4179
4324 11.497406 0.266165 0.728793 4179,4184
4325 11.763431 0.254711 0.724882 4185,4179
4326 11.636949 0.266095 0.663701 4179,4186
4327 11.795418 0.241930 0.702044 4179,4187
4328 11.783267 0.260927 0.698412 4188,4179
4329 11.665234 0.273638 0.696457 4189,4179
4330 11.618022 0.286559 0.717199 4179,4190
4333 7.062906 0.128089 13.160675 4180
4334 11.572415 0.362336 0.349416 4181,4180
4335 11.717406 0.306882 0.699460 4180,4182
4336 11.825869 0.268679 0.697714 4180,4183
4337 11.722714 0.255828 0.727117 4180,4184
4338 11.715170 0.261416 0.733193 4180,4185
4339 11.726276 0.311631 0.682210 4180,4186
4340 11.665374 0.271752 0.668171 4180,4187
4341 11.764479 0.264977 0.681092 4180,4188
4342 11.799609 0.236761 0.683256 4189,4180
4343 11.618022 0.273219 0.724603 4180,4190
4346 6.882785 0.131092 0.292077 4181
4347 11.761057 0.302832 0.693245 4181,4182
4348 11.623749 0.292145 0.702742 4181,4183
4349 11.688352 0.302552 0.730121 4181,4184
4350 11.620047 0.220489 0.703861 4181,4185
4351 11.661184 0.243467 0.656508 4181,4186
4352 11.695755 0.290121 0.673828 4181,4187
4353 11.674384 0.274895 0.670057 4181,4188
4354 11.757285 0.240184 0.672152 4181,4189
4355 11.746460 0.267422 0.734171 4181,4190
4358 6.977699 0.135632 0.313587 4182
4359 11.809876 0.214413 0.657067 4183,4182
4360 11.592041 0.276920 0.690451 4182,4184
4361 11.788784 0.107625 0.096311 4182,4185
4362 11.702390 0.286628 0.710006 4182,4186
4363 11.797863 0.269657 0.688356 4182,4187
4364 11.657133 0.288235 0.677390 4188,4182
4365 11.811971 0.278457 0.687866 4189,4182
4366 11.609921 0.262532 0.676832 4182,4190
4369 6.994671 0.131581 0.306673 4183
4370 11.702809 0.289632 13.314186 4183,4184
4371 11.814974 0.246819 0.677041 4183,4185
4372 11.811692 0.278317 0.715384 4183,4186
4373 11.707838 0.236902 0.709867 4183,4187
4374 11.672777 0.265886 0.715872 4188,4183
4375 11.843400 0.280413 0.717060 4189,4183
4376 11.608454 0.275174 0.692616 4183,4190
4379 6.872309 0.138775 0.302203 4184
4380 11.786548 0.239556 13.136440 4185,4184
4381 11.618510 0.134445 0.129346 4184,4186
4382 11.691006 0.270216 0.686191 4184,4187
4383 11.757984 0.280972 0.710704 4188,4184
4384 11.800098 0.267632 0.698901 4189,4184
4385 11.739266 0.261975 0.734800 4184,4190
4388 6.999979 0.126343 0.133327 4185
4389 11.734447 0.285023 0.691568 4185,4186
4390 11.797164 0.252266 0.119498 4185,4187
4391 11.797933 0.268120 0.706025 4188,4185
4392 11.613971 0.248285 0.677251 4189,4185
4393 11.673057 0.253384 0.717899 4185,4190
4396 6.884532 0.136609 0.313238 4186
4397 11.687165 0.258063 0.683047 4187,4186
4398 11.702250 0.134584 0.719155 4188,4186
4399 11.813577 0.261415 0.720972 4189,4186
4400 11.673057 0.278737 0.690241 4190,4186
4403 6.991389 0.135632 0.309048 4187
4404 11.870498 0.292705 0.102458 4188,4187
4405 11.699248 0.230825 0.714755 4189,4187
4406 11.746949 0.270775 0.691080 4190,4187
4409 7.032734 0.142337 0.307511 4188
4410 11.623051 0.257993 19.226876 4189,4188
4411 11.630593 0.271333 0.131791 4188,4190
4414 6.996906 0.135702 0.311841 4189
4415 11.629197 0.287606 0.693593 4189,4190
4418 6.964569 0.132978 0.303321 4190
4421 4.637180 -1 -1 4193
4422 11.739755 0.854298 2.224444 4194,4421
4423 11.712378 0.681302 0.130324 4421,4195
4424 11.907304 0.738710 2.022393 4196,4421
4425 11.725367 0.758615 2.132673 4197,4421
4426 11.754421 0.762038 1.985238 4421,4198
4427 11.839838 0.747651 2.053612 4421,4199
4428 11.697642 0.757218 2.030704 4200,4421
4429 11.733679 0.758267 0.108254 4421,4201
4430 11.896828 0.775657 2.075962 4202,4421
4431 11.882790 0.777892 2.020508 4203,4421
4432 11.801005 0.771048 13.148173 4421,4204
4433 11.745203 0.746323 1.967497 4421,4205
4434 11.684162 0.738572 2.029097 4421,4206
4435 11.806872 0.755822 2.096843 4421,4207
4436 11.787876 0.744787 2.054101 4208,4421
4437 11.813648 0.763155 2.111022 4421,4209
4438 11.803032 0.755054 2.077009 4421,4210
4439 11.823635 0.773073 2.092304 4421,4211
4442 6.970995 0.122781 0.303949 4422,4214
4443 11.630174 0.298711 0.719853 4422,4423,4215
4444 11.822448 0.281878 0.086184 4422,4216,4424
4445 11.684511 0.268749 0.719924 4422,4217,4425
4446 11.775095 0.272031 0.703231 4422,4426,4218
4447 11.798981 0.268680 0.713149 4422,4219,4427
4448 11.752257 0.245422 0.689542 4422,4428,4220
4449 11.701203 0.258832 0.686051 4422,4429,4221
4450 11.826498 0.238858 0.693104 4422,4430,4222
4451 11.661812 0.127390 0.134864 4422,4431,4223
4452 11.817278 0.301435 0.734171 4422,4224,4432
4453 11.650009 0.186058 0.675853 4422,4225,4433
4454 11.659786 0.239485 0.638349 4422,4434,4226
4455 11.700644 0.135562 0.123619 4422,4435,4227
4456 11.775863 0.279295 0.696458 4422,4436,4228
4457 11.711888 0.277898 0.127250 4422,4437,4229
4458 11.819025 0.245702 0.677460 4422,4438,4230
4459 11.679203 0.140661 0.132349 4422,4439,4231
4462 7.024074 0.133048 0.348996 4423,4234
4463 11.636600 0.283486 0.734450 4423,4235,4424
4464 11.790529 0.277898 0.764412 4423,4236,4425
4465 11.789831 0.241581 0.725860 4237,4423,4426
4466 11.816651 0.251917 0.774260 4423,4427,4238
4467 11.640441 0.238858 0.716501 4423,4428,4239
4468 11.733400 0.264000 0.724044 4423,4429,4240
4469 11.828314 0.272242 13.438573 4423,4430,4241
4470 11.774117 0.276780 13.481177 4423,4242,4431
4471 11.830339 0.105041 0.707422 4423,4243,4432
4472 11.767692 0.274057 0.714057 4423,4244,4433
4473 11.642256 0.265256 0.091702 4423,4245,4434
4474 11.769508 0.280343 0.671803 4435,4423,4246
4475 11.769228 0.256248 0.675016 4423,4436,4247
4476 11.611806 0.259321 0.730749 4423,4437,4248
4477 11.728580 0.283975 0.744298 4423,4438,4249
4478 11.599374 0.252965 0.679485 4423,4439,4250
4481 6.975605 0.127809 0.388317 4253,4424
4482 11.662860 0.269098 0.745556 4254,4424,4425
4483 11.729629 0.302203 0.764692 4255,4426,4424
4484 11.761685 0.267562 0.150158 4427,4424,4256
4485 11.508790 0.252267 0.677530 4428,4257,4424
4486 11.773978 0.262463 0.675225 4258,4429,4424
4487 11.827546 0.273847 0.686399 4259,4430,4424
4488 11.535190 13.130853 0.743529 4260,4431,4424
4489 11.796746 0.275244 0.703511 4261,4424,4432
4490 11.798702 0.280482 13.701945 4262,4433,4424
4491 11.624167 0.249822 0.676482 4434,4263,4424
4492 11.829571 0.272661 0.699251 4435,4264,4424
4493 11.599234 0.245073 0.743460 4436,4265,4424
4494 11.806943 0.280901 0.668520 4437,4266,4424
4495 11.773838 0.271263 0.679695 4438,4424,4267
4496 11.676060 0.241442 0.726698 4268,4439,4424
4499 6.921826 0.140171 0.380425 4271,4425
4500 11.615368 0.273848 13.646072 4272,4426,4425
4501 11.731235 0.278596 0.790253 4273,4427,4425
4502 11.716149 0.254990 0.700718 4428,4274,4425
4503 11.642885 0.253804 0.674457 4429,4275,4425
4504 11.810435 0.267632 0.716710 4430,4276,4425
4505 11.687863 0.295288 0.703441 4277,4431,4425
4506 11.648403 0.274337 0.732145 4278,4432,4425
4507 11.714333 0.259810 0.728724 4279,4433,4425
4508 11.747856 0.265327 0.666985 4434,4280,4425
4509 11.819304 0.274476 0.635556 4435,4281,4425
4510 11.672568 0.250660 0.689473 4282,4436,4425
4511 11.662301 0.275803 0.701764 4283,4437,4425
4512 11.694987 0.277968 0.725441 4438,4284,4425
4513 11.702391 0.260927 0.693942 4285,4439,4425
4516 6.966176 0.125784 0.321479 4288,4426
4517 11.509279 0.293823 0.719016 4289,4426,4427
4518 11.711679 0.286279 0.696736 4428,4426,4290
4519 11.782638 0.246889 0.676553 4291,4429,4426
4520 11.556911 0.266583 0.680952 4426,4430,4292
4521 11.775654 0.249961 0.714546 4431,4426,4293
4522 11.780752 0.260927 0.691987 4294,4426,4432
4523 11.803310 0.270216 0.714686 4295,4426,4433
4524 11.530301 0.278946 0.677949 4434,4296,4426
4525 11.786130 0.280972 0.680394 4435,4297,4426
4526 11.801355 0.289142 0.726349 4436,4426,4298
4527 11.495730 0.283486 0.681162 4299,4437,4426
4528 11.761965 0.266654 0.686400 4300,4426,4438
4529 11.603216 0.254781 0.699739 4439,4301,4426
4532 6.925109 0.103366 0.311492 4427,4304
4533 11.629615 0.279085 0.762527 4428,4427,4305
4534 11.727603 0.293194 0.721250 4429,4427,4306
4535 11.569413 0.241930 0.726489 4307,4427,4430
4536 11.492727 0.281111 0.094845 4308,4431,4427
4537 11.718175 0.267073 0.731028 4309,4427,4432
4538 11.650637 0.272800 0.086114 4310,4427,4433
4539 11.747577 0.249892 0.667263 4434,4427,4311
4540 11.594975 0.278458 0.669428 4435,4312,4427
4541 11.728232 0.253734 0.696947 4436,4427,4313
4542 11.652593 0.275175 0.709098 4437,4314,4427
4543 11.773069 0.242419 0.735708 4315,4427,4438
4544 11.600003 0.259879 0.687447 4439,4427,4316
4547 6.916937 0.108463 0.326438 4319,4428
4548 11.818048 0.279435 0.741086 4320,4428,4429
4549 11.845076 0.277829 13.264040 4321,4428,4430
4550 11.681438 0.281320 0.661675 4428,4322,4431
4551 11.798142 0.271752 13.329342 4428,4323,4432
4552 11.617253 0.292216 0.703512 4428,4324,4433
4553 11.801635 0.263441 0.698202 4434,4428,4325
4554 11.654968 0.275314 0.692965 4435,4428,4326
4555 11.826708 0.262394 0.672431 4428,4436,4327
4556 11.763920 0.270564 0.712310 4328,4428,4437
4557 11.750441 0.278177 0.731587 4329,4428,4438
4558 11.732213 0.251148 0.654273 4428,4439,4330
4561 6.960379 0.085625 0.327346 4429,4333
4562 11.728930 0.280901 0.719225 4334,4429,4430
4563 11.616695 0.242977 0.666705 4335,4429,4431
4564 11.799050 0.256248 0.669149 4336,4429,4432
4565 11.671102 0.275383 0.672222 4337,4429,4433
4566 11.788155 0.260508 0.700158 4434,4429,4338
4567 11.777470 0.277340 0.712101 4435,4429,4339
4568 11.657482 0.290191 0.662514 4436,4429,4340
4569 11.731933 0.279924 0.704070 4437,4429,4341
4570 11.820143 0.257854 0.690730 4429,4438,4342
4571 11.538054 0.256318 0.653715 4343,4429,4439
4574 7.026029 0.110000 0.331746 4346,4430
4575 11.772441 0.288025 0.669288 4347,4431,4430
4576 11.662372 0.246470 0.673410 4348,4430,4432
4577 11.763222 0.249263 0.678228 4349,4430,4433
4578 11.630034 0.269517 0.696807 4434,4350,4430
4579 11.810504 0.263022 0.705187 4435,4430,4351
4580 11.795279 0.236831 0.662165 4436,4430,4352
4581 11.733050 0.253244 0.708120 4437,4430,4353
4582 11.684651 0.263581 0.695270 4354,4430,4438
4583 11.546505 0.282438 0.674806 4355,4439,4430
4586 6.963452 0.122781 0.319315 4358,4431
4587 11.755190 0.258342 0.690590 4431,4359,4432
4588 11.556911 0.275943 22.102939 4431,4360,4433
4589 11.587920 0.277898 0.693524 4434,4361,4431
4590 11.717406 0.254711 0.701556 4435,4431,4362
4591 11.645540 0.264348 0.725720 4436,4431,4363
4592 11.801844 0.255130 0.659651 4364,4437,4431
4593 11.800447 0.288166 0.667333 4365,4431,4438
4594 11.634993 0.249123 0.725510 4439,4366,4431
4597 7.046144 0.105809 0.323296 4369,4432
4598 11.646448 0.282997 0.729492 4370,4433,4432
4599 11.797235 0.300458 0.672641 4434,4371,4432
4600 11.784873 0.239835 0.674526 4435,4372,4432
4601 11.790809 0.238858 0.712799 4373,4436,4432
4602 11.697012 0.248285 0.688145 4437,4374,4432
4603 11.748485 0.264628 0.695060 4375,4438,4432
4604 11.640301 0.245422 0.714057 4376,4439,4432
4607 6.877896 0.113492 0.319803 4379,4433
4608 11.825031 0.287047 0.673828 4434,4380,4433
4609 11.627380 0.253105 0.663562 4435,4381,4433
4610 11.692054 0.262882 0.700927 4382,4436,4433
4611 11.806872 0.257854 0.703371 4383,4437,4433
4612 11.667679 0.278946 0.709378 4438,4433,4384
4613 11.549578 0.260857 0.690101 4439,4385,4433
4616 7.006684 0.104203 0.117403 4434,4388
4617 11.800867 0.281949 0.729073 4435,4434,4389
4618 11.742129 0.264698 0.688076 4390,4434,4436
4619 11.869520 0.266653 0.695409 4434,4437,4391
4620 11.648891 0.289143 0.675854 4434,4392,4438
4621 11.636670 0.252756 0.697574 4434,4393,4439
4624 6.890468 0.102806 0.127740 4435,4396
4625 11.791229 0.268610 0.706025 4435,4436,4397
4626 11.795698 0.244025 0.670197 4435,4398,4437
4627 11.772790 0.104064 0.660279 4435,4399,4438
4628 11.637299 0.266025 0.701555 4435,4400,4439
4631 7.018557 0.118939 0.123130 4436,4403
4632 11.789691 13.160536 0.666355 4404,4437,4436
4633 11.800657 0.272101 0.680184 4405,4436,4438
4634 11.632130 0.291168 0.693943 4406,4436,4439
4637 6.989293 0.103714 0.331885 4437,4409
4638 11.669145 0.253733 0.676343 4437,4438,4410
4639 11.819444 0.227753 0.634438 4437,4439,4411
4642 6.971763 0.128298 0.301854 4414,4438
4643 11.799888 0.254152 0.636672 4415,4439,4438
4646 6.893610 0.106787 0.306044 4439,4418
4649 4.617973 -1 -1 4442
4650 11.697571 0.881047 2.205238 4443,4649
4651 11.657273 0.746254 2.142799 4649,4444
4652 11.678713 0.733403 0.104064 4649,4445
4653 11.830479 0.742482 2.063460 4649,4446
4654 11.824752 13.265367 2.060247 4649,4447
4655 11.666562 0.744577 2.060806 4448,4649
4656 11.888587 0.100921 2.097402 4449,4649
4657 11.895641 0.729003 2.063250 4649,4450
4658 11.754002 0.747651 2.052425 4451,4649
4659 11.804707 0.747301 14.402522 4452,4649
4660 11.864073 0.747721 10.049457 4453,4649
4661 11.719641 0.728654 13.702364 4649,4454
4662 11.844168 0.751422 2.137770 4649,4455
4663 11.798212 0.687308 2.038177 4649,4456
4664 11.799889 0.710775 1.978044 4649,4457
4665 11.854015 0.775447 2.082736 4649,4458
4666 11.794581 0.753587 2.051517 4459,4649
4669 6.990829 0.144083 0.288094 4462,4650
4670 11.690377 0.261416 0.685003 4651,4650,4463
4671 11.668797 0.291238 0.741504 4464,4650,4652
4672 11.816231 0.266584 0.728305 4465,4650,4653
4673 11.599933 0.277899 0.711683 4466,4654,4650
4674 11.664886 0.269727 0.730051 4655,4467,4650
4675 11.873851 0.262463 0.708051 4656,4650,4468
4676 11.854366 0.270146 0.670965 4657,4650,4469
4677 11.699596 0.270775 0.670546 4470,4650,4658
4678 11.634434 0.250172 0.726908 4471,4659,4650
4679 11.857438 0.245910 0.676971 4472,4660,4650
4680 11.727254 0.252266 0.677949 4473,4650,4661
4681 11.844866 0.253803 0.679975 4650,4662,4474
4682 11.779635 0.271263 0.094425 4475,4650,4663
4683 11.678505 0.316451 0.667682 4664,4650,4476
4684 11.694358 0.263720 0.669917 4665,4650,4477
4685 11.658809 0.265955 0.663982 4478,4666,4650
4688 6.956817 0.129277 0.382032 4651,4481
4689 11.648472 0.252267 0.691708 4651,4482,4652
4690 11.768180 0.280901 0.692686 4651,4653,4483
4691 11.693730 0.248146 0.691359 4484,4654,4651
4692 11.661882 0.264977 0.677460 4655,4485,4651
4693 11.791368 0.236202 0.671245 4486,4656,4651
4694 11.819863 0.271543 0.689333 4657,4487,4651
4695 11.794232 0.262045 0.714336 4488,4651,4658
4696 11.816232 0.288095 0.698552 4659,4651,4489
4697 11.803800 0.279924 0.706094 4660,4651,4490
4698 11.628497 0.254222 0.684304 4651,4661,4491
4699 11.820422 0.261486 13.508904 4651,4492,4662
4700 11.588479 0.269726 0.697295 4493,4651,4663
4701 11.804568 0.244026 0.680045 4664,4494,4651
4702 11.572695 0.272310 0.741575 4665,4495,4651
4703 11.627241 0.257784 0.655321 4496,4666,4651
4706 6.954024 0.141778 0.386921 4499,4652
4707 11.825171 0.265745 0.088000 4500,4653,4652
4708 11.773279 0.261904 0.109231 4654,4501,4652
4709 11.647494 0.257923 0.087651 4655,4502,4652
4710 11.634015 0.243537 0.092260 4656,4503,4652
4711 11.844727 0.256946 0.671872 4504,4657,4652
4712 11.519197 0.258972 0.693733 4505,4658,4652
4713 11.625774 0.269447 0.729212 4506,4659,4652
4714 11.799539 0.268121 0.668032 4507,4660,4652
4715 11.689190 0.274825 0.678927 4508,4661,4652
4716 11.807082 0.269658 0.709727 4509,4662,4652
4717 11.710352 0.253314 0.709517 4510,4663,4652
4718 11.609781 0.241441 0.663422 4664,4511,4652
4719 11.694219 0.291098 0.682070 4512,4665,4652
4720 11.607406 0.263581 13.600396 4513,4666,4652
4723 6.958213 0.141778 0.385942 4516,4653
4724 11.767692 0.238438 13.729043 4654,4517,4653
4725 11.607477 0.256806 17.339277 4655,4518,4653
4726 11.703158 0.258901 0.677670 4656,4519,4653
4727 11.764129 0.267073 0.656717 4657,4653,4520
4728 11.785432 0.277829 0.688285 4521,4658,4653
4729 11.597070 0.254851 0.734660 4659,4522,4653
4730 11.691215 0.258343 0.655880 4523,4660,4653
4731 11.767134 0.278876 0.668241 4524,4661,4653
4732 11.775932 0.272730 0.095823 4525,4662,4653
4733 11.782289 0.248775 0.713917 4526,4653,4663
4734 11.748765 0.263581 0.095334 4664,4527,4653
4735 11.592390 0.272730 0.679555 4665,4653,4528
4736 11.778936 0.274266 0.667473 4666,4529,4653
4739 7.037973 0.124457 0.386991 4654,4532
4740 11.825381 0.254292 0.719854 4655,4654,4533
4741 11.737311 0.275733 0.700928 4534,4654,4656
4742 11.820212 0.256876 0.666495 4654,4657,4535
4743 11.804429 0.261556 0.684864 4654,4536,4658
4744 11.801146 0.237949 0.715035 4654,4537,4659
4745 11.756447 0.289631 0.662514 4654,4660,4538
4746 11.788853 0.254222 13.619043 4654,4661,4539
4747 11.611597 0.250381 0.673898 4654,4662,4540
4748 11.708397 0.259390 13.201532 4541,4654,4663
4749 11.805616 0.282438 0.671035 4664,4654,4542
4750 11.808129 0.242768 0.680393 4654,4543,4665
4751 11.814765 0.267981 0.656158 4654,4666,4544
4754 6.984404 0.146388 0.386571 4655,4547
4755 11.815254 0.279993 0.736825 4655,4548,4656
4756 11.833482 0.261066 0.672920 4655,4549,4657
4757 11.836206 0.254292 0.668380 4655,4658,4550
4758 11.760847 0.263092 0.706095 4655,4659,4551
4759 11.830828 0.281391 0.669079 4655,4552,4660
4760 11.767623 0.262464 0.688565 4655,4661,4553
4761 11.570810 0.272450 0.655600 4655,4554,4662
4762 11.850383 0.266585 0.697435 4655,4555,4663
4763 11.622492 0.268190 0.675225 4655,4664,4556
4764 11.676129 0.254851 0.669708 4655,4665,4557
4765 11.654549 0.262394 0.697505 4655,4666,4558
4768 7.005636 0.129416 0.387689 4561,4656
4769 11.828942 0.278876 0.693594 4562,4657,4656
4770 11.577585 0.270704 0.669499 4563,4656,4658
4771 11.654410 0.267840 0.673828 4656,4659,4564
4772 11.673824 0.261974 0.682279 4656,4660,4565
4773 11.757495 0.267073 0.689263 4656,4661,4566
4774 11.736333 0.238439 0.672920 4656,4567,4662
4775 11.672080 0.251778 0.684445 4568,4656,4663
4776 11.670612 0.278108 0.686610 4664,4569,4656
4777 11.807641 0.293753 0.655459 4570,4665,4656
4778 11.614041 0.286140 0.702534 4571,4666,4656
4781 7.044957 0.128857 0.384615 4657,4574
4782 11.809596 0.268749 0.696317 4657,4658,4575
4783 11.602307 0.269657 0.667402 4657,4659,4576
4784 11.752256 0.248705 0.707911 4657,4660,4577
4785 11.630663 0.280133 0.713847 4578,4657,4661
4786 11.825940 0.235225 0.091213 4579,4657,4662
4787 11.755889 0.266584 0.674736 4657,4580,4663
4788 11.709933 0.254362 0.718387 4664,4657,4581
4789 11.649800 0.261975 0.719854 4665,4657,4582
4790 11.651965 0.275803 0.705886 4657,4666,4583
4793 6.943338 0.146318 0.369670 4586,4658
4794 11.731374 0.260368 0.709237 4587,4659,4658
4795 11.569343 0.277829 0.727536 4660,4658,4588
4796 11.595882 0.279365 13.476428 4589,4658,4661
4797 11.796187 0.283416 0.717409 4590,4658,4662
4798 11.788155 0.249682 0.690450 4591,4658,4663
4799 11.832434 0.272660 0.706374 4664,4592,4658
4800 11.622561 0.264908 0.725442 4665,4658,4593
4801 11.632410 0.268749 0.650083 4666,4658,4594
4804 7.084696 0.131372 0.385314 4659,4597
4805 11.687095 0.250660 0.689053 4660,4598,4659
4806 11.766574 0.266025 0.664888 4599,4659,4661
4807 11.809946 0.266025 0.691220 4659,4600,4662
4808 11.797863 0.280972 0.700996 4601,4659,4663
4809 11.653223 0.258413 0.668660 4664,4602,4659
4810 11.689679 0.259390 0.686679 4665,4659,4603
4811 11.782847 0.258343 0.671594 4666,4659,4604
4814 6.878385 0.142964 0.381752 4607,4660
4815 11.811901 0.253314 13.116256 4660,4661,4608
4816 11.616904 0.265606 0.680883 4660,4662,4609
4817 11.658111 0.297385 0.679346 4610,4660,4663
4818 11.747926 0.311143 0.100432 4664,4611,4660
4819 11.688492 0.284603 0.697853 4665,4612,4660
4820 11.814136 0.253733 0.673340 4666,4660,4613
4823 6.990341 0.107905 0.374000 4661,4616
4824 11.839139 0.254851 0.677041 4617,4661,4662
4825 11.775095 0.244374 13.383119 4618,4661,4663
4826 11.627661 0.259250 0.721390 4664,4619,4661
4827 11.630035 0.283275 0.679486 4620,4665,4661
4828 11.705882 0.268680 0.710356 4621,4666,4661
4831 6.858201 0.150438 0.385524 4624,4662
4832 11.781381 0.266584 0.691080 4625,4662,4663
4833 11.817977 0.285651 0.702463 4664,4626,4662
4834 11.747996 0.262952 0.741924 4665,4662,4627
4835 11.779146 0.257435 0.665587 4628,4666,4662
4838 6.999211 0.152603 0.384686 4631,4663
4839 11.812250 0.263930 0.669149 4664,4632,4663
4840 11.741432 0.269168 0.706514 4633,4665,4663
4841 11.817070 0.287676 0.663421 4666,4634,4663
4844 7.015065 0.141219 0.387130 4664,4637
4845 11.658879 0.291727 0.750374 4664,4665,4638
4846 11.659298 0.131441 0.152883 4664,4666,4639
4849 6.998233 0.116286 0.355422 4642,4665
4850 11.667329 0.293752 0.732425 4665,4666,4643
4853 6.898569 0.113212 0.346901 4666,4646
4856 4.643116 -1 -1 4669
4857 11.723203 0.864355 2.068349 4856,4670
4858 11.736613 0.752679 13.918593 4856,4671
4859 11.682625 0.725162 2.050120 4856,4672
4860 11.679273 0.755682 2.043834 4856,4673
4861 11.702809 0.771537 2.009193 4856,4674
4862 11.845565 0.749536 2.038387 4856,4675
4863 11.733050 0.758965 2.083155 4856,4676
4864 11.848288 0.754216 1.991314 4677,4856
4865 11.660415 0.733403 2.099568 4856,4678
4866 11.822517 0.746743 2.024139 4856,4679
4867 11.724112 0.751562 2.084971 4856,4680
4868 11.831527 0.747930 2.042787 4856,4681
4869 11.766295 0.086184 2.005631 4856,4682
4870 11.732212 0.755683 14.844268 4856,4683
4871 11.776562 0.754984 2.012127 4856,4684
4872 11.750510 0.756520 2.052634 4856,4685
4875 7.008221 0.129416 0.376794 4857,4688
4876 11.686815 0.289282 0.682558 4857,4689,4858
4877 11.659787 0.261416 0.681721 4857,4690,4859
4878 11.673057 0.233479 0.651060 4857,4691,4860
4879 11.669564 0.231523 0.641631 4857,4861,4692
4880 11.839558 0.294241 0.681861 4857,4862,4693
4881 11.662441 0.287815 0.712311 4857,4863,4694
4882 11.827266 13.187355 0.682069 4857,4695,4864
4883 11.615927 0.273428 13.279615 4857,4696,4865
4884 11.736263 0.263023 0.697505 4857,4866,4697
4885 11.635273 0.237669 0.674806 4857,4698,4867
4886 11.781241 0.265536 0.721740 4857,4699,4868
4887 11.788295 0.268260 0.733822 4857,4869,4700
4888 11.672568 0.258762 0.686260 4857,4870,4701
4889 11.706790 0.262673 0.691079 4857,4871,4702
4890 11.679832 0.287607 0.708121 4857,4703,4872
4893 6.960658 0.106089 0.358844 4706,4858
4894 11.793812 0.278317 0.701904 4707,4859,4858
4895 11.627590 0.270565 0.718596 4860,4708,4858
4896 11.656294 0.245002 0.663143 4861,4709,4858
4897 11.653012 0.228311 0.661326 4862,4710,4858
4898 11.689958 0.315892 0.704629 4863,4711,4858
4899 11.754002 0.292216 0.728723 4712,4864,4858
4900 11.642466 0.260928 0.666705 4713,4865,4858
4901 11.895850 0.283486 0.663283 4714,4866,4858
4902 11.741361 0.237391 0.679277 4715,4867,4858
4903 11.660206 0.277549 0.094774 4868,4716,4858
4904 11.768041 0.262044 0.679206 4717,4869,4858
4905 11.709304 0.274127 0.663912 4718,4870,4858
4906 11.638835 0.260508 0.678298 4871,4719,4858
4907 11.637647 0.261136 0.670966 4872,4720,4858
4910 6.904576 0.114330 0.355282 4723,4859
4911 11.745482 0.280621 0.706026 4724,4860,4859
4912 11.776981 0.272241 0.699321 4725,4861,4859
4913 11.626472 0.274196 0.690660 4862,4726,4859
4914 11.554326 0.119638 0.644704 4863,4727,4859
4915 11.835088 0.289352 0.721810 4864,4859,4728
4916 11.596930 0.287048 0.694850 4729,4859,4865
4917 11.771743 0.258483 0.713987 4730,4866,4859
4918 11.642257 0.259531 13.473005 4731,4867,4859
4919 11.589527 0.272101 0.671663 4732,4868,4859
4920 11.612644 0.245492 0.687517 4733,4869,4859
4921 11.749534 0.279085 0.683746 4734,4870,4859
4922 11.620955 0.275803 0.664609 4871,4859,4735
4923 11.604472 0.285162 0.669149 4736,4859,4872
4926 7.061718 0.121524 0.362057 4860,4739
4927 11.673336 0.274965 0.724323 4740,4860,4861
4928 11.729140 0.269866 0.704698 4862,4860,4741
4929 11.713215 0.210711 0.624940 4863,4860,4742
4930 11.704136 0.224749 0.126204 4743,4860,4864
4931 11.641768 0.307162 0.723346 4860,4744,4865
4932 11.747158 0.309187 0.696736 4860,4866,4745
4933 11.626822 0.286978 0.666495 4860,4867,4746
4934 11.686397 0.298222 0.696457 4860,4747,4868
4935 11.746669 0.264000 0.693663 4748,4860,4869
4936 11.796466 0.266026 0.666495 4860,4749,4870
4937 11.813298 0.266585 0.667822 4750,4860,4871
4938 11.825031 0.258902 0.692337 4751,4860,4872
4941 6.940544 0.117193 0.325110 4861,4754
4942 11.859324 13.279685 0.676483 4862,4861,4755
4943 11.670263 0.294730 0.707421 4863,4861,4756
4944 11.820422 0.255968 0.672641 4861,4864,4757
4945 11.682696 0.233898 0.633879 4758,4861,4865
4946 11.831247 0.277339 0.690102 4759,4861,4866
4947 11.826358 0.266095 0.699880 4760,4861,4867
4948 11.831597 0.256388 0.683327 4761,4868,4861
4949 11.650429 0.281600 0.105111 4869,4861,4762
4950 11.722923 0.276293 0.691848 4763,4861,4870
4951 11.665025 0.260507 0.661746 4861,4871,4764
4952 11.812530 0.270146 10.179083 4861,4765,4872
4955 7.005427 0.123689 0.335377 4862,4768
4956 11.768529 0.240952 0.704978 4862,4863,4769
4957 11.837672 0.279994 0.694850 4862,4770,4864
4958 11.630943 0.264070 0.672850 4862,4771,4865
4959 11.703508 0.256317 0.686121 4862,4772,4866
4960 11.816859 0.260578 0.706723 4862,4867,4773
4961 11.794510 0.252686 11.710841 4862,4868,4774
4962 11.461438 0.269028 0.671733 4862,4775,4869
4963 11.674244 0.266514 0.697434 4862,4776,4870
4964 11.831247 0.290400 0.672222 4862,4777,4871
4965 11.636739 0.287327 0.672082 4862,4778,4872
4968 6.948366 0.113771 0.360521 4863,4781
4969 11.620466 0.264559 0.676691 4863,4782,4864
4970 11.641279 0.262393 0.095753 4863,4783,4865
4971 11.842003 0.261835 0.736128 4863,4784,4866
4972 11.661812 0.268680 0.696807 4863,4785,4867
4973 11.789971 0.259600 0.702114 4863,4868,4786
4974 11.808898 0.280902 0.685143 4787,4863,4869
4975 11.696104 0.254292 0.716921 4863,4870,4788
4976 11.670333 0.251638 0.691988 4863,4871,4789
4977 11.790320 0.260997 0.701626 4863,4790,4872
4980 6.977699 0.122991 0.363035 4864,4793
4981 11.806034 0.275244 0.715245 4794,4864,4865
4982 11.611247 0.256597 0.671873 4795,4866,4864
4983 11.551603 0.270007 0.669638 4796,4867,4864
4984 11.746949 0.269099 0.696807 4868,4797,4864
4985 11.756657 0.256946 0.701345 4869,4798,4864
4986 11.859114 0.253175 0.673270 4870,4864,4799
4987 11.577863 0.254152 0.678507 4800,4871,4864
4988 11.598397 0.261346 0.705466 4801,4864,4872
4991 6.907090 0.117892 0.363174 4804,4865
4992 11.614949 0.259111 0.714196 4866,4805,4865
4993 11.823285 0.235994 0.092819 4867,4806,4865
4994 11.502224 0.282927 0.739409 4868,4807,4865
4995 11.620117 0.285651 0.707072 4808,4869,4865
4996 11.653152 0.251778 0.720762 4809,4870,4865
4997 11.640441 0.277410 0.726978 4810,4871,4865
4998 11.666213 0.272311 0.689473 4811,4872,4865
5001 7.025751 0.122432 0.361219 4866,4814
5002 11.808689 0.253733 0.723067 4866,4867,4815
5003 11.594556 0.272730 0.682629 4868,4866,4816
5004 11.611038 0.249124 0.671384 4817,4869,4866
5005 11.708676 0.273847 0.691009 4818,4866,4870
5006 11.652384 0.279365 0.708190 4871,4819,4866
5007 11.812390 0.290050 0.680183 4866,4820,4872
5010 6.993763 0.124038 0.363383 4867,4823
5011 11.642606 0.282857 0.674457 4868,4824,4867
5012 11.667051 0.265536 0.658882 4825,4869,4867
5013 11.650777 0.275244 0.737384 4826,4867,4870
5014 11.645260 0.257435 0.698483 4827,4871,4867
5015 11.646518 0.260647 0.667613 4867,4828,4872
5018 6.883972 0.128787 0.358286 4831,4868
5019 11.732352 0.282577 0.730958 4832,4868,4869
5020 11.400467 0.246540 0.706025 4868,4833,4870
5021 11.652454 0.264978 0.717898 4868,4871,4834
5022 11.782080 0.248705 0.716780 4868,4835,4872
5025 6.935655 0.124038 0.373441 4838,4869
5026 11.589736 0.280762 0.684026 4839,4869,4870
5027 11.873920 0.270844 0.716222 4840,4869,4871
5028 11.645329 0.266026 0.094355 4869,4841,4872
5031 7.025261 0.115308 0.369530 4844,4870
5032 11.672847 0.281460 13.434592 4845,4871,4870
5033 11.651755 0.244235 0.659861 4846,4870,4872
5036 6.962334 0.128089 0.363105 4871,4849
5037 11.651546 0.258972 0.668032 4850,4871,4872
5040 6.926855 0.118310 0.351720 4853,4872
5043 4.629148 -1 -1 4875
5044 11.744085 0.693244 2.015060 4876,5043
5045 11.765806 13.639647 1.991593 4877,5043
5046 11.667400 0.768743 2.061714 5043,4878
5047 11.729489 0.776774 2.017225 4879,5043
5048 11.730606 0.767905 2.103618 4880,5043
5049 11.718105 0.758127 13.363005 4881,5043
5050 11.838581 0.733891 2.054240 4882,5043
5051 11.671591 0.751911 2.039993 4883,5043
5052 11.768809 0.751562 2.055568 4884,5043
5053 11.799888 0.755264 2.057663 5043,4885
5054 11.869241 0.759174 2.100406 5043,4886
5055 11.681787 0.752469 2.024907 5043,4887
5056 11.749742 0.108673 2.016247 4888,5043
5057 11.782777 0.742971 2.027422 4889,5043
5058 11.704136 0.751352 2.098590 4890,5043
5061 6.986499 0.140102 0.385594 4893,5044
5062 11.896479 0.264069 0.678857 5045,5044,4894
5063 11.647705 0.260927 0.664260 5046,5044,4895
5064 11.651057 0.219441 0.666913 5047,5044,4896
5065 11.642396 0.279435 0.629758 5044,4897,5048
5066 11.691006 0.288654 0.725441 5044,4898,5049
5067 11.810644 0.291167 0.698413 4899,5044,5050
5068 11.669075 0.246051 0.674945 4900,5044,5051
5069 11.792206 0.279924 0.693593 4901,5044,5052
5070 11.692124 0.269727 0.688774 4902,5044,5053
5071 11.825800 0.272242 0.668451 5054,4903,5044
5072 11.684302 0.254152 0.664260 5055,5044,4904
5073 11.707348 0.244095 0.693314 5056,5044,4905
5074 11.679133 0.257295 0.708191 5044,5057,4906
5075 11.659927 0.283136 0.697644 5044,5058,4907
5078 7.010316 0.137098 0.377422 5045,4910
5079 11.632479 0.116356 0.730190 5046,5045,4911
5080 11.832364 0.262464 0.110210 5047,5045,4912
5081 11.813996 0.236971 0.640724 5045,4913,5048
5082 11.830060 0.229219 0.694082 5045,4914,5049
5083 11.850663 0.284742 0.685143 5045,4915,5050
5084 11.661463 0.299340 0.708121 4916,5045,5051
5085 11.776422 0.238857 0.726419 4917,5045,5052
5086 11.592878 0.260438 0.684514 5045,4918,5053
5087 11.660276 0.263092 0.708050 5054,5045,4919
5088 11.640860 0.250591 0.718317 5055,5045,4920
5089 11.685349 0.266304 0.095263 5045,5056,4921
5090 11.813438 0.263023 0.695689 4922,5045,5057
5091 11.568225 0.263022 0.726489 4923,5045,5058
5094 7.005287 0.126622 0.362266 5046,4926
5095 11.665723 0.265187 0.718736 5047,5046,4927
5096 11.747577 0.282927 0.692267 5046,4928,5048
5097 11.721038 0.263651 13.418948 5046,4929,5049
5098 11.822587 0.244305 0.632482 4930,5046,5050
5099 11.657762 0.297873 0.720342 5046,5051,4931
5100 11.756029 0.303041 0.736337 5046,4932,5052
5101 11.619418 0.258832 0.670127 5046,4933,5053
5102 11.643583 0.103016 0.727956 5054,5046,4934
5103 11.812600 0.237391 13.684554 5046,4935,5055
5104 11.755329 0.270076 0.729352 5046,5056,4936
5105 11.667469 0.254851 0.687239 5046,5057,4937
5106 11.606079 0.263581 0.711053 4938,5046,5058
5109 6.938449 0.122012 0.356819 5047,4941
5110 11.623749 0.254781 0.666844 5047,4942,5048
5111 11.716079 0.273708 0.707492 5047,4943,5049
5112 11.606428 0.213365 0.628082 5047,4944,5050
5113 11.650986 0.216717 0.644774 5047,4945,5051
5114 11.782987 0.296336 0.744508 5047,4946,5052
5115 11.821330 13.137208 0.663352 5047,4947,5053
5116 11.733120 0.284464 0.685212 5047,5054,4948
5117 11.660765 0.263580 0.692197 5047,5055,4949
5118 11.688073 0.274476 0.728025 5047,5056,4950
5119 11.671171 0.251708 0.695270 5047,5057,4951
5120 11.705812 0.263092 0.708750 5047,4952,5058
5123 6.960169 0.109930 0.114889 4955,5048
5124 11.680040 9.563781 0.685212 4956,5049,5048
5125 11.841094 0.260927 0.748628 5050,4957,5048
5126 11.647914 0.237530 13.651100 4958,5051,5048
5127 11.745901 0.246540 0.671872 4959,5052,5048
5128 11.648403 0.267142 0.691917 5053,4960,5048
5129 11.704415 0.269168 0.704907 5054,4961,5048
5130 11.668308 0.262533 0.711263 5055,4962,5048
5131 11.671590 0.285022 0.676203 5056,4963,5048
5132 11.848079 0.255619 0.096311 5057,4964,5048
5133 11.675920 0.260438 0.676482 4965,5058,5048
5136 6.933700 0.122781 0.329651 5049,4968
5137 11.658879 0.269657 0.676483 5050,4969,5049
5138 11.610759 0.297454 0.678159 4970,5051,5049
5139 11.657063 0.276781 0.722927 5052,5049,4971
5140 11.687793 0.253174 0.670266 4972,5049,5053
5141 11.655387 0.256387 0.705815 5054,5049,4973
5142 11.634994 0.280412 0.686679 4974,5055,5049
5143 11.637648 0.255340 13.661298 4975,5056,5049
5144 11.659787 0.290190 0.691288 4976,5057,5049
5145 11.642745 0.301994 0.710565 4977,5058,5049
5148 7.038671 0.133188 0.365130 4980,5050
5149 11.788574 0.278946 0.716851 4981,5050,5051
5150 11.778238 0.270634 0.673619 4982,5050,5052
5151 11.818466 0.273848 0.688844 4983,5050,5053
5152 11.818257 0.282997 0.700788 5054,5050,4984
5153 11.834110 0.263930 0.695759 5055,5050,4985
5154 11.647634 0.263441 0.667124 5056,5050,4986
5155 11.685069 0.257853 0.670825 5057,5050,4987
5156 11.846472 0.249194 10.316530 5058,5050,4988
5159 6.936353 0.118381 0.355772 5051,4991
5160 11.666980 0.258971 0.082552 4992,5051,5052
5161 11.807711 0.268120 0.682419 4993,5051,5053
5162 11.678085 0.248285 0.725650 5054,4994,5051
5163 11.646308 0.250660 0.721809 5055,4995,5051
5164 11.691145 0.267772 0.682698 4996,5056,5051
5165 11.635273 0.284672 0.664540 4997,5057,5051
5166 11.674034 0.263512 0.100921 5058,5051,4998
5169 7.003122 0.114819 0.358426 5001,5052
5170 11.626403 0.252267 0.678857 5002,5052,5053
5171 11.671799 0.284743 0.690521 5054,5003,5052
5172 11.768320 0.260438 0.691638 5055,5052,5004
5173 11.656924 0.245074 0.726070 5056,5005,5052
5174 11.780193 0.264558 0.708609 5057,5006,5052
5175 11.750302 0.278388 0.748768 5007,5058,5052
5178 6.862392 0.122990 0.371067 5010,5053
5179 11.783546 0.263231 0.670127 5054,5011,5053
5180 11.603146 0.276293 0.683396 5055,5012,5053
5181 11.668797 0.282927 0.678717 5056,5013,5053
5182 11.688142 0.266585 0.680533 5057,5014,5053
5183 11.550765 0.264489 0.692616 5058,5015,5053
5186 6.897522 0.115867 0.093308 5054,5018
5187 11.788644 0.253244 0.733542 5054,5055,5019
5188 11.695615 0.279854 0.685073 5054,5020,5056
5189 11.654759 0.253315 0.688495 5054,5021,5057
5190 11.618301 0.281949 0.688983 5054,5022,5058
5193 6.985033 13.119957 0.362755 5055,5025
5194 11.707907 0.267631 0.697923 5055,5056,5026
5195 11.842212 0.274895 0.100990 5055,5057,5027
5196 11.597559 0.258972 0.698272 5055,5058,5028
5199 6.893681 0.106089 0.355841 5056,5031
5200 11.620396 0.282927 0.721809 5056,5057,5032
5201 11.718802 0.142616 0.125644 5056,5058,5033
5204 6.996836 0.123479 0.357797 5036,5057
5205 11.663698 0.308070 0.704418 5037,5057,5058
5208 6.958493 0.122990 0.080946 5058,5040
5211 4.640533 -1 -1 5061
5212 11.805685 0.721810 6.753788 5062,5211
5213 11.639114 3.884291 0.126692 5063,5211
5214 11.734587 0.783270 13.273050 5064,5211
5215 11.771742 0.764203 2.043764 5065,5211
5216 11.750301 0.750375 13.908326 5066,5211
5217 11.812949 0.757079 2.064228 5067,5211
5218 11.685139 13.320542 2.040063 5068,5211
5219 11.810295 0.751422 2.110812 5069,5211
5220 11.800238 0.751911 2.052425 5070,5211
5221 11.900530 0.761340 14.104719 5071,5211
5222 11.818886 0.731378 2.078825 5072,5211
5223 11.783127 0.760572 2.038735 5073,5211
5224 11.798422 13.137697 2.035314 5074,5211
5225 11.731094 0.752120 2.104736 5075,5211
5228 6.968341 0.139682 0.377073 5078,5212
5229 11.638415 0.272031 0.665448 5079,5212,5213
5230 11.698060 0.258343 0.668380 5214,5080,5212
5231 11.675640 0.119079 0.664539 5081,5215,5212
5232 11.681298 0.257994 0.655251 5216,5082,5212
5233 11.928466 0.309746 0.754565 5083,5217,5212
5234 11.660276 0.302064 0.691219 5212,5218,5084
5235 11.796466 0.262533 0.668451 5212,5085,5219
5236 11.659298 0.260647 13.564078 5220,5212,5086
5237 11.844028 0.265537 0.664120 5087,5221,5212
5238 11.736962 0.243397 0.736756 5222,5088,5212
5239 11.701693 0.243956 0.722996 5223,5089,5212
5240 11.668587 0.267212 0.725511 5090,5212,5224
5241 11.701622 0.288514 0.702114 5091,5212,5225
5244 6.927623 0.141219 0.388736 5094,5213
5245 11.691216 0.252267 0.730888 5214,5213,5095
5246 11.564663 0.282997 0.703301 5215,5213,5096
5247 11.763431 0.237531 0.636255 5216,5213,5097
5248 11.855483 0.226635 0.107696 5098,5217,5213
5249 11.670752 0.335727 0.759244 5099,5213,5218
5250 11.737381 0.295777 0.738431 5100,5213,5219
5251 11.623958 0.277060 0.675155 5101,5220,5213
5252 11.688282 0.267073 0.701835 5102,5221,5213
5253 11.799470 0.218882 0.675086 5222,5213,5103
5254 11.806593 0.263022 0.102946 5223,5213,5104
5255 11.670683 0.256387 0.663492 5105,5213,5224
5256 11.616275 0.273149 0.689194 5106,5213,5225
5259 7.007032 0.132628 0.364851 5214,5109
5260 11.629266 0.273778 0.671524 5214,5215,5110
5261 11.650079 0.272171 0.689054 5216,5214,5111
5262 11.685000 0.223562 0.642889 5217,5214,5112
5263 11.644910 0.216438 0.694571 5214,5113,5218
5264 11.758123 0.286070 0.735219 5114,5214,5219
5265 11.823984 0.293821 0.690241 5115,5214,5220
5266 11.832085 0.289213 0.713778 5214,5116,5221
5267 11.841235 0.289212 13.674847 5222,5214,5117
5268 11.646867 0.271402 0.681720 5223,5214,5118
5269 11.698898 0.259599 0.683117 5214,5119,5224
5270 11.686326 0.261975 0.717130 5214,5120,5225
5273 6.915121 0.114959 0.358914 5215,5123
5274 11.739825 0.108115 0.679347 5216,5124,5215
5275 11.820771 0.269168 0.736965 5217,5215,5125
5276 11.691424 0.120616 0.670476 5126,5215,5218
5277 11.746531 0.217416 0.645124 5215,5127,5219
5278 11.650917 0.246540 0.728864 5128,5215,5220
5279 11.820841 0.255060 0.665517 5221,5215,5129
5280 11.787317 0.256178 0.704140 5222,5215,5130
5281 11.631920 0.272800 0.105600 5223,5215,5131
5282 11.817978 0.272381 0.677529 5215,5132,5224
5283 11.647914 0.274685 0.679695 5215,5133,5225
5286 6.956538 0.118032 0.326508 5216,5136
5287 11.657203 0.255270 0.675714 5216,5217,5137
5288 11.646447 0.267212 0.685562 5216,5218,5138
5289 11.751140 0.245073 0.671175 5216,5139,5219
5290 11.688562 0.253175 0.680394 5216,5220,5140
5291 11.630943 0.260927 0.672990 5216,5221,5141
5292 11.637158 0.265118 5.682773 5216,5222,5142
5293 11.670054 0.277270 0.676203 5216,5223,5143
5294 11.682904 0.282019 0.693035 5216,5144,5224
5295 11.667051 0.299898 0.688705 5216,5145,5225
5298 6.986290 0.109441 0.323085 5217,5148
5299 11.785571 0.259740 0.681371 5217,5218,5149
5300 11.665863 0.269727 0.663562 5150,5217,5219
5301 11.786688 0.269587 0.708190 5151,5217,5220
5302 11.789133 0.247657 0.666634 5217,5221,5152
5303 11.830130 0.264069 0.717759 5217,5153,5222
5304 11.708397 0.267702 0.693174 5223,5217,5154
5305 11.676968 0.269587 0.692825 5217,5155,5224
5306 11.829291 0.281810 0.675854 5217,5225,5156
5309 6.902759 0.118032 0.360032 5159,5218
5310 11.595184 0.252267 0.725023 5160,5218,5219
5311 11.797234 0.253244 0.673758 5161,5220,5218
5312 11.743178 0.275663 0.088629 5221,5162,5218
5313 11.682834 0.264977 0.668730 5222,5163,5218
5314 11.680390 0.258343 0.680532 5223,5164,5218
5315 11.606289 0.282927 0.677949 5165,5218,5224
5316 11.650079 0.284114 0.703721 5166,5225,5218
5319 7.001166 0.129626 0.352280 5169,5219
5320 11.665304 0.258343 13.367824 5170,5220,5219
5321 11.684161 0.267632 0.096381 5221,5171,5219
5322 11.790878 0.270216 0.676622 5222,5172,5219
5323 11.677667 0.284603 0.682978 5223,5173,5219
5324 11.756588 0.254292 0.706793 5174,5224,5219
5325 11.652454 0.262114 0.711962 5175,5225,5219
5328 6.928951 0.117892 0.364851 5178,5220
5329 11.756866 0.276362 0.657696 5221,5220,5179
5330 11.828873 0.262743 0.717758 5222,5180,5220
5331 11.683952 0.269099 0.666915 5223,5220,5181
5332 11.686885 0.238299 0.686261 5182,5220,5224
5333 11.816651 0.285581 0.667054 5183,5220,5225
5336 6.885579 0.109721 0.361289 5221,5186
5337 11.792556 13.118840 0.688774 5222,5221,5187
5338 11.739615 0.260507 0.669778 5223,5221,5188
5339 11.690238 0.251708 0.686120 5221,5189,5224
5340 11.589107 0.260927 0.677809 5221,5190,5225
5343 7.018767 0.126692 0.347530 5222,5193
5344 11.703228 0.285231 0.718457 5223,5222,5194
5345 11.835717 0.252267 0.713568 5195,5222,5224
5346 11.833203 0.269447 0.701277 5222,5196,5225
5349 6.984335 0.110699 0.364152 5223,5199
5350 11.703158 0.260997 0.681581 5223,5200,5224
5351 11.681019 0.242628 0.657346 5223,5201,5225
5354 7.001516 0.126203 0.355911 5204,5224
5355 11.684511 0.238019 11.135978 5205,5225,5224
5358 6.973648 0.123550 0.103016 5208,5225
5361 4.715193 -1 -1 5228
5362 11.716079 0.719294 0.118520 5229,5361
5363 11.788015 0.716082 2.055428 5230,5361
5364 11.786200 0.783410 2.078196 5231,5361
5365 11.770136 0.787181 2.103478 5232,5361
5366 11.848009 0.760711 13.176948 5233,5361
5367 11.649241 0.118940 2.086926 5361,5234
5368 11.673964 0.752609 2.029098 5361,5235
5369 11.795978 0.754285 2.053473 5361,5236
5370 11.871615 0.754844 2.023860 5361,5237
5371 11.768320 0.747720 2.002628 5238,5361
5372 11.799470 12.412745 17.961213 5239,5361
5373 11.803101 0.757498 2.027212 5361,5240
5374 11.761755 0.748768 2.073028 5361,5241
5377 6.916099 0.144361 0.380774 5362,5244
5378 11.701412 0.263581 0.732146 5362,5363,5245
5379 11.680948 13.169056 0.690450 5362,5246,5364
5380 11.731444 0.236971 0.632133 5362,5247,5365
5381 11.834390 0.250451 0.631295 5362,5366,5248
5382 11.647705 0.320432 0.731098 5362,5249,5367
5383 11.758682 0.293753 0.742691 5362,5368,5250
5384 11.592950 0.257924 0.691358 5362,5369,5251
5385 11.850732 0.270216 0.671733 5362,5252,5370
5386 11.818186 0.252825 0.675435 5362,5253,5371
5387 11.802403 0.272939 0.671523 5362,5254,5372
5388 11.686886 0.271194 0.666426 5362,5373,5255
5389 11.593089 0.277270 0.690590 5362,5374,5256
5392 6.965058 0.129416 0.382451 5363,5259
5393 11.646726 0.275873 0.672920 5363,5364,5260
5394 11.655596 0.265537 0.112304 5363,5261,5365
5395 11.680600 0.265956 0.628082 5363,5366,5262
5396 11.680251 0.219790 0.668590 5363,5263,5367
5397 11.679343 0.289840 0.696736 5363,5368,5264
5398 11.805336 0.307511 0.690311 5363,5265,5369
5399 11.766015 0.262743 0.694153 5363,5370,5266
5400 11.745832 0.257434 0.672223 5267,5363,5371
5401 11.739196 0.249892 0.681022 5363,5268,5372
5402 11.706162 0.262534 0.700927 5363,5269,5373
5403 11.662022 0.263091 0.731447 5363,5270,5374
5406 6.963452 0.117334 0.363733 5364,5273
5407 11.708187 0.277269 0.703581 5274,5364,5365
5408 11.828174 0.284044 0.717270 5275,5366,5364
5409 11.683742 0.239625 0.119498 5276,5367,5364
5410 11.654479 0.260089 0.707143 5368,5277,5364
5411 11.662022 0.294730 0.748349 5369,5278,5364
5412 11.827057 0.247099 0.676412 5370,5364,5279
5413 11.691495 0.289143 0.733053 5280,5371,5364
5414 11.679272 0.258413 0.729632 5281,5364,5372
5415 11.680320 0.254781 0.671523 5282,5373,5364
5416 11.679692 0.266165 0.657974 5374,5283,5364
5419 6.977141 0.124038 0.361429 5286,5365
5420 11.653152 0.264489 0.723416 5366,5287,5365
5421 11.608454 0.280971 0.668800 5288,5367,5365
5422 11.648193 0.233479 0.691149 5289,5368,5365
5423 11.707698 0.273567 0.725371 5369,5290,5365
5424 11.746739 0.267981 0.705327 5291,5370,5365
5425 11.628847 0.249472 0.721949 5292,5371,5365
5426 11.651965 0.281391 0.720133 5372,5293,5365
5427 11.683254 0.251708 0.715175 5294,5373,5365
5428 11.655108 0.253803 0.687867 5374,5295,5365
5431 7.019674 0.106927 0.326927 5366,5298
5432 11.769508 0.273708 0.672711 5366,5367,5299
5433 11.796467 0.265536 0.697015 5300,5368,5366
5434 11.821470 0.287327 0.703791 5301,5369,5366
5435 11.601679 0.260927 0.700368 5302,5366,5370
5436 11.819095 0.246539 0.709168 5371,5303,5366
5437 11.703368 0.283834 0.682558 5304,5366,5372
5438 11.658670 0.257854 0.693314 5366,5305,5373
5439 11.832783 0.274337 0.679555 5374,5366,5306
5442 6.939915 0.113492 0.331677 5309,5367
5443 11.511234 0.251219 0.715593 5368,5310,5367
5444 11.829291 0.271193 0.681580 5311,5369,5367
5445 11.775235 0.264000 0.674736 5312,5367,5370
5446 11.690028 0.271263 0.685353 5313,5371,5367
5447 11.687165 0.281809 0.655880 5314,5367,5372
5448 11.661184 0.278317 0.664540 5367,5373,5315
5449 11.565640 0.257784 13.119748 5374,5367,5316
5452 6.921268 0.118381 0.361568 5368,5319
5453 11.682276 0.276851 0.716082 5368,5369,5320
5454 11.577164 0.275873 0.682768 5368,5370,5321
5455 11.634994 0.244025 0.729072 5322,5368,5371
5456 11.699108 0.241861 0.701276 5368,5323,5372
5457 11.763921 0.257994 0.664121 5368,5324,5373
5458 11.559146 0.269169 0.672082 5374,5368,5325
5461 6.970716 0.125016 0.360381 5369,5328
5462 11.770625 0.262604 0.697645 5369,5370,5329
5463 11.655248 0.278876 0.730539 5330,5369,5371
5464 11.658250 0.240882 0.698412 5331,5369,5372
5465 11.700224 0.269727 0.699948 5332,5369,5373
5466 11.655946 0.258273 0.662304 5374,5333,5369
5469 6.922735 0.114819 0.361358 5370,5336
5470 11.686396 0.260926 0.711891 5371,5370,5337
5471 11.729488 0.247378 0.714965 5338,5370,5372
5472 11.593857 0.269098 0.741644 5339,5370,5373
5473 11.634993 0.292215 0.746114 5374,5340,5370
5476 6.954862 0.113213 0.355353 5371,5343
5477 11.659088 0.264559 0.708261 5344,5371,5372
5478 11.834251 0.283556 0.719923 5345,5371,5373
5479 11.615438 0.103994 0.680882 5374,5346,5371
5482 6.966805 0.119429 0.363873 5349,5372
5483 11.673686 13.274795 0.729631 5350,5373,5372
5484 11.650917 0.135632 0.134864 5374,5351,5372
5487 6.966246 0.128089 0.357936 5354,5373
5488 11.678714 0.275733 0.727117 5374,5355,5373
5491 6.994741 0.131651 0.343479 5374,5358
5494 4.644513 -1 -1 5377
5495 11.664606 0.713638 1.973504 5494,5378
5496 11.734028 0.699320 2.050539 5494,5379
5497 11.673616 0.778940 13.152643 5494,5380
5498 11.812949 0.768952 2.053612 5494,5381
5499 11.606637 0.757079 9.827850 5494,5382
5500 11.810086 0.110768 2.080152 5494,5383
5501 11.607546 0.753728 2.009962 5494,5384
5502 11.718663 0.754286 2.039854 5494,5385
5503 11.704555 0.750165 0.089118 5494,5386
5504 11.802193 0.752818 2.025466 5494,5387
5505 11.690727 0.753796 2.000742 5494,5388
5506 11.716498 0.750025 1.984819 5494,5389
5509 6.925388 0.154699 0.380285 5495,5392
5510 11.582892 0.294242 0.694362 5393,5495,5496
5511 11.742200 13.221087 0.692965 5495,5497,5394
5512 11.645190 0.259530 0.656927 5495,5498,5395
5513 11.774466 0.230825 0.648686 5495,5499,5396
5514 11.837882 0.094774 0.706513 5495,5397,5500
5515 11.583101 0.303460 0.715035 5495,5398,5501
5516 11.595812 0.250660 13.322078 5495,5399,5502
5517 11.649520 0.272172 13.302313 5495,5503,5400
5518 11.750930 0.265606 0.683606 5495,5504,5401
5519 11.700923 0.264000 0.681232 5495,5505,5402
5520 11.654688 0.264559 0.104064 5506,5495,5403
5523 6.959052 0.132000 0.380145 5406,5496
5524 11.508092 0.272800 0.719435 5407,5496,5497
5525 11.743946 0.264628 0.678927 5496,5498,5408
5526 11.696315 0.222165 0.665447 5496,5499,5409
5527 11.756028 0.254292 0.675086 5496,5410,5500
5528 11.515774 0.304997 0.701206 5496,5411,5501
5529 11.495311 0.295848 0.691148 5496,5502,5412
5530 11.596930 0.273778 0.702184 5496,5503,5413
5531 11.681927 0.255549 0.100362 5414,5496,5504
5532 11.682276 0.250102 13.671284 5415,5496,5505
5533 11.668866 0.279435 0.700158 5506,5496,5416
5536 6.856246 0.113282 0.354654 5497,5419
5537 11.563895 0.268190 13.225139 5497,5498,5420
5538 11.452288 0.263441 0.718457 5497,5421,5499
5539 11.796886 0.232432 0.675644 5497,5500,5422
5540 11.619977 0.224330 0.625149 5497,5423,5501
5541 11.651057 0.284743 0.667264 5424,5497,5502
5542 11.746181 0.261276 13.329761 5425,5497,5503
5543 11.797723 0.244444 0.737384 5504,5497,5426
5544 11.826917 0.280412 0.730609 5505,5427,5497
5545 11.644981 0.236762 0.754146 5506,5497,5428
5548 6.933909 0.126553 0.355841 5431,5498
5549 11.504809 0.271264 0.686190 5432,5498,5499
5550 11.508231 0.278387 0.667194 5433,5498,5500
5551 11.620187 0.262952 0.722926 5498,5434,5501
5552 11.540359 0.274337 0.687308 5502,5498,5435
5553 11.638136 0.262394 0.679625 5436,5498,5503
5554 11.794440 0.295708 0.704629 5504,5498,5437
5555 11.542942 0.109651 0.736546 5438,5505,5498
5556 11.645050 0.252266 0.677670 5506,5439,5498
5559 6.865744 0.120267 0.330419 5442,5499
5560 11.764828 0.272730 0.695619 5443,5499,5500
5561 11.604613 0.265746 0.670057 5444,5499,5501
5562 11.836346 0.258901 0.667962 5502,5499,5445
5563 11.633457 0.258832 0.695898 5446,5499,5503
5564 11.588967 0.263511 0.667264 5504,5447,5499
5565 11.659578 0.257854 0.673688 5505,5499,5448
5566 11.543012 0.239276 0.700996 5506,5449,5499
5569 6.916239 0.118730 0.333143 5452,5500
5570 11.647425 0.267492 0.669778 5453,5500,5501
5571 11.625215 0.246609 0.676482 5454,5502,5500
5572 11.691914 0.253803 0.712521 5503,5500,5455
5573 11.685069 0.259949 0.721670 5504,5456,5500
5574 11.579190 0.305415 0.687727 5505,5500,5457
5575 11.834530 0.273778 0.104482 5506,5458,5500
5578 6.951439 0.123060 0.359053 5461,5501
5579 11.523037 0.250032 0.098965 5462,5502,5501
5580 11.755749 0.276013 0.673619 5463,5503,5501
5581 11.709863 0.284044 0.678717 5504,5464,5501
5582 11.816022 0.265606 0.697645 5505,5465,5501
5583 11.638904 0.262533 0.661466 5506,5466,5501
5586 6.981401 0.129834 0.361917 5469,5502
5587 11.630384 0.290679 0.669428 5502,5503,5470
5588 11.834181 0.271123 0.666565 5504,5502,5471
5589 11.563197 0.261346 0.700578 5472,5505,5502
5590 11.552511 0.266654 0.679905 5506,5502,5473
5593 6.854500 13.098516 0.342571 5476,5503
5594 11.775374 0.261485 0.706654 5477,5504,5503
5595 11.592879 0.274336 0.679556 5505,5503,5478
5596 11.849196 0.246539 0.744438 5506,5503,5479
5599 7.050265 0.111257 0.355771 5504,5482
5600 11.580727 0.273567 0.701485 5504,5505,5483
5601 11.571718 0.131581 0.692127 5506,5504,5484
5604 7.002563 0.108184 0.359473 5487,5505
5605 11.476105 0.223632 0.655321 5506,5505,5488
5608 6.944735 0.122432 0.353467 5506,5491
5611 4.695079 -1 -1 5509
5612 11.849266 0.722507 2.008704 5510,5611
5613 11.763431 0.686680 2.022113 5511,5611
5614 11.949977 0.775028 2.083085 5512,5611
5615 11.890263 0.773841 2.072819 5513,5611
5616 11.823914 0.760083 2.032171 5611,5514
5617 11.837742 0.752679 13.827380 5611,5515
5618 11.838580 0.757359 1.973504 5611,5516
5619 11.770765 0.752610 2.003256 5611,5517
5620 11.825590 0.755682 0.103574 5518,5611
5621 11.727951 0.744577 2.055847 5519,5611
5622 11.697221 0.732355 2.064018 5520,5611
5625 6.983775 0.148902 0.376724 5612,5523
5626 11.806943 0.261416 0.699880 5612,5613,5524
5627 11.790040 0.253733 0.697295 5612,5525,5614
5628 11.770835 0.114470 0.663701 5612,5526,5615
5629 11.686048 0.244793 0.696736 5612,5616,5527
5630 11.675222 0.262463 0.702882 5612,5528,5617
5631 11.803171 0.281531 0.720972 5612,5529,5618
5632 11.861279 0.300247 0.690730 5612,5619,5530
5633 11.751279 0.275314 15.215126 5612,5531,5620
5634 11.615857 0.267282 0.728933 5612,5532,5621
5635 11.515774 0.260927 0.729982 5612,5533,5622
5638 7.034759 0.133397 13.228072 5613,5536
5639 11.728581 0.285092 0.122013 5613,5537,5614
5640 11.786829 0.254362 0.112235 5613,5538,5615
5641 11.682346 0.206171 0.645193 5613,5539,5616
5642 11.716848 0.240044 0.679555 5613,5540,5617
5643 11.689330 0.282438 0.754146 5613,5618,5541
5644 11.667540 0.253244 0.673130 5542,5613,5619
5645 11.734936 0.268610 0.721879 5613,5543,5620
5646 11.551532 0.267492 0.707631 5613,5544,5621
5647 11.557400 0.260928 0.695479 5613,5622,5545
5650 7.008010 0.115308 0.362686 5548,5614
5651 11.793533 0.270844 20.631594 5549,5614,5615
5652 11.657412 0.255828 0.733473 5616,5550,5614
5653 11.797723 0.244863 0.677320 5551,5617,5614
5654 11.726904 0.249404 0.718038 5618,5614,5552
5655 11.704206 0.275663 0.670197 5619,5553,5614
5656 11.790879 0.254571 0.721111 5554,5614,5620
5657 11.789901 0.261625 0.722787 5555,5621,5614
5658 11.542244 0.268609 0.714615 5556,5622,5614
5661 6.892982 0.118940 0.081505 5559,5615
5662 11.680040 0.276851 0.696108 5560,5616,5615
5663 11.739406 0.257435 0.672362 5561,5617,5615
5664 11.771114 0.265117 0.672571 5618,5562,5615
5665 11.717545 0.269238 0.738501 5619,5563,5615
5666 11.807920 0.106648 0.672502 5564,5620,5615
5667 11.696035 0.291169 0.691428 5565,5621,5615
5668 11.586594 0.277759 0.671524 5566,5622,5615
5671 7.015134 0.114540 0.320362 5616,5569
5672 11.689330 0.267771 0.677111 5616,5617,5570
5673 11.732143 0.252825 0.704420 5618,5616,5571
5674 11.787736 13.144891 0.702813 5619,5616,5572
5675 11.738918 0.298990 0.706095 5573,5616,5620
5676 11.595464 0.257364 0.740946 5574,5616,5621
5677 11.646727 0.264489 0.742273 5575,5616,5622
5680 6.945014 0.125854 0.313727 5617,5578
5681 11.741781 0.252685 0.736616 5618,5617,5579
5682 11.790949 0.278876 0.652527 5619,5617,5580
5683 11.763570 0.256317 0.731098 5581,5617,5620
5684 11.745412 0.285022 0.692406 5582,5617,5621
5685 11.639813 0.283975 0.693313 5617,5583,5622
5688 6.982867 0.108743 0.348159 5586,5618
5689 11.825869 0.269098 0.672780 5587,5618,5619
5690 11.764270 0.258063 0.747441 5618,5588,5620
5691 11.604751 0.265675 0.717828 5618,5621,5589
5692 11.615159 0.261066 0.703441 5590,5618,5622
5695 6.991389 13.112415 0.360312 5593,5619
5696 11.774536 0.253244 0.671385 5619,5594,5620
5697 11.844238 0.290609 0.720693 5619,5595,5621
5698 11.631780 0.292704 0.686959 5619,5622,5596
5701 6.900176 0.122501 0.350114 5599,5620
5702 11.686536 0.294730 0.739828 5600,5621,5620
5703 11.633736 0.130953 0.711752 5601,5622,5620
5706 7.002773 0.112794 0.353815 5604,5621
5707 11.594416 0.298362 0.717410 5605,5622,5621
5710 6.951439 0.124038 0.356469 5622,5608
5713 4.661973 -1 -1 5625
5714 11.752815 0.722787 2.028469 5626,5713
5715 11.768531 13.615132 0.113352 5627,5713
5716 11.809597 0.767695 2.070095 5713,5628
5717 11.797025 0.752051 2.067790 5713,5629
5718 11.740035 0.757848 2.045650 5630,5713
5719 11.851501 0.748628 2.071422 5713,5631
5720 11.899482 0.752609 2.048304 5713,5632
5721 11.767063 0.752051 2.001930 5713,5633
5722 11.740872 0.757917 2.023092 5634,5713
5723 11.841165 0.748558 2.060387 5635,5713
5726 6.974975 0.141708 0.367644 5714,5638
5727 11.667959 0.256247 0.727187 5715,5714,5639
5728 11.802193 0.288235 0.702254 5716,5714,5640
5729 11.750091 0.224050 0.703650 5717,5641,5714
5730 11.662372 0.245143 0.630667 5714,5642,5718
5731 11.773768 0.300805 0.728235 5643,5714,5719
5732 11.854993 0.283136 0.716292 5720,5714,5644
5733 11.777330 0.295777 0.685282 5714,5645,5721
5734 11.653083 0.265118 0.664260 5722,5714,5646
5735 11.705603 0.281390 0.706933 5723,5714,5647
5738 7.014645 0.142197 0.382380 5715,5650
5739 11.794580 0.270146 0.667124 5716,5715,5651
5740 11.807641 0.262952 0.108114 5717,5715,5652
5741 11.789691 0.234388 0.624660 5715,5653,5718
5742 11.620327 0.207080 0.696527 5715,5654,5719
5743 11.827057 0.296825 0.657277 5715,5655,5720
5744 11.827755 0.260508 0.707631 5656,5715,5721
5745 11.671311 0.259949 0.698343 5722,5657,5715
5746 11.692264 0.289841 0.689542 5723,5715,5658
5749 6.993624 0.123479 0.367016 5716,5661
5750 11.742829 0.275873 0.690101 5717,5716,5662
5751 11.742200 0.256806 0.701625 5663,5716,5718
5752 11.692961 0.286558 13.118491 5716,5719,5664
5753 11.820771 0.299828 0.693314 5716,5720,5665
5754 11.630314 0.256946 0.669988 5716,5721,5666
5755 11.794371 0.272171 0.671803 5722,5716,5667
5756 11.659857 0.273638 0.692126 5716,5668,5723
5759 6.974767 0.122990 0.355702 5717,5671
5760 11.654759 0.268260 0.675575 5717,5672,5718
5761 11.645889 0.273708 0.710356 5717,5673,5719
5762 11.744854 0.264628 0.681162 5717,5720,5674
5763 11.745342 0.269238 0.691637 5717,5721,5675
5764 11.640301 0.260019 0.690241 5717,5722,5676
5765 11.689609 0.267562 0.707492 5717,5723,5677
5768 6.982030 0.117613 0.331047 5680,5718
5769 11.735077 0.258832 0.698203 5681,5719,5718
5770 11.768390 0.257853 0.707073 5720,5682,5718
5771 11.751140 0.274476 0.709657 5721,5683,5718
5772 11.781521 0.269587 0.713288 5722,5684,5718
5773 11.670683 0.293472 0.662375 5685,5723,5718
5776 6.888582 0.115029 0.325739 5688,5719
5777 11.786269 0.262044 0.664959 5720,5689,5719
5778 11.731723 0.285511 0.728653 5690,5721,5719
5779 11.532257 0.283486 0.717759 5722,5691,5719
5780 11.725647 0.280832 0.673200 5692,5723,5719
5783 7.036575 0.123479 0.362896 5720,5695
5784 11.828313 0.263511 0.657975 5720,5721,5696
5785 11.708747 0.256039 0.668869 5722,5720,5697
5786 11.771184 0.264140 0.708819 5723,5720,5698
5789 6.923782 0.120965 0.347530 5721,5701
5790 11.817000 0.282997 0.720832 5722,5721,5702
5791 11.589806 0.244654 0.122991 5723,5721,5703
5794 7.017788 0.114680 0.357028 5722,5706
5795 11.613272 0.269099 0.673270 5722,5723,5707
5798 6.972671 0.117403 0.361567 5723,5710
5801 4.642138 -1 -1 5726
5802 11.731025 0.114959 2.023091 5801,5727
5803 11.687304 0.712730 2.023999 5801,5728
5804 11.793742 0.771746 2.063739 5801,5729
5805 11.791996 0.771675 2.073168 5801,5730
5806 11.801774 0.764831 2.071841 5801,5731
5807 11.787108 0.752121 2.043206 5801,5732
5808 11.694009 0.750235 2.093491 5801,5733
5809 11.754282 0.742902 2.008425 5734,5801
5810 11.817628 0.753448 13.680573 5735,5801
5813 6.971344 0.140730 0.394602 5802,5738
5814 11.606917 0.275803 13.134624 5803,5802,5739
5815 11.674593 0.248146 0.696177 5740,5802,5804
5816 11.795280 0.234876 0.631923 5802,5805,5741
5817 11.640022 0.241022 0.675994 5802,5742,5806
5818 11.837533 0.299130 0.712800 5802,5743,5807
5819 11.670962 0.276641 0.672571 5802,5808,5744
5820 11.675571 0.275523 0.698902 5802,5809,5745
5821 11.698479 0.280901 0.701277 5810,5802,5746
5824 6.965966 0.147365 0.388317 5803,5749
5825 11.670263 0.254292 0.677530 5803,5750,5804
5826 11.793883 0.301365 0.675364 5803,5751,5805
5827 11.648682 0.254013 0.121523 5803,5752,5806
5828 11.836276 0.250731 0.671244 5803,5753,5807
5829 11.669006 0.277829 0.702673 5803,5808,5754
5830 11.761825 0.276501 0.723486 5803,5809,5755
5831 11.682206 0.258832 0.694711 5803,5810,5756
5834 6.982868 0.113771 9.557286 5759,5804
5835 11.792206 0.259460 0.683257 5760,5805,5804
5836 11.621583 0.271683 0.668172 5761,5806,5804
5837 11.739686 0.264978 0.694082 5762,5807,5804
5838 11.606497 0.258902 0.676901 5808,5763,5804
5839 11.647565 0.276292 0.667264 5809,5764,5804
5840 11.654549 0.259391 0.682139 5810,5765,5804
5843 7.041954 0.115657 0.361987 5768,5805
5844 11.669564 0.278736 0.671384 5806,5805,5769
5845 11.710562 0.266026 0.722368 5770,5807,5805
5846 11.799330 0.253244 0.729422 5771,5808,5805
5847 11.789202 0.257784 0.693943 5809,5772,5805
5848 11.643025 0.292495 0.676692 5810,5773,5805
5851 6.947877 0.120686 0.330489 5806,5776
5852 11.826079 0.255828 0.664470 5807,5806,5777
5853 11.617254 0.268469 0.705257 5778,5808,5806
5854 11.603913 0.260368 0.709657 5779,5809,5806
5855 11.654548 0.250450 0.713009 5810,5780,5806
5858 6.918055 0.119708 0.119568 5807,5783
5859 11.669286 0.240882 0.695130 5784,5808,5807
5860 11.714123 0.291098 0.704559 5785,5809,5807
5861 11.655317 0.289143 0.672012 5810,5786,5807
5864 6.924061 0.130115 0.365060 5808,5789
5865 11.648193 0.263790 0.692686 5809,5808,5790
5866 11.674943 0.260997 0.118939 5810,5808,5791
5869 6.999071 0.127112 0.364361 5809,5794
5870 11.655388 0.285442 0.739968 5810,5809,5795
5873 6.925807 0.117334 0.354584 5810,5798
5876 4.646189 -1 -1 5813
5877 11.739545 0.717060 1.964006 5814,5876
5878 11.772091 0.702254 13.246440 5876,5815
5879 11.788155 0.767346 2.079104 5876,5816
5880 11.849126 0.764622 2.060527 5876,5817
5881 11.859253 0.752609 2.061015 5818,5876
5882 11.780263 0.757428 2.077986 5819,5876
5883 11.806523 0.756940 13.811456 5820,5876
5884 11.829781 0.747092 2.067650 5821,5876
5887 6.967293 0.147854 0.385453 5877,5824
5888 11.799050 0.281390 0.699949 5878,5825,5877
5889 11.800307 0.261975 0.659651 5879,5877,5826
5890 11.679761 0.227264 0.128228 5880,5877,5827
5891 11.818955 0.243188 0.654552 5828,5881,5877
5892 11.699875 0.278876 0.673269 5829,5882,5877
5893 11.767621 0.282438 0.671244 5883,5877,5830
5894 11.718453 0.274756 0.736337 5831,5877,5884
5897 6.993064 0.140520 0.381334 5878,5834
5898 11.780822 0.265677 0.701974 5878,5879,5835
5899 11.633457 0.279505 0.661117 5836,5878,5880
5900 11.661253 0.266234 0.715245 5837,5878,5881
5901 11.790250 0.260857 0.697504 5882,5878,5838
5902 11.671520 0.274127 0.672571 5883,5878,5839
5903 11.675362 13.156345 0.716222 5878,5840,5884
5906 7.031478 0.114191 0.347600 5879,5843
5907 11.625006 0.266165 0.674527 5879,5880,5844
5908 11.631502 0.262183 0.713428 5881,5879,5845
5909 11.622631 0.249543 0.744857 5882,5879,5846
5910 11.713774 0.253244 0.699809 5883,5847,5879
5911 11.655667 0.277410 0.101969 5879,5848,5884
5914 6.886416 0.117333 0.093797 5880,5851
5915 11.737310 0.265047 0.674736 5881,5880,5852
5916 11.616835 0.267003 0.688774 5882,5880,5853
5917 11.658669 0.269866 13.464555 5883,5854,5880
5918 11.520663 0.289143 0.691778 5855,5880,5884
5921 6.947179 0.129905 0.324902 5881,5858
5922 11.631431 0.251778 0.709308 5882,5881,5859
5923 11.596581 0.269657 0.680324 5883,5881,5860
5924 11.720758 0.254711 0.719783 5881,5861,5884
5927 6.973858 0.111536 0.127740 5882,5864
5928 11.699317 0.249612 0.714686 5883,5882,5865
5929 11.555374 0.258273 0.671384 5882,5866,5884
5932 6.944385 0.115796 0.364781 5883,5869
5933 11.747927 0.266095 0.678368 5883,5870,5884
5936 6.952277 0.128298 13.366148 5873,5884
5939 4.655268 -1 -1 5887
5940 11.790531 0.714615 1.987891 5888,5939
5941 11.774187 0.708190 13.737424 5889,5939
5942 11.751698 13.124078 2.064647 5890,5939
5943 11.810923 0.775867 0.090724 5891,5939
5944 11.748276 0.764692 14.746211 5892,5939
5945 11.774048 0.753867 1.984888 5893,5939
5946 11.818885 0.752818 2.147199 5894,5939
5949 7.048938 0.145689 0.387060 5940,5897
5950 11.792555 0.274267 0.667822 5898,5940,5941
5951 11.626612 0.247377 0.653923 5899,5942,5940
5952 11.837324 0.255409 0.679346 5900,5943,5940
5953 11.831527 0.247098 0.678997 5944,5901,5940
5954 11.617463 0.290749 0.697644 5902,5945,5940
5955 11.672777 0.254223 0.688216 5946,5903,5940
5958 6.981261 0.134584 0.376166 5906,5941
5959 11.607127 0.267632 0.688356 5942,5907,5941
5960 11.734447 0.113701 0.686051 5908,5943,5941
5961 11.712308 0.244932 0.702393 5944,5909,5941
5962 11.660904 0.274825 0.673269 5945,5910,5941
5963 11.681158 0.251149 0.662864 5946,5911,5941
5966 6.886557 0.123200 0.356399 5914,5942
5967 11.567736 0.274127 0.664470 5915,5942,5943
5968 11.631292 0.250242 0.711402 5944,5916,5942
5969 11.625565 0.288304 13.135322 5917,5945,5942
5970 11.579330 0.302273 0.736406 5946,5942,5918
5973 6.858550 0.118940 0.362126 5943,5921
5974 11.681647 0.265537 0.701277 5944,5943,5922
5975 11.616485 0.226216 0.662025 5945,5943,5923
5976 11.592111 0.297454 13.165564 5946,5924,5943
5979 6.994112 0.105251 0.317010 5944,5927
5980 11.662371 0.261765 0.635555 5944,5945,5928
5981 11.683534 0.142196 0.138285 5946,5944,5929
5984 6.938658 0.107346 13.147824 5945,5932
5985 11.606150 0.278317 0.702044 5946,5945,5933
5988 6.932233 0.121454 0.349835 5946,5936
5991 4.651707 -1 -1 5949
5992 11.762314 0.718876 0.124038 5950,5991
5993 11.722574 0.712870 1.977415 5951,5991
5994 11.886771 0.766718 10.820017 5952,5991
5995 11.840397 0.761200 2.063110 5953,5991
5996 11.775515 0.760781 2.102152 5991,5954
5997 11.866098 0.756381 2.091816 5955,5991
6000 7.011992 0.144432 0.379657 5958,5992
6001 11.687165 0.253874 0.665517 5959,5993,5992
6002 11.859324 0.255759 0.696736 5960,5994,5992
6003 11.822586 0.288234 0.718178 5995,5961,5992
6004 11.697920 0.271194 0.689124 5962,5996,5992
6005 11.828174 0.245003 0.673200 5997,5963,5992
6008 6.899338 0.150228 0.093797 5966,5993
6009 11.709305 0.269588 0.688006 5994,5993,5967
6010 11.597419 0.250660 0.697505 5995,5968,5993
6011 11.596161 0.104064 0.705676 5969,5996,5993
6012 11.664886 0.279295 0.686958 5997,5970,5993
6015 6.871122 0.121454 0.369879 5973,5994
6016 11.560613 13.269907 0.098406 5995,5994,5974
6017 11.675222 0.256946 0.668102 5994,5996,5975
6018 11.638905 0.286278 0.694850 5994,5997,5976
6021 6.981750 0.123549 0.359473 5995,5979
6022 11.670682 0.257994 0.662934 5995,5980,5996
6023 11.792555 0.310025 0.690800 5995,5997,5981
6026 6.943477 0.118171 0.322946 5996,5984
6027 11.791508 0.255199 0.704489 5997,5996,5985
6030 6.983566 0.120686 0.319315 5997,5988
6033 4.613364 -1 -1 6000
6034 11.654479 0.723346 1.991593 6033,6001
6035 11.793533 0.714267 1.973644 6033,6002
6036 11.817698 0.745625 2.048025 6033,6003
6037 11.844867 0.744717 2.091466 6033,6004
6038 11.791298 0.766857 2.074075 6033,6005
6041 6.994043 0.141150 0.378260 6008,6034
6042 11.574720 0.277759 0.724603 6009,6035,6034
6043 11.646377 0.261555 0.709098 6010,6036,6034
6044 11.645749 0.270146 0.720552 6011,6037,6034
6045 11.609431 0.301504 0.729353 6012,6038,6034
6048 7.010455 0.135492 0.373721 6015,6035
6049 11.788645 0.266654 0.700229 6036,6035,6016
6050 11.613762 0.237600 13.277869 6037,6017,6035
6051 11.581356 0.323504 0.695829 6018,6038,6035
6054 7.067166 0.122990 0.338451 6021,6036
6055 11.753094 0.253454 0.672082 6022,6037,6036
6056 11.580587 0.297384 0.672012 6038,6036,6023
6059 6.981471 0.117403 0.358425 6037,6026
6060 11.638904 0.268260 0.665867 6038,6037,6027
6063 6.918055 0.127461 0.317219 6038,6030
6066 4.707858 -1 -1 6041
6067 11.829851 0.718876 2.005002 6042,6066
6068 11.844517 0.750094 2.095378 6043,6066
6069 11.831457 0.747092 2.120520 6066,6044
6070 11.833343 0.754914 2.085320 6066,6045
6073 6.968131 0.145759 0.381612 6048,6067
6074 11.552930 0.238368 0.693244 6049,6067,6068
6075 11.721736 0.247099 0.646032 6067,6069,6050
6076 11.664746 0.302622 0.668660 6067,6051,6070
6079 7.077153 0.117753 0.343898 6054,6068
6080 11.616276 0.258412 0.731657 6055,6068,6069
6081 11.672289 0.301924 0.688355 6056,6068,6070
6084 6.947319 0.127111 0.096869 6059,6069
6085 11.664118 0.283276 0.651409 6060,6069,6070
6088 6.865814 0.122502 0.367155 6063,6070
6091 4.657224 -1 -1 6073
6092 11.839209 0.865473 2.045511 6091,6074
6093 11.779425 0.701765 0.123549 6091,6075
6094 11.568294 0.741923 2.018133 6091,6076
6097 6.709299 0.108883 0.367156 6092,6079
6098 11.536517 0.220978 0.684095 6093,6092,6080
6099 11.411292 0.286768 0.722368 6092,6094,6081
6102 6.825585 0.155676 0.346064 6093,6084
6103 11.404238 0.282368 0.687587 6093,6085,6094
6106 6.804493 0.148063 0.366038 6094,6088
6109 4.566151 -1 -1 6097
6110 11.433431 0.866870 2.165358 6098,6109
6111 11.256174 0.699041 1.995854 6099,6109
6114 6.516049 0.105740 0.309537 6110,6102
6115 11.022764 0.286210 0.725092 6103,6110,6111
6118 6.559839 0.139264 0.350603 6106,6111
6121 4.539122 -1 -1 6114
6122 11.206936 0.874622 2.226958 6115,6121
6125 6.377903 0.234667 0.477435 6118,6122
6128 4.523268 -1 -1 6125
