4171 1.857078 -1 -1
4172 6.009421 0.403472 0.838514 4171
4173 4.264507 0.233130 0.664958 4171
4174 4.319472 0.275314 0.710705 4171
4175 4.314444 0.276920 0.716851 4171
4176 4.274284 0.286908 0.722438 4171
4177 4.278056 0.275104 0.711124 4171
4178 4.320729 0.285930 0.726069 4171
4179 4.254519 0.279644 0.710285 4171
4180 4.249770 0.290051 0.719365 4171
4181 4.313814 0.281460 0.704419 4171
4182 4.329529 0.277479 0.707072 4171
4183 4.328201 0.265536 0.707841 4171
4184 4.315352 0.273778 0.704070 4171
4185 4.285459 0.273219 0.703650 4171
4186 4.264995 0.272731 0.711124 4171
4187 4.205281 0.258622 0.706096 4171
4188 4.172386 0.253803 0.718666 4171
4189 4.226304 0.264629 0.726768 4171
4190 4.253541 0.269657 0.709307 4171
4193 3.062608 0.167130 0.214483 4172
4194 5.117897 0.144152 0.161613 4172,4173
4195 5.041350 0.179562 0.177048 4174,4172
4196 5.147580 0.107276 0.246330 4175,4172
4197 4.764221 0.110070 0.252476 4176,4172
4198 3.586278 0.100572 0.248425 4177,4172
4199 3.698095 0.099035 0.253664 4178,4172
4200 3.619244 0.126132 13.306434 4179,4172
4201 3.567072 0.100152 0.249404 4180,4172
4202 3.750405 0.085975 0.246470 4181,4172
4203 3.797268 0.095333 0.231803 4182,4172
4204 3.740977 0.104622 0.238368 4183,4172
4205 3.664711 0.103575 0.236273 4184,4172
4206 3.736228 0.117334 0.206312 4185,4172
4207 3.537320 0.096940 0.247238 4172,4186
4208 3.595497 0.110699 0.212736 4187,4172
4209 3.562043 0.088210 0.240324 4188,4172
4210 3.563440 0.127879 0.237111 4189,4172
4211 3.690482 0.101969 0.104623 4190,4172
4214 2.085251 0.132140 0.206939 4173
4215 3.533129 0.224750 0.239137 4174,4173
4216 3.614284 0.268261 0.271752 4175,4173
4217 3.548983 0.105740 0.249683 4176,4173
4218 3.694672 0.106717 0.240603 4177,4173
4219 3.613027 0.101130 0.258063 4178,4173
4220 3.622316 0.094915 0.215949 4179,4173
4221 3.625319 0.088699 0.229289 4180,4173
4222 3.770939 0.100572 0.245911 4181,4173
4223 3.776665 0.099035 0.245772 4182,4173
4224 3.646761 0.110349 0.224190 4183,4173
4225 3.664641 0.135143 0.239695 4184,4173
4226 3.650182 0.112584 0.229009 4185,4173
4227 3.561066 13.146706 0.237601 4186,4173
4228 3.606673 0.131511 0.238229 4187,4173
4229 3.624551 0.124248 0.238438 4188,4173
4230 3.559180 0.113772 0.223981 4189,4173
4231 3.568329 0.088069 0.223492 4190,4173
4234 2.142869 0.168527 0.220210 4174
4235 3.547587 0.269378 0.288235 4174,4175
4236 3.624691 0.306533 0.320083 4174,4176
4237 3.702285 0.110349 0.244305 4174,4177
4238 3.728615 0.116006 0.237320 4174,4178
4239 3.611351 19.129866 0.222723 4174,4179
4240 3.536341 0.125226 0.238648 4174,4180
4241 3.709059 0.106648 0.237809 4174,4181
4242 3.794894 0.118381 0.231313 4174,4182
4243 3.582647 0.119428 0.246400 4174,4183
4244 3.610793 0.108883 0.241441 4174,4184
4245 3.641382 0.107975 0.239556 4174,4185
4246 3.556316 0.115447 0.234946 4174,4186
4247 3.607021 0.105181 0.241790 4174,4187
4248 3.656259 0.096311 0.223492 4174,4188
4249 3.556874 0.096311 0.219441 4174,4189
4250 3.525797 0.081505 0.226007 4174,4190
4253 2.145034 0.151206 0.209035 4175
4254 3.645993 0.335378 0.346412 4175,4176
4255 3.699351 0.351860 0.370019 4175,4177
4256 3.775478 0.142127 0.244514 4175,4178
4257 3.558272 0.176070 0.228381 4175,4179
4258 3.539275 0.107765 0.223772 4175,4180
4259 3.743282 0.161752 0.232991 4181,4175
4260 3.720584 0.099105 0.222235 4175,4182
4261 3.570703 0.115029 0.228241 4175,4183
4262 3.641592 0.104134 0.240184 4175,4184
4263 3.653465 0.099104 0.241301 4175,4185
4264 3.576012 0.109860 0.231315 4175,4186
4265 3.597662 0.103574 0.224749 4175,4187
4266 3.606114 0.092330 0.232222 4175,4188
4267 3.573357 0.082552 0.231733 4189,4175
4268 3.584951 0.091283 0.230196 4175,4190
4271 2.126736 0.120895 0.131371 4176
4272 3.677771 0.364292 0.368343 4176,4177
4273 3.763605 0.355702 0.386920 4176,4178
4274 3.582647 0.200514 0.240673 4176,4179
4275 3.594939 0.234317 0.217555 4180,4176
4276 3.725960 0.125155 0.224749 4181,4176
4277 3.716881 0.176558 2.460507 4176,4182
4278 3.554990 0.121175 0.223701 4176,4183
4279 3.591446 0.108953 0.241022 4176,4184
4280 3.547447 0.113562 0.243396 4176,4185
4281 3.531662 0.095683 0.235366 4176,4186
4282 3.598780 0.094216 0.234876 4176,4187
4283 3.595986 0.090165 0.227054 4188,4176
4284 3.543884 0.086603 0.220489 4189,4176
4285 3.583065 0.080457 0.235994 4176,4190
4288 2.142590 0.100083 0.122641 4177
4289 3.803415 0.350813 0.320012 4177,4178
4290 3.600386 2.762710 0.380495 4177,4179
4291 3.577967 0.267143 0.230826 4180,4177
4292 3.756271 0.227892 0.239067 4181,4177
4293 3.691808 0.203937 0.239625 4182,4177
4294 3.620780 0.252406 0.222654 4183,4177
4295 3.622177 0.170761 0.242559 4177,4184
4296 3.601574 0.095822 0.224470 4177,4185
4297 3.560018 0.100502 0.217835 4177,4186
4298 3.619382 0.097987 0.230267 4177,4187
4299 3.627765 0.088140 0.228800 4188,4177
4300 3.558202 0.088070 0.232781 4189,4177
4301 3.535294 0.077314 0.229150 4177,4190
4304 2.162425 0.092819 0.115378 4178
4305 3.512386 0.383079 0.356959 4178,4179
4306 3.547306 0.350184 0.333911 4180,4178
4307 3.754455 0.241860 0.239136 4181,4178
4308 3.599548 0.241301 0.246958 4182,4178
4309 3.609116 0.196114 0.233340 4183,4178
4310 3.656259 0.105600 0.231524 4178,4184
4311 3.640335 0.100432 0.228520 4185,4178
4312 3.567979 0.086115 0.227123 4178,4186
4313 3.599199 0.108673 0.224539 4178,4187
4314 3.615192 0.079898 0.233270 4188,4178
4315 3.532012 0.097289 0.241511 4189,4178
4316 3.494577 0.100013 0.226216 4178,4190
4319 2.074285 0.088279 0.113911 4179
4320 3.543256 0.361359 0.354934 4180,4179
4321 3.731618 0.359962 0.341384 4181,4179
4322 3.626507 0.274267 0.223701 4182,4179
4323 3.582298 0.103575 0.223981 4183,4179
4324 3.633840 0.099384 0.236762 4179,4184
4325 3.566304 0.089187 0.227543 4185,4179
4326 3.626716 0.089677 0.229079 4179,4186
4327 3.648716 0.100921 0.204565 4179,4187
4328 3.635376 0.096870 0.226146 4188,4179
4329 3.562951 0.114120 0.222374 4189,4179
4330 3.585301 0.088629 0.199816 4179,4190
4333 2.101383 0.116565 0.068305 4180
4334 3.738323 0.374978 0.338310 4181,4180
4335 3.569307 0.088629 0.250172 4180,4182
4336 3.593821 0.114679 0.222026 4180,4183
4337 3.659611 0.098406 0.229079 4180,4184
4338 3.592843 0.090724 0.223493 4180,4185
4339 3.594730 0.106158 0.251639 4180,4186
4340 3.692158 0.086114 0.228660 4180,4187
4341 3.626157 0.095333 0.218394 4180,4188
4342 3.581948 0.089677 0.236762 4189,4180
4343 3.596965 0.087092 0.226077 4180,4190
4346 2.181352 0.100083 0.096870 4181
4347 3.619452 0.087581 0.250172 4181,4182
4348 3.619104 0.085136 0.253803 4181,4183
4349 3.674907 0.088140 0.250102 4181,4184
4350 3.633491 0.088210 0.200654 4181,4185
4351 3.673859 0.090724 0.208616 4181,4186
4352 3.704799 8.001153 0.228450 4181,4187
4353 3.622596 0.086673 0.240394 4181,4188
4354 3.612817 0.090654 0.233130 4181,4189
4355 3.535364 0.084508 0.233759 4181,4190
4358 2.097473 0.094775 0.097499 4182
4359 3.643618 0.086114 0.195416 4183,4182
4360 3.626367 0.122292 0.224540 4182,4184
4361 3.555199 0.091701 0.227054 4182,4185
4362 3.663383 0.100501 0.251778 4182,4186
4363 3.670926 0.098406 0.220349 4182,4187
4364 3.656957 0.102108 0.223003 4188,4182
4365 3.637123 0.092679 0.226006 4189,4182
4366 3.522165 0.092260 0.228661 4182,4190
4369 2.124920 0.122640 0.114330 4183
4370 3.650672 0.084019 0.258343 4183,4184
4371 3.544373 0.125295 0.200654 4183,4185
4372 3.662545 0.082552 0.254641 4183,4186
4373 3.683427 0.092749 0.223492 4183,4187
4374 3.617987 0.079480 0.223562 4188,4183
4375 3.613377 0.108673 0.225657 4189,4183
4376 3.581180 0.116565 0.235855 4183,4190
4379 2.080850 0.109302 0.125226 4184
4380 3.566374 0.126342 0.209384 4185,4184
4381 3.656608 0.109301 0.127739 4184,4186
4382 3.718069 0.097288 0.223422 4184,4187
4383 3.639497 0.095892 0.251987 4188,4184
4384 3.607231 0.090165 0.238298 4189,4184
4385 3.658075 0.087162 0.228661 4184,4190
4388 2.115701 0.123479 0.128857 4185
4389 3.677281 0.091282 0.248635 4185,4186
4390 3.681472 0.128438 0.202749 4185,4187
4391 3.645573 0.094775 0.245073 4188,4185
4392 3.596685 0.097359 0.216438 4189,4185
4393 3.547796 0.111117 0.217835 4185,4190
4396 2.122056 0.122292 0.136190 4186
4397 3.675535 0.125784 0.195067 4187,4186
4398 3.608209 0.126273 0.119987 4188,4186
4399 3.551916 0.088070 0.227124 4189,4186
4400 3.594310 0.097358 0.240393 4190,4186
4403 2.135885 0.109162 0.110698 4187
4404 3.661358 0.079340 0.250660 4188,4187
4405 3.637751 0.107835 0.183333 4189,4187
4406 3.557364 0.090793 0.251219 4190,4187
4409 2.110253 0.116705 0.127251 4188
4410 3.664711 0.117054 0.107625 4189,4188
4411 3.595777 0.118660 0.231943 4188,4190
4414 2.153694 0.115099 0.114819 4189
4415 3.529288 0.079479 0.252826 4189,4190
4418 2.116329 0.117613 0.126622 4190
4421 1.797784 -1 -1 4193
4422 4.207865 0.380565 0.804012 4194,4421
4423 4.222043 0.204985 0.639816 4421,4195
4424 4.212475 0.264629 0.702464 4196,4421
4425 4.202697 0.185080 0.608318 4197,4421
4426 4.208354 0.273358 0.706444 4421,4198
4427 4.285879 0.278387 0.702952 4421,4199
4428 4.205491 0.272241 0.706095 4200,4421
4429 4.215687 0.274267 13.121215 4421,4201
4430 4.286787 0.271682 0.678158 4202,4421
4431 4.219808 0.243607 0.693733 4203,4421
4432 4.243205 0.250242 0.711682 4421,4204
4433 4.300684 0.233340 0.710145 4421,4205
4434 4.297820 0.260856 0.688984 4421,4206
4435 4.296075 0.240463 0.707283 4421,4207
4436 4.243484 0.239905 0.706793 4208,4421
4437 4.268208 0.271333 0.685632 4421,4209
4438 4.307529 0.239975 0.672362 4421,4210
4439 4.224767 0.241161 0.713778 4421,4211
4442 2.177022 0.121803 0.132070 4422,4214
4443 3.693555 0.086533 0.232781 4422,4423,4215
4444 3.725541 0.121803 0.139054 4422,4216,4424
4445 3.684405 0.091283 0.240324 4422,4217,4425
4446 3.688666 0.098407 0.253314 4422,4426,4218
4447 3.705078 0.073333 0.261277 4422,4219,4427
4448 3.684894 0.097429 0.249752 4422,4428,4220
4449 3.699212 0.078991 0.228311 4422,4429,4221
4450 3.737485 0.087651 0.229708 4422,4430,4222
4451 3.660241 0.105739 0.229639 4422,4431,4223
4452 3.705288 0.096451 0.240952 4422,4224,4432
4453 3.674488 0.096870 0.220489 4422,4225,4433
4454 3.705008 0.080946 0.124178 4422,4434,4226
4455 3.694113 0.107137 0.228870 4422,4435,4227
4456 3.703054 0.086534 13.141818 4422,4436,4228
4457 3.691319 0.112235 13.129596 4422,4437,4229
4458 3.732036 0.102527 0.198070 4422,4438,4230
4459 3.677282 0.091702 0.122013 4422,4439,4231
4462 2.147758 0.111816 0.132838 4423,4234
4463 3.681122 0.124387 0.182077 4423,4235,4424
4464 3.650882 0.110419 0.149251 4423,4236,4425
4465 3.666037 0.089396 0.251079 4237,4423,4426
4466 3.645084 0.090165 0.224330 4423,4427,4238
4467 3.644247 0.091213 0.128298 4423,4428,4239
4468 3.692926 0.089257 0.226915 4423,4429,4240
4469 3.688316 0.088628 0.225587 4423,4430,4241
4470 3.753548 0.100501 0.229569 4423,4242,4431
4471 3.673929 0.087721 0.223701 4423,4243,4432
4472 3.561764 0.093866 0.231174 4423,4244,4433
4473 3.615612 0.083530 0.228731 4423,4245,4434
4474 3.685523 0.090235 0.229568 4435,4423,4246
4475 3.730431 0.083461 0.234248 4423,4436,4247
4476 3.722399 0.090235 0.225099 4423,4437,4248
4477 3.728545 0.095822 0.233200 4423,4438,4249
4478 3.572240 0.091771 0.227473 4423,4439,4250
4481 2.149923 0.113981 0.147574 4253,4424
4482 3.708361 0.118102 0.250940 4254,4424,4425
4483 3.692646 0.129905 0.252406 4255,4426,4424
4484 3.668691 0.097359 0.231943 4427,4424,4256
4485 3.678678 0.102177 0.248076 4428,4257,4424
4486 3.703681 0.100013 0.242489 4258,4429,4424
4487 3.558063 0.088140 0.239346 4259,4430,4424
4488 3.682799 0.103574 0.243048 4260,4431,4424
4489 3.685243 0.099454 0.233410 4261,4424,4432
4490 3.604786 0.100990 0.219372 4262,4433,4424
4491 3.631675 0.099454 0.230476 4434,4263,4424
4492 3.711294 0.087092 0.219861 4435,4264,4424
4493 3.740837 0.082553 0.226355 4436,4265,4424
4494 3.738113 0.077454 0.230476 4437,4266,4424
4495 3.684475 0.093797 0.227892 4438,4424,4267
4496 3.516088 0.081015 0.238369 4268,4439,4424
4499 2.152437 0.093727 0.117473 4271,4425
4500 3.689155 0.132698 0.249962 4272,4426,4425
4501 3.629091 0.131022 0.255060 4273,4427,4425
4502 3.699142 0.095822 0.235994 4428,4274,4425
4503 3.686082 0.087162 0.227683 4429,4275,4425
4504 3.572939 0.098336 0.235923 4430,4276,4425
4505 3.600176 0.093238 0.243257 4277,4431,4425
4506 3.749706 0.096870 0.235365 4278,4432,4425
4507 3.564767 0.110209 0.233130 4279,4433,4425
4508 3.609675 0.093797 0.238298 4434,4280,4425
4509 3.752012 0.091212 0.227054 4435,4281,4425
4510 3.791402 0.083601 0.227613 4282,4436,4425
4511 3.758158 0.081016 0.238857 4283,4437,4425
4512 3.718837 0.088139 0.230197 4438,4284,4425
4513 3.577758 0.084089 0.230686 4285,4439,4425
4516 2.126876 0.103016 0.122641 4288,4426
4517 3.610094 0.101480 0.255619 4289,4426,4427
4518 3.727009 0.138355 0.241442 4428,4426,4290
4519 3.662685 0.090724 0.235783 4291,4429,4426
4520 3.593402 0.088629 0.227892 4426,4430,4292
4521 3.579643 0.095333 0.229428 4431,4426,4293
4522 3.599897 0.096381 0.232781 4294,4426,4432
4523 3.638938 0.090654 0.222515 4295,4426,4433
4524 3.606043 0.095822 0.230197 4434,4296,4426
4525 3.655561 0.088070 0.234248 4435,4297,4426
4526 3.740628 0.094285 0.227194 4436,4426,4298
4527 3.733434 0.083600 0.223841 4299,4437,4426
4528 3.673300 0.088699 0.225587 4300,4426,4438
4529 3.617567 0.091212 0.220001 4439,4301,4426
4532 2.114933 0.085555 0.115377 4427,4304
4533 3.671694 0.095333 0.251987 4428,4427,4305
4534 3.630209 13.121354 0.255550 4429,4427,4306
4535 3.570424 0.087092 0.228731 4307,4427,4430
4536 3.619871 0.079968 0.215321 4308,4431,4427
4537 3.704938 0.084089 0.231664 4309,4427,4432
4538 3.688456 0.096660 0.229149 4310,4427,4433
4539 3.563579 0.101480 0.211270 4434,4427,4311
4540 3.671554 0.085626 0.229150 4435,4312,4427
4541 3.665269 0.106018 0.241581 4436,4427,4313
4542 3.636913 0.100013 0.216438 4437,4314,4427
4543 3.628741 0.091772 0.231104 4315,4427,4438
4544 3.683707 0.084019 0.231244 4439,4427,4316
4547 2.134977 0.086603 0.124597 4319,4428
4548 3.712202 0.097568 0.264139 4320,4428,4429
4549 3.547656 0.103505 0.247588 4321,4428,4430
4550 3.666527 0.091282 0.222444 4428,4322,4431
4551 3.527891 0.087162 0.233618 4428,4323,4432
4552 3.602551 0.095962 0.215321 4428,4324,4433
4553 3.650392 0.090235 0.229568 4434,4428,4325
4554 3.705568 0.087650 0.234736 4435,4428,4326
4555 3.775059 0.093727 0.236831 4428,4436,4327
4556 3.694462 0.095892 0.233270 4328,4428,4437
4557 3.574195 0.094774 0.234806 4329,4428,4438
4558 3.770101 0.083041 0.226076 4428,4439,4330
4561 2.158305 0.093308 0.107765 4429,4333
4562 3.615402 0.090654 0.248635 4334,4429,4430
4563 3.572449 0.095822 0.233829 4335,4429,4431
4564 3.690621 0.087720 0.224050 4336,4429,4432
4565 3.575034 0.084089 0.232292 4337,4429,4433
4566 3.595917 0.086673 0.225517 4434,4429,4338
4567 3.721212 0.091911 0.208686 4435,4429,4339
4568 3.801180 0.092260 0.227054 4436,4429,4340
4569 3.674838 0.105390 0.225657 4437,4429,4341
4570 3.628253 0.097359 0.232712 4429,4438,4342
4571 3.592354 0.112164 0.230336 4343,4429,4439
4574 2.087695 0.104553 0.106089 4346,4430
4575 3.547377 0.100571 0.233339 4347,4431,4430
4576 3.613936 0.095334 0.232362 4348,4430,4432
4577 3.639567 0.094285 0.220279 4349,4430,4433
4578 3.607860 0.094356 0.229219 4434,4350,4430
4579 3.579085 0.099454 0.231453 4435,4430,4351
4580 3.624621 0.093797 0.242139 4436,4430,4352
4581 3.657307 0.088209 0.227821 4437,4430,4353
4582 3.663662 0.094286 0.238019 4354,4430,4438
4583 3.690621 0.084578 0.226076 4355,4439,4430
4586 2.103618 0.098476 0.127879 4358,4431
4587 3.644596 0.092749 0.228172 4431,4359,4432
4588 3.565257 0.099384 0.223073 4431,4360,4433
4589 3.580761 0.093308 0.227124 4434,4361,4431
4590 3.631745 0.098895 0.236972 4435,4431,4362
4591 3.592215 0.112095 0.227054 4436,4431,4363
4592 3.657098 0.093797 0.222933 4364,4437,4431
4593 3.614494 0.095403 0.235784 4365,4431,4438
4594 3.643898 0.093797 0.222445 4439,4366,4431
4597 2.064297 0.105111 0.131371 4369,4432
4598 3.524120 0.090235 0.229219 4370,4433,4432
4599 3.665268 0.093797 0.224470 4434,4371,4432
4600 3.762209 0.092819 0.227194 4435,4372,4432
4601 3.744190 0.082483 0.231244 4373,4436,4432
4602 3.726449 0.088140 0.224959 4437,4374,4432
4603 3.718348 0.089117 0.236832 4375,4438,4432
4604 3.741885 0.088140 0.232083 4376,4439,4432
4607 2.034336 0.094844 0.113353 4379,4433
4608 3.616660 0.084578 0.220069 4434,4380,4433
4609 3.577757 0.086115 0.230825 4435,4381,4433
4610 3.701866 0.089187 0.232711 4382,4436,4433
4611 3.580831 0.098056 0.218882 4383,4437,4433
4612 3.702494 0.084019 0.220348 4438,4433,4384
4613 3.726938 0.082552 0.230685 4439,4385,4433
4616 2.121009 0.103225 0.104622 4434,4388
4617 3.615332 0.090724 0.228171 4435,4434,4389
4618 3.645782 0.092819 0.229987 4390,4434,4436
4619 3.696977 0.082413 0.236343 4434,4437,4391
4620 3.650951 0.101480 0.226565 4434,4392,4438
4621 3.665200 0.110698 0.233689 4434,4393,4439
4624 2.179397 0.131581 0.108813 4435,4396
4625 3.776247 0.087022 0.225588 4435,4436,4397
4626 3.664570 0.085066 0.223073 4435,4398,4437
4627 3.566304 0.085625 0.214203 4435,4399,4438
4628 3.604786 0.088698 0.233409 4435,4400,4439
4631 2.154113 0.117194 0.116844 4436,4403
4632 3.606323 0.084578 0.237809 4404,4437,4436
4633 3.572030 0.100502 0.230475 4405,4436,4438
4634 3.653255 0.081505 13.178345 4406,4436,4439
4637 2.123593 0.126902 0.107695 4437,4409
4638 3.571332 0.092749 0.221955 4437,4438,4410
4639 3.589491 0.124178 0.200654 4437,4439,4411
4642 2.121567 0.086045 0.102597 4414,4438
4643 3.488291 0.117054 0.192413 4415,4439,4438
4646 2.153834 0.120686 0.107137 4439,4418
4649 1.794431 -1 -1 4442
4650 4.212755 0.277340 0.803733 4443,4649
4651 4.216944 0.216228 0.646940 4649,4444
4652 4.217363 0.272730 0.703371 4649,4445
4653 4.212475 0.182356 0.595118 4649,4446
4654 4.248164 0.272870 0.706863 4649,4447
4655 4.205281 0.273219 0.710914 4448,4649
4656 4.192780 0.267632 0.694921 4449,4649
4657 4.284900 0.270146 17.411982 4649,4450
4658 4.309415 0.261556 0.700997 4451,4649
4659 4.198437 0.264558 0.692966 4452,4649
4660 4.188729 0.285581 0.704279 4453,4649
4661 4.271281 0.266025 0.698691 4649,4454
4662 4.167706 0.265606 0.717270 4649,4455
4663 4.204303 0.095473 0.630178 4649,4456
4664 4.192360 0.276362 0.617258 4649,4457
4665 4.197529 0.254781 0.697225 4649,4458
4666 4.273656 0.271753 0.687726 4459,4649
4669 2.175415 0.114120 0.105740 4462,4650
4670 3.663313 0.117124 0.242140 4651,4650,4463
4671 3.664919 0.126901 0.182216 4464,4650,4652
4672 3.686640 0.094216 0.237810 4465,4650,4653
4673 3.709059 0.098476 0.248635 4466,4654,4650
4674 3.697046 0.095404 0.217416 4655,4467,4650
4675 3.701866 0.099454 0.219930 4656,4650,4468
4676 3.655281 0.092260 0.097358 4657,4650,4469
4677 3.636075 0.120126 0.230615 4470,4650,4658
4678 3.715136 0.098895 0.221397 4471,4659,4650
4679 3.650113 0.101969 0.223073 4472,4660,4650
4680 3.632234 0.094844 0.233759 4473,4650,4661
4681 3.722399 0.080458 0.225517 4650,4662,4474
4682 3.664012 0.092260 0.222025 4475,4650,4663
4683 3.689433 0.086044 0.225518 4664,4650,4476
4684 3.704729 0.088698 0.228659 4665,4650,4477
4685 3.603250 0.086673 0.196743 4478,4666,4650
4688 2.130856 0.112095 0.137517 4651,4481
4689 3.644457 0.120756 0.224120 4651,4482,4652
4690 3.582786 0.115587 0.239486 4651,4653,4483
4691 3.642570 0.093308 0.230755 4484,4654,4651
4692 3.686850 0.097358 0.222025 4655,4485,4651
4693 3.686570 0.083460 0.221537 4486,4656,4651
4694 3.618336 0.106508 0.222933 4657,4487,4651
4695 3.684964 0.090724 0.228729 4488,4651,4658
4696 3.615333 0.100362 0.228102 4659,4651,4489
4697 3.647948 0.086533 0.226285 4660,4651,4490
4698 3.603948 0.081993 0.234317 4651,4661,4491
4699 3.610583 0.090723 0.227054 4651,4492,4662
4700 3.614983 0.090095 0.207498 4493,4651,4663
4701 3.660170 0.084019 0.234248 4664,4494,4651
4702 3.609884 0.087651 0.233200 4665,4495,4651
4703 3.556875 0.089676 0.234806 4496,4666,4651
4706 2.117867 0.120895 0.113352 4499,4652
4707 3.614983 0.141847 0.221536 4500,4653,4652
4708 3.673579 0.142546 0.228171 4654,4501,4652
4709 3.698652 0.081924 0.226076 4655,4502,4652
4710 3.686780 0.096800 0.227124 4656,4503,4652
4711 3.623434 0.088628 0.232222 4504,4657,4652
4712 3.587186 0.086603 0.225518 4505,4658,4652
4713 3.591516 0.086673 0.232711 4506,4659,4652
4714 3.635098 0.094845 0.231733 4507,4660,4652
4715 3.656050 0.087092 0.239486 4508,4661,4652
4716 3.653257 0.094285 0.226006 4509,4662,4652
4717 3.587884 0.088698 0.233829 4510,4663,4652
4718 3.642221 0.085625 0.226146 4664,4511,4652
4719 3.600177 0.095822 0.223003 4512,4665,4652
4720 3.571542 0.089607 0.228241 4513,4666,4652
4723 2.144825 0.098407 0.115936 4516,4653
4724 3.617568 0.105601 0.236273 4654,4517,4653
4725 3.627834 0.092190 0.229219 4655,4518,4653
4726 3.625948 0.093308 0.224051 4656,4519,4653
4727 3.615262 0.099385 0.235854 4657,4653,4520
4728 3.538786 0.093797 0.230685 4521,4658,4653
4729 3.717789 0.100990 0.232641 4659,4522,4653
4730 3.615332 0.096870 0.226076 4523,4660,4653
4731 3.601922 0.119149 0.223492 4524,4661,4653
4732 3.590119 0.089188 0.206032 4525,4662,4653
4733 3.611981 0.098406 0.228102 4526,4653,4663
4734 3.573427 0.088629 0.235435 4664,4527,4653
4735 3.636494 0.094355 0.229708 4665,4653,4528
4736 3.510780 0.090724 0.233759 4666,4529,4653
4739 2.115282 0.101689 0.114331 4654,4532
4740 3.551567 0.084089 0.237879 4655,4654,4533
4741 3.612539 0.090165 0.223422 4534,4654,4656
4742 3.521326 0.091772 0.224609 4654,4657,4535
4743 3.658145 0.087092 0.227891 4654,4536,4658
4744 3.652138 0.089606 0.221397 4654,4537,4659
4745 3.586069 0.126273 0.225588 4654,4660,4538
4746 3.658354 0.083041 0.234318 4654,4661,4539
4747 3.555688 0.095333 0.227124 4654,4662,4540
4748 3.641104 0.082483 0.230756 4541,4654,4663
4749 3.650812 0.097987 0.236832 4664,4654,4542
4750 3.687268 0.087651 0.219930 4654,4543,4665
4751 3.651370 0.083530 0.233270 4654,4666,4544
4754 2.113885 0.096451 0.111816 4655,4547
4755 3.698722 0.098337 0.230824 4655,4548,4656
4756 3.602761 0.089746 0.227124 4655,4549,4657
4757 3.687060 0.097428 0.245562 4655,4658,4550
4758 3.655281 0.093797 0.233270 4655,4659,4551
4759 3.584043 0.091772 0.227264 4655,4552,4660
4760 3.592215 0.092260 0.222026 4655,4661,4553
4761 3.658913 0.086673 0.224540 4655,4554,4662
4762 3.593054 0.085626 0.214273 4655,4555,4663
4763 3.537879 0.074311 0.226216 4655,4664,4556
4764 3.557504 0.085066 0.227682 4655,4665,4557
4765 3.745726 0.091143 0.220349 4655,4666,4558
4768 2.142799 0.096312 0.123061 4561,4656
4769 3.566304 0.095263 0.234876 4562,4657,4656
4770 3.585510 13.105430 0.226565 4563,4656,4658
4771 3.659891 0.083530 0.226635 4656,4659,4564
4772 3.573638 0.089396 0.238927 4656,4660,4565
4773 3.509313 0.081574 0.222444 4656,4661,4566
4774 3.607370 0.089676 0.219372 4656,4567,4662
4775 3.616659 0.098407 0.224051 4568,4656,4663
4776 3.548285 0.087162 0.225028 4664,4569,4656
4777 3.561833 0.087092 0.099524 4570,4665,4656
4778 3.517764 0.082971 0.228661 4571,4666,4656
4781 2.139866 0.094775 0.115378 4657,4574
4782 3.641663 0.089746 0.225377 4657,4658,4575
4783 3.547168 0.093797 0.225587 4657,4659,4576
4784 3.663033 0.090724 0.232222 4657,4660,4577
4785 3.608628 0.077873 0.227124 4578,4657,4661
4786 3.591027 0.094076 0.222584 4579,4657,4662
4787 3.610513 0.087651 0.234805 4657,4580,4663
4788 3.681682 0.090235 13.176460 4664,4657,4581
4789 3.610723 0.097079 0.230615 4665,4657,4582
4790 3.752640 0.096870 0.224470 4657,4666,4583
4793 2.077009 0.099942 0.104063 4586,4658
4794 3.706405 0.098405 0.233270 4587,4659,4658
4795 3.606113 0.089187 0.223492 4660,4658,4588
4796 3.537599 0.096870 0.236832 4589,4658,4661
4797 3.598920 0.086114 0.226635 4590,4658,4662
4798 3.723726 0.079968 0.236832 4591,4658,4663
4799 3.608697 0.092260 0.232152 4664,4592,4658
4800 3.612399 0.080457 0.232641 4665,4658,4593
4801 3.732038 0.089188 0.226635 4666,4658,4594
4804 2.133650 0.092750 0.118381 4659,4597
4805 3.550519 0.087092 0.238787 4660,4598,4659
4806 3.499536 0.093238 0.223003 4599,4659,4661
4807 3.633771 0.093797 0.230755 4659,4600,4662
4808 3.552196 0.088210 0.218324 4601,4659,4663
4809 3.581389 0.100920 0.219931 4664,4602,4659
4810 3.588443 0.092749 0.223562 4665,4659,4603
4811 3.589840 0.088768 0.227682 4666,4659,4604
4814 2.122546 0.109791 0.113282 4607,4660
4815 3.599268 0.087650 0.241790 4660,4661,4608
4816 3.636913 0.080946 0.229428 4660,4662,4609
4817 3.570145 0.084578 0.228729 4610,4660,4663
4818 3.576291 0.092749 0.232292 4664,4611,4660
4819 3.526564 0.088210 0.228660 4665,4612,4660
4820 3.615611 0.085556 0.225098 4666,4660,4613
4823 2.121917 0.143244 0.121035 4661,4616
4824 3.567840 0.077943 0.229638 4617,4661,4662
4825 3.671065 0.094356 0.225098 4618,4661,4663
4826 3.637961 0.087720 0.231244 4664,4619,4661
4827 3.569516 0.092260 0.234177 4620,4665,4661
4828 3.687757 0.092539 0.226705 4621,4666,4661
4831 2.093491 0.095264 0.120057 4624,4662
4832 3.543116 0.089187 0.221047 4625,4662,4663
4833 3.622735 0.080038 0.228731 4664,4626,4662
4834 3.571332 0.081435 0.217416 4665,4662,4627
4835 3.540184 0.076336 0.224959 4628,4666,4662
4838 2.092723 0.090724 0.123549 4631,4663
4839 3.540253 0.085555 0.099384 4664,4632,4663
4840 3.559460 0.095822 0.248774 4633,4665,4663
4841 3.598011 0.091212 0.236063 4666,4634,4663
4844 2.082876 0.094775 0.122362 4664,4637
4845 3.494716 0.080946 0.250171 4664,4665,4638
4846 3.625809 0.125296 0.123550 4664,4666,4639
4849 2.079453 0.115448 0.096660 4642,4665
4850 3.500583 0.081435 0.254571 4665,4666,4643
4853 2.122825 0.084019 0.098406 4666,4646
4856 1.834939 -1 -1 4669
4857 4.196760 0.366038 0.696456 4856,4670
4858 4.165611 0.218603 0.654133 4856,4671
4859 4.180837 0.260438 0.696806 4856,4672
4860 4.210729 0.199118 0.613625 4856,4673
4861 4.219249 0.263651 0.694851 4856,4674
4862 4.254868 0.197720 0.691149 4856,4675
4863 4.269745 0.263442 0.707772 4856,4676
4864 4.233637 0.208406 0.688634 4677,4856
4865 4.163935 0.243257 0.686120 4856,4678
4866 4.223161 0.273359 0.682070 4856,4679
4867 4.287065 0.259390 0.703022 4856,4680
4868 4.285110 0.245562 0.697225 4856,4681
4869 4.293631 0.251848 0.676971 4856,4682
4870 4.290209 0.248914 0.685142 4856,4683
4871 4.274215 0.254781 0.693802 4856,4684
4872 4.274633 0.248495 0.688635 4856,4685
4875 2.105644 0.112514 0.118730 4857,4688
4876 3.540603 0.104553 0.171950 4857,4689,4858
4877 3.647040 0.123269 0.204286 4857,4690,4859
4878 3.540951 0.086673 0.246610 4857,4691,4860
4879 3.701586 0.099454 0.191504 4857,4861,4692
4880 3.588584 0.099454 0.248006 4857,4862,4693
4881 3.706615 0.088140 0.245562 4857,4863,4694
4882 3.630558 0.086603 0.227473 4857,4695,4864
4883 3.554361 0.088628 0.225587 4857,4696,4865
4884 3.714926 0.093238 0.245003 4857,4866,4697
4885 3.742444 0.096381 0.226146 4857,4698,4867
4886 3.710037 0.099454 0.229150 4857,4699,4868
4887 3.717999 0.080457 0.253034 4857,4869,4700
4888 3.692576 0.092749 0.232711 4857,4870,4701
4889 3.704589 0.089676 0.236832 4857,4871,4702
4890 3.754526 0.075359 0.249263 4857,4703,4872
4893 2.112908 0.146877 0.127181 4706,4858
4894 3.602621 0.095822 0.182146 4707,4859,4858
4895 3.529218 0.091283 0.235365 4860,4708,4858
4896 3.671485 0.088698 0.193391 4861,4709,4858
4897 3.544513 0.128019 0.194368 4862,4710,4858
4898 3.680913 0.096870 0.244095 4863,4711,4858
4899 3.654723 0.085555 0.251498 4712,4864,4858
4900 3.520488 0.123129 0.238368 4713,4865,4858
4901 3.621199 0.090724 0.227193 4714,4866,4858
4902 3.643059 0.095612 0.232152 4715,4867,4858
4903 3.623434 0.094286 0.220978 4868,4716,4858
4904 3.595916 0.096171 0.219372 4717,4869,4858
4905 3.601573 0.088558 0.225098 4718,4870,4858
4906 3.590050 0.091771 0.225029 4871,4719,4858
4907 3.623574 0.093727 0.218394 4872,4720,4858
4910 2.113885 0.118241 0.098616 4723,4859
4911 3.586838 0.082482 0.230756 4724,4860,4859
4912 3.680424 0.100431 0.229079 4725,4861,4859
4913 3.669320 0.129835 0.203797 4862,4726,4859
4914 3.662406 0.108185 0.188222 4863,4727,4859
4915 3.683986 0.085067 0.246959 4864,4859,4728
4916 3.559599 0.086603 0.243955 4729,4859,4865
4917 3.632444 0.086044 0.227263 4730,4866,4859
4918 3.672532 0.105739 0.227613 4731,4867,4859
4919 3.571332 0.097847 0.238857 4732,4868,4859
4920 3.615961 0.099524 0.227054 4733,4869,4859
4921 3.631117 0.087721 0.231664 4734,4870,4859
4922 3.612888 0.096312 0.228520 4871,4859,4735
4923 3.565326 0.087651 0.233829 4736,4859,4872
4926 2.119472 0.097428 0.118729 4860,4739
4927 3.672463 0.097359 0.236343 4740,4860,4861
4928 3.629440 0.096311 0.224540 4862,4860,4741
4929 3.682589 0.110977 0.210432 4863,4860,4742
4930 3.688805 0.114051 0.194997 4743,4860,4864
4931 3.595428 0.084019 0.253244 4860,4744,4865
4932 3.600945 0.091143 0.249263 4860,4866,4745
4933 3.672742 0.091212 0.228661 4860,4867,4746
4934 3.626367 0.085066 0.220349 4860,4747,4868
4935 3.630697 0.078921 0.236482 4748,4860,4869
4936 3.557573 0.091213 0.227682 4860,4749,4870
4937 3.588513 0.077943 0.207429 4750,4860,4871
4938 3.637472 0.100571 0.238926 4751,4860,4872
4941 2.173949 0.117124 0.106019 4861,4754
4942 3.742653 0.098406 0.232711 4862,4861,4755
4943 3.721980 0.094845 0.236343 4863,4861,4756
4944 3.684545 0.123270 0.190318 4861,4864,4757
4945 3.702843 0.129486 0.183752 4758,4861,4865
4946 3.597034 0.078921 0.233829 4759,4861,4866
4947 3.635098 0.089606 0.232501 4760,4861,4867
4948 3.563580 0.087092 0.233828 4761,4868,4861
4949 3.553523 0.081016 0.226285 4869,4861,4762
4950 3.620920 0.092261 0.233270 4763,4861,4870
4951 3.518603 0.097498 0.229569 4861,4871,4764
4952 3.566513 0.096870 0.216229 4861,4765,4872
4955 2.158234 0.097429 0.116915 4862,4768
4956 3.661217 0.093797 0.225657 4862,4863,4769
4957 3.632304 0.101410 0.231105 4862,4770,4864
4958 3.568957 0.092191 0.212177 4862,4771,4865
4959 3.621129 0.094844 0.230197 4862,4772,4866
4960 3.621618 0.100990 0.219511 4862,4867,4773
4961 3.677561 0.090654 0.231803 4862,4868,4774
4962 3.667294 0.086534 0.233689 4862,4775,4869
4963 3.588513 0.086114 0.231175 4862,4776,4870
4964 3.512456 0.101968 0.230127 4862,4777,4871
4965 3.553593 0.111955 0.217904 4862,4778,4872
4968 2.155021 0.093378 0.101479 4863,4781
4969 3.635307 0.089676 0.230127 4863,4782,4864
4970 3.624342 0.092261 0.227683 4863,4783,4865
4971 3.669181 0.081505 0.213225 4863,4784,4866
4972 3.586906 0.090095 0.218813 4863,4785,4867
4973 3.660659 0.081365 0.227543 4863,4868,4786
4974 3.612818 0.095822 0.214622 4787,4863,4869
4975 3.575802 0.105739 0.232432 4863,4870,4788
4976 3.627484 0.092750 0.237461 4863,4871,4789
4977 3.556666 0.085137 0.224469 4863,4790,4872
4980 2.132184 0.097498 0.098406 4864,4793
4981 3.509802 0.085625 0.231734 4794,4864,4865
4982 3.682869 0.101619 0.217835 4795,4866,4864
4983 3.703751 0.091631 0.238437 4796,4867,4864
4984 3.593473 0.089187 0.229708 4868,4797,4864
4985 3.633072 0.090723 0.238508 4869,4798,4864
4986 3.651231 0.096381 0.227683 4870,4864,4799
4987 3.617637 0.086114 0.228660 4800,4871,4864
4988 3.604856 0.084019 0.227613 4801,4864,4872
4991 2.133231 0.094286 0.100990 4804,4865
4992 3.669739 0.097429 0.235295 4866,4805,4865
4993 3.695720 0.087092 0.241581 4867,4806,4865
4994 3.641453 0.094845 0.230196 4868,4807,4865
4995 3.579992 0.088210 0.225029 4808,4869,4865
4996 3.604646 0.089746 0.235994 4809,4870,4865
4997 3.570284 0.087092 0.211759 4810,4871,4865
4998 3.621129 0.086673 0.233758 4811,4872,4865
5001 2.084273 0.100502 0.098337 4866,4814
5002 3.591865 0.089746 0.225797 4866,4867,4815
5003 3.616938 0.077454 0.233898 4868,4866,4816
5004 3.594310 0.095612 0.221956 4817,4869,4866
5005 3.614913 0.100990 0.222025 4818,4866,4870
5006 3.554850 0.093308 0.228102 4871,4819,4866
5007 3.553732 0.097917 9.377096 4866,4820,4872
5010 2.108507 0.095403 0.102457 4867,4823
5011 3.565885 0.086603 0.222514 4868,4824,4867
5012 3.609536 0.111047 0.232711 4825,4869,4867
5013 3.602062 0.091702 0.230685 4826,4867,4870
5014 3.670507 0.088140 0.228171 4827,4871,4867
5015 3.668621 0.084089 0.242348 4867,4828,4872
5018 2.077359 0.110419 0.089187 4831,4868
5019 3.596475 0.092749 0.236552 4832,4868,4869
5020 3.610652 0.087651 0.226076 4868,4833,4870
5021 3.606044 0.088699 0.232222 4868,4871,4834
5022 3.681192 0.094845 0.223422 4868,4835,4872
5025 2.133929 0.091213 0.095822 4838,4869
5026 3.603669 0.091701 0.228102 4839,4869,4870
5027 3.662265 0.108673 0.224609 4840,4869,4871
5028 3.672392 0.089676 0.225029 4869,4841,4872
5031 2.149644 0.083461 0.106018 4844,4870
5032 3.602830 0.084578 0.218393 4845,4871,4870
5033 3.579014 0.112375 0.197162 4846,4870,4872
5036 2.080361 0.096869 0.101968 4871,4849
5037 3.679586 0.112515 0.194438 4850,4871,4872
5040 2.150132 0.097988 0.088139 4853,4872
5043 1.808889 -1 -1 4875
5044 4.218691 0.367435 0.669219 4876,5043
5045 4.243833 0.210012 0.655110 4877,5043
5046 4.226024 0.270216 0.684096 5043,4878
5047 4.225186 0.185429 7.781083 4879,5043
5048 4.245370 0.270635 13.474471 4880,5043
5049 4.198577 0.210013 0.682070 4881,5043
5050 4.308856 0.236413 0.687378 4882,5043
5051 4.192361 0.251708 0.688495 4883,5043
5052 4.229586 0.253384 0.677530 4884,5043
5053 4.214151 0.255828 0.683816 5043,4885
5054 4.300684 0.251708 0.690800 5043,4886
5055 4.225745 0.249124 0.679765 5043,4887
5056 4.338608 0.253314 0.686819 4888,5043
5057 4.215269 0.254711 0.698343 4889,5043
5058 4.358723 0.084089 0.695270 4890,5043
5061 2.124571 0.139752 0.111257 4893,5044
5062 3.634818 0.089188 0.225518 5045,5044,4894
5063 3.672392 0.091771 0.223562 5046,5044,4895
5064 3.679726 0.090235 0.207778 5047,5044,4896
5065 3.668481 0.095822 0.194019 5044,4897,5048
5066 3.702145 0.087651 0.250032 5044,4898,5049
5067 3.655561 0.087092 0.249752 4899,5044,5050
5068 3.607999 0.091772 0.221536 4900,5044,5051
5069 3.730152 0.095822 0.249682 4901,5044,5052
5070 3.731687 0.091771 0.233409 4902,5044,5053
5071 3.652907 0.085625 0.233829 5054,4903,5044
5072 3.720024 0.090165 0.229638 5055,5044,4904
5073 3.754176 0.096870 0.233200 5056,5044,4905
5074 3.697395 0.092749 0.231734 5044,5057,4906
5075 3.695510 0.097359 0.234317 5044,5058,4907
5078 2.131485 0.127949 0.129765 5045,4910
5079 3.683287 0.097918 0.231733 5046,5045,4911
5080 3.698933 0.138495 0.232781 5047,5045,4912
5081 3.674487 0.111467 0.181099 5045,4913,5048
5082 3.636843 0.118591 0.185289 5045,4914,5049
5083 3.686082 0.084089 0.248076 5045,4915,5050
5084 3.670786 0.090235 0.244654 4916,5045,5051
5085 3.679097 0.089188 0.231733 4917,5045,5052
5086 3.705567 0.085066 0.206032 5045,4918,5053
5087 3.584113 0.087651 0.231174 5054,5045,4919
5088 3.600735 0.084089 0.234178 5055,5045,4920
5089 3.766260 0.097358 0.220419 5045,5056,4921
5090 3.614913 0.091142 0.223981 4922,5045,5057
5091 3.610513 0.085136 0.235366 4923,5045,5058
5094 2.123453 0.119359 0.093308 5046,4926
5095 3.593612 0.100502 0.244654 5047,5046,4927
5096 3.622246 0.102946 0.229708 5046,4928,5048
5097 3.623574 0.117054 0.192901 5046,4929,5049
5098 3.785675 0.138425 0.194438 4930,5046,5050
5099 3.662685 0.087162 0.239905 5046,5051,4931
5100 3.584952 0.079898 0.248565 5046,4932,5052
5101 3.671065 0.101480 0.233548 5046,4933,5053
5102 3.520069 0.087581 0.222514 5054,5046,4934
5103 3.613447 0.090235 0.230616 5046,4935,5055
5104 3.674767 0.094286 0.222444 5046,5056,4936
5105 3.688246 0.080038 0.228172 5046,5057,4937
5106 3.632722 0.079898 0.240393 4938,5046,5058
5109 2.107600 0.106089 0.100152 5047,4941
5110 3.708361 0.099943 0.236831 5047,4942,5048
5111 3.727427 0.092749 0.211619 5047,4943,5049
5112 3.660100 0.105321 13.155506 5047,4944,5050
5113 3.694533 0.115029 0.188502 5047,4945,5051
5114 3.562672 0.088698 0.256806 5047,4946,5052
5115 3.689574 0.091771 0.221955 5047,4947,5053
5116 3.681263 0.091772 0.221886 5047,5054,4948
5117 3.680844 0.085556 0.221466 5047,5055,4949
5118 3.726869 0.103994 0.230127 5047,5056,4950
5119 3.587046 0.078432 0.227612 5047,5057,4951
5120 3.729592 0.086114 0.219023 5047,4952,5058
5123 2.105783 0.117682 0.106648 4955,5048
5124 3.713250 0.081505 0.233200 4956,5049,5048
5125 3.702633 0.106089 0.226635 5050,4957,5048
5126 3.721980 0.123270 0.190457 4958,5051,5048
5127 3.670716 0.094845 0.232711 4959,5052,5048
5128 3.630417 0.091213 0.234318 5053,4960,5048
5129 3.558622 0.085066 0.245282 5054,4961,5048
5130 3.548354 0.087162 0.228102 5055,4962,5048
5131 3.676792 0.079968 0.231733 5056,4963,5048
5132 3.571193 0.096381 0.235854 5057,4964,5048
5133 3.662755 0.095892 0.230685 4965,5058,5048
5136 2.135396 0.105670 0.111746 5049,4968
5137 3.620920 0.107137 0.218953 5050,4969,5049
5138 3.698793 0.098406 0.215809 4970,5051,5049
5139 3.671554 0.098337 0.226146 5052,5049,4971
5140 3.722399 0.089677 0.235784 4972,5049,5053
5141 3.643339 0.085626 0.225169 5054,5049,4973
5142 3.673860 0.092819 0.233688 4974,5055,5049
5143 3.730011 0.092261 0.226216 4975,5056,5049
5144 3.681122 0.093867 0.227683 4976,5057,5049
5145 3.708151 0.085067 0.226565 4977,5058,5049
5148 2.129390 0.121664 0.107695 4980,5050
5149 3.643548 0.091701 0.246539 4981,5050,5051
5150 3.671066 0.090654 0.217975 4982,5050,5052
5151 3.689644 0.078921 0.229778 4983,5050,5053
5152 3.613796 0.091213 0.232781 5054,5050,4984
5153 3.672811 0.091772 0.221955 5055,5050,4985
5154 3.668202 0.106647 0.226565 5056,5050,4986
5155 3.657167 0.095822 0.227194 5057,5050,4987
5156 3.530685 0.084997 0.229150 5058,5050,4988
5159 2.171924 0.094286 0.092679 5051,4991
5160 3.588583 0.097918 0.246679 4992,5051,5052
5161 3.714018 0.092260 0.218394 4993,5051,5053
5162 3.554989 0.091213 0.228590 5054,4994,5051
5163 3.639078 0.083530 0.232501 5055,4995,5051
5164 3.740069 0.091771 0.233759 4996,5056,5051
5165 3.522514 0.080946 0.225587 4997,5057,5051
5166 3.564628 0.104902 0.225587 5058,5051,4998
5169 2.154254 0.092329 0.094216 5001,5052
5170 3.697256 0.081505 0.224050 5002,5052,5053
5171 3.543047 0.081435 0.224539 5054,5003,5052
5172 3.592144 0.093727 0.230197 5055,5052,5004
5173 3.738742 0.092609 0.225029 5056,5005,5052
5174 3.626157 0.091772 0.231174 5057,5006,5052
5175 3.697466 0.100432 0.227124 5007,5058,5052
5178 2.038108 0.082482 0.091283 5010,5053
5179 3.475300 0.085625 0.226216 5054,5011,5053
5180 3.563929 0.088140 0.216368 5055,5012,5053
5181 3.714018 0.090724 0.228660 5056,5013,5053
5182 3.577688 0.092749 0.220419 5057,5014,5053
5183 3.733783 0.092190 0.221955 5058,5015,5053
5186 2.170597 0.104203 0.098895 5054,5018
5187 3.689085 0.091213 0.224540 5054,5055,5019
5188 3.709408 0.098476 0.232711 5054,5020,5056
5189 3.663034 0.078991 0.227891 5054,5021,5057
5190 3.608418 0.087651 0.227822 5054,5022,5058
5193 2.089789 0.092749 0.091213 5055,5025
5194 3.659053 0.091771 0.227612 5055,5056,5026
5195 3.617847 0.084089 0.249683 5055,5057,5027
5196 3.613795 0.090165 0.235365 5055,5058,5028
5199 2.145174 0.108114 0.096381 5056,5031
5200 3.663522 0.091772 0.234737 5056,5057,5032
5201 3.603879 0.129975 0.115308 5056,5058,5033
5204 2.150482 0.091282 0.092749 5036,5057
5205 3.668482 0.099454 0.261905 5037,5057,5058
5208 2.069326 0.089187 0.092750 5058,5040
5211 1.781999 -1 -1 5061
5212 4.233497 0.381543 0.110279 5062,5211
5213 4.252704 0.223003 0.646521 5063,5211
5214 4.225186 0.263581 0.691219 5064,5211
5215 4.243903 0.232431 0.719714 5065,5211
5216 4.210310 0.250800 13.087482 5066,5211
5217 4.315211 0.264629 0.674108 5067,5211
5218 4.201649 0.258412 0.668800 5068,5211
5219 4.228887 0.262463 0.688564 5069,5211
5220 4.230564 0.246121 0.699529 5070,5211
5221 4.277148 0.252475 0.686958 5071,5211
5222 4.221205 0.259880 0.671803 5072,5211
5223 4.288881 0.249124 0.699041 5073,5211
5224 4.244113 0.245981 0.687936 5074,5211
5225 4.392176 0.245632 0.689612 5075,5211
5228 2.107948 0.118520 0.111746 5078,5212
5229 3.746704 0.121664 0.233270 5079,5212,5213
5230 3.610094 0.094216 0.243745 5214,5080,5212
5231 3.674977 0.136260 0.203098 5081,5215,5212
5232 3.684335 0.110908 0.199467 5216,5082,5212
5233 3.740418 0.080457 0.258832 5083,5217,5212
5234 3.635098 0.088768 0.246051 5212,5218,5084
5235 3.685174 0.083530 0.229638 5212,5085,5219
5236 3.705008 0.099663 0.228661 5220,5212,5086
5237 3.695720 0.093308 0.222934 5087,5221,5212
5238 3.756551 0.093727 0.232222 5222,5088,5212
5239 3.701656 0.092260 0.228591 5223,5089,5212
5240 3.698862 0.087162 0.221956 5090,5212,5224
5241 3.667294 0.089187 0.228032 5091,5212,5225
5244 2.136723 0.127390 0.114469 5094,5213
5245 3.665898 0.103505 13.113672 5214,5213,5095
5246 3.649834 0.093238 0.228591 5215,5213,5096
5247 3.699701 0.123689 0.185150 5216,5213,5097
5248 3.692717 0.128927 0.202120 5098,5217,5213
5249 3.712202 0.092190 0.244025 5099,5213,5218
5250 3.637821 0.082552 0.252685 5100,5213,5219
5251 3.597523 0.093028 0.228102 5101,5220,5213
5252 3.651161 0.097918 0.216298 5102,5221,5213
5253 3.686221 0.079410 0.229847 5222,5213,5103
5254 3.648297 0.083041 0.226565 5223,5213,5104
5255 3.684754 0.082483 0.228660 5105,5213,5224
5256 3.598641 0.086045 0.226077 5106,5213,5225
5259 2.168361 0.085486 0.090165 5214,5109
5260 3.691669 0.096800 0.221396 5214,5215,5110
5261 3.666526 0.100432 0.231175 5216,5214,5111
5262 3.645085 0.112934 0.201073 5217,5214,5112
5263 3.667434 0.116146 0.203867 5214,5113,5218
5264 3.643269 0.093797 0.254781 5114,5214,5219
5265 3.681612 0.079899 0.249334 5115,5214,5220
5266 3.718348 0.096730 0.225588 5214,5116,5221
5267 3.635238 0.098407 0.233549 5222,5214,5117
5268 3.581528 0.096870 0.228661 5223,5214,5118
5269 3.659612 0.103365 0.223562 5214,5119,5224
5270 3.677281 0.083530 0.223212 5214,5120,5225
5273 2.127435 0.095822 9.888194 5215,5123
5274 3.711294 0.101968 0.235296 5216,5124,5215
5275 3.674557 0.100920 0.238787 5217,5215,5125
5276 3.622666 0.115517 0.197511 5126,5215,5218
5277 3.663592 0.119708 0.201702 5215,5127,5219
5278 3.579713 0.088140 0.240952 5128,5215,5220
5279 3.673370 0.096311 0.229079 5221,5215,5129
5280 3.597383 0.101130 0.231872 5222,5215,5130
5281 3.621618 0.091213 0.229428 5223,5215,5131
5282 3.647529 0.089187 0.235784 5215,5132,5224
5283 3.779878 0.091702 0.225518 5215,5133,5225
5286 2.162565 0.106577 0.122571 5216,5136
5287 3.661847 0.105321 0.232781 5216,5217,5137
5288 3.696976 0.102527 0.235365 5216,5218,5138
5289 3.642780 0.086673 0.218464 5216,5139,5219
5290 3.673440 0.092750 0.235784 5216,5220,5140
5291 3.688107 0.091772 0.232292 5216,5221,5141
5292 3.744888 0.092819 0.227194 5216,5222,5142
5293 3.675256 0.103294 0.232222 5216,5223,5143
5294 3.631116 0.087651 0.233270 5216,5144,5224
5295 3.654583 0.089188 0.227543 5216,5145,5225
5298 2.121149 0.120406 0.119568 5217,5148
5299 3.682450 0.087651 0.242908 5217,5218,5149
5300 3.491854 0.091283 0.218324 5150,5217,5219
5301 3.633212 0.083530 0.227054 5151,5217,5220
5302 3.645434 0.088210 0.235784 5217,5221,5152
5303 3.630837 0.089187 0.220070 5217,5153,5222
5304 3.650812 0.083041 0.236972 5223,5217,5154
5305 3.643408 0.087092 0.095333 5217,5155,5224
5306 3.760532 0.090235 0.223003 5217,5225,5156
5309 2.129041 0.107066 0.092749 5159,5218
5310 3.553593 0.087650 0.228660 5160,5218,5219
5311 3.633282 0.085556 0.229638 5161,5220,5218
5312 3.716882 0.085486 0.234736 5221,5162,5218
5313 3.607860 0.096311 0.237390 5222,5163,5218
5314 3.687409 0.090165 13.208586 5223,5164,5218
5315 3.647529 0.090724 0.219791 5165,5218,5224
5316 3.686500 0.092331 0.224610 5166,5225,5218
5319 2.147409 0.093308 0.101479 5169,5219
5320 3.635865 0.087581 0.227683 5170,5220,5219
5321 3.624132 0.094215 0.225588 5221,5171,5219
5322 3.511548 0.082064 0.229638 5222,5172,5219
5323 3.590329 0.093796 0.233129 5223,5173,5219
5324 3.714576 0.078921 0.228171 5174,5224,5219
5325 3.748799 0.092749 0.248216 5175,5225,5219
5328 2.061714 0.091702 0.099873 5178,5220
5329 3.538786 0.093238 0.229149 5221,5220,5179
5330 3.538297 0.098825 0.229708 5222,5180,5220
5331 3.704729 0.085556 0.234387 5223,5220,5181
5332 3.618266 0.090724 0.234736 5182,5220,5224
5333 3.727567 0.099873 0.230686 5183,5220,5225
5336 2.163402 0.078432 0.093308 5221,5186
5337 3.662335 0.093657 0.228171 5222,5221,5187
5338 3.644317 0.093797 0.219301 5223,5221,5188
5339 3.652069 0.085975 0.243048 5221,5189,5224
5340 3.736996 0.083530 0.229219 5221,5190,5225
5343 2.127504 0.088140 0.103994 5222,5193
5344 3.657098 0.089606 0.219441 5223,5222,5194
5345 3.630977 0.093308 0.218463 5195,5222,5224
5346 3.684336 0.093797 0.225866 5222,5196,5225
5349 2.103548 0.090235 0.091212 5223,5199
5350 3.594869 0.087162 0.231733 5223,5200,5224
5351 3.674558 0.129346 0.184660 5223,5201,5225
5354 2.116469 0.081505 0.095473 5204,5224
5355 3.599478 0.120127 0.208337 5205,5225,5224
5358 2.144056 0.083460 0.097359 5208,5225
5361 1.778368 -1 -1 5228
5362 4.258430 0.364991 0.799822 5229,5361
5363 4.252913 0.234178 13.155298 5230,5361
5364 4.251028 0.279365 0.720901 5231,5361
5365 4.335954 0.275803 0.723345 5232,5361
5366 4.255497 0.269797 0.696458 5233,5361
5367 4.203325 0.254361 0.693872 5361,5234
5368 4.397554 0.246121 0.086044 5361,5235
5369 4.221834 0.251708 0.689194 5361,5236
5370 4.275472 0.237391 0.700089 5361,5237
5371 4.245998 0.251778 0.685142 5238,5361
5372 4.255217 0.260019 0.693593 5239,5361
5373 4.251377 0.251708 0.694083 5361,5240
5374 4.272119 13.253773 0.686679 5361,5241
5377 2.143778 0.104971 0.119918 5362,5244
5378 3.683218 0.096381 0.227053 5362,5363,5245
5379 3.684125 0.095263 0.230127 5362,5246,5364
5380 3.745726 0.119638 0.194508 5362,5247,5365
5381 3.665478 0.118102 0.199955 5362,5366,5248
5382 3.721072 0.097429 0.261975 5362,5249,5367
5383 3.692577 0.083460 0.243537 5362,5368,5250
5384 3.645224 0.087092 0.232222 5362,5369,5251
5385 3.615053 0.077873 0.227613 5362,5252,5370
5386 3.742024 0.082552 0.219860 5362,5253,5371
5387 3.685662 0.091213 0.230616 5362,5254,5372
5388 3.733015 0.092679 0.226635 5362,5373,5255
5389 3.769332 0.096660 0.227683 5362,5374,5256
5392 2.149155 0.090724 0.114819 5363,5259
5393 3.697675 0.101968 13.188542 5363,5364,5260
5394 3.784348 0.096381 0.229498 5363,5261,5365
5395 3.747890 0.123759 0.168806 5363,5366,5262
5396 3.760324 0.118660 0.197861 5363,5263,5367
5397 3.759833 0.087651 0.233759 5363,5368,5264
5398 3.703123 0.091701 0.249194 5363,5265,5369
5399 3.709269 0.092819 0.231942 5363,5370,5266
5400 3.590259 0.089187 0.231244 5267,5363,5371
5401 3.692297 0.084508 0.228102 5363,5268,5372
5402 3.696976 0.087092 0.221467 5363,5269,5373
5403 3.732526 0.085067 0.231104 5363,5270,5374
5406 2.135676 0.081993 0.097289 5364,5273
5407 3.781554 0.099454 0.229638 5274,5364,5365
5408 3.678818 0.106089 0.215391 5275,5366,5364
5409 3.639497 13.136580 0.193461 5276,5367,5364
5410 3.666526 0.115588 0.195066 5368,5277,5364
5411 3.678958 0.095892 0.249193 5369,5278,5364
5412 3.697047 0.085136 0.237879 5370,5364,5279
5413 3.641243 0.085625 0.216299 5280,5371,5364
5414 3.707384 0.086115 0.233689 5281,5364,5372
5415 3.692507 0.084578 0.229079 5282,5373,5364
5416 3.631257 0.074311 0.214901 5374,5283,5364
5419 2.190222 0.114051 0.096311 5286,5365
5420 3.721212 0.099384 0.239905 5366,5287,5365
5421 3.747053 0.106368 0.229708 5288,5367,5365
5422 3.668482 0.116984 0.195416 5289,5368,5365
5423 3.688945 0.091772 0.229149 5369,5290,5365
5424 3.722049 0.086673 0.228940 5291,5370,5365
5425 3.700609 0.086603 0.223562 5292,5371,5365
5426 3.718977 0.090165 0.227752 5372,5293,5365
5427 3.597732 0.092260 0.222444 5294,5373,5365
5428 3.633003 0.080457 0.228172 5374,5295,5365
5431 2.117447 0.114539 0.116007 5366,5298
5432 3.638869 0.094285 0.214762 5366,5367,5299
5433 3.727777 0.080946 0.228031 5300,5368,5366
5434 3.625459 0.087651 0.224051 5301,5369,5366
5435 3.782533 0.075848 0.234247 5302,5366,5370
5436 3.605974 0.094355 0.236901 5371,5303,5366
5437 3.704868 0.107416 0.239485 5304,5366,5372
5438 3.690132 0.087650 0.223981 5366,5305,5373
5439 3.707034 0.090724 0.235714 5374,5366,5306
5442 2.117657 0.108324 0.117473 5309,5367
5443 3.636633 0.095823 0.235365 5368,5310,5367
5444 3.712970 0.086115 0.214273 5311,5369,5367
5445 3.714367 0.088698 0.221955 5312,5367,5370
5446 3.591446 0.088140 0.228102 5313,5371,5367
5447 3.708849 0.085625 0.213156 5314,5367,5372
5448 3.628951 0.085555 0.222934 5367,5373,5315
5449 3.605275 0.091772 0.226844 5374,5367,5316
5452 2.134278 0.106368 0.101549 5368,5319
5453 3.692577 0.098965 0.228590 5368,5369,5320
5454 3.686500 0.091771 0.228730 5368,5370,5321
5455 3.582367 0.093308 13.108922 5322,5368,5371
5456 3.652976 0.099733 0.233340 5368,5323,5372
5457 3.619872 0.094775 0.235854 5368,5324,5373
5458 3.758856 0.098407 0.233829 5374,5368,5325
5461 2.155998 0.102457 0.097917 5369,5328
5462 3.658285 0.087581 0.229219 5369,5370,5329
5463 3.666456 0.081993 0.224609 5330,5369,5371
5464 3.562603 0.087581 0.223911 5331,5369,5372
5465 3.628882 0.084648 0.233758 5332,5369,5373
5466 3.679656 0.093796 0.225237 5374,5333,5369
5469 2.133720 0.098546 0.099384 5370,5336
5470 3.705078 0.084019 0.227612 5371,5370,5337
5471 3.617777 0.086114 0.224329 5338,5370,5372
5472 3.623644 0.091842 0.229219 5339,5370,5373
5473 3.646342 0.089117 0.242419 5374,5340,5370
5476 2.103618 0.082972 0.102178 5371,5343
5477 3.563789 0.095053 0.225029 5344,5371,5372
5478 3.679866 0.078432 0.251219 5345,5371,5373
5479 3.582228 0.089676 0.226565 5374,5346,5371
5482 2.086018 0.099385 0.098896 5349,5372
5483 3.600876 0.086044 0.256527 5350,5373,5372
5484 3.570284 0.118102 0.125086 5374,5351,5372
5487 2.152857 0.086603 0.096381 5354,5373
5488 3.574964 0.098896 0.255689 5374,5355,5373
5491 2.092234 0.082971 0.097848 5374,5358
5494 1.764679 -1 -1 5377
5495 4.255846 0.222864 0.643029 5494,5378
5496 4.257872 0.228940 13.471888 5494,5379
5497 4.324291 0.273220 0.719364 5494,5380
5498 4.311301 0.275593 0.740597 5494,5381
5499 4.272258 0.263721 0.718038 5494,5382
5500 4.389942 0.261486 0.699251 5494,5383
5501 4.281059 0.252197 0.690590 5494,5384
5502 4.271701 0.258273 0.686749 5494,5385
5503 4.238107 0.255828 0.693245 5494,5386
5504 4.226722 0.243118 0.700228 5494,5387
5505 4.294189 0.239975 0.692826 5494,5388
5506 4.260316 0.259949 0.697505 5494,5389
5509 2.157256 0.082552 0.108463 5495,5392
5510 3.780506 0.099454 0.225447 5393,5495,5496
5511 3.673581 0.100921 0.230685 5495,5497,5394
5512 3.769681 0.121663 0.194019 5495,5498,5395
5513 3.787490 0.116076 0.201910 5495,5499,5396
5514 3.709827 0.088698 0.253104 5495,5397,5500
5515 3.606253 0.095823 0.254780 5495,5398,5501
5516 3.637332 0.096870 0.245282 5495,5399,5502
5517 3.657657 0.087162 0.229639 5495,5503,5400
5518 3.590260 0.086045 0.235784 5495,5504,5401
5519 3.669180 0.097288 0.234737 5495,5505,5402
5520 3.575104 0.084577 0.225029 5506,5495,5403
5523 2.134348 0.085067 0.111746 5406,5496
5524 3.734271 0.105111 0.237321 5407,5496,5497
5525 3.667713 0.094286 0.234457 5496,5498,5408
5526 3.737625 0.124317 0.198558 5496,5499,5409
5527 3.679726 0.122781 0.208267 5496,5410,5500
5528 3.573847 0.093797 0.238927 5496,5411,5501
5529 3.702214 0.103714 0.254712 5496,5502,5412
5530 3.755224 0.084019 0.223492 5496,5503,5413
5531 3.642640 0.083530 0.225169 5414,5496,5504
5532 3.683637 0.095263 0.219860 5415,5496,5505
5533 3.719954 0.104482 0.232781 5506,5496,5416
5536 2.144197 0.082482 0.095333 5497,5419
5537 3.710945 0.098965 0.223562 5497,5498,5420
5538 3.697465 0.097917 0.235365 5497,5421,5499
5539 3.703822 0.130952 0.182635 5497,5500,5422
5540 3.567351 0.129416 0.193110 5497,5423,5501
5541 3.678399 0.084578 0.238578 5424,5497,5502
5542 3.717789 0.095333 0.227263 5425,5497,5503
5543 3.603809 0.099803 0.229987 5504,5497,5426
5544 3.677491 12.108097 0.226635 5505,5427,5497
5545 3.744399 0.087651 0.224539 5506,5497,5428
5548 2.127435 0.089676 0.092749 5431,5498
5549 3.664709 0.094356 0.230894 5432,5498,5499
5550 3.705148 0.102457 0.235155 5433,5498,5500
5551 3.548075 0.091910 0.228102 5498,5434,5501
5552 3.703751 0.086115 0.235854 5502,5498,5435
5553 3.628532 0.080457 0.234318 5436,5498,5503
5554 3.650742 0.091282 0.228310 5504,5498,5437
5555 3.685453 0.088210 0.232710 5438,5505,5498
5556 3.713809 0.086533 0.237950 5506,5439,5498
5559 2.190361 0.113422 0.106717 5442,5499
5560 3.709199 0.079479 0.223981 5443,5499,5500
5561 3.595847 0.085625 0.224959 5444,5499,5501
5562 3.671904 0.094774 0.233130 5502,5499,5445
5563 3.694113 0.091702 0.231664 5446,5499,5503
5564 3.616100 0.088139 0.228591 5504,5447,5499
5565 3.733574 0.089187 0.220419 5505,5499,5448
5566 3.721910 0.086603 0.232850 5506,5449,5499
5569 2.145943 0.108883 0.128718 5452,5500
5570 3.498837 0.082064 0.212737 5453,5500,5501
5571 3.711853 0.090723 0.220349 5454,5502,5500
5572 3.695510 0.088488 0.229219 5503,5500,5455
5573 3.581948 0.088629 0.235574 5504,5456,5500
5574 3.719955 0.083531 0.221956 5505,5500,5457
5575 3.733853 0.079969 0.225518 5506,5458,5500
5578 2.077358 0.096800 12.259374 5461,5501
5579 3.644247 0.087721 0.234807 5462,5502,5501
5580 3.719605 0.092190 0.225098 5463,5503,5501
5581 3.530056 0.085067 0.221956 5504,5464,5501
5582 3.639707 0.093238 0.228032 5505,5465,5501
5583 3.613307 0.091213 0.235226 5506,5466,5501
5586 2.129110 0.108603 0.094845 5469,5502
5587 3.708780 0.101479 0.226076 5502,5503,5470
5588 3.610443 0.086114 0.220070 5504,5502,5471
5589 3.641522 0.087721 0.232710 5472,5505,5502
5590 3.716882 0.100431 0.228101 5506,5502,5473
5593 2.155999 0.084648 0.093796 5476,5503
5594 3.601992 0.086184 0.227682 5477,5504,5503
5595 3.703052 0.101480 0.222445 5505,5503,5478
5596 3.703401 0.092750 0.223981 5506,5503,5479
5599 2.104387 0.100990 0.093308 5504,5482
5600 3.612819 0.103016 0.223981 5504,5505,5483
5601 3.588584 0.116495 0.200235 5506,5504,5484
5604 2.133720 0.096940 0.100991 5487,5505
5605 3.665339 0.106788 0.194857 5506,5505,5488
5608 2.152019 0.089676 0.089188 5506,5491
5611 1.821251 -1 -1 5509
5612 4.258989 0.220419 0.649384 5510,5611
5613 4.271980 0.229359 13.523431 5511,5611
5614 4.192850 0.263930 0.701905 5512,5611
5615 4.254310 0.269587 13.610453 5513,5611
5616 4.294818 0.265048 13.488440 5611,5514
5617 4.218132 0.250241 0.689123 5611,5515
5618 4.252145 0.249752 0.694990 5611,5516
5619 4.276938 0.250171 0.681022 5611,5517
5620 4.236011 0.256247 0.677810 5518,5611
5621 4.246766 0.244025 0.696387 5519,5611
5622 4.281898 0.239975 0.679695 5520,5611
5625 2.185333 0.092609 0.114819 5612,5523
5626 3.641523 0.089188 0.224051 5612,5613,5524
5627 3.706056 0.095753 0.232223 5612,5525,5614
5628 3.689992 0.116146 0.211968 5612,5526,5615
5629 3.660589 0.103295 0.188082 5612,5616,5527
5630 3.649066 0.091212 0.254292 5612,5528,5617
5631 3.721491 0.107485 0.252616 5612,5529,5618
5632 3.677143 0.081435 0.231664 5612,5619,5530
5633 3.592564 0.085625 0.237809 5612,5531,5620
5634 3.658773 0.087581 0.238787 5612,5532,5621
5635 3.650602 0.093797 0.207079 5612,5533,5622
5638 2.154113 0.076825 0.114400 5613,5536
5639 3.582367 0.096870 0.217346 5613,5537,5614
5640 3.679725 0.091771 0.230336 5613,5538,5615
5641 3.640476 0.110350 0.187244 5613,5539,5616
5642 3.685453 0.108184 0.193111 5613,5540,5617
5643 3.636913 0.080457 0.248146 5613,5618,5541
5644 3.675046 0.100012 0.224610 5542,5613,5619
5645 3.627904 0.095334 0.233200 5613,5543,5620
5646 3.627903 0.090235 0.233130 5613,5544,5621
5647 3.656260 0.083041 0.232223 5613,5622,5545
5650 2.159701 0.100292 0.096311 5548,5614
5651 3.585720 0.096381 0.228591 5549,5614,5615
5652 3.597173 0.080457 0.236063 5616,5550,5614
5653 3.617428 0.129416 0.196324 5551,5617,5614
5654 3.582297 0.087721 13.107037 5618,5614,5552
5655 3.636144 0.094845 0.225099 5619,5553,5614
5656 3.651231 0.089257 0.231174 5554,5614,5620
5657 3.610654 0.086604 0.225587 5555,5621,5614
5658 3.541021 0.101480 0.228241 5556,5622,5614
5661 2.119053 0.092609 0.092260 5559,5615
5662 3.549542 0.101549 0.249613 5560,5616,5615
5663 3.650043 0.087092 0.223981 5561,5617,5615
5664 3.575313 0.120965 0.240324 5618,5562,5615
5665 3.490805 0.081505 0.225028 5619,5563,5615
5666 3.571541 0.093867 0.222654 5564,5620,5615
5667 3.544164 0.095123 0.225098 5565,5621,5615
5668 3.585300 0.097359 0.227194 5566,5622,5615
5671 2.113117 0.117194 0.112305 5616,5569
5672 3.572100 0.087092 0.232222 5616,5617,5570
5673 3.659890 0.081505 0.231244 5618,5616,5571
5674 3.648158 0.100990 0.236902 5619,5616,5572
5675 3.626646 0.081994 0.229219 5573,5616,5620
5676 3.596336 0.084648 0.218883 5574,5616,5621
5677 3.598222 0.095333 0.237460 5575,5616,5622
5680 2.131904 0.121383 0.137377 5617,5578
5681 3.641871 0.094774 0.229638 5618,5617,5579
5682 3.601852 0.098476 0.235434 5619,5617,5580
5683 3.633979 0.095404 0.248286 5581,5617,5620
5684 3.548844 0.083111 0.222514 5582,5617,5621
5685 3.554920 0.078990 0.220978 5617,5583,5622
5688 2.107879 0.098407 0.094775 5586,5618
5689 3.622386 0.087581 0.237810 5587,5618,5619
5690 3.635936 0.097917 0.229218 5618,5588,5620
5691 3.543954 0.092749 0.227612 5618,5621,5589
5692 3.524887 0.080946 0.208756 5590,5618,5622
5695 2.136583 0.109511 0.092191 5593,5619
5696 3.623085 0.079410 0.231244 5619,5594,5620
5697 3.624901 0.083600 0.251848 5619,5595,5621
5698 3.540043 0.083530 0.235365 5619,5622,5596
5701 2.094958 0.096939 0.094844 5599,5620
5702 3.592494 0.094704 0.251289 5600,5621,5620
5703 3.629301 0.116635 0.092749 5601,5622,5620
5706 2.129809 0.089606 0.107975 5604,5621
5707 3.460424 0.129276 0.250102 5605,5622,5621
5710 2.087554 0.081016 0.095334 5622,5608
5713 1.837802 -1 -1 5625
5714 4.241180 0.224331 0.115866 5626,5713
5715 4.225326 0.234528 0.649384 5627,5713
5716 4.224627 0.278946 0.706933 5713,5628
5717 4.212754 0.248076 0.720063 5713,5629
5718 4.230564 0.254920 0.689962 5630,5713
5719 4.162259 0.245632 0.695479 5713,5631
5720 4.320100 0.262045 0.697225 5713,5632
5721 4.248303 0.244584 0.678927 5713,5633
5722 4.311231 0.254362 0.684654 5634,5713
5723 4.301942 0.255828 0.713638 5635,5713
5726 2.145873 0.088629 0.109720 5714,5638
5727 3.507916 0.091772 0.228172 5715,5714,5639
5728 3.543466 0.096800 0.228032 5716,5714,5640
5729 3.575732 0.130463 0.208266 5717,5641,5714
5730 3.622735 0.106857 0.201981 5714,5642,5718
5731 3.589491 0.086114 0.248146 5643,5714,5719
5732 3.690552 0.082483 0.253872 5720,5714,5644
5733 3.613167 0.087651 0.237950 5714,5645,5721
5734 3.742094 0.097917 0.230267 5722,5714,5646
5735 3.791192 0.088139 0.234318 5723,5714,5647
5738 2.157885 0.092260 0.116914 5715,5650
5739 3.594868 0.088070 0.241650 5716,5715,5651
5740 3.637192 0.093797 0.227124 5717,5715,5652
5741 3.696906 0.114400 0.177048 5715,5653,5718
5742 3.564278 0.121245 0.202749 5715,5654,5719
5743 3.656538 0.091771 0.212178 5715,5655,5720
5744 3.653675 0.090165 0.228660 5656,5715,5721
5745 3.637961 0.084997 0.228101 5722,5657,5715
5746 3.669600 0.090724 0.227613 5723,5715,5658
5749 2.151879 0.084578 0.094844 5716,5661
5750 3.595986 0.098406 0.225098 5717,5716,5662
5751 3.721561 0.092749 0.235366 5663,5716,5718
5752 3.592214 0.090025 0.101968 5716,5719,5664
5753 3.599758 0.083530 0.227962 5716,5720,5665
5754 3.572240 0.080946 0.227543 5716,5721,5666
5755 3.667014 0.094076 0.236343 5722,5716,5667
5756 3.552405 0.098965 0.238787 5716,5668,5723
5759 2.158444 0.086114 0.093238 5717,5671
5760 3.736646 0.088140 0.230756 5717,5672,5718
5761 3.556456 0.083530 0.217835 5717,5673,5719
5762 3.511758 0.099873 13.108573 5717,5720,5674
5763 3.702635 0.099943 0.233548 5717,5721,5675
5764 3.692297 0.091282 0.221956 5717,5722,5676
5765 3.611142 0.089677 0.231802 5717,5723,5677
5768 2.182260 0.126762 0.111885 5680,5718
5769 3.585720 0.089746 0.233200 5681,5719,5718
5770 3.555269 0.092819 0.239485 5720,5682,5718
5771 3.690691 0.101269 0.239415 5721,5683,5718
5772 3.568958 0.111675 0.235715 5722,5684,5718
5773 3.637751 0.094564 0.234876 5685,5723,5718
5776 2.104526 0.137168 0.110209 5688,5719
5777 3.545910 0.083530 0.232851 5720,5689,5719
5778 3.764863 0.086603 0.230686 5690,5721,5719
5779 3.626925 0.080038 0.233130 5722,5691,5719
5780 3.629161 0.124527 0.219371 5692,5723,5719
5783 2.095726 0.099942 0.100432 5720,5695
5784 3.667294 0.099454 0.225028 5720,5721,5696
5785 3.649694 2.275777 0.113352 5722,5720,5697
5786 3.665478 0.084089 0.208127 5723,5720,5698
5789 2.134418 0.097359 0.092609 5721,5701
5790 3.541930 0.080387 0.233200 5722,5721,5702
5791 3.595986 0.085626 0.201702 5723,5721,5703
5794 2.109275 0.080877 0.101410 5722,5706
5795 3.557085 0.105041 0.238438 5722,5723,5707
5798 2.113955 0.095334 0.090235 5723,5710
5801 1.819225 -1 -1 5726
5802 4.245790 0.228940 0.650432 5801,5727
5803 4.240900 0.251498 0.657695 5801,5728
5804 4.233916 0.275804 0.714196 5801,5729
5805 4.267719 0.277968 0.707562 5801,5730
5806 4.166379 0.269238 0.699879 5801,5731
5807 4.256475 0.247657 0.718108 5801,5732
5808 4.254380 0.253315 0.676273 5801,5733
5809 4.271491 0.224051 0.686260 5734,5801
5810 4.205840 0.248705 0.700019 5735,5801
5813 2.125060 0.093308 0.119429 5802,5738
5814 3.590609 0.089187 0.242279 5803,5802,5739
5815 3.692018 0.099453 0.226076 5740,5802,5804
5816 3.728545 0.126203 0.196463 5802,5805,5741
5817 3.599688 0.122222 0.201562 5802,5742,5806
5818 3.654932 0.084089 0.252756 5802,5743,5807
5819 3.749776 0.097359 0.231664 5802,5808,5744
5820 3.718068 0.085626 0.228730 5802,5809,5745
5821 3.622246 0.088698 0.217905 5810,5802,5746
5824 2.151110 0.098406 0.116355 5803,5749
5825 3.673370 0.102527 0.228032 5803,5750,5804
5826 3.731199 0.099524 0.228102 5803,5751,5805
5827 3.671415 0.120127 0.186267 5803,5752,5806
5828 3.752780 0.087093 0.219441 5803,5753,5807
5829 3.696069 0.093797 0.232223 5803,5808,5754
5830 3.650881 0.091282 0.239834 5803,5809,5755
5831 3.609046 0.087650 0.232222 5803,5810,5756
5834 2.183237 0.100640 0.100851 5759,5804
5835 3.693625 0.095893 0.212318 5760,5805,5804
5836 3.615611 0.076406 0.239067 5761,5806,5804
5837 3.739091 0.087162 0.217835 5762,5807,5804
5838 3.556875 0.091841 0.232292 5808,5763,5804
5839 3.596056 0.094774 0.231664 5809,5764,5804
5840 3.524539 0.090235 0.228520 5810,5765,5804
5843 2.102571 0.085556 0.119359 5768,5805
5844 3.664151 0.086604 0.223072 5806,5805,5769
5845 3.735739 0.091772 0.226146 5770,5807,5805
5846 3.611491 0.083949 0.230406 5771,5808,5805
5847 3.663313 0.087162 0.225727 5809,5772,5805
5848 3.608208 0.079479 0.233898 5810,5773,5805
5851 2.099289 0.109930 0.123619 5806,5776
5852 3.568608 0.082552 0.230616 5807,5806,5777
5853 3.529847 0.091212 0.226076 5778,5808,5806
5854 3.680983 0.092261 0.225029 5779,5809,5806
5855 3.661008 0.095822 0.235784 5810,5780,5806
5858 2.046279 0.113003 0.122850 5807,5783
5859 3.771078 0.085137 0.222445 5784,5808,5807
5860 3.592844 0.088559 0.248077 5785,5809,5807
5861 3.598222 0.088210 0.251080 5810,5786,5807
5864 2.034685 0.090654 0.093866 5808,5789
5865 3.658215 0.086603 0.128787 5809,5808,5790
5866 3.565745 0.122711 0.228241 5810,5808,5791
5869 2.143638 0.095822 0.099454 5809,5794
5870 3.567002 0.110419 0.249194 5810,5809,5795
5873 2.104946 0.099454 0.097359 5810,5798
5876 1.803860 -1 -1 5813
5877 4.203675 0.239485 0.651548 5814,5876
5878 4.251866 0.249193 0.670825 5876,5815
5879 4.275612 0.281390 0.707073 5876,5816
5880 4.212964 0.277200 0.725301 5876,5817
5881 4.256336 0.257924 0.691428 5818,5876
5882 4.232799 0.239764 0.683467 5819,5876
5883 4.303338 0.250730 0.695061 5820,5876
5884 4.254450 0.252267 0.692336 5821,5876
5887 2.145314 0.091213 0.119358 5877,5824
5888 3.630069 0.084577 0.243816 5878,5825,5877
5889 3.761998 0.092749 0.230197 5879,5877,5826
5890 3.638519 0.116565 0.183194 5880,5877,5827
5891 3.690271 0.108813 0.194578 5828,5881,5877
5892 3.682659 0.091701 0.237390 5829,5882,5877
5893 3.712342 0.092330 0.227682 5883,5877,5830
5894 3.607440 0.081016 0.204565 5831,5877,5884
5897 2.146640 0.092750 0.105112 5878,5834
5898 3.571123 0.095333 0.216229 5878,5879,5835
5899 3.669180 0.094845 0.238927 5836,5878,5880
5900 3.614425 0.086044 0.219442 5837,5878,5881
5901 3.673161 0.099244 0.229080 5882,5878,5838
5902 3.703681 0.099942 0.240743 5883,5878,5839
5903 3.607509 0.086603 0.228101 5878,5840,5884
5906 2.119123 0.094845 0.090165 5879,5843
5907 3.591097 0.095892 0.227054 5879,5880,5844
5908 3.550660 0.114889 0.232292 5881,5879,5845
5909 3.629300 0.094774 0.229149 5882,5879,5846
5910 3.671554 0.096311 0.229847 5883,5847,5879
5911 3.511966 0.099663 0.228661 5879,5848,5884
5914 2.145524 0.089677 0.104552 5880,5851
5915 3.744259 0.094216 0.236343 5881,5880,5852
5916 3.612539 0.093308 0.232292 5882,5880,5853
5917 3.627275 0.088140 0.214413 5883,5854,5880
5918 3.647738 0.088139 0.226006 5855,5880,5884
5921 2.164939 0.117054 0.103156 5881,5858
5922 3.742234 0.100432 0.233270 5882,5881,5859
5923 3.632722 0.084508 0.219651 5883,5881,5860
5924 3.606673 0.090654 0.224610 5881,5861,5884
5927 2.088044 0.107415 0.111816 5882,5864
5928 3.611840 0.095542 0.229917 5883,5882,5865
5929 3.606951 0.092748 0.230475 5882,5866,5884
5932 2.099359 0.101968 0.104622 5883,5869
5933 3.708501 0.086603 0.227054 5883,5870,5884
5936 2.098590 0.093238 0.102597 5873,5884
5939 1.784863 -1 -1 5887
5940 4.259478 0.223841 0.653714 5888,5939
5941 4.237967 0.249892 0.644705 5889,5939
5942 4.229447 0.267073 0.701835 5890,5939
5943 4.254101 0.277270 0.710705 5891,5939
5944 4.189567 0.267213 12.167113 5892,5939
5945 4.298798 0.273289 0.691079 5893,5939
5946 4.285668 0.274197 0.710145 5894,5939
5949 2.140704 0.093796 0.119987 5940,5897
5950 3.642570 0.092260 0.229639 5898,5940,5941
5951 3.664012 0.098337 0.224540 5899,5942,5940
5952 3.725262 0.112933 0.210292 5900,5943,5940
5953 3.606392 12.587348 0.235225 5944,5901,5940
5954 3.602133 0.084019 0.230196 5902,5945,5940
5955 3.667853 0.094075 0.222934 5946,5903,5940
5958 2.126666 0.088629 0.114400 5906,5941
5959 3.574405 0.090654 0.227054 5942,5907,5941
5960 3.597382 0.088698 0.224540 5908,5943,5941
5961 3.584881 0.092749 0.234457 5944,5909,5941
5962 3.597872 0.093308 0.228799 5945,5910,5941
5963 3.646342 0.090654 0.220420 5946,5911,5941
5966 2.139796 0.086185 0.099943 5914,5942
5967 3.624342 0.095822 0.238298 5915,5942,5943
5968 3.628044 0.081993 0.231593 5944,5916,5942
5969 3.700329 0.081924 0.229638 5917,5945,5942
5970 3.579504 0.085555 0.263092 5946,5942,5918
5973 2.123384 0.086603 0.104412 5943,5921
5974 3.614005 0.090235 0.231245 5944,5943,5922
5975 3.738602 0.094356 0.182076 5945,5943,5923
5976 3.617707 0.095751 0.249962 5946,5924,5943
5979 2.120799 0.090166 0.114400 5944,5927
5980 3.717930 0.088698 0.197092 5944,5945,5928
5981 3.560436 0.092819 0.097917 5946,5944,5929
5984 2.104456 0.084927 0.116915 5945,5932
5985 3.627625 0.090794 0.226495 5946,5945,5933
5988 2.089022 0.092750 0.102038 5946,5936
5991 1.782907 -1 -1 5949
5992 4.234126 0.256876 0.805200 5950,5991
5993 4.252773 0.226356 0.666425 5951,5991
5994 4.226303 0.270146 0.720343 5952,5991
5995 4.262900 0.208336 13.594948 5953,5991
5996 4.248653 0.265956 0.690870 5991,5954
5997 4.254590 0.276362 0.706025 5955,5991
6000 2.121777 0.102597 0.120057 5958,5992
6001 3.589072 0.095822 0.229150 5959,5993,5992
6002 3.560857 0.099385 0.223632 5960,5994,5992
6003 3.553523 0.085067 0.231734 5995,5961,5992
6004 3.697396 0.081016 0.211759 5962,5996,5992
6005 3.628184 0.081994 0.236343 5997,5963,5992
6008 2.097822 0.127391 0.122083 5966,5993
6009 3.700259 0.086603 0.228172 5994,5993,5967
6010 3.686012 0.088139 0.227054 5995,5968,5993
6011 3.679516 0.082553 0.233130 5969,5996,5993
6012 3.717440 0.085625 0.219162 5997,5970,5993
6015 2.116260 0.130394 0.103853 5973,5994
6016 3.601923 0.088140 0.225587 5995,5994,5974
6017 3.655072 0.083600 0.212527 5994,5996,5975
6018 3.715834 0.084089 0.237320 5994,5997,5976
6021 2.147408 0.104552 0.095404 5995,5979
6022 3.723167 0.087022 0.201702 5995,5980,5996
6023 3.658285 0.090723 0.224469 5995,5997,5981
6026 2.078196 0.086044 0.113842 5996,5984
6027 3.686500 0.054826 0.233759 5997,5996,5985
6030 2.146431 0.088140 0.112375 5997,5988
6033 1.805675 -1 -1 6000
6034 4.179579 0.381892 0.651200 6033,6001
6035 4.178043 0.222793 0.643936 6033,6002
6036 4.195084 0.275245 0.713708 6033,6003
6037 4.242647 0.214133 0.704837 6033,6004
6038 4.250120 0.271263 13.714795 6033,6005
6041 2.103269 0.122920 0.112305 6008,6034
6042 3.589352 0.124596 0.231803 6009,6035,6034
6043 3.547796 0.087581 0.226146 6010,6036,6034
6044 3.600317 0.083950 0.220350 6011,6037,6034
6045 3.664011 0.092680 0.252266 6012,6038,6034
6048 2.137701 0.127390 0.121943 6015,6035
6049 3.640684 0.089187 0.221956 6036,6035,6016
6050 3.632583 0.077314 0.192412 6037,6017,6035
6051 3.557783 0.089047 0.237321 6018,6038,6035
6054 2.169618 0.124736 0.094775 6021,6036
6055 3.537040 0.087232 0.201632 6022,6037,6036
6056 3.457282 0.088628 0.249822 6038,6036,6023
6059 2.062622 0.098825 0.093238 6037,6026
6060 3.386812 0.053289 0.244026 6038,6037,6027
6063 2.067790 0.083460 0.108184 6038,6030
6066 1.770545 -1 -1 6041
6067 4.233497 0.378330 0.800590 6042,6066
6068 4.231612 0.226425 0.695619 6043,6066
6069 4.229796 0.275803 0.702463 6066,6044
6070 4.253750 0.193041 0.677251 6066,6045
6073 2.142101 0.133326 0.117892 6048,6067
6074 3.645364 0.092260 0.223562 6049,6067,6068
6075 3.548774 0.083531 0.237739 6067,6069,6050
6076 3.558342 0.073822 0.248565 6067,6051,6070
6079 2.135187 0.125854 0.107067 6054,6068
6080 3.556735 0.092260 0.233829 6055,6068,6069
6081 3.520907 0.095822 0.250660 6056,6068,6070
6084 2.110812 0.110977 0.091283 6059,6069
6085 3.418659 0.048679 0.249613 6060,6069,6070
6088 2.071631 0.094774 0.098965 6063,6070
6091 1.758883 -1 -1 6073
6092 4.225326 0.381054 0.796050 6091,6074
6093 4.148290 0.221676 0.651480 6091,6075
6094 4.124824 0.268679 0.709658 6091,6076
6097 2.086717 0.130463 0.118311 6092,6079
6098 3.465662 0.127460 0.147156 6093,6092,6080
6099 3.391631 0.085556 0.253315 6092,6094,6081
6102 2.103968 0.140660 0.126133 6093,6084
6103 3.377942 0.045187 0.255689 6093,6085,6094
6106 2.091884 0.096590 0.121524 6094,6088
6109 1.805675 -1 -1 6097
6110 4.106456 0.370647 0.807924 6098,6109
6111 4.071675 0.240114 0.649943 6099,6109
6114 2.033358 0.113701 0.121594 6110,6102
6115 3.315923 0.055384 0.255898 6103,6110,6111
6118 2.046558 0.121663 0.122501 6106,6111
6121 1.792266 -1 -1 6114
6122 4.061897 0.388946 0.805130 6115,6121
6125 2.000114 0.149600 0.201562 6118,6122
6128 1.780952 -1 -1 6125
