4171 0.168178 -1 -1
4172 0.279156 0.417232 0.172648 4171
4173 0.202051 0.378819 0.098966 4171
4174 0.271752 0.182564 0.090235 4171
4175 0.231804 0.161822 0.081505 4171
4176 0.261765 0.156863 0.088768 4171
4177 0.252406 0.158539 0.107066 4171
4178 0.265536 0.204496 0.107415 4171
4179 0.256527 0.123549 0.084647 4171
4180 0.251917 0.379867 0.086115 4171
4181 0.340196 0.086114 0.079479 4171
4182 0.257714 0.087022 0.079968 4171
4183 0.360870 0.073263 0.084648 4171
4184 0.247238 0.093866 0.097428 4171
4185 0.244794 0.081016 0.092749 4171
4186 0.197092 0.075848 0.095333 4171
4187 0.338870 0.075848 0.099873 4171
4188 0.249752 0.087162 0.095892 4171
4189 0.172787 0.076896 0.083530 4171
4190 0.174045 0.092679 0.084089 4171
4193 0.100361 0.414997 0.151765 4172
4194 0.112584 0.126063 0.174393 4172,4173
4195 0.091212 0.127670 0.183124 4174,4172
4196 0.116426 0.131790 0.132209 4175,4172
4197 0.097847 0.107695 0.149251 4176,4172
4198 0.117124 0.102527 0.102458 4177,4172
4199 0.120825 0.107067 0.106577 4178,4172
4200 0.121803 0.100991 0.085136 4179,4172
4201 0.121593 0.120965 0.087092 4180,4172
4202 0.147365 0.089746 0.090724 4181,4172
4203 0.124457 0.081505 0.080457 4182,4172
4204 0.100571 0.078362 0.088629 4183,4172
4205 0.120476 0.084019 0.099454 4184,4172
4206 0.117473 0.084089 0.097917 4185,4172
4207 0.093867 0.089676 0.091842 4172,4186
4208 0.103994 0.087581 0.097568 4187,4172
4209 0.118241 0.098476 0.100432 4188,4172
4210 0.114469 0.098477 0.089746 4189,4172
4211 0.082902 0.100432 0.089188 4190,4172
4214 0.084019 0.172019 0.116425 4173
4215 0.151974 0.127181 0.237880 4174,4173
4216 0.123060 0.097429 0.249683 4175,4173
4217 0.095473 0.090724 0.142477 4176,4173
4218 0.113492 0.085625 0.174184 4177,4173
4219 0.121803 0.092819 0.116845 4178,4173
4220 0.120127 0.095892 0.092749 4179,4173
4221 0.121315 0.099454 0.088629 4180,4173
4222 0.150578 0.080946 0.096312 4181,4173
4223 0.117263 0.090654 0.091702 4182,4173
4224 0.118660 0.086533 0.099454 4183,4173
4225 0.092959 0.085067 0.098966 4184,4173
4226 0.156305 0.083530 0.095892 4185,4173
4227 0.118730 0.105600 0.099873 4186,4173
4228 0.085974 0.095822 0.091212 4187,4173
4229 0.085276 0.089188 0.088209 4188,4173
4230 0.114330 0.095333 0.095263 4189,4173
4231 0.085207 0.090794 0.103016 4190,4173
4234 0.075010 0.131232 0.117403 4174
4235 0.155257 0.092260 0.294800 4174,4175
4236 0.119708 0.087162 0.308629 4174,4176
4237 0.083251 0.086604 0.163988 4174,4177
4238 0.119569 0.357727 0.158889 4174,4178
4239 0.125994 0.116356 0.132279 4174,4179
4240 0.127251 0.122083 0.118381 4174,4180
4241 0.151067 0.088559 0.100991 4174,4181
4242 0.093866 0.086045 0.098965 4174,4182
4243 0.116775 0.092819 0.087162 4174,4183
4244 0.095752 0.092680 0.093238 4174,4184
4245 0.097219 0.094285 0.099524 4174,4185
4246 0.125644 0.109162 0.096451 4174,4186
4247 0.091004 0.095333 0.097918 4174,4187
4248 0.113143 0.102527 0.097567 4174,4188
4249 0.114889 0.102038 0.093796 4174,4189
4250 0.118102 0.102038 0.088907 4174,4190
4253 0.079899 0.107625 0.113491 4175
4254 0.148692 0.098894 0.335657 4175,4176
4255 0.123410 0.166642 0.343898 4175,4177
4256 0.082902 0.341384 0.158261 4175,4178
4257 0.114260 0.195695 0.186127 4175,4179
4258 0.124248 0.112793 0.091980 4175,4180
4259 0.160844 0.096241 0.130184 4181,4175
4260 0.111048 0.090654 0.105600 4175,4182
4261 0.087162 0.129137 0.107137 4175,4183
4262 0.094216 0.125505 0.097359 4175,4184
4263 0.109790 0.104553 0.097918 4175,4185
4264 0.120267 0.105111 0.090165 4175,4186
4265 0.081574 0.106648 0.089676 4175,4187
4266 0.115936 0.098406 0.098965 4175,4188
4267 0.119288 0.100920 0.086603 4189,4175
4268 0.092749 0.110209 0.088699 4175,4190
4271 0.074660 0.121943 0.094845 4176
4272 0.149041 0.167130 0.353606 4176,4177
4273 0.119917 0.354514 0.353467 4176,4178
4274 0.091841 0.221955 0.098406 4176,4179
4275 0.115377 0.080457 0.265188 4180,4176
4276 0.094634 0.142406 0.139403 4181,4176
4277 0.152463 0.765041 0.143035 4176,4182
4278 0.114121 0.111815 0.093727 4176,4183
4279 0.096661 0.099384 0.132768 4176,4184
4280 0.099943 0.096381 0.113282 4176,4185
4281 0.116844 0.094845 0.094845 4176,4186
4282 0.082552 0.092750 0.090654 4176,4187
4283 0.113143 0.094775 0.088140 4188,4176
4284 0.117473 0.096869 0.091213 4189,4176
4285 0.092400 0.089187 0.089188 4176,4190
4288 0.124667 0.111747 0.084578 4177
4289 0.089816 0.337263 0.099523 4177,4178
4290 0.086114 0.342781 0.361987 4177,4179
4291 0.117822 0.254781 0.303041 4180,4177
4292 0.094146 0.291657 0.304298 4181,4177
4293 0.093378 0.090724 0.105670 4182,4177
4294 0.155118 0.171809 0.164546 4183,4177
4295 0.090654 0.097289 0.107067 4177,4184
4296 0.090654 0.092819 0.091282 4177,4185
4297 0.116914 0.100432 0.091701 4177,4186
4298 0.111886 0.087092 0.080457 4177,4187
4299 0.096241 0.088768 0.088139 4188,4177
4300 0.154768 0.086673 0.089257 4189,4177
4301 0.115866 0.095542 0.083530 4177,4190
4304 0.066070 0.097359 0.113282 4178
4305 0.119080 0.339289 0.343968 4178,4179
4306 0.123618 0.334260 0.364991 4180,4178
4307 0.099035 0.356539 0.096171 4181,4178
4308 0.099803 0.366806 0.367644 4182,4178
4309 0.122571 0.178933 0.159937 4183,4178
4310 0.087721 0.102457 0.088699 4178,4184
4311 0.112305 0.103085 0.111676 4185,4178
4312 0.111118 0.088698 0.091212 4178,4186
4313 0.101689 0.105041 0.095334 4178,4187
4314 0.153651 0.092749 0.087161 4188,4178
4315 0.129485 0.089187 0.085137 4189,4178
4316 0.089886 0.083530 0.096870 4178,4190
4319 0.094705 0.077384 0.084508 4179
4320 0.085207 0.355771 0.097359 4180,4179
4321 0.091562 0.371206 0.414508 4181,4179
4322 0.093028 0.403263 0.399492 4182,4179
4323 0.116076 0.109232 0.099943 4183,4179
4324 0.088558 0.097918 0.095403 4179,4184
4325 0.121244 0.094845 0.083530 4185,4179
4326 0.118172 0.099384 0.085067 4179,4186
4327 0.091911 0.087651 0.087581 4179,4187
4328 0.149879 0.085625 0.083041 4188,4179
4329 0.115866 0.090793 0.091772 4189,4179
4330 0.092400 0.086114 0.091213 4179,4190
4333 0.089257 0.088210 0.081994 4180
4334 0.110489 0.359823 0.380076 4181,4180
4335 0.092819 0.127111 0.114399 4180,4182
4336 0.157631 0.101061 0.091842 4180,4183
4337 0.091772 0.104623 0.094286 4180,4184
4338 0.081505 0.097917 0.120057 4180,4185
4339 0.112584 0.092330 0.097218 4180,4186
4340 0.111956 0.092680 0.088140 4180,4187
4341 0.093029 0.075848 0.116635 4180,4188
4342 0.119428 0.088139 0.110210 4189,4180
4343 0.120197 0.080946 0.086673 4180,4190
4346 0.067187 0.076826 0.079410 4181
4347 0.088978 0.094286 0.077943 4181,4182
4348 0.113492 0.098896 0.072216 4181,4183
4349 0.113073 0.093448 0.082552 4181,4184
4350 0.151974 0.088139 0.115308 4181,4185
4351 0.112165 0.092260 0.084508 4181,4186
4352 0.089188 0.082483 0.080457 4181,4187
4353 0.112585 0.078501 0.084089 4181,4188
4354 0.113772 0.086114 0.086603 4181,4189
4355 0.097778 0.079409 0.094355 4181,4190
4358 0.075708 0.076406 0.071727 4182
4359 0.095752 0.110280 0.116356 4183,4182
4360 0.083670 0.102038 0.095333 4182,4184
4361 0.116565 0.095822 0.085137 4182,4185
4362 0.118521 0.102456 0.084578 4182,4186
4363 0.098615 0.095333 0.089187 4182,4187
4364 0.095054 0.086185 0.083600 4188,4182
4365 0.116984 0.083041 0.087651 4189,4182
4366 0.089187 0.090724 0.101479 4182,4190
4369 0.069143 0.075359 13.078612 4183
4370 0.108743 0.082552 0.081505 4183,4184
4371 0.099803 0.084578 0.114261 4183,4185
4372 0.147295 0.091701 0.091771 4183,4186
4373 0.115587 0.089676 0.098406 4183,4187
4374 0.088628 0.068654 0.095332 4188,4183
4375 0.114819 0.093797 0.091772 4189,4183
4376 0.116705 0.087650 0.098965 4183,4190
4379 0.077524 0.077314 0.125574 4184
4380 0.153441 0.087651 0.111257 4185,4184
4381 0.111257 0.121035 0.131162 4184,4186
4382 0.088489 0.085625 0.093797 4184,4187
4383 0.089746 0.086603 0.096520 4188,4184
4384 0.113422 0.090165 0.086114 4189,4184
4385 0.113911 0.085416 0.088698 4184,4190
4388 0.090584 0.127111 0.120547 4185
4389 0.092540 0.115797 0.086114 4185,4186
4390 0.082063 0.078362 0.122013 4185,4187
4391 0.107416 0.084019 0.080946 4188,4185
4392 0.109232 0.078432 0.092260 4189,4185
4393 0.100362 0.093239 0.095892 4185,4190
4396 0.074730 0.109720 0.121524 4186
4397 0.158260 0.120965 13.133297 4187,4186
4398 0.092889 0.114819 0.131721 4188,4186
4399 0.109301 0.088139 0.090723 4189,4186
4400 0.116565 0.084089 0.072285 4190,4186
4403 0.077175 0.117333 0.080457 4187
4404 0.150787 0.118450 0.088209 4188,4187
4405 0.125784 0.081993 0.122083 4189,4187
4406 0.077663 0.096381 0.071797 4190,4187
4409 0.093936 0.124178 0.086184 4188
4410 0.082203 0.105111 0.125225 4189,4188
4411 0.097848 0.118381 0.122013 4188,4190
4414 0.089257 0.090513 0.121035 4189
4415 0.113702 0.104064 0.088140 4189,4190
4418 0.064743 0.100502 0.089257 4190
4421 0.135842 -1 -1 4193
4422 0.169156 0.166152 0.251987 4194,4421,4193
4423 0.252196 0.121523 0.133257 4421,4193,4195
4424 0.263861 0.085626 0.085067 4196,4421,4193
4425 0.170482 0.119987 0.110769 4197,4421,4193
4426 0.246958 0.085137 0.093797 4421,4193,4198
4427 0.247169 0.099873 0.086114 4421,4193,4199
4428 0.253524 0.075918 0.078920 4200,4421,4193
4429 0.174254 0.073822 0.091771 4421,4201,4193
4430 0.250381 0.084089 0.087650 4202,4421,4193
4431 0.235574 0.082552 0.096381 4203,4421,4193
4432 0.249193 0.075848 0.079410 4421,4204
4433 0.199397 0.077873 0.093308 4421,4205
4434 0.352000 0.083530 0.084089 4421,4206
4435 0.470730 0.085625 0.090654 4421,4207
4436 0.169296 0.085626 0.097359 4208,4421
4437 0.244514 0.090794 0.115378 4421,4209
4438 0.258273 0.080457 0.089117 4421,4210
4439 0.210781 0.088070 0.076965 4421,4211
4442 0.065162 0.112794 0.111187 4422,4214,4194
4443 0.105950 0.100432 0.138845 4422,4423,4194,4195,4215
4444 0.113352 0.127181 0.119428 4422,4196,4194,4216,4424
4445 0.090444 0.110139 0.107136 4422,4197,4217,4425
4446 0.093238 0.121524 0.104622 4422,4426,4218,4198
4447 0.080178 0.090095 0.091282 4422,4219,4427,4199
4448 0.104483 0.095403 0.093378 4422,4428,4220,4200
4449 0.074730 0.082553 0.102038 4422,4429,4201,4221
4450 0.108883 0.079968 0.104272 4422,4202,4430,4222
4451 0.116147 0.082552 0.097848 4422,4203,4431,4223
4452 0.148552 0.110488 0.096381 4422,4224,4432
4453 0.125714 0.102597 0.100013 4422,4225,4433
4454 0.143733 0.110699 0.075778 4422,4434,4226,4206
4455 0.152044 0.091213 0.100432 4422,4435,4227,4207
4456 0.078850 0.089676 0.118451 4422,4436,4228
4457 0.106927 0.092539 0.122920 4422,4437,4209,4229
4458 0.108673 0.091702 0.131232 4422,4230,4438,4210
4459 0.092469 0.093308 0.117892 4422,4211,4439,4231
4462 0.088000 0.089676 0.115308 4423,4234
4463 0.105390 0.128159 0.112863 4196,4423,4235,4424
4464 0.077873 0.126133 0.112724 4423,4197,4236,4425
4465 0.103086 0.088628 0.115797 4237,4423,4426,4198
4466 0.110349 0.098965 0.097359 4423,4238,4427,4199
4467 0.107067 0.083530 0.096870 4423,4428,4200,4239
4468 0.077873 0.077943 0.097428 4423,4429,4201,4240
4469 0.118311 0.097917 0.092120 4202,4423,4430,4241
4470 0.092260 0.100502 0.088209 4423,4242,4431,4203
4471 0.106717 0.125085 0.100991 4423,4243,4432
4472 0.094077 0.096381 0.096241 4423,4244,4433
4473 0.150787 0.096590 0.091771 4423,4245,4434
4474 0.088000 0.108184 0.102038 4435,4423,4246,4207
4475 0.114260 0.098756 0.098336 4423,4436,4247
4476 0.078921 0.086743 0.089677 4423,4437,4209,4248
4477 0.086393 0.088000 0.089676 4423,4438,4249
4478 0.106787 0.089607 0.093308 4423,4439,4250
4481 0.089815 0.123549 0.119428 4253,4424
4482 0.095613 0.117403 0.133746 4254,4424,4425
4483 0.148971 0.120476 0.117892 4255,4426,4424
4484 0.108952 0.095822 0.085136 4256,4427,4424,4199
4485 0.111396 0.090793 0.094286 4257,4428,4200,4424
4486 0.079829 0.081505 0.093308 4258,4429,4201,4424
4487 0.086534 0.088628 0.093238 4202,4259,4430,4424
4488 0.104273 0.095333 0.091771 4260,4203,4431,4424
4489 0.116774 0.091771 0.090654 4261,4424,4432
4490 0.081086 0.104133 0.094845 4262,4433,4424
4491 0.108184 0.090724 0.098965 4434,4263,4424
4492 0.149810 0.099384 0.093308 4435,4264,4207,4424
4493 0.124456 0.122012 0.076895 4436,4265,4424
4494 0.110977 0.098895 0.087162 4437,4209,4266,4424
4495 0.098406 0.100361 0.094355 4438,4424,4267
4496 0.095823 0.084508 0.099454 4268,4439,4424
4499 0.094215 0.091701 0.093866 4271,4425
4500 0.086603 0.106159 0.110698 4272,4426,4425
4501 0.081435 0.096381 0.081505 4273,4427,4425
4502 0.081434 0.084647 0.087581 4428,4274,4200,4425
4503 0.083880 0.100501 0.085625 4429,4201,4275,4425
4504 0.110000 0.089188 0.095892 4202,4430,4276,4425
4505 0.077454 0.108184 0.086045 4277,4203,4431,4425
4506 0.106648 0.086044 0.099943 4278,4432,4425
4507 0.103156 0.096869 0.089676 4279,4433,4425
4508 0.116705 0.090235 0.099943 4434,4280,4425
4509 0.153720 0.097428 0.093378 4435,4281,4207,4425
4510 0.121594 0.098615 0.081505 4282,4436,4425
4511 0.103156 0.083530 0.084508 4283,4437,4209,4425
4512 0.078781 0.086603 0.086673 4438,4284,4425
4513 0.110838 0.088629 0.088139 4285,4439,4425
4516 0.085276 0.093867 0.094844 4288,4426
4517 0.088628 0.086673 0.094356 4289,4426,4427
4518 0.086953 0.101968 0.110908 4428,4426,4290
4519 0.115657 0.098407 0.091213 4291,4429,4426
4520 0.087930 0.097917 0.097848 4202,4426,4430,4292
4521 0.109232 0.096381 0.101479 4431,4426,4293,4203
4522 0.075219 0.092819 0.092749 4294,4426,4432
4523 0.079619 0.105530 0.103574 4295,4426,4433
4524 0.102317 0.087721 0.087650 4434,4296,4426
4525 0.090235 0.097918 0.091282 4435,4297,4426,4207
4526 0.086324 0.080038 0.087581 4436,4426,4298
4527 0.103225 0.095892 0.091772 4299,4437,4209,4426
4528 0.104203 0.083530 0.093796 4300,4426,4438
4529 0.119638 0.087092 0.083041 4439,4301,4426
4532 0.067536 0.083600 0.091772 4427,4304
4533 0.105460 0.096451 0.093657 4428,4427,4305
4534 0.103435 0.103783 0.106089 4429,4427,4306
4535 0.092260 0.086673 0.091772 4307,4427,4430
4536 0.086952 0.091701 0.092261 4203,4308,4431,4427
4537 0.143314 0.097288 0.091282 4309,4427,4432
4538 0.117194 0.082971 0.091212 4310,4427,4433
4539 0.077734 0.106159 0.094216 4434,4427,4311
4540 0.079060 0.093797 0.082971 4435,4312,4427
4541 0.105041 0.084158 0.085555 4436,4427,4313
4542 0.121663 0.083530 0.090724 4437,4209,4314,4427
4543 0.082622 0.108812 0.087651 4315,4427,4438
4544 0.158470 0.095892 0.086603 4439,4427,4316
4547 0.093796 0.088628 0.091701 4319,4428
4548 0.086393 0.100921 0.091701 4320,4428,4429
4549 0.107835 0.088140 0.099035 4321,4428,4430
4550 0.118590 0.095892 0.103505 4428,4322,4431
4551 0.083111 0.102038 0.087232 4428,4323,4432
4552 0.107834 0.093797 0.088628 4428,4324,4433
4553 0.118521 0.092819 0.094216 4434,4428,4325
4554 0.082343 0.086114 0.084019 4435,4428,4326
4555 0.078850 0.095333 0.084019 4428,4436,4327
4556 0.086533 0.079899 0.090305 4328,4428,4209,4437
4557 0.100223 0.094774 0.088769 4329,4428,4438
4558 0.085346 0.075359 0.093308 4428,4439,4330
4561 0.071867 0.079409 0.080946 4429,4333
4562 0.116566 0.107834 0.100292 4334,4429,4430
4563 0.082762 0.087162 0.078921 4335,4429,4431
4564 0.106438 0.090165 0.105879 4336,4429,4432
4565 0.105041 0.084578 0.088210 4337,4429,4433
4566 0.090793 0.085625 0.085067 4434,4429,4338
4567 0.138915 0.103295 0.083111 4435,4429,4339
4568 0.116006 0.091282 0.085067 4436,4429,4340
4569 0.081016 0.096800 0.086114 4437,4429,4341
4570 0.079828 0.085625 0.106089 4429,4438,4342
4571 0.109161 0.099454 0.099454 4343,4429,4439
4574 0.074870 0.075848 0.087092 4346,4430
4575 0.138007 0.097847 0.092261 4347,4431,4430
4576 0.116705 0.092261 0.084577 4348,4430,4432
4577 0.085136 0.086114 0.104482 4349,4430,4433
4578 0.115657 0.076337 0.091283 4434,4350,4430
4579 0.099385 13.098865 0.090724 4435,4430,4351
4580 0.085346 0.081714 0.084997 4436,4430,4352
4581 0.143245 0.080946 0.089607 4437,4430,4353
4582 0.117473 0.083600 0.102876 4354,4430,4438
4583 0.082483 0.100572 0.086673 4355,4439,4430
4586 0.084648 0.066559 0.087721 4358,4431
4587 0.100572 0.084438 0.089746 4431,4359,4432
4588 0.089606 0.075848 0.088210 4431,4360,4433
4589 0.083460 0.076337 0.095263 4434,4361,4431
4590 0.126482 0.088140 0.106997 4435,4431,4362
4591 0.076406 0.090654 0.085556 4436,4431,4363
4592 0.110628 0.076406 0.082553 4364,4437,4431
4593 0.104902 0.087092 0.093308 4365,4431,4438
4594 0.085695 0.091213 0.089187 4439,4366,4431
4597 0.119218 0.082483 0.088699 4369,4432
4598 0.113911 0.085067 0.088698 4370,4433,4432
4599 0.077943 0.082064 0.082483 4434,4371,4432
4600 0.078361 0.093797 0.098896 4435,4372,4432
4601 0.104901 0.089117 0.095822 4373,4436,4432
4602 0.094914 0.081016 0.093308 4437,4374,4432
4603 0.136540 0.088140 0.084578 4375,4438,4432
4604 0.114958 0.100711 0.085136 4376,4439,4432
4607 0.067885 0.078921 0.089187 4379,4433
4608 0.116774 0.093308 0.084577 4434,4380,4433
4609 0.109092 0.081435 0.090235 4435,4381,4433
4610 0.089816 0.088628 0.112234 4382,4436,4433
4611 0.142407 0.088698 0.086603 4383,4437,4433
4612 0.117404 0.090724 0.083530 4438,4433,4384
4613 0.079061 0.083041 0.084578 4439,4385,4433
4616 0.101200 0.090235 0.085625 4434,4388
4617 0.106578 0.092749 0.085067 4435,4434,4389
4618 0.091212 0.093727 0.090165 4390,4434,4436
4619 0.089117 0.086184 0.085625 4434,4437,4391
4620 0.136051 0.084578 0.082064 4434,4392,4438
4621 0.076546 0.080457 0.085067 4434,4393,4439
4624 0.071098 0.122013 0.115866 4435,4396
4625 0.104831 0.084089 0.087651 4435,4436,4397
4626 0.087441 0.084508 0.077384 4435,4398,4437
4627 0.139752 0.099663 0.083530 4435,4399,4438
4628 0.088420 0.089118 0.089676 4435,4400,4439
4631 0.067467 0.122012 0.104064 4436,4403
4632 0.083530 0.086114 0.096311 4404,4437,4436
4633 0.108115 0.081435 0.101479 4405,4436,4438
4634 0.087232 0.074800 0.117543 4406,4436,4439
4637 0.083879 0.113772 0.111188 4437,4409
4638 0.113981 0.086603 0.088210 4437,4438,4410
4639 0.087232 0.090794 0.120965 4437,4439,4411
4642 0.085696 0.130743 0.118451 4414,4438
4643 0.107276 0.111746 0.117403 4415,4439,4438
4646 0.073682 0.111816 0.113771 4439,4418
4649 0.174324 -1 -1 4442
4650 0.192971 0.113771 0.132699 4443,4442,4649
4651 0.324622 0.125086 0.106578 4442,4649,4444
4652 0.241161 0.100013 0.096940 4442,4649,4445
4653 0.185638 0.102038 0.118870 4442,4649,4446
4654 0.166780 0.094845 0.094845 4442,4649,4447
4655 0.319175 0.101550 0.095403 4448,4442,4649
4656 0.232502 0.097288 0.080877 4449,4442,4649
4657 0.318965 0.086184 0.088698 4442,4649,4450,4222
4658 0.256596 0.088629 0.086674 4442,4649,4451,4223
4659 0.187873 0.088698 0.089607 4452,4442,4649
4660 0.320850 0.094775 0.090724 4453,4442,4649
4661 0.314845 0.090235 0.085555 4442,4649,4454
4662 0.232641 0.096870 0.096940 4442,4649,4455
4663 0.190108 0.125225 0.113561 4442,4649,4456
4664 0.234108 0.112305 0.108673 4442,4649,4457,4229
4665 0.325739 0.082552 0.082553 4442,4649,4458
4666 0.317569 0.088139 0.085067 4442,4649,4459
4669 0.069912 0.120965 0.101550 4443,4462,4650
4670 0.140939 0.122082 0.137447 4444,4443,4651,4650,4463
4671 0.104412 0.107137 0.124527 4464,4443,4650,4445,4652
4672 0.083321 0.125156 0.097359 4465,4443,4446,4650,4653
4673 0.081575 0.098477 0.103016 4466,4654,4443,4650,4447
4674 0.143803 0.086114 0.094356 4655,4448,4443,4650,4467
4675 0.104134 0.101618 0.090094 4449,4443,4656,4650,4468
4676 0.085835 0.089676 0.099943 4657,4443,4450,4650,4469
4677 0.112864 0.128159 0.090794 4470,4451,4443,4650,4658
4678 0.098755 0.094356 0.092330 4471,4452,4443,4659,4650
4679 0.142965 0.083041 0.093238 4453,4472,4443,4660,4650
4680 0.106369 0.095822 0.081505 4473,4443,4454,4650,4661
4681 0.103784 0.089117 0.088070 4443,4455,4650,4662,4474
4682 0.085416 0.108673 0.095612 4456,4443,4475,4650,4663
4683 0.113003 0.091213 0.088699 4248,4664,4229,4443,4650,4476
4684 0.149599 0.073753 0.093169 4665,4443,4458,4650,4477
4685 0.143105 0.091212 0.089746 4478,4666,4650,4459
4688 0.116356 0.136959 0.123549 4444,4651,4481
4689 0.142755 0.093168 0.130813 4444,4651,4445,4482,4652
4690 0.086114 0.102038 0.128158 4444,4651,4446,4653,4483
4691 0.111047 0.083530 0.106089 4484,4444,4447,4651,4654
4692 0.135562 0.090794 0.103574 4655,4444,4651,4448,4485
4693 0.102038 0.088629 0.100012 4444,4486,4656,4651,4449
4694 0.137238 0.090724 0.094774 4657,4450,4651,4487
4695 0.110977 0.094286 0.088629 4488,4651,4658
4696 0.090235 0.099943 0.108184 4659,4651,4489,4452
4697 0.104273 0.086603 0.089188 4453,4660,4651,4490
4698 0.090165 13.106967 0.075359 4651,4661,4491,4454
4699 0.084927 0.105041 0.089746 4651,4455,4662,4492
4700 0.097009 0.093727 0.088139 4493,4651,4456,4663
4701 0.102667 0.085974 0.109651 4664,4494,4651,4229
4702 0.092540 0.088210 0.087650 4665,4495,4458,4651
4703 0.079479 0.093866 0.100013 4496,4666,4651,4459
4706 0.062787 0.136261 0.106648 4499,4652
4707 0.113632 0.102457 0.117333 4500,4653,4652
4708 0.104342 0.100851 0.129206 4654,4501,4652
4709 0.076965 0.088699 0.096381 4655,4448,4502,4652
4710 0.108673 0.093727 0.089746 4449,4656,4503,4652
4711 0.140870 0.097289 0.089746 4504,4657,4450,4652
4712 0.087581 0.089047 0.088629 4505,4658,4652
4713 0.092959 0.087162 0.084507 4452,4506,4659,4652
4714 0.085276 0.099454 0.095334 4453,4507,4660,4652
4715 0.142197 0.093867 0.087651 4508,4454,4661,4652
4716 0.112723 0.090235 0.090165 4509,4455,4662,4652
4717 0.091632 0.089257 0.091841 4510,4663,4456,4652
4718 0.075987 0.092749 0.075848 4664,4511,4229,4652
4719 0.140381 0.089117 0.085066 4512,4665,4458,4652
4720 0.089257 0.084578 0.091842 4513,4666,4459,4652
4723 0.085835 0.099454 0.097918 4516,4653
4724 0.111606 0.117473 0.117473 4654,4517,4653
4725 0.084857 0.089187 0.092749 4655,4518,4653
4726 0.083181 0.090724 0.097358 4656,4519,4653
4727 0.103365 0.097917 0.086673 4657,4450,4653,4520
4728 0.104832 0.095334 0.102527 4521,4658,4653
4729 0.087302 0.093238 0.080946 4452,4659,4522,4653
4730 0.137447 0.104272 0.093796 4453,4523,4660,4653
4731 0.142546 0.095334 0.085486 4524,4661,4653,4454
4732 0.108742 13.099564 0.094845 4525,4455,4662,4653
4733 0.085276 0.088698 0.075289 4526,4456,4653,4663
4734 0.105739 0.096380 0.084019 4664,4527,4229,4653
4735 0.088628 0.082552 0.089187 4665,4458,4653,4528
4736 0.111188 0.086603 0.085067 4666,4529,4459,4653
4739 0.084019 0.090165 0.081016 4654,4532
4740 0.141777 0.099385 0.099385 4655,4654,4533
4741 0.112374 0.090724 0.096381 4534,4654,4656
4742 0.082273 0.106159 0.087651 4654,4657,4535
4743 0.101130 0.096800 0.089746 4654,4536,4658
4744 0.105670 0.101480 0.089257 4654,4537,4659
4745 0.146946 0.086604 0.085486 4453,4654,4660,4538
4746 0.085765 0.083600 0.086045 4654,4539,4661,4454
4747 0.104552 0.089187 0.088488 4654,4455,4662,4540
4748 0.086464 0.087092 0.087651 4541,4654,4456,4663
4749 0.075987 0.094775 0.096870 4664,4654,4542,4229
4750 0.089886 0.087092 0.091213 4654,4543,4458,4665
4751 0.112863 0.100013 0.094565 4654,4666,4459,4544
4754 0.071588 0.091213 0.099663 4655,4547
4755 0.104622 0.090166 0.093308 4655,4548,4656
4756 0.115239 0.109651 0.080457 4655,4549,4657
4757 0.080458 0.103085 0.087651 4655,4658,4550
4758 0.081365 0.089606 0.081505 4655,4659,4551
4759 0.101200 0.077943 0.087162 4655,4552,4660
4760 0.139473 0.087162 0.087092 4655,4553,4661,4454
4761 0.083320 0.088140 0.086603 4655,4554,4455,4662
4762 0.088139 0.099663 0.086603 4655,4555,4456,4663
4763 0.087581 0.080946 0.090095 4655,4664,4556
4764 0.087441 0.079340 0.087651 4655,4665,4458,4557
4765 0.082483 0.087651 0.085066 4655,4666,4459,4558
4768 0.075569 0.113842 0.077873 4561,4656
4769 0.111885 0.075289 0.092750 4562,4657,4656
4770 0.075359 0.089188 0.090234 4563,4656,4658
4771 0.111886 0.090794 0.086114 4656,4659,4564
4772 0.101899 0.088140 0.085067 4656,4660,4565
4773 0.091632 0.082063 0.087650 4656,4661,4566,4454
4774 0.106089 0.086603 0.099384 4656,4567,4455,4662
4775 0.093517 0.086115 0.089187 4568,4656,4456,4663
4776 0.094704 0.080388 0.088140 4664,4569,4656
4777 0.137867 0.092539 0.088140 4570,4665,4656,4458
4778 0.089536 0.095334 0.092819 4571,4666,4656,4459
4781 0.116356 0.088629 0.088629 4657,4574
4782 0.111257 0.084648 0.092749 4657,4658,4575
4783 0.074870 0.087092 0.081016 4657,4659,4576
4784 0.103645 0.083530 0.095333 4657,4660,4577
4785 0.103365 0.084578 0.089606 4578,4657,4661
4786 0.090514 0.081574 0.093796 4579,4657,4662
4787 0.137308 0.092680 0.087651 4657,4580,4663
4788 0.123478 0.087651 0.084508 4664,4657,4581
4789 0.108952 0.080876 0.094355 4665,4657,4458,4582
4790 0.107975 0.085067 0.086115 4583,4657,4666,4459
4793 0.069841 0.078432 0.081435 4586,4658
4794 0.101270 0.089118 0.095333 4587,4659,4658
4795 0.078432 0.069702 0.088140 4660,4658,4588
4796 0.091422 0.088699 0.095892 4589,4658,4661
4797 0.092539 0.096870 0.082901 4590,4658,4662
4798 0.117054 0.086603 0.079409 4591,4658,4663
4799 0.080597 0.084019 0.086673 4664,4592,4658
4800 0.107416 0.095194 0.086115 4665,4658,4593
4801 0.139892 0.095822 0.076337 4666,4658,4459,4594
4804 0.085486 0.094845 0.087092 4659,4597
4805 0.083390 0.089257 0.084089 4660,4598,4659
4806 0.104832 0.091980 0.089676 4599,4659,4661
4807 0.113981 0.089187 0.079898 4659,4600,4662
4808 0.081016 0.078990 0.083041 4601,4659,4663
4809 0.103365 0.080387 0.081923 4664,4602,4659
4810 0.101969 0.084648 0.096381 4665,4659,4603
4811 0.081994 0.094774 0.088698 4666,4659,4459,4604
4814 0.072076 0.077384 0.088628 4607,4660
4815 0.084997 0.085556 0.093797 4660,4661,4608
4816 0.118800 0.086115 0.086114 4660,4662,4609
4817 0.078711 0.084578 0.100431 4610,4660,4663
4818 0.108254 0.096380 0.090165 4664,4611,4660
4819 0.110978 0.091283 0.092750 4665,4612,4660
4820 0.114889 0.076826 0.086603 4666,4660,4613
4823 0.071448 0.086603 0.081435 4661,4616
4824 0.116356 0.096870 0.090165 4617,4661,4662
4825 0.075918 0.100850 0.099803 4618,4661,4663
4826 0.104902 0.082483 0.090165 4664,4619,4661
4827 0.103225 0.081575 0.084019 4620,4665,4661
4828 0.089536 0.079968 0.089187 4621,4666,4661
4831 0.087302 0.343898 0.092260 4624,4662
4832 0.114610 0.087162 0.091283 4625,4662,4663
4833 0.081226 0.081505 0.091771 4664,4626,4662
4834 0.086393 0.087162 0.087092 4665,4662,4627
4835 0.102318 0.089746 0.096590 4628,4666,4662
4838 0.066000 0.093797 0.091213 4631,4663
4839 0.100781 0.076895 0.097359 4664,4632,4663
4840 0.112653 0.085625 0.079969 4633,4665,4663
4841 0.085416 0.089607 0.085066 4666,4634,4663
4844 0.083530 0.093308 0.090235 4664,4637
4845 0.103296 0.070190 0.084019 4664,4665,4638
4846 0.113631 0.105600 0.130743 4664,4666,4639
4849 0.065161 0.092819 0.087650 4642,4665
4850 0.124247 0.117473 0.090235 4665,4666,4643
4853 0.062508 0.074381 0.087161 4666,4646
4856 0.127530 -1 -1 4669
4857 0.231663 0.092261 0.359822 4856,4669,4670
4858 0.248775 0.114330 0.160425 4856,4669,4671
4859 0.168038 0.104552 0.128717 4856,4669,4672
4860 0.168527 0.105530 0.129137 4856,4673,4669
4861 0.233200 0.092749 0.086603 4856,4674,4669,4467
4862 0.233410 0.114819 0.105041 4856,4675,4669
4863 0.185079 0.080108 0.095404 4856,4469,4669,4676
4864 0.250591 0.091702 0.092330 4677,4856,4669
4865 0.167270 0.077384 0.088698 4856,4669,4678
4866 0.185708 0.081993 0.092749 4856,4472,4679
4867 0.229708 0.087092 0.096940 4856,4473,4680
4868 0.229429 0.095892 0.088139 4856,4681
4869 0.186337 0.081993 0.081505 4856,4682
4870 0.321618 0.078431 0.083041 4856,4683
4871 0.313657 0.077384 0.087092 4856,4684,4477
4872 0.247238 0.083041 0.090235 4856,4685,4478
4875 0.086463 0.118939 0.112235 4857,4688,4670
4876 0.113492 0.098966 0.104064 4857,4858,4689,4671,4670
4877 0.112933 0.122501 0.090234 4857,4690,4672,4859,4670
4878 0.075638 0.099943 0.105041 4857,4691,4860,4673,4670
4879 0.100921 0.104692 0.099454 4857,4674,4861,4692,4670
4880 0.106927 0.094775 0.092749 4857,4862,4675,4693,4670
4881 0.088209 0.095333 0.090794 4694,4676,4670,4487,4857,4863
4882 0.112096 0.084088 0.091212 4857,4677,4695,4864,4670
4883 0.080458 0.084019 0.095333 4857,4678,4696,4865
4884 0.100711 0.086114 0.085136 4857,4472,4866,4697,4490
4885 0.105112 0.083461 0.088139 4857,4698,4473,4867,4491
4886 0.113073 0.080946 0.088140 4857,4699,4868
4887 0.080248 0.087580 0.092819 4857,4869,4700
4888 0.106718 0.090654 0.100990 4857,4870,4701,4683
4889 0.080178 0.075917 0.092260 4857,4495,4871,4702,4477
4890 0.106089 0.083950 0.083600 4857,4478,4703,4496,4872
4893 0.084508 0.134305 0.115448 4706,4858
4894 0.107625 0.116915 0.111816 4707,4859,4858
4895 0.086463 0.137377 0.086604 4860,4708,4858
4896 0.099524 0.095892 0.088629 4674,4861,4709,4858
4897 0.083041 0.095333 0.124038 4862,4675,4710,4858
4898 0.106927 0.098336 0.095333 4863,4711,4858
4899 0.112933 0.089187 0.074800 4677,4712,4864,4858
4900 0.077524 0.109790 0.094774 4678,4713,4865,4858
4901 0.076197 0.097359 0.080458 4714,4507,4472,4866,4858
4902 0.113911 0.097847 0.085066 4715,4473,4867,4508,4858
4903 0.115727 0.076895 0.097288 4868,4716,4858
4904 0.076477 0.086533 0.083042 4717,4869,4858
4905 0.081715 0.081994 0.099454 4683,4718,4870,4858
4906 0.137797 0.079480 0.092260 4512,4871,4719,4477,4858
4907 0.076477 0.090235 0.084577 4478,4513,4872,4720,4858
4910 0.061600 0.109720 0.122431 4723,4859
4911 0.108603 0.121524 0.125575 4724,4860,4859
4912 0.086184 0.127111 0.100501 4725,4861,4859
4913 0.107277 0.105670 0.128228 4862,4726,4859
4914 0.114889 0.090235 0.121594 4863,4727,4859
4915 0.115378 0.095892 0.119428 4677,4864,4859,4728
4916 0.081295 0.092679 0.084019 4729,4859,4865
4917 0.090514 0.096381 0.090166 4523,4730,4472,4866,4859
4918 0.110628 0.092260 0.080527 4524,4473,4731,4867,4859
4919 0.102737 0.088629 0.088140 4732,4868,4859
4920 0.109023 0.079410 0.083042 4733,4869,4859
4921 0.100921 0.082413 0.077803 4734,4870,4859,4683
4922 0.139822 0.087162 0.101968 4528,4871,4477,4859,4735
4923 0.107485 0.092260 0.080457 4478,4736,4529,4859,4872
4926 0.071587 0.106927 0.097847 4860,4739
4927 0.080596 0.129696 0.082482 4740,4860,4861
4928 0.112723 0.111816 0.095822 4862,4860,4741
4929 0.078851 0.095403 0.124457 4863,4860,4742
4930 0.107136 0.106648 0.116914 4743,4860,4864
4931 0.103575 0.090235 0.085556 4860,4744,4865
4932 0.099733 0.085136 0.085625 4860,4472,4866,4745
4933 0.100990 0.089188 0.091772 4539,4860,4473,4867,4746
4934 0.084299 0.084578 0.081435 4860,4747,4868
4935 0.115308 0.085066 0.094285 4748,4860,4869
4936 0.100711 0.082553 0.077385 4860,4749,4870,4683
4937 0.100991 0.080946 0.076895 4750,4860,4871,4543,4477
4938 0.084018 0.079899 0.085137 4478,4860,4751,4544,4872
4941 0.090933 0.132279 0.122501 4861,4754
4942 0.086394 0.131510 0.092260 4862,4861,4755
4943 0.074521 0.072286 0.092260 4863,4861,4756
4944 0.104692 0.108673 0.125575 4861,4864,4757
4945 0.086603 0.108743 0.128787 4758,4861,4865
4946 0.107625 0.084089 0.094774 4472,4759,4861,4866
4947 0.086463 0.092261 0.089187 4760,4473,4861,4867,4553
4948 0.101968 0.085067 0.073752 4761,4868,4861
4949 0.109511 0.088140 0.098336 4869,4861,4762
4950 0.083949 0.079479 0.094705 4763,4861,4870,4683
4951 0.100292 0.095752 0.084577 4557,4861,4871,4764,4477
4952 0.112234 0.086603 0.089677 4478,4861,4765,4558,4872
4955 0.060901 0.088628 0.088629 4862,4768
4956 0.101828 0.087651 0.082483 4862,4863,4769
4957 0.099943 0.084438 0.085067 4862,4770,4864
4958 0.088140 0.075289 0.088140 4862,4771,4865
4959 0.077663 0.080527 0.099524 4862,4772,4472,4866
4960 0.107695 0.089257 0.077384 4862,4867,4773
4961 0.119358 0.090654 0.085556 4862,4868,4774
4962 0.076127 0.089676 0.081994 4862,4775,4869
4963 0.140870 0.075009 0.090724 4862,4776,4870,4683
4964 0.086254 0.082553 0.091283 4862,4777,4570,4871,4477
4965 0.100572 0.083042 0.089676 4862,4478,4571,4778,4872
4968 0.066280 0.108114 0.100501 4863,4781
4969 0.105600 0.082063 0.088139 4863,4782,4864
4970 0.089886 0.083041 0.080458 4863,4783,4865
4971 0.082832 0.083600 0.095823 4784,4863,4472,4866
4972 0.139333 0.103574 0.089676 4863,4785,4867
4973 0.113771 0.082482 0.079409 4863,4868,4786
4974 0.081225 0.087092 0.087651 4787,4863,4869
4975 0.080876 0.087162 0.100152 4863,4788,4870,4683
4976 0.135981 0.086045 0.080038 4863,4871,4789,4477,4582
4977 0.079689 0.082412 0.087023 4790,4863,4478,4583,4872
4980 0.065511 0.083042 0.121524 4864,4793
4981 0.078642 0.085625 0.089746 4794,4864,4865
4982 0.075708 0.085556 0.096940 4795,4472,4866,4864
4983 0.100571 0.085067 0.088698 4796,4867,4864
4984 0.074311 0.079409 0.089676 4868,4797,4864
4985 0.118031 0.088140 0.086603 4869,4798,4864
4986 0.088000 0.095263 0.088139 4799,4870,4864,4683
4987 0.099035 0.090235 0.084786 4800,4871,4477,4864
4988 0.107835 0.078851 0.074800 4594,4478,4801,4864,4872
4991 0.062369 0.095892 0.101688 4804,4865
4992 0.100082 0.080457 0.089676 4472,4866,4805,4865
4993 0.106019 0.096870 0.097638 4599,4867,4806,4865
4994 0.110279 0.086603 0.081016 4868,4807,4865
4995 0.108533 0.091701 0.088139 4808,4869,4865
4996 0.135073 0.093238 0.087232 4683,4809,4870,4865
4997 0.098267 0.096800 0.098895 4810,4871,4477,4865
4998 0.107765 0.066139 0.086533 4478,4811,4872,4604,4865
5001 0.068514 0.083530 0.092749 4472,4866,4814
5002 0.074102 0.083041 0.083601 4472,4866,4867,4815
5003 0.090444 0.089677 0.076896 4868,4472,4866,4816
5004 0.104902 0.102317 0.095822 4869,4472,4866,4817
5005 0.093727 0.081505 0.090165 4818,4472,4866,4870,4683
5006 0.142127 0.078920 0.093797 4871,4819,4472,4866,4477
5007 0.082134 0.079410 0.092260 4478,4472,4866,4820,4872
5010 0.072775 0.079968 0.091841 4616,4867,4823
5011 0.115797 0.093797 0.086603 4868,4824,4867
5012 0.091003 0.081016 0.093797 4825,4869,4867
5013 0.099453 0.090724 0.093308 4826,4683,4867,4870
5014 0.083181 0.094285 0.094286 4827,4871,4867,4477
5015 0.098406 0.080947 0.083042 4478,4867,4828,4872
5018 0.082064 0.090724 0.078362 4831,4868,4624
5019 0.115588 0.082483 0.081016 4832,4868,4869
5020 0.138146 0.111536 0.099943 4868,4833,4870,4683
5021 0.098616 0.078431 0.079409 4868,4871,4834,4477
5022 0.104971 0.080527 0.083600 4478,4868,4835,4872
5025 0.065651 0.093797 0.091632 4838,4869
5026 0.093447 0.091701 0.090095 4839,4869,4870,4683
5027 0.097079 0.088140 0.092261 4840,4869,4871,4477
5028 0.082762 0.087651 0.097428 4478,4869,4841,4872
5031 0.121873 0.079968 0.091282 4844,4870,4683
5032 0.081854 0.079968 0.081435 4845,4871,4870,4477,4683
5033 0.097569 0.087651 0.112235 4478,4846,4872,4870,4683
5036 0.119148 0.083041 0.079479 4871,4849,4477
5037 0.083320 0.081505 0.127111 4478,4850,4871,4477,4872
5040 0.082692 0.083041 0.087581 4478,4853,4872
5043 0.145619 -1 -1 4875
5044 0.247796 0.100362 0.137867 4875,4876,5043
5045 0.264000 0.113143 0.113841 4875,4877,5043
5046 0.252126 0.095263 0.093308 4875,5043,4878
5047 0.254292 0.120476 0.121524 4875,4879,5043
5048 0.246749 0.090654 0.082972 4875,4880,5043
5049 0.252616 0.112305 0.096451 4875,4881,5043
5050 0.228590 0.093239 0.082971 4875,4882,5043
5051 0.253872 0.073822 0.077873 4875,4883,5043
5052 0.182704 0.070749 0.072844 4875,4884,5043,4697
5053 0.226984 0.079969 0.081505 4875,5043,4885
5054 0.319524 0.088140 0.082552 4875,5043,4886
5055 0.232362 0.088629 0.085556 5043,4887
5056 0.249403 0.088628 0.089187 4888,5043,4701
5057 0.179352 0.088629 0.086115 4889,5043,4702
5058 0.165943 0.095962 0.079969 4703,4890,5043
5061 0.062159 0.113772 0.111257 4893,5044,4876
5062 0.115797 0.123479 0.117403 5045,5044,4894,4877,4876
5063 0.114051 0.115308 0.103504 5046,5044,4878,4895,4876
5064 0.109232 0.094845 0.118870 5047,5044,4879,4896,4876
5065 0.081155 0.076895 0.113771 4880,5044,4897,5048,4876
5066 0.118241 0.099733 13.108433 4881,5044,4898,5049,4876
5067 0.076826 0.083320 0.088139 4882,5044,5050,4899,4876
5068 0.118591 0.087651 0.087162 4900,4883,5044,5051,4876
5069 0.090165 0.097149 0.078921 4901,5044,4884,5052,4876
5070 0.104203 0.090235 0.088698 4902,5044,5053,4885,4876
5071 0.135702 0.085625 0.081016 5054,4903,5044,4886,4876
5072 0.120197 0.089187 0.103016 5055,4887,5044,4904,4876
5073 0.104273 0.084577 0.088628 4876,4701,4905,4718,5056,5044
5074 0.083600 0.087022 0.089676 5044,5057,4702,4719,4906
5075 0.075429 0.085626 0.090235 4703,5044,5058,4720,4907
5078 0.093517 0.122432 0.131091 5045,4877,4910
5079 0.122082 0.118381 0.110768 5046,5045,4911,4877,4878
5080 0.109720 0.079409 0.091143 5047,4912,5045,4879,4877
5081 0.127041 0.086114 0.121942 4880,5045,4913,4877,5048
5082 0.133886 0.116844 0.122012 4881,5045,4914,4877,5049
5083 0.107765 0.084578 0.080457 4882,5045,4915,5050,4877
5084 0.111885 0.076336 0.084647 4916,5045,4883,4877,5051
5085 0.079828 0.081994 0.115098 4917,5045,4884,4877,5052
5086 0.101479 0.088628 0.092819 4918,5045,4877,4885,5053
5087 0.133257 0.077873 0.089187 5054,5045,4877,4886,4919
5088 0.112584 0.085625 0.084089 5055,5045,4920,4877
5089 0.077454 0.091701 0.092679 5045,4701,4877,5056,4921
5090 0.107066 0.088139 0.083600 4922,5045,5057,4702,4735
5091 0.086114 0.078920 0.079410 4923,4703,5045,5058,4736
5094 0.095124 0.106648 0.085556 5046,4878,4926
5095 0.112095 0.083600 0.088698 5047,5046,4927,4879,4878
5096 0.111886 0.087581 0.093168 4880,5046,4928,4878,5048
5097 0.114959 0.111746 0.123549 5046,4929,4878,5049,4881
5098 0.081574 0.125016 0.110210 4930,5046,4882,5050,4878
5099 0.122501 0.076407 0.084508 5046,4931,4883,4878,5051
5100 0.085905 0.116914 0.083042 5046,4932,4884,4878,5052
5101 0.104762 0.088698 0.090793 5046,4933,4878,4885,5053
5102 0.138425 0.087162 0.096939 5054,5046,4934,4878,4886
5103 0.110628 0.099384 0.091213 5046,4935,4878,5055
5104 0.110838 0.109231 0.097359 5046,5056,4878,4936
5105 0.106997 0.078502 0.078921 4702,4937,4750,4878,5046,5057
5106 0.074451 0.077314 0.088628 4703,4938,4751,4878,5058,5046
5109 0.091841 0.081016 0.096381 5047,4941,4879
5110 0.098616 0.086533 0.089746 5047,4880,4942,4879,5048
5111 0.115448 0.088070 0.096799 5047,4881,4879,4943,5049
5112 0.097708 0.122502 0.123061 5047,5050,4882,4879,4944
5113 0.116355 0.126063 0.132769 5047,4945,4883,4879,5051
5114 0.079549 0.077454 0.086114 5047,4884,4946,4879,5052
5115 0.102038 0.084508 0.089187 5047,4947,4879,4885,5053
5116 0.129066 0.082482 0.080317 5047,5054,4879,4948,4886
5117 0.116705 0.092749 0.083041 5047,5055,4879,4949
5118 0.109511 0.086114 0.097218 5047,5056,4879,4950
5119 0.102457 0.097288 0.091632 4951,4702,4879,4764,5047,5057
5120 0.087161 0.087651 0.110837 5047,5058,4879,4952,4703
5123 0.110768 0.124108 0.129555 4880,4955,5048
5124 0.115867 0.092261 0.081505 4880,4881,4956,5049,5048
5125 0.075568 0.075847 0.085625 4880,4882,5050,4957,5048
5126 0.116565 0.106159 0.120406 4880,4958,4883,5051,5048
5127 0.083111 0.088559 0.091771 4880,4959,4884,5052,5048
5128 0.097708 0.083041 0.074870 4880,5053,4885,4960,5048
5129 0.129625 0.083530 0.095263 4880,5054,4961,4886,5048
5130 0.117543 0.086114 0.089118 4880,5055,4962,5048
5131 0.112374 0.092819 0.087650 4880,5056,4963,5048
5132 0.080458 0.086115 0.083600 4964,4702,4880,4777,5048,5057
5133 0.074940 0.082971 0.094355 4880,4703,4965,5058,5048
5136 0.092260 0.090095 0.084508 4881,5049,4968
5137 0.099454 0.085626 0.083041 4881,4882,5050,4969,5049
5138 0.136051 0.081504 0.094774 4881,4883,4970,5051,5049
5139 0.085975 0.078432 0.080039 4881,4884,5052,5049,4971
5140 0.102177 0.097428 0.090235 4881,4972,4885,5049,5053
5141 0.128927 0.093238 0.086044 5054,4881,4886,5049,4973
5142 0.112724 0.081016 0.082971 4974,4881,5049,5055
5143 0.109022 0.078432 0.086673 4881,5056,5049,4975
5144 0.107695 0.087651 0.088140 4881,4976,5057,4789,5049
5145 0.110559 0.094285 0.092819 4881,4977,5058,5049,4703
5148 0.083251 0.087650 0.088139 4980,4882,5050
5149 0.082063 0.084648 0.089676 4981,4882,4883,5050,5051
5150 0.080597 0.083531 0.084577 4884,4882,4982,5050,5052
5151 0.082412 0.103016 0.094844 4882,4983,5050,4885,5053
5152 0.083111 0.077384 0.100991 5054,4882,5050,4984,4886
5153 0.106228 0.083041 0.086115 5055,4882,5050,4985
5154 0.075988 0.091283 0.087022 4882,5050,5056,4986
5155 0.102806 0.080947 0.075848 4800,4882,5057,5050,4987
5156 0.075429 0.086532 0.100431 5058,4882,5050,4988
5159 0.082133 0.084578 0.088559 4883,5051,4991
5160 0.114749 0.076896 0.083530 4992,4883,4884,5051,5052
5161 0.101968 0.077874 0.092260 4993,4883,5051,4885,5053
5162 0.134724 0.102527 0.091771 5054,4994,4883,5051,4886
5163 0.085276 0.091212 0.086603 5055,4883,5051,4995
5164 0.115448 0.080457 0.088209 4996,5056,4883,5051
5165 0.099524 0.087162 0.101967 4997,4883,5057,5051
5166 0.115378 0.089676 0.085067 4883,5058,5051,4998
5169 0.070888 0.075847 0.085625 5001,4884,5052
5170 0.098546 0.097358 0.085556 5002,4884,4885,5052,5053
5171 0.084438 0.129137 0.088629 5054,5003,4884,4886,5052
5172 0.080527 0.089187 0.096381 5055,4884,5052,5004
5173 0.086463 0.081505 0.098406 5056,4884,5005,5052
5174 0.086533 0.091702 0.097917 5057,4884,5006,5052
5175 0.082343 0.089257 0.083600 5007,5058,4884,5052
5178 0.080597 0.088140 0.090723 5010,4885,5053
5179 0.131651 0.086673 0.090165 5054,5011,4885,4886,5053
5180 0.098686 0.090724 0.089676 5055,5012,4885,5053
5181 0.104832 0.072775 0.090724 5056,5013,4885,5053
5182 0.102317 0.090654 0.088629 5057,5014,4885,5053
5183 0.095542 0.114539 0.083530 5015,5058,4885,5053
5186 0.070120 0.083041 0.088140 5054,5018,4886
5187 0.089956 0.087580 0.090724 5054,5055,4886,5019
5188 0.129975 0.080527 0.083041 5054,5020,5056,4886
5189 0.085066 0.081016 0.079969 5054,5021,5057,4886
5190 0.134933 0.086673 0.088558 5054,5022,5058,4886
5193 0.069562 0.093867 0.092260 5055,5025
5194 0.133606 0.090724 0.091771 5055,5056,5026
5195 0.080248 0.092819 0.088558 5055,5057,5027
5196 0.082203 0.089746 0.093028 5055,5058,5028
5199 0.066559 0.092750 0.093867 5056,5031
5200 0.096381 0.083530 0.082553 5056,5057,5032
5201 0.080388 0.088908 0.103575 5056,5058,5033
5204 0.067955 0.087162 0.091771 5036,5057
5205 0.116007 0.097848 0.087651 5037,5057,5058
5208 0.062718 0.085556 0.092260 5058,5040
5211 0.123828 -1 -1 5061
5212 0.168178 0.095263 0.134863 4894,5062,5061,5211
5213 0.222095 0.115238 0.115867 5061,4895,5063,5211
5214 0.183054 0.094844 0.077384 5064,5061,4896,5211
5215 0.177118 0.114749 0.080458 5065,4897,5061,5211
5216 0.254921 0.070191 0.087093 4898,5066,5061,5211
5217 0.167200 0.111187 0.089118 5067,5061,5211
5218 0.258552 0.065512 0.089676 4900,5061,5068,5211
5219 0.222025 0.079829 0.088210 5069,5061,5211
5220 0.223213 0.077384 0.082482 5070,5061,5211
5221 0.166781 0.075359 0.082483 4903,5071,5061,5211
5222 0.226215 0.072775 0.078432 5072,5061,5211
5223 0.224051 0.074800 0.091841 5073,5061,5211
5224 0.167689 0.080457 0.084578 5061,5074,5211
5225 0.223702 0.078921 0.075847 5075,5061,5211
5228 0.064394 0.119429 0.128089 5078,5212,5062
5229 0.104622 0.082064 0.086534 5062,4895,4911,5079,5212,5213
5230 0.085136 0.072705 0.079899 5062,5080,4912,4896,5214,5212
5231 0.083112 0.112723 0.116845 5062,5081,4897,4913,5215,5212
5232 0.110559 0.117334 0.116844 4898,5062,5082,4914,5216,5212
5233 0.075848 0.097359 0.076406 5083,5217,5067,5212,5062
5234 0.090305 0.087161 0.078920 5062,4916,4900,5084,5212,5218
5235 0.098896 0.086184 0.091702 5069,5219,5212,5085,5062
5236 0.101688 0.091143 0.099593 5070,5220,5212,5086,5062
5237 0.086812 0.080527 0.089187 5087,5221,5071,5212,5062
5238 0.099594 0.076895 0.089187 5072,5222,5088,5212,5062
5239 0.081155 0.085556 0.086673 5223,5073,5089,5212,5062
5240 0.080527 12.365323 0.090165 5090,5224,5212,5074,5062
5241 0.078013 0.072216 0.083041 5091,5075,5212,5225,5062
5244 0.079898 0.121244 0.123409 5094,5213,4895,4926
5245 0.100013 0.081505 0.095333 4927,5095,4895,4896,5214,5213
5246 0.084508 0.084019 0.086673 4928,4897,4895,5096,5215,5213
5247 0.108812 0.121523 0.117892 4898,4929,4895,5097,5216,5213
5248 0.085765 0.120965 0.115797 5098,5217,5067,5213,4895
5249 0.088629 0.087161 0.089187 4931,5099,4900,4895,5213,5218
5250 0.091911 0.083042 0.090724 5100,5069,5213,4895,5219
5251 0.077943 0.092260 0.086603 5070,5220,5213,4895,5101
5252 0.074311 0.094845 0.098406 5102,5221,5071,5213,4895
5253 0.074591 0.083531 0.088139 4935,5222,4895,5213,5072,5103
5254 0.097149 0.089117 0.076896 4936,5223,4895,5213,5073,5104
5255 0.075638 0.091213 0.090724 5074,5105,5213,4895,5224
5256 0.098825 0.077384 0.084019 5225,5106,5213,4895,5075
5259 0.082342 0.111815 0.094705 5214,5109,4941,4896
5260 0.084020 0.087651 0.082553 5110,4942,4897,4896,5214,5215
5261 0.112375 0.087162 0.104623 4898,5111,4943,4896,5216,5214
5262 0.097289 0.111257 0.106089 5217,5214,5067,4896,5112
5263 0.109861 0.085067 0.109791 4945,5113,4900,4896,5214,5218
5264 0.101479 0.100152 0.079479 5114,5214,5069,4896,5219
5265 0.081505 0.129556 0.077384 5115,5214,5220,4896,5070
5266 0.083251 0.090095 0.085067 5214,5071,5116,4896,5221
5267 0.096870 0.088699 0.086114 5117,5222,4949,4896,5214,5072
5268 0.082552 0.095263 0.087651 5223,4896,5118,5214,5073,4950
5269 0.100223 0.082971 0.101828 5214,5119,4896,5074,5224
5270 0.080178 0.093517 0.086115 5214,5120,4896,5225,5075
5273 0.068305 0.077943 0.092819 4955,5215,4897,5123
5274 0.115168 0.093657 0.083530 4898,4897,5216,5215,5124,4956
5275 0.098476 0.083530 0.087162 5217,5067,5215,4897,5125
5276 0.099035 0.107556 0.131022 4900,4897,4958,5215,5126,5218
5277 0.080876 0.114330 0.120965 5069,5215,4897,5127,5219
5278 0.088070 0.077873 0.086114 5128,5070,5215,4897,5220
5279 0.080806 0.085556 0.081015 5071,5221,5215,4897,5129
5280 0.106857 0.094075 0.094844 5222,4897,5215,5072,4962,5130
5281 0.113911 0.092749 0.097918 5223,4897,5215,5073,4963,5131
5282 0.089885 0.090235 0.078432 5215,4897,5132,5074,5224
5283 0.101339 0.086114 0.087092 5133,5215,4897,5225,5075
5286 0.090584 0.105111 0.112234 5216,5136,4898,4968
5287 0.115796 0.089257 0.086114 5216,5217,4898,5137
5288 0.084228 0.082971 0.095263 4898,4900,5216,5138,4970,5218
5289 0.116006 0.106717 0.078362 5216,4898,5139,5219
5290 0.112584 0.090723 0.083530 5216,5070,4898,5220,5140
5291 0.115587 0.080876 0.088629 5216,5221,4898,5071,5141
5292 0.086254 0.085556 0.090166 4898,5222,5142,5216,4974,5072
5293 0.135702 0.077873 0.084577 4898,5223,5143,5216,5073,4975
5294 0.112584 0.087651 0.094286 4898,5144,5224,5216,4976,5074
5295 0.086115 0.107415 13.111158 4898,5145,5225,5216,4977,5075
5298 0.086044 0.092749 0.107207 5217,5148
5299 0.115168 0.082971 0.083460 4981,5217,5149,5218,4900
5300 0.091072 0.083461 0.087581 5150,5217,5219
5301 0.095892 0.083530 0.080946 5151,5217,5220
5302 0.116495 0.088139 0.087651 5217,5221,5152
5303 0.102596 0.085625 0.093308 5072,5217,5153,5222
5304 0.099105 0.083531 0.088629 5223,5217,5154,5073
5305 0.075917 0.086673 0.098895 5217,5155,5074,5224
5306 0.105670 0.078920 0.093796 5217,5156,5225,5075
5309 0.107207 0.087651 0.090654 5159,4900,5218,4991
5310 0.082972 0.084089 0.096870 5160,4900,4992,5218,5219
5311 0.100921 0.089117 0.081504 4900,5220,5218,5161
5312 0.098197 0.084508 0.094286 4900,5221,5162,5218
5313 0.114260 0.080946 0.082483 4900,5163,4995,5218,5222
5314 0.080108 0.077384 0.083530 5164,5223,4900,4996,5073,5218
5315 0.112933 0.080457 0.089676 5165,4900,5224,4997,5218,5074
5316 0.111536 0.079410 0.102457 5166,4900,5225,5218,4998,5075
5319 0.063835 0.086114 0.072286 5169,5219
5320 0.075848 0.088140 0.105250 5170,5220,5219
5321 0.103086 0.087651 0.089676 5221,5171,5219
5322 0.100082 0.088699 0.089118 5222,5172,5219
5323 0.097079 0.103016 0.091841 5223,5073,5173,5219
5324 0.133397 0.088140 0.094146 5174,5224,5219
5325 0.077454 0.083042 0.076895 5075,5175,5225,5219
5328 0.109371 0.097917 0.076895 5178,5220
5329 0.078711 0.086044 0.087092 5221,5220,5179
5330 0.096171 0.077943 0.107625 5222,5180,5220
5331 0.096731 0.082063 0.084578 5223,5220,5181
5332 0.096800 0.093797 0.082552 5182,5220,5224
5333 0.098825 0.095752 0.081993 5183,5220,5225,5075
5336 0.106228 0.090724 0.088699 5221,5186
5337 0.118520 0.097358 0.081994 5222,5221,5187
5338 0.081086 0.088698 0.073333 5223,5221,5188
5339 0.100851 0.080038 0.091772 5221,5189,5224
5340 0.074800 0.090165 0.085626 5221,5190,5225,5075
5343 0.081365 0.090235 0.093308 5222,5193
5344 0.080876 0.084578 0.089117 5223,5222,5194
5345 0.100222 0.077943 0.087092 5195,5222,5027,5224
5346 0.130254 0.096241 0.089187 5222,5196,5225
5349 0.088420 0.105600 0.088698 5223,5199
5350 0.079619 0.077873 0.084089 5223,5200,5224
5351 0.100991 0.093517 0.113283 5223,5201,5225
5354 0.080946 0.095823 0.086603 5204,5224
5355 0.115448 0.082483 0.110699 5037,5205,5225,5224
5358 0.080248 0.079410 0.088629 5208,5225
5361 0.164685 -1 -1 5228
5362 0.298642 0.102527 0.126553 5229,5361,5228
5363 0.222445 0.114260 0.102527 5230,5361,5228,5080
5364 0.180330 0.087581 0.087651 5231,5361,5228
5365 0.300806 0.110140 0.077454 5082,5232,5361,5228
5366 0.223702 0.079409 0.085625 5233,5361,5228
5367 0.167410 0.081994 0.089606 4916,5234,5361,5228
5368 0.177816 0.072285 0.096241 5361,5228,5235
5369 0.222026 0.083460 0.070749 5361,5228,5086,5236
5370 0.297664 0.078921 0.082552 5361,5228,5237
5371 0.168108 0.097218 0.085625 5238,5361,5228,5088
5372 0.167968 0.081993 0.075848 5239,5089,5361,5228
5373 0.177257 0.112724 0.083600 5361,5228,5240
5374 0.174603 0.078362 0.087162 5241,5361,5228,5091
5377 0.108603 0.117264 0.098197 5362,5244,5229
5378 0.099454 0.075847 0.096869 5362,5363,5229,5245,5080,5095
5379 0.137377 0.086604 0.090724 5362,5231,5229,5246,5364
5380 0.095822 0.119987 0.117892 5362,5229,5365,5082,5247,5097
5381 0.084926 0.109721 0.106508 5362,5229,5233,5366,5248
5382 0.075150 0.087092 0.088070 5362,4931,5229,5249,5367,4916
5383 0.083251 0.085556 0.092749 5362,5229,5368,5250,5235
5384 0.096171 0.088699 0.086603 5362,5229,5369,5251,5236
5385 0.133187 0.091213 0.098406 5362,5252,5229,5370,5237
5386 0.074031 0.088210 0.081016 5362,5238,5229,5371,5253
5387 0.079549 0.081016 0.083111 5362,5229,5254,5089,5372,5104
5388 0.080876 0.085067 0.085067 5362,5229,5240,5373,5255
5389 0.075079 0.086463 0.096800 5362,5229,5256,5374,5091,5106
5392 0.061321 0.127529 0.089117 5363,5109,5080,5259
5393 0.096660 0.104063 0.074242 5363,5110,5364,5260,5231,5080
5394 0.132000 0.102666 0.088140 5363,5111,5261,5365,5082,5080
5395 0.087511 0.115866 0.124317 5363,5080,5366,5262,5112,5233
5396 0.074032 0.122920 0.105111 4945,5363,5263,5367,4916,5080
5397 0.100781 0.078920 0.097917 5363,5264,5114,5368,5080,5235
5398 0.100990 0.091702 0.092680 5115,5363,5265,5369,5080,5236
5399 0.074730 0.084089 0.104064 5363,5116,5266,5080,5370,5237
5400 0.101689 0.089188 0.073822 5238,5363,5117,5267,5080,5371
5401 0.099873 0.077384 0.093308 5363,5089,5080,5118,5268,5372
5402 0.075778 0.086045 0.082553 5363,5080,5119,5240,5269,5373
5403 0.081994 0.092261 0.111047 5363,5270,5091,5080,5374,5120
5406 0.091283 0.110628 0.089188 5364,5273
5407 0.079409 0.084089 0.094845 5274,5082,5124,5364,5365
5408 0.074171 0.076825 0.085556 5275,5366,5364
5409 0.081225 0.118381 0.120476 4916,4958,5276,5367,5364
5410 0.101898 0.092750 0.128228 5368,5277,5364
5411 0.096451 0.082482 0.095404 5369,5278,5236,5364
5412 0.097848 0.092260 0.088070 5279,5370,5364,5237
5413 0.081645 0.080457 0.084578 5238,5280,5371,5364
5414 0.111816 0.088070 0.083530 5281,5131,5364,5372
5415 0.104202 0.088140 0.086114 5282,5373,5364,5240
5416 0.097569 0.091702 0.085556 5374,5283,5133,5364,5091
5419 0.106857 0.084019 0.086114 5082,5286,5136,5365
5420 0.077873 0.091213 0.085067 5137,5082,5366,5287,5365
5421 0.133188 0.082553 0.089606 5288,5367,5365,4916,5082,4970
5422 0.082413 0.116356 0.117892 5289,5082,5368,5139,5365
5423 0.143524 0.079898 0.079480 5082,5369,5140,5290,5365
5424 0.079689 0.088139 0.084997 5082,5141,5291,5370,5365
5425 0.124108 0.082483 0.091702 5238,5365,5082,5292,5142,5371
5426 0.077384 0.087162 0.092260 5082,5372,5293,5143,5365
5427 0.127670 0.089048 0.079898 5082,5294,5144,5373,5365
5428 0.085905 0.084508 0.081435 5295,5374,5365,5082,5145,5091
5431 0.082762 0.096450 0.111746 5366,5298
5432 0.114191 0.088209 0.090724 4916,4981,5366,5367,5299
5433 0.084718 0.089606 0.089677 5300,5368,5366
5434 0.081784 0.097918 0.090583 5301,5369,5366
5435 0.111607 0.093447 0.087092 5302,5152,5366,5370
5436 0.075219 0.083530 0.089258 5238,5371,5303,5366
5437 0.113841 0.090724 0.087021 5304,5366,5372
5438 0.076616 0.084997 0.086603 5366,5305,5373
5439 0.096312 0.089117 0.088070 5374,5366,5306,5156
5442 0.108115 0.087022 0.109162 4916,5309,5367,4991
5443 0.084787 0.093797 0.083530 4916,5368,5310,4992,5367
5444 0.099523 0.102038 0.095193 4916,5161,5311,5369,5367
5445 0.096242 0.086603 0.078921 4916,5312,5162,5367,5370
5446 0.088839 0.092330 0.097359 5238,5367,4916,5371,5313,4995
5447 0.087650 0.092679 0.083600 4916,4996,5314,5367,5372
5448 0.100850 0.089117 0.096450 4916,4997,5367,5373,5315
5449 0.100711 0.080457 0.091212 4916,5374,5367,4998,5316
5452 0.080667 0.078921 0.093308 5368,5319
5453 0.097638 0.076895 0.091771 5368,5369,5320
5454 0.080178 0.081505 0.088209 5368,5370,5321
5455 0.086184 0.090095 0.098895 5238,5322,5368,5371
5456 0.132419 0.085275 0.091772 5368,5323,5372
5457 0.116286 0.084089 0.089676 5368,5324,5373
5458 0.079409 0.078432 0.085067 5374,5368,5325
5461 0.109581 0.084578 0.087651 5178,5369,5328
5462 0.099244 0.079480 0.096869 5369,5370,5329
5463 0.080597 0.082552 0.095333 5238,5330,5369,5371
5464 0.094914 0.082971 0.087162 5331,5369,5372
5465 0.083460 0.088699 0.084019 5332,5369,5373
5466 0.132908 0.081435 0.082413 5374,5333,5369
5469 0.092749 0.082901 0.082971 5370,5336
5470 0.113631 0.081435 0.088698 5371,5370,5337,5187
5471 0.081994 0.088139 0.102387 5338,5370,5372
5472 0.103644 0.093727 0.089257 5339,5370,5373
5473 0.104622 0.090723 0.099873 5374,5340,5370
5476 0.066699 0.078851 0.096381 5371,5343
5477 0.132210 0.084089 0.081505 5344,5371,5372
5478 0.101620 0.092749 0.086045 5345,5371,5027,5373
5479 0.115658 0.101269 0.083530 5374,5346,5371
5482 0.099454 0.088699 0.087092 5199,5349,5372
5483 0.080597 0.091771 0.085625 5350,5373,5372
5484 0.095962 0.092819 0.117403 5374,5351,5372
5487 0.088488 0.077873 0.091772 5354,5373
5488 0.083879 0.081575 0.086533 5374,5355,5205,5373
5491 0.067885 0.089606 0.085066 5374,5358
5494 0.163289 -1 -1 5377
5495 0.219301 0.095334 0.134374 5494,5377,5378,5095
5496 0.298013 0.107137 0.106647 5494,5377,5379
5497 0.212876 0.091213 0.086115 5494,5380,5377,5097
5498 0.168248 0.089746 0.087581 5494,5381,5377
5499 0.167759 0.072845 0.078432 5494,4931,5377,5382
5500 0.177746 0.070749 0.083460 5494,5377,5383
5501 0.220768 0.068166 0.087651 5494,5377,5384
5502 0.296546 0.085626 0.077803 5494,5377,5385
5503 0.182984 0.083041 0.086603 5494,5377,5386
5504 0.304089 0.076965 0.081504 5494,5377,5387
5505 0.298013 0.075848 0.075918 5494,5388,5377
5506 0.177257 0.097918 0.083530 5494,5389,5377
5509 0.080387 0.104553 0.087651 5495,5109,5095,5392
5510 0.081714 0.082064 0.092749 5393,5379,5110,5095,5495,5496
5511 0.097917 0.077943 0.088629 5111,5394,5095,5097,5495,5497
5512 0.098685 0.120057 0.119359 5381,5395,5112,5095,5498,5495
5513 0.074521 0.115727 0.115308 4945,4931,5396,5095,5499,5495
5514 0.079270 0.085556 0.082621 5114,5383,5397,5095,5495,5500
5515 0.100432 0.091772 0.086114 5115,5384,5398,5095,5495,5501
5516 0.080318 0.081994 0.100920 5116,5385,5399,5095,5495,5502
5517 0.099803 0.089746 0.095333 5117,5386,5400,5095,5495,5503
5518 0.074520 0.077942 0.092750 5401,5387,5118,5095,5495,5504
5519 0.082204 0.086114 0.090863 5402,5388,5119,5095,5495,5505
5520 0.082552 0.092330 0.091283 5403,5389,5095,5506,5495,5120
5523 0.107136 0.119359 0.079899 5406,5496,5379,5273
5524 0.099453 0.076825 0.087092 5407,5379,5097,5124,5496,5497
5525 0.077385 0.087092 0.084577 5498,5496,5408,5379,5381
5526 0.073822 0.137866 0.113841 4931,5379,5409,4958,5499,5496
5527 0.086464 0.109651 0.114330 5410,5496,5383,5379,5500
5528 0.100921 0.084089 0.090794 5384,5496,5379,5411,5501
5529 0.101968 0.085555 0.093307 5502,5496,5379,5385,5412
5530 0.082553 0.087651 0.088139 5496,5379,5503,5386,5413
5531 0.114889 0.088629 0.077384 5414,5379,5387,5281,5496,5504
5532 0.100082 0.095823 0.085136 5388,5415,5496,5505,5379
5533 0.082622 0.105809 0.094355 5506,5389,5496,5379,5416
5536 0.076127 0.077385 0.093308 5136,5497,5419,5097
5537 0.092889 0.086114 0.085067 5381,5420,5097,5498,5137,5497
5538 0.126762 0.091771 0.092540 4931,5421,5097,5499,5497,4970
5539 0.083809 0.113841 0.123480 5383,5097,5422,5139,5497,5500
5540 0.126902 0.097918 0.118312 5384,5140,5097,5423,5497,5501
5541 0.085626 0.093867 0.084578 5385,5424,5097,5141,5497,5502
5542 0.086115 0.095403 0.086603 5386,5425,5142,5097,5497,5503
5543 0.078641 0.083530 0.085626 5387,5426,5143,5097,5504,5497
5544 0.122712 0.094286 0.083531 5497,5388,5427,5097,5505,5144
5545 0.081854 0.092749 0.088699 5428,5389,5145,5097,5506,5497
5548 0.123898 0.100641 0.103505 5431,5498
5549 0.115028 0.097148 0.084577 5432,4931,5498,5499,4981
5550 0.075638 0.074870 0.094075 5433,5498,5500
5551 0.097219 0.096380 0.091213 5498,5434,5501
5552 0.101130 0.079410 0.085137 5502,5302,5498,5385,5435
5553 0.087302 0.073823 0.087162 5436,5498,5503,5386
5554 0.129485 0.093238 0.089257 5304,5504,5498,5437,5387
5555 0.127669 0.089187 0.082552 5388,5438,5505,5498
5556 0.100152 0.083530 0.082063 5506,5389,5439,5498
5559 0.062369 0.083530 0.109162 4931,4991,5499,5442
5560 0.088838 0.088629 0.094286 5443,4931,4992,5499,5500
5561 0.074870 0.084019 0.079410 4931,5161,5444,5499,5501
5562 0.076266 0.087162 0.092260 4931,5162,5502,5499,5445
5563 0.083181 0.087162 0.083461 4931,5386,5446,4995,5499,5503
5564 0.073193 0.092260 0.090724 4931,5387,5447,4996,5499,5504
5565 0.079061 0.077384 0.071727 4931,5448,5388,4997,5499,5505
5566 0.078641 0.085485 0.085556 4931,5449,5389,5499,5506,4998
5569 0.080597 0.097428 0.118381 5452,5500
5570 0.088349 0.082482 0.090724 5453,5500,5501
5571 0.094565 0.082064 0.086044 5454,5502,5500
5572 0.116983 0.099314 0.090165 5503,5500,5455
5573 0.128718 0.095822 0.084508 5504,5456,5500,5387
5574 0.095194 0.081016 0.087093 5388,5324,5505,5500,5457
5575 0.087022 0.072285 0.093517 5506,5389,5458,5500
5578 0.064393 0.085625 0.085136 5461,5501
5579 0.074380 0.080458 0.093238 5462,5502,5501
5580 0.097429 0.083531 0.085137 5463,5503,5501
5581 0.083950 0.085137 0.088140 5504,5464,5501
5582 0.133117 0.087651 0.077384 5388,5505,5465,5501
5583 0.097987 0.085556 0.079899 5506,5389,5466,5501
5586 0.092330 0.089186 0.089746 5469,5502,5336
5587 0.100572 0.092750 0.096312 5337,5502,5503,5470
5588 0.141358 0.085556 0.086114 5504,5502,5471
5589 0.132070 0.090234 0.081016 5388,5472,5505,5502
5590 0.085206 0.083530 0.094286 5506,5389,5502,5473
5593 0.110907 0.091772 0.083530 5476,5503
5594 0.078292 0.093238 0.082552 5477,5504,5503
5595 0.132419 0.094356 0.087162 5388,5505,5503,5478
5596 0.083670 0.090654 0.077384 5506,5389,5346,5503,5479
5599 0.080108 0.088628 0.086184 5504,5482,5349
5600 0.127111 0.085067 0.093308 5388,5504,5505,5483
5601 0.101410 0.083460 0.117892 5506,5389,5504,5484
5604 0.085345 0.089187 0.089188 5487,5505
5605 0.087232 0.091491 0.116356 5506,5505,5205,5488
5608 0.082343 0.103505 0.085625 5506,5491
5611 0.098616 -1 -1 5509
5612 0.168667 0.080527 0.132768 5510,5611,5509
5613 0.211410 0.118940 0.110140 5511,5611,5111,5509
5614 0.220349 0.093797 0.087092 5512,5611,5509
5615 0.165943 0.076407 0.072216 4945,5513,5611,5509
5616 0.176908 0.075359 0.081505 5611,5514,5509
5617 0.222235 0.072845 0.096520 5398,5611,5515,5509
5618 0.166013 0.088140 0.084508 5516,5611,5399,5509
5619 0.179492 0.078432 0.088209 5400,5611,5517,5509
5620 0.178584 0.092051 0.080805 5518,5611,5401,5509
5621 0.166152 0.084508 0.080946 5519,5611,5402,5509
5622 0.219232 0.078501 0.082971 5520,5611,5509
5625 0.081365 0.115308 0.068654 5612,5510,5523,5406
5626 0.100851 0.088209 0.094216 5111,5612,5613,5524,5124,5510
5627 0.098895 0.087161 0.084089 5612,5510,5512,5525,5614
5628 0.074939 0.111746 0.106089 4945,5612,5615,4958,5526,5510
5629 0.097079 0.118311 0.106647 5612,5510,5616,5514,5527
5630 0.098755 0.095822 0.081435 5612,5510,5528,5515,5617
5631 0.075079 0.086603 0.094286 5612,5510,5618,5529,5516
5632 0.085276 0.094216 0.082971 5612,5510,5619,5517,5530
5633 0.108393 0.075359 0.092260 5518,5612,5620,5281,5531,5510
5634 0.077035 0.084578 0.080946 5415,5402,5612,5621,5532,5510
5635 0.103574 0.095823 0.087651 5612,5510,5520,5533,5622
5638 0.077873 0.119917 0.079968 5613,5111,5536,5136
5639 0.092959 0.102386 0.085136 5111,5613,5614,5537,5137,5512
5640 0.125435 0.088698 0.092749 4945,5111,5613,5615,5538,4970
5641 0.097568 0.117403 0.123479 5111,5613,5616,5139,5539,5514
5642 0.077104 0.129206 0.116355 5111,5613,5540,5617,5140,5515
5643 0.081295 0.095333 0.083530 5618,5111,5613,5541,5141,5516
5644 0.081715 0.091771 0.089677 5619,5111,5542,5613,5142,5517
5645 0.103504 0.094075 0.093308 5111,5613,5143,5620,5518,5543
5646 0.087231 13.098796 0.097428 5111,5402,5613,5144,5544,5621
5647 0.083041 0.088140 0.087162 5111,5613,5145,5622,5545,5520
5650 0.108324 0.113213 0.094844 5431,5548,5512,5614
5651 0.076058 0.087581 0.081015 4945,5549,5614,5615,4981,5512
5652 0.098547 0.093657 0.086044 5512,5616,5514,5614,5550
5653 0.099454 0.116775 0.113771 5551,5512,5515,5617,5614
5654 0.101619 0.084578 0.080038 5618,5435,5614,5552,5512,5516
5655 0.085206 0.085556 0.097848 5619,5512,5553,5517,5614
5656 0.100292 0.092260 0.088698 5518,5554,5614,5620
5657 0.079479 0.078431 0.090724 5555,5621,5614,5402
5658 0.096381 0.083600 0.083041 5520,5556,5622,5614
5661 0.062787 0.095892 0.086673 4945,4991,5559,5615
5662 0.080038 0.083041 0.089606 4945,5560,5616,4992,5615
5663 0.079060 0.081994 0.087023 4945,5561,5161,5617,5615
5664 0.079130 0.078362 0.085067 4945,5618,5162,5562,5615
5665 0.113353 0.084088 0.080946 4945,5619,5563,4995,5615,5517
5666 0.074242 0.092749 0.095752 4945,5564,5620,4996,5518,5615
5667 0.111257 0.092819 0.087581 4945,5402,5565,5621,5615,4997
5668 0.080666 0.091631 0.085626 4945,5566,5622,5615,5520,4998
5671 0.105810 0.087092 0.114889 5616,5569
5672 0.112584 0.087162 0.090304 5616,5617,5570
5673 0.081784 0.089676 0.101060 5618,5616,5571
5674 0.114191 0.095263 0.092190 5619,5616,5572,5455
5675 0.092260 0.090095 0.076895 5518,5616,5573,5620
5676 0.084787 0.090723 0.083530 5574,5616,5402,5621
5677 0.096241 0.079969 0.089187 5520,5575,5616,5622
5680 0.081714 0.092330 0.116845 5617,5578
5681 0.100153 0.078851 0.081505 5618,5617,5579
5682 0.085905 0.085137 0.087651 5619,5617,5580
5683 0.139891 0.085067 0.083530 5581,5617,5620
5684 0.079968 0.083531 0.104621 5582,5617,5621
5685 0.095543 0.097429 0.092260 5520,5617,5583,5622
5688 0.092539 0.078921 0.093867 5586,5469,5618
5689 0.100851 0.092820 0.088070 5587,5618,5619,5470
5690 0.078781 0.088629 0.089676 5618,5588,5620
5691 0.078153 0.081505 0.094355 5618,5621,5589
5692 0.103435 0.086603 0.083949 5590,5618,5622
5695 0.105809 0.096940 0.081994 5476,5593,5619
5696 0.096451 0.086534 0.076406 5619,5594,5620
5697 0.131930 0.079899 0.086673 5619,5595,5621
5698 0.102247 0.092190 0.097428 5619,5622,5596
5701 0.078711 0.086114 0.087092 5599,5349,5620
5702 0.079340 0.084089 0.079968 5600,5621,5620
5703 0.117333 0.083600 0.130952 5601,5622,5620
5706 0.080806 0.084089 0.089187 5604,5621
5707 0.085835 0.078921 0.113772 5605,5205,5622,5621
5710 0.069911 0.096870 0.086115 5622,5608
5713 0.126692 -1 -1 5406,5625
5714 0.283206 0.109092 0.136330 5124,5406,5713,5626
5715 0.216438 0.109721 0.112235 5627,5406,5713
5716 0.256806 0.073752 0.074381 5406,4958,5713,5628
5717 0.221605 0.086114 0.080946 5406,5713,5629
5718 0.215391 0.082972 0.077943 5406,5713,5630
5719 0.214901 0.078921 0.086603 5406,5713,5631
5720 0.215530 0.076336 0.082483 5406,5713,5632
5721 0.250520 0.079479 0.087651 5281,5406,5713,5633
5722 0.219720 0.081016 0.079968 5634,5406,5713
5723 0.166571 0.106578 0.084578 5406,5713,5635
5726 0.067607 0.113353 0.087162 5124,5136,5714,5638
5727 0.128857 0.082552 0.093797 5639,5627,5715,5714,5137,5124
5728 0.124247 0.088209 0.076336 5716,5714,4958,5124,5640,4970
5729 0.122711 0.116915 0.114260 5629,5717,5714,5641,5139,5124
5730 0.128298 0.125086 0.125993 5718,5714,5630,5140,5124,5642
5731 0.090863 0.081994 0.085485 5719,5714,5631,5141,5124,5643
5732 0.128717 0.094775 0.091701 5720,5714,5142,5632,5124,5644
5733 0.124248 0.074730 0.093238 5721,5281,5714,5143,5124,5645
5734 0.092889 0.097358 0.082553 5722,5144,5714,5634,5124,5646
5735 0.124946 0.080946 0.084578 5714,5723,5145,5635,5124,5647
5738 0.066908 0.109092 0.084019 5627,5715,5548,5650
5739 0.112444 0.079410 0.085626 5627,5716,5715,4981,4958,5651
5740 0.098197 0.080946 0.093238 5627,5717,5715,5652,5629
5741 0.094146 0.113842 0.123480 5627,5715,5630,5653,5718
5742 0.093867 0.089257 0.112235 5719,5435,5627,5715,5631,5654
5743 0.097499 0.085137 0.090724 5627,5715,5655,5720,5632
5744 0.113561 0.087651 0.100990 5627,5281,5715,5721,5656
5745 0.105600 0.079968 0.089676 5627,5722,5715,5634,5657
5746 0.074940 0.093238 0.089187 5627,5723,5715,5658,5635
5749 0.064812 0.084578 0.085067 5716,4958,5661,4991
5750 0.110349 0.094286 0.092121 5629,5717,5716,5662,4958,4992
5751 0.109022 0.075359 0.098965 5161,5718,5716,5630,5663,4958
5752 0.112096 0.109511 0.078990 5162,5719,5716,5631,4958,5664
5753 0.111467 0.094844 0.090654 5716,5720,5632,4958,4995,5665
5754 0.113352 0.092331 0.100851 5281,5716,5721,4996,4958,5666
5755 0.110699 0.087092 0.083600 4997,5722,5716,5634,4958,5667
5756 0.112445 0.079829 0.095334 5723,5716,4958,5635,5668,4998
5759 0.064743 0.080946 0.099454 5717,5671,5629
5760 0.094286 0.083530 0.086673 5629,5718,5717,5630,5570,5672
5761 0.099105 0.089187 0.085066 5717,5673,5719,5629,5631
5762 0.097778 0.081924 0.088139 5629,5717,5720,5455,5632,5674
5763 0.110699 0.091771 0.095822 5717,5281,5721,5675,5629
5764 0.083181 0.093238 0.097359 5717,5722,5676,5634,5629
5765 0.080387 0.094286 0.108882 5717,5723,5677,5629,5635
5768 0.076965 0.093797 0.112235 5630,5680,5718
5769 0.100362 0.075778 0.085625 5681,5630,5631,5719,5718
5770 0.097149 0.084578 0.081505 5720,5682,5630,5632,5718
5771 0.097917 0.086115 0.093238 5281,5721,5630,5683,5718
5772 0.091912 0.099454 0.081993 5582,5718,5722,5630,5634,5684
5773 0.074661 0.075917 0.081435 5685,5723,5635,5630,5718
5776 0.076197 0.088629 0.114330 5586,5631,5719,5688
5777 0.095403 0.076965 0.091701 5719,5720,5631,5632,5689,5470
5778 0.093029 0.092750 0.078920 5281,5690,5721,5631,5719
5779 0.081435 0.085555 0.095334 5722,5634,5691,5631,5719
5780 0.080667 0.078921 0.094705 5692,5723,5631,5719,5635
5783 0.076755 0.090165 0.088698 5720,5632,5695
5784 0.104203 0.093866 0.090305 5281,5720,5721,5696,5632
5785 0.099593 0.088699 0.091213 5722,5634,5720,5697,5632
5786 0.083949 0.077873 0.102946 5596,5723,5720,5632,5635,5698
5789 0.090724 0.089118 0.086114 5281,5721,5701
5790 0.093308 0.087023 0.103016 5281,5722,5721,5634,5702
5791 0.078501 0.088698 0.116914 5281,5723,5703,5721,5635
5794 0.060831 0.081924 0.091212 5722,5634,5706
5795 0.080597 0.082972 0.090235 5722,5634,5707,5635,5723
5798 0.063137 0.078502 0.092330 5723,5710,5635
5801 0.093518 -1 -1 5136,5726
5802 0.172089 0.097917 0.132768 5137,5136,5801,5727
5803 0.215321 0.106578 0.108044 5136,5801,4970,5728
5804 0.248146 0.088140 0.084089 5136,5801,5729,5139
5805 0.166781 0.109650 0.088140 5136,5801,5730,5140
5806 0.171740 0.096729 0.074800 5136,5801,5731,5141
5807 0.282857 0.071238 0.079479 5136,5801,5142,5732
5808 0.172997 0.083042 0.090654 5136,5801,5143,5733
5809 0.212457 0.075289 0.083530 5136,5801,5144,5734
5810 0.283277 0.074800 0.077384 5735,5136,5801,5145
5813 0.068514 0.110768 0.090724 5137,5802,5738,5650
5814 0.099384 0.086184 0.083600 4970,4981,5803,5137,5802,5739
5815 0.110629 0.084578 0.089676 5740,5139,5137,5802,5652,5804
5816 0.076686 0.100362 0.118381 5140,5741,5137,5802,5653,5805
5817 0.083530 0.114330 0.119987 5141,5742,5137,5802,5654,5806
5818 0.125225 0.081505 0.095822 5142,5743,5137,5802,5655,5807
5819 0.082902 0.081016 0.086045 5143,5656,5808,5744,5137,5802
5820 0.094077 0.088140 0.082553 5144,5809,5745,5657,5137,5802
5821 0.122083 0.067187 0.087162 5746,5145,5810,5658,5137,5802
5824 0.077105 0.137867 0.086115 5803,5749,4970,4991
5825 0.112724 0.084997 0.086114 5750,4992,5139,5803,4970,5804
5826 0.074521 0.087651 0.093238 5161,5140,5751,5803,4970,5805
5827 0.095054 0.125016 0.119918 5162,5141,5752,5803,4970,5806
5828 0.122082 0.078431 0.103784 4970,5142,5753,4995,5803,5807
5829 0.082551 0.095333 0.105111 5143,4996,5808,5754,5803,4970
5830 0.096101 0.086114 0.081016 5144,4997,5809,5755,5803,4970
5831 0.093866 0.086603 0.088699 5145,5810,5756,5803,4970,4998
5834 0.090793 0.113841 0.089187 5671,5759,5139,5804
5835 0.116844 0.094075 0.083042 5140,5672,5805,5139,5760,5804
5836 0.113003 0.090235 0.085067 5141,5673,5139,5804,5806,5761
5837 0.123130 0.085555 0.091702 5807,5142,5674,5139,5762,5804
5838 0.084578 0.075918 0.087651 5143,5808,5675,5139,5763,5804
5839 0.109581 0.074800 0.087162 5139,5144,5809,5676,5764,5804
5840 0.073753 0.092819 0.083531 5145,5139,5677,5810,5765,5804
5843 0.060831 0.084578 0.092260 5768,5140,5805,5680
5844 0.081435 0.088069 0.075917 5140,5141,5769,5681,5806,5805
5845 0.125365 0.093239 0.088210 5142,5140,5770,5807,5805,5682
5846 0.078223 0.103295 0.094844 5143,5140,5808,5805,5771,5683
5847 0.098057 0.104413 0.087092 5144,5140,5809,5684,5772,5805
5848 0.080388 0.079899 0.082972 5145,5140,5685,5810,5773,5805
5851 0.064323 0.099943 0.107136 5688,5776,5806,5141
5852 0.122781 0.082553 0.084578 5142,5141,5689,5807,5806,5777
5853 0.077174 0.093308 0.096381 5143,5141,5778,5690,5808,5806
5854 0.095054 0.075848 0.086114 5144,5141,5779,5809,5691,5806
5855 0.080527 0.099943 0.086534 5145,5141,5692,5780,5810,5806
5858 0.102318 0.084578 0.112234 5142,5695,5807,5783
5859 0.084159 0.089118 0.090235 5142,5143,5784,5808,5696,5807
5860 0.126692 0.083600 0.084508 5144,5142,5785,5809,5697,5807
5861 0.100082 0.090096 0.084019 5145,5142,5786,5810,5698,5807
5864 0.069073 0.080457 0.083530 5808,5701,5143,5789
5865 0.082133 0.092749 0.112794 5144,5143,5702,5809,5808,5790
5866 0.125924 0.079968 0.107625 5145,5143,5703,5808,5791,5810
5869 0.082064 0.091702 0.095403 5706,5809,5794,5144
5870 0.079270 0.050704 0.122013 5707,5144,5145,5809,5795,5810
5873 0.060413 0.120476 0.093378 5810,5710,5145,5798
5876 0.090933 -1 -1 5813,5650
5877 0.221047 0.097428 0.135840 4981,5814,5876,5650
5878 0.248565 0.113772 0.104553 5652,5876,5815,5650
5879 0.170901 0.082483 0.081504 5876,5816,5650,5653
5880 0.172368 0.097918 0.099174 5654,5876,5650,5817
5881 0.173066 0.096800 0.080457 5818,5655,5876,5650
5882 0.173207 0.107067 0.077943 5819,5744,5876,5650
5883 0.213365 0.073333 0.075359 5820,5876,5650,5657
5884 0.282089 0.108673 0.085625 5821,5876,5658,5650
5887 0.078222 0.116285 0.086603 4981,4991,5877,5824
5888 0.113911 0.078990 0.077873 5825,4981,4992,5877,5878,5652
5889 0.094355 0.085067 0.088629 5161,5826,4981,5877,5879,5653
5890 0.075918 0.082971 0.114819 5162,5827,4981,5880,5877,5654
5891 0.081854 0.082413 0.120337 5828,4981,5881,4995,5877,5655
5892 0.083390 0.078432 0.085625 4996,5829,4981,5882,5744,5877
5893 0.095892 0.091143 0.087092 5883,5830,4981,4997,5877,5657
5894 0.126901 0.079480 0.078921 5831,4981,5877,5658,5884,4998
5897 0.065232 0.124457 0.084019 5671,5878,5652,5834
5898 0.073123 0.091701 0.080946 5835,5672,5878,5879,5652,5653
5899 0.075778 0.089676 0.091771 5836,5673,5880,5878,5652,5654
5900 0.093378 0.081505 0.084019 5837,5881,5674,5878,5655,5652
5901 0.098685 0.085276 0.087651 5838,5882,5744,5878,5652,5763
5902 0.079967 0.086114 0.091911 5839,5883,5676,5657,5878,5652
5903 0.078152 0.091003 0.085067 5884,5840,5658,5677,5878,5652
5906 0.062718 0.121523 0.090654 5879,5843,5653,5680
5907 0.074870 0.093308 0.085067 5880,5844,5654,5879,5681,5653
5908 0.093867 0.084578 0.089187 5655,5845,5881,5879,5653,5682
5909 0.078152 0.086673 0.087162 5846,5882,5744,5879,5653,5683
5910 0.079759 0.078432 0.098965 5847,5883,5684,5657,5879,5653
5911 0.092539 0.083531 0.079899 5658,5884,5685,5879,5653,5848
5914 0.065161 0.070190 0.088209 5654,5880,5851,5688
5915 0.078781 0.082483 0.080946 5881,5880,5689,5852,5654,5655
5916 0.097359 0.086603 0.097289 5882,5690,5880,5744,5853,5654
5917 0.102877 0.088140 0.089607 5854,5883,5880,5657,5654,5691
5918 0.093029 0.090235 0.087651 5692,5855,5880,5658,5884,5654
5921 0.067607 0.115866 0.121872 5881,5655,5858,5695
5922 0.096661 0.088698 0.083949 5882,5881,5744,5696,5655,5859
5923 0.093727 0.087651 0.080946 5883,5881,5697,5657,5655,5860
5924 0.081086 0.083530 0.086045 5881,5658,5884,5698,5655,5861
5927 0.065092 0.087651 0.111258 5882,5744,5789,5864
5928 0.089955 0.077873 0.087093 5702,5883,5882,5744,5865,5657
5929 0.123200 0.082064 0.087581 5703,5882,5744,5658,5884,5866
5932 0.062578 0.129136 0.084089 5883,5657,5706,5869
5933 0.094146 0.050216 0.091283 5707,5883,5870,5658,5884,5657
5936 0.077244 0.082483 0.084088 5873,5710,5658,5884
5939 0.113702 -1 -1 5887,4991
5940 0.167549 0.102527 0.123969 5888,4992,5939,4991
5941 0.213994 0.119428 0.122990 5161,5889,5939,4991
5942 0.215042 0.085556 0.085555 5890,5162,5939,4991
5943 0.165873 0.108603 0.075848 5891,4995,5939,4991
5944 0.218672 0.075359 0.061949 4996,5892,5939,4991
5945 0.167269 0.109232 0.078432 4997,5893,5939,4991
5946 0.178165 0.080527 0.085626 5894,4998,5939,4991
5949 0.063625 0.119358 0.079898 5671,4992,5940,5897
5950 0.081295 0.117892 0.076826 5161,5940,5941,5672,4992,5898
5951 0.093448 0.090724 0.074800 5162,5942,5940,5673,4992,5899
5952 0.076266 0.074800 0.116915 5943,5940,5900,4995,5674,4992
5953 0.073892 0.090165 0.082483 5944,5940,4996,5901,4992,5763
5954 0.075149 0.077384 0.091421 5945,5940,5902,4997,4992,5676
5955 0.080178 0.080946 0.088698 5946,5940,5903,4992,5677,4998
5958 0.079409 0.119987 0.103923 5161,5906,5680,5941
5959 0.093657 0.084997 0.086114 5161,5162,5942,5941,5907,5681
5960 0.074311 0.079969 0.086673 5161,5943,5941,4995,5908,5682
5961 0.099035 0.086533 0.079898 5161,5944,5941,4996,5909,5683
5962 0.080527 0.084089 0.095264 5161,5945,5941,4997,5684,5910
5963 0.080317 0.087721 0.088140 5946,5161,5941,5685,5911,4998
5966 0.078921 0.116844 0.076406 5914,5162,5942,5688
5967 0.081155 0.079968 0.082552 5162,5942,5943,4995,5689,5915
5968 0.097568 0.084577 0.093727 5162,5942,5944,4996,5690,5916
5969 0.082202 0.075847 0.085625 5162,5945,5942,4997,5691,5917
5970 0.077664 0.087162 0.086115 5946,5162,5942,5692,5918,4998
5973 0.063626 0.081016 0.095822 4995,5695,5943,5921
5974 0.073613 0.084578 0.086673 5944,5943,4996,4995,5696,5922
5975 0.072425 0.077314 0.081015 5945,5943,4997,4995,5697,5923
5976 0.078781 0.080387 0.085067 5946,5943,5924,4995,5698,4998
5979 0.065720 0.120965 0.091213 4996,5944,5927,5789
5980 0.096940 0.092399 0.094006 5944,5945,5702,4996,4997,5928
5981 0.079130 0.080946 0.097429 5946,5944,5703,4996,5929,4998
5984 0.066488 0.080457 13.098935 4997,5706,5945,5932
5985 0.093587 0.044629 0.093796 5946,5945,5707,4997,5933,4998
5988 0.070191 0.087651 0.093797 5946,5936,4998,5710
5991 0.090793 -1 -1 5671,5949
5992 0.165943 0.091701 0.137447 5671,5672,5991,5950
5993 0.170761 0.105600 0.112235 5951,5671,5673,5991
5994 0.166152 0.082552 0.085556 5671,5952,5991,5674
5995 0.222025 0.123479 0.088628 5671,5953,5991,5763
5996 0.219930 0.076825 0.090165 5671,5991,5954,5676
5997 0.214203 0.103994 0.077454 5955,5671,5991,5677
6000 0.107904 0.120546 0.111188 5958,5672,5680,5992
6001 0.083460 0.081505 0.086603 5959,5672,5673,5993,5992,5681
6002 0.079759 0.081016 0.090724 5994,5672,5674,5992,5960,5682
6003 0.095823 0.086114 0.095752 5995,5672,5992,5961,5763,5683
6004 0.095403 0.079409 0.085626 5672,5996,5676,5992,5684,5962
6005 0.078781 0.080038 0.081016 5992,5997,5672,5677,5685,5963
6008 0.063975 0.122990 0.120266 5673,5966,5993,5688
6009 0.076686 0.085556 0.095403 5994,5673,5674,5993,5689,5967
6010 0.099104 0.090584 0.080458 5968,5995,5690,5673,5993,5763
6011 0.092610 0.081016 0.086114 5993,5673,5969,5996,5676,5691
6012 0.097988 0.087651 0.079619 5692,5997,5673,5993,5677,5970
6015 0.061041 0.107626 0.096381 5973,5994,5674,5695
6016 0.075638 0.076895 0.100432 5995,5994,5696,5674,5763,5974
6017 0.080248 0.084019 0.092819 5994,5996,5674,5697,5676,5975
6018 0.078292 0.091701 0.082553 5994,5997,5674,5677,5698,5976
6021 0.062997 0.081924 0.113701 5995,5979,5763,5789
6022 0.094077 0.093866 0.086115 5980,5702,5995,5996,5676,5763
6023 0.095473 0.082482 0.086603 5981,5703,5995,5997,5677,5763
6026 0.078362 0.112235 0.080527 5706,5996,5984,5676
6027 0.085764 0.035339 0.046654 5707,5985,5997,5996,5676,5677
6030 0.082971 0.079898 0.099453 5997,5710,5988,5677
6033 0.149250 -1 -1 5680,6000
6034 0.282229 0.112654 0.138425 6033,5681,5680,6001
6035 0.172857 0.116425 0.120476 6033,6002,5680,5682
6036 0.167898 0.078921 0.095054 6033,5680,5683,6003
6037 0.215041 0.112863 0.111746 6033,5684,6004,5680
6038 0.171460 0.092260 0.084089 6033,5685,6005,5680
6041 0.101410 0.112235 0.116915 5681,5688,6008,6034
6042 0.082273 0.119359 0.122990 6009,5689,6034,5681,6035,5682
6043 0.081645 0.070190 0.091701 6010,5690,5681,6036,5683,6034
6044 0.074171 0.081994 0.084997 6011,5681,5691,5684,6037,6034
6045 0.078851 0.088209 0.089187 6012,5692,6038,5685,5681,6034
6048 0.083739 0.114749 0.113841 5695,6015,6035,5682
6049 0.081713 0.082063 0.090235 6016,5696,6035,6036,5683,5682
6050 0.074521 0.073822 0.083949 6017,5697,5684,6037,6035,5682
6051 0.080736 0.082064 0.095403 6018,6038,5685,5698,6035,5682
6054 0.061461 0.116355 0.122991 6021,6036,5683,5789
6055 0.097499 0.088140 0.073822 5702,5684,6022,6037,6036,5683
6056 0.075638 0.083531 0.085486 5703,6038,5685,6023,6036,5683
6059 0.061041 0.084089 0.087651 5684,5706,6037,6026
6060 0.074311 0.043651 0.050705 5707,6038,5685,5684,6037,6027
6063 0.061250 0.094774 0.077943 5685,5710,6038,6030
6066 0.146666 -1 -1 6041,5688
6067 0.215181 0.108673 0.138914 6042,6066,5689,5688
6068 0.287256 0.112794 0.110698 6043,6066,5688,5690
6069 0.213505 0.076336 0.077384 6066,5691,5688,6044
6070 0.171879 0.113841 0.117403 5692,6066,5688,6045
6073 0.064533 0.114330 0.103086 6048,6067,5689,5695
6074 0.099664 0.075289 0.077873 5690,6067,5689,5696,6049,6068
6075 0.127391 0.082203 0.079898 6067,6050,5691,5689,5697,6069
6076 0.082203 0.079479 0.095333 5692,6067,5689,6070,5698,6051
6079 0.102946 0.110210 0.125575 6054,5690,6068,5789
6080 0.079340 0.077384 0.084577 5702,5690,5691,6055,6068,6069
6081 0.080807 0.088140 0.090165 5703,5692,5690,6070,6056,6068
6084 0.076896 0.115377 0.113283 5706,5691,6059,6069
6085 0.095753 0.047073 0.054895 5707,5692,5691,6060,6070,6069
6088 0.078153 0.086603 0.083600 5692,5710,6063,6070
6091 0.088000 -1 -1 6073,5695
6092 0.283206 0.103924 0.137378 6091,6074,5696,5695
6093 0.167479 0.109231 0.102038 6091,6075,5697,5695
6094 0.174673 0.083041 0.090724 6091,6076,5698,5695
6097 0.067537 0.115308 0.122432 6092,5696,5789,6079
6098 0.083041 0.116356 0.121943 5702,5696,5697,6093,6092,6080
6099 0.075708 0.082483 0.076825 5703,5696,5698,6092,6094,6081
6102 0.063695 0.115378 0.127111 6093,5706,5697,6084
6103 0.100013 0.045606 0.051264 5707,6094,5697,6093,6085,5698
6106 0.066489 0.082552 0.079409 5698,6094,6088,5710
6109 0.116914 -1 -1 5789,6097
6110 0.223072 0.116356 0.137797 6098,5702,5789,6109
6111 0.173974 0.102527 0.116355 6099,5789,6109,5703
6114 0.064533 0.113841 0.118451 5706,6110,6102,5702
6115 0.080946 0.055804 0.052241 6110,5707,6103,6111,5702,5703
6118 0.065721 0.119917 0.124038 6106,5710,6111,5703
6121 0.115377 -1 -1 6114,5706
6122 0.170622 0.088070 0.144572 6115,5706,5707,6121
6125 0.070400 0.065092 0.079968 5710,5707,6118,6122
6128 0.150019 -1 -1 6125,5710
