244
245
246
250,220 245
251,221 246
259
260
261
262
263
264,222 259
252
267,225 262
266,224 261
277
243
268,226 263
242
279
249,219 244
282,228 277
293
265,223 260
248,218 243
270,265 260 264
294
271,266 261 270 264
247,217 242
295
272,267 262 271 264
284,230 279
253,248 247
296
273,268 263 272 264
254,249 244 253
297
255,250 254
298,232 293
256,251 255
257,256 252
299,233 294
258,257 257
300,234 295
301,235 296
302,236 297
303
304,299 298
305,300 304 298
306,301 305 304
310
307,302 306 304
311
308,307 304 303
312
309,308 303 308 304
313
314
315,237 310
317,239 312
318,240 313
319,241 314
320
327
328,258 327
286
269
276
316,238 311
278
280
283,229 278
285,231 280
274,273 264 269
281,227 276
287,282 277 281
321,316 311 315
288,283 287
289,284 279 288
322,317 321 315
290,285 289
291,290 286
323,318 322 315
324,319 323 315
292,291 291
325,324 315 320
326,325 320 325 315
275,274 274 264
329,275 264 328 327
330,292 329 327
331,309 330 327
332,326 315 331 327
333,332 327 327
334,333 327 328 258
335,258
336,275
337,292
338,309
339,326
340,334
341,329
342,330
343,331
344,332
345,253
346,270
347,287
348,304
349,321
350,254
351,271
352,288
353,305
354,322
355,255
356,272
357,289
358,306
359,323
360,256
361,273
362,290
363,307
364,324
365,334
366,367
367
