787
788
789
790
791
792
793
794
795
796
797,687 787
798,688 788
799,689 789
800,690 790
801,691 791
802,692 792
803,693 793
804,694 794
805,695 795
806,696 796
807
808,798 797
809,799 808 797
810,800 809 808
819
811,801 810 808
812,802 811 808
820
821
813,803 812 808
814,804 813 808
822
815,805 814 808
816,806 815 808
817,816 808 807
824
826
825
823
828
827
829,697 819
830,698 820
818,817 807 817 808
831,699 821
832,700 822
833,701 823
834,702 824
835,703 825
836,704 826
837,705 827
838,706 828
839
840,830 829
841,831 840 829
842,832 841 840
851
843,833 842 840
844,834 843 840
852
845,835 844 840
853
846,836 845 840
847,837 846 840
854
848,838 847 840
855
849,848 840 839
856
857
850,849 839 849 840
858
859
860
861,707 851
862,708 852
863,709 853
864,710 854
865,711 855
866,712 856
867,713 857
868,714 858
870,716 860
872,862 861
873,863 872 861
887
888
889
890
891
892
897,721 887
899,723 889
901,725 891
903
915
916
917
918
919
920
921
922
923
924
925,727 915
926,728 916
927,729 917
928,730 918
929,731 919
931,733 921
874,864 873 872
871
869,715 859
933,735 923
884
883
900,724 890
936,926 925
930,732 920
932,734 922
898,722 888
885
902,726 892
894,718 884
895,719 885
886
893,717 883
896,720 886
934,736 924
947
904,894 893
948
875,865 874 872
937,927 936 925
905,895 904
876,866 875 872
938,928 937 936
906,896 905
949
907,897 906
877,867 876 872
951
950
908,898 888 907
939,929 938 936
909,899 908
878,868 877 872
952
940,930 920 939 936
879,869 859 878 872
910,900 890 909
880,870 879 872
954
941,931 940 936
911,901 910
953
942,932 922 941 936
955
881,880 872 871
912,902 892 911
943,933 942 936
882,881 881 872
913,912 903
944,934 924 943 936
914,913 903 913
956
957,737 947
958,738 948
959,739 949
960,740 950
961,741 951
962,742 952
963,743 953
964,744 954
965,745 955
966,746 956
967
968,958 957
969,959 968 957
970,960 969 968
971,961 970 968
979
972,962 971 968
980
973,963 972 968
981
982
974,964 973 968
975,965 974 968
983
976,966 975 968
977,976 968 967
978,977 967 977 968
984
985
986
987
988
989,747 979
990,748 980
991,749 981
992,750 982
993,751 983
994,752 984
995,753 985
996,754 986
997,755 987
998,756 988
999
1000,990 989
1001,991 1000 989
1002,992 1001 1000
1003,993 1002 1000
1011
1004,994 1003 1000
1012
1005,995 1004 1000
1013
1014
1006,996 1005 1000
1007,997 1006 1000
1015
1008,998 1007 1000
1009,1008 1000 999
1010,1009 999 1009 1000
1016
1017
1018
1019
1020
1021,757 1011
1022,758 1012
1023,759 1013
1024,760 1014
1025,761 1015
1026,762 1016
1027,763 1017
1028,764 1018
1029,765 1019
1030,766 1020
1031
1032,1022 1021
1033,1023 1032 1021
1034,1024 1033 1032
1035,1025 1034 1032
1043
1045
1046
1036,1026 1035 1032
1051
1048
935
1047
1044
1076
1056,770 1046
1058,772 1048
1050
1049
1082
1055,769 1045
1053,767 1043
1061,775 1051
1037,1027 1036 1032
1038,1028 1037 1032
1039,1029 1038 1032
1040,1030 1039 1032
1041,1040 1032 1031
1042,1041 1031 1041 1032
1063
1083
1059,773 1049
1052
1078
1075
1080
1095
1093,785 1083
1077
1079
1107
1062,776 1052
1060,774 1050
1081
1087,779 1077
1084
1088,780 1078
1092,784 1082
1091,783 1081
1089,781 1079
945,944 936 935
1086,778 1076
1094,786 1084
1108,818 1107
1085,777 1075
1057,771 1047
1109,850 1108
1090,782 1080
1054,768 1044
1110,882 1109
1096,1086 1085
946,945 945 936
1064,1054 1053 1043
1065,1055 1045 1064 1043
1111,914 1110
1097,1087 1096
1066,1056 1046 1065 1043
1098,1088 1097
1112,946 936 1111
1067,1057 1066 1043
1099,1089 1098
1068,1058 1067 1043
1113,978 1112
1100,1090 1099
1069,1059 1068 1043
1101,1091 1100
1114,1010 1113
1102,1092 1101
1070,1060 1069 1043
1115,1042 1032 1114
1103,1093 1102
1104,1094 1103
1071,1061 1070 1043
1105,1104 1095
1106,1105 1105
1072,1062 1071 1043
1073,1072 1043 1063
1074,1073 1073 1043
1116,1074 1043 1115
1117,1106 1116
1118,1117
1119,1118 1108 818
1120,818
1121,850
1122,882
1123,914
1124,946
1125,978
1126,1010
1127,1042
1128,1074
1129,1106
1130,1119
1131,1109
1132,1110
1133,1111
1134,1112
1135,1113
1136,1114
1137,1115
1138,1116
1139,1117
1140,808
1141,840
1142,872
1143,904
1144,936
1145,968
1146,1000
1147,1032
1148,1064
1149,1096
1150,809
1151,841
1152,873
1153,905
1154,937
1155,969
1156,1001
1157,1033
1158,1065
1159,1097
1160,810
1161,842
1162,874
1163,906
1164,938
1165,970
1166,1002
1167,1034
1168,1066
1169,1098
1170,811
1171,843
1172,875
1173,907
1174,939
1175,971
1176,1003
1177,1035
1178,1067
1179,1099
1180,812
1181,844
1182,876
1183,908
1184,940
1185,972
1186,1004
1187,1036
1188,1068
1189,1100
1190,813
1191,845
1192,877
1193,909
1194,941
1195,973
1196,1005
1197,1037
1198,1069
1199,1101
1200,814
1201,846
1202,878
1203,910
1204,942
1205,974
1206,1006
1207,1038
1208,1070
1209,1102
1210,815
1211,847
1212,879
1213,911
1214,943
1215,975
1216,1007
1217,1039
1218,1071
1219,1103
1220,816
1221,848
1222,880
1223,912
1224,944
1225,976
1226,1008
1227,1040
1228,1072
1229,1104
1230,1119
1231,1232
1232
