242
243
244
245
246
252
259
260
247,217 242
261
263
249,219 244
248,218 243
262
250,220 245
253,248 243 247 242
251,221 246
269
276
277
278
265,223 260
254,249 244 253 242
264,222 259
266,224 261
279
270,265 260 264 259
267,225 262
280
255,250 245 254 242
271,266 261 270 259
268,226 263
256,251 246 255 242
272,267 262 271 259
257,256 242 252
286
293
294
281,227 276
295
296
282,228 277
287,282 277 281 276
284,230 279
297
273,268 263 272 259
283,229 278
274,273 259 269
285,231 280
288,283 278 287 276
258,257 252 257 242
275,274 269 274 259
303
310
311
299,233 294
312
289,284 279 288 276
298,232 293
300,234 295
290,285 280 289 276
301,235 296
313
304,299 294 298 293
314
302,236 297
320
327
328,258 327
329,275 328 327
316,238 311
318,240 313
319,241 314
317,239 312
291,290 276 286
305,300 295 304 293
292,291 286 291 276
330,292 291 329 327
306,301 296 305 293
307,302 297 306 293
308,307 293 303
309,308 303 308 293
331,309 293 330 327
315,237 310
321,316 311 315 310
322,317 312 321 310
323,318 313 322 310
324,319 314 323 310
325,324 310 320
326,325 320 325 310
332,326 310 331 327
333,332 327 327
334,333 327 328 258
335,258
336,275
337,292
338,309
339,326
340,334
341,329
342,330
343,331
344,332
345,253
346,270
347,287
348,304
349,321
350,254
351,271
352,288
353,305
354,322
355,255
356,272
357,289
358,306
359,323
360,256
361,273
362,290
363,307
364,324
365,334
366,367
367
