2927
2928
2929
2930
2931
2932
2933
2934
2935
2936
2937
2938
2939
2940
2941
2942
2943
2944
2945
2946
2947,2527 2927
2948,2528 2928
2950,2530 2930
2952,2532 2932
2953,2533 2933
2954,2534 2934
2955,2535 2935
2949,2529 2929
2951,2531 2931
2956,2536 2936
2957,2537 2937
2959,2539 2939
2960,2540 2940
2961,2541 2941
2962,2542 2942
2963,2543 2943
2964,2544 2944
2965,2545 2945
2966,2546 2946
2967
2968,2948 2947
2969,2949 2968 2947
2970,2950 2969 2968
2971,2951 2970 2968
2972,2952 2971 2968
2989
2973,2953 2972 2968
2990
2974,2954 2973 2968
2991
2975,2955 2974 2968
2992
2976,2956 2975 2968
2993
2977,2957 2976 2968
2994
2995
2996
2997
2998
2999
3000
3001
3002
3003
3004
3005
3006
3007
3008
3009,2547 2989
3010,2548 2990
3011,2549 2991
3012,2550 2992
3013,2551 2993
3014,2552 2994
3015,2553 2995
3016,2554 2996
3017,2555 2997
3018,2556 2998
3019,2557 2999
3020,2558 3000
3021,2559 3001
3022,2560 3002
3023,2561 3003
3024,2562 3004
3025,2563 3005
3026,2564 3006
3027,2565 3007
3028,2566 3008
3029
3030,3010 3009
3031,3011 3030 3009
3032,3012 3031 3030
3033,3013 3032 3030
3034,3014 3033 3030
3051
3035,3015 3034 3030
3052
3036,3016 3035 3030
3037,3017 3036 3030
3038,3018 3037 3030
3054
3039,3019 3038 3030
3055
3040,3020 3039 3030
3056
3041,3021 3040 3030
3057
3058
3042,3022 3041 3030
3059
3043,3023 3042 3030
3044,3024 3043 3030
3061
3045,3025 3044 3030
3062
3046,3026 3045 3030
3063
3047,3027 3046 3030
3064
3048,3028 3047 3030
3065
3049,3048 3030 3029
3066
3050,3049 3029 3049 3030
3067
3069
3068
3076,2572 3056
3078,2574 3058
3070
3077,2573 3057
3053
3071,2567 3051
2958,2538 2938
3072,2568 3052
3073,2569 3053
2978,2958 2938 2977 2968
3083,2579 3063
3082,2578 3062
2979,2959 2978 2968
3084,2580 3064
2980,2960 2979 2968
3085,2581 3065
2981,2961 2980 2968
2982,2962 2981 2968
3086,2582 3066
2983,2963 2982 2968
3087,2583 3067
3088,2584 3068
2984,2964 2983 2968
2985,2965 2984 2968
3090,2586 3070
3089,2585 3069
2986,2966 2985 2968
3091
2987,2986 2968 2967
2988,2987 2967 2987 2968
3092,3072 3071
3093,3073 3092 3071
3113
3114
3115
3116
3117
3118
3119
3120
3121
3122
3123
3124
3125
3126
3128
3129
3130
3131
3132
3133,2587 3113
3134,2588 3114
3135,2589 3115
3136,2590 3116
3138,2592 3118
3139,2593 3119
3140,2594 3120
3141,2595 3121
3142,2596 3122
3143,2597 3123
3144,2598 3124
3146,2600 3126
3148,2602 3128
3149,2603 3129
3150,2604 3130
3151,2605 3131
3152,2606 3132
3153
3154,3134 3133
3155,3135 3154 3133
3156,3136 3155 3154
3175
3176
3177
3178
3179
3180
3181
3182
3183
3184
3185
3186
3187
3188
3189
3060
3145,2599 3125
3081,2577 3061
3079,2575 3059
3201,2613 3181
3202,2614 3182
3190
3205,2617 3185
3075,2571 3055
3127
3192
3074,2570 3054
3147,2601 3127
3195,2607 3175
3080,2576 3060
3137,2591 3117
3094,3074 3054 3093 3092
3204,2616 3184
3206,2618 3186
3157,3137 3117 3156 3154
3095,3075 3055 3094 3092
3207,2619 3187
3158,3138 3157 3154
3096,3076 3095 3092
3208,2620 3188
3159,3139 3158 3154
3160,3140 3159 3154
3097,3077 3096 3092
3210,2622 3190
3209,2621 3189
3212,2624 3192
3161,3141 3160 3154
3162,3142 3161 3154
3098,3078 3097 3092
3163,3143 3162 3154
3215
3164,3144 3163 3154
3099,3079 3059 3098 3092
3165,3145 3125 3164 3154
3100,3080 3060 3099 3092
3166,3146 3165 3154
3101,3081 3061 3100 3092
3167,3147 3166 3154
3102,3082 3101 3092
3168,3148 3167 3154
3237
3103,3083 3102 3092
3104,3084 3103 3092
3169,3149 3168 3154
3238
3105,3085 3104 3092
3106,3086 3105 3092
3170,3150 3169 3154
3239
3240
3107,3087 3106 3092
3241
3171,3151 3170 3154
3108,3088 3107 3092
3172,3152 3171 3154
3173,3172 3154 3153
3109,3089 3108 3092
3243
3242
3244
3174,3173 3153 3173 3154
3110,3090 3109 3092
3111,3110 3092 3091
3245
3112,3111 3091 3111 3092
3246
3247
3248
3249
3250
3251
3252
3253
3254
3255
3256
3257,2627 3237
3258,2628 3238
3259,2629 3239
3260,2630 3240
3261,2631 3241
3263,2633 3243
3264,2634 3244
3265,2635 3245
3266,2636 3246
3267,2637 3247
3268,2638 3248
3269,2639 3249
3270,2640 3250
3271,2641 3251
3272,2642 3252
3273,2643 3253
3274,2644 3254
3275,2645 3255
3276,2646 3256
3277
3278,3258 3257
3279,3259 3278 3257
3280,3260 3279 3278
3281,3261 3280 3278
3299
3300
3301
3302
3303
3304
3305
3306
3307
3308
3309
3310
3311
3312
3313
3314
3315
3316
3317
3318
3319,2647 3299
3320,2648 3300
3326,2654 3306
3327,2655 3307
3328,2656 3308
3329,2657 3309
3330,2658 3310
3331,2659 3311
3332,2660 3312
3333,2661 3313
3334,2662 3314
3335,2663 3315
3336,2664 3316
3337,2665 3317
3338,2666 3318
3339
3340,3320 3319
3361
3323,2651 3303
3324,2652 3304
3362
3199,2611 3179
3200,2612 3180
3322,2650 3302
3203,2615 3183
3364
3366
3369
3371
3321,2649 3301
3193
3191
3262,2632 3242
3196,2608 3176
3368
3213,2625 3193
3198,2610 3178
3341,3321 3301 3340 3319
3194
3211,2623 3191
3197,2609 3177
3342,3322 3302 3341 3340
3282,3262 3242 3281 3278
3375
3214,2626 3194
3343,3323 3303 3342 3340
3216,3196 3176 3195
3344,3324 3304 3343 3340
3374
3376
3283,3263 3282 3278
3217,3197 3177 3216 3195
3284,3264 3283 3278
3285,3265 3284 3278
3218,3198 3178 3217 3195
3378
3377
3219,3199 3179 3218 3195
3379
3286,3266 3285 3278
3220,3200 3180 3219 3195
3287,3267 3286 3278
3221,3201 3220 3195
3380
3222,3202 3221 3195
3288,3268 3287 3278
3381,2667 3361
3223,3203 3183 3222 3195
3382,2668 3362
3224,3204 3223 3195
3289,3269 3288 3278
3384,2670 3364
3225,3205 3224 3195
3226,3206 3225 3195
3290,3270 3289 3278
3386,2672 3366
3227,3207 3226 3195
3228,3208 3227 3195
3291,3271 3290 3278
3389,2675 3369
3388,2674 3368
3229,3209 3228 3195
3391,2677 3371
3292,3272 3291 3278
3230,3210 3229 3195
3293,3273 3292 3278
3231,3211 3230 3195
3294,3274 3293 3278
3394,2680 3374
3395,2681 3375
3397,2683 3377
3398,2684 3378
3399,2685 3379
3400,2686 3380
3401
3402,3382 3381
3423
3424
3426
3427
3428
3429
3430
3432
3433
3434
3435
3436
3437
3438
3439
3440
3441
3442
3443,2687 3423
3444,2688 3424
3446,2690 3426
3447,2691 3427
3448,2692 3428
3449,2693 3429
3450,2694 3430
3452,2696 3432
3453,2697 3433
3454,2698 3434
3455,2699 3435
3456,2700 3436
3457,2701 3437
3458,2702 3438
3459,2703 3439
3460,2704 3440
3461,2705 3441
3462,2706 3442
3463
3464,3444 3443
3485
3365
3232,3212 3231 3195
3425
3325,2653 3305
3486
3370
3295,3275 3294 3278
3372
3431
3396,2682 3376
3490
3296,3276 3295 3278
3487
3495
3392,2678 3372
3492
3297,3296 3278 3277
3502
3512,2714 3492
3507,2709 3487
3552
3498
3522,2724 3502
3515,2717 3495
3505,2707 3485
3558
3504
3233,3213 3232 3195
3554
3524,2726 3504
3556
3385,2671 3365
3234,3214 3233 3195
3345,3325 3305 3344 3340
3560
3445,2689 3425
3390,2676 3370
3235,3234 3195 3215
3506,2708 3486
3562
3346,3326 3345 3340
3561
3526,3506 3505
3347,3327 3346 3340
3236,3235 3215 3235 3195
3465,3445 3464 3443
3527,3507 3526
3466,3446 3465 3443
3348,3328 3347 3340
3564
3563
3467,3447 3466 3443
3468,3448 3467 3443
3349,3329 3348 3340
3565
3566
3469,3449 3468 3443
3470,3450 3469 3443
3350,3330 3349 3340
3351,3331 3350 3340
3572,2732 3552
3352,3332 3351 3340
3574,2734 3554
3353,3333 3352 3340
3354,3334 3353 3340
3576,2736 3556
3355,3335 3354 3340
3578,2738 3558
3356,3336 3355 3340
3580,2740 3560
3357,3337 3356 3340
3581,2741 3561
3582,2742 3562
3358,3338 3357 3340
3359,3358 3340 3339
3583,2743 3563
3360,3359 3339 3359 3340
3584,2744 3564
3585,2745 3565
3586,2746 3566
3587
3298,3297 3277 3297 3278
3609
3610
3611
3612
3613
3614
3615
3616
3617
3618
3619
3620
3621
3622
3623
3624
3625
3626
3627
3628
3629,2747 3609
3631,2749 3611
3632,2750 3612
3633,2751 3613
3634,2752 3614
3635,2753 3615
3636,2754 3616
3637,2755 3617
3638,2756 3618
3639,2757 3619
3640,2758 3620
3641,2759 3621
3642,2760 3622
3643,2761 3623
3644,2762 3624
3645,2763 3625
3646,2764 3626
3647,2765 3627
3648,2766 3628
3649
3671
3672
3673
3674
3363
3525
3739
3736
3491
3488
3693,2769 3673
3496
3493
3630,2748 3610
3367
3489
3550
3676
3684
3516,2718 3496
3675
3497
3734
3494
3690
3737
3513,2715 3493
3548
3501
3692,2768 3672
3373
3677
3499
3679
3503
3500
3650,3630 3610 3629
3519,2721 3499
3740
3551
3387,2673 3367
3678
3518,2720 3498
3681
3547
3553
3651,3631 3650 3629
3509,2711 3489
3549
3570,2730 3550
3571,2731 3551
3742
3696,2772 3676
3680
3451,2695 3431
3555
3683
3652,3632 3651 3629
3698,2774 3678
3704,2780 3684
3559
3700,2776 3680
3735
3510,2712 3490
3701,2777 3681
3695,2771 3675
3743
3682
3569,2729 3549
3741
3686
3567,2727 3547
3517,2719 3497
3689
3702,2778 3682
3699,2775 3679
3733
3573,2733 3553
3514,2716 3494
3709,2785 3689
3471,3451 3470 3443
3557
3685
3706,2782 3686
3523,2725 3503
3521,2723 3501
3744
3691,2767 3671
3575,2735 3555
3511,2713 3491
3520,2722 3500
3393,2679 3373
3577,2737 3557
3703,2779 3683
3688
3712,3692 3672 3691 3671
3697,2773 3677
3568,2728 3548
3745
3694,2770 3674
3708,2784 3688
3653,3633 3652 3629
3588,3568 3567
3579,2739 3559
3383,2669 3363
3713,3693 3673 3712 3671
3654,3634 3653 3629
3508,2710 3488
3403,3383 3402 3381
3746
3655,3635 3654 3629
3710,2786 3690
3714,3694 3674 3713 3671
3589,3569 3588
3656,3636 3655 3629
3528,3508 3527
3747
3748
3715,3695 3714 3671
3404,3384 3403 3402
3716,3696 3715 3671
3590,3570 3589
3749
3405,3385 3404 3402
3657,3637 3656 3629
3591,3571 3590
3717,3697 3716 3671
3529,3509 3528
3592,3572 3591
3406,3386 3405 3402
3718,3698 3717 3671
3750
3751
3593,3573 3592
3658,3638 3657 3629
3719,3699 3718 3671
3530,3510 3529
3594,3574 3593
3752
3531,3511 3530
3407,3387 3406 3402
3659,3639 3658 3629
3595,3575 3594
3532,3512 3531
3720,3700 3719 3671
3753,2787 3733
3408,3388 3407 3402
3533,3513 3532
3660,3640 3659 3629
3754,2788 3734
3409,3389 3408 3402
3721,3701 3720 3671
3755,2789 3735
3410,3390 3409 3402
3596,3576 3595
3534,3514 3533
3756,2790 3736
3661,3641 3660 3629
3722,3702 3721 3671
3411,3391 3410 3402
3662,3642 3661 3629
3597,3577 3596
3723,3703 3722 3671
3535,3515 3534
3757,2791 3737
3598,3578 3597
3412,3392 3411 3402
3724,3704 3723 3671
3760,2794 3740
3759,2793 3739
3599,3579 3598
3536,3516 3535
3761,2795 3741
3600,3580 3599
3413,3393 3412 3402
3601,3581 3600
3414,3394 3413 3402
3415,3395 3414 3402
3763,2797 3743
3416,3396 3376 3415 3402
3764,2798 3744
3417,3397 3416 3402
3765,2799 3745
3418,3398 3417 3402
3766,2800 3746
3419,3399 3418 3402
3767,2801 3747
3420,3400 3419 3402
3421,3420 3402 3401
3768,2802 3748
3422,3421 3401 3421 3402
3769,2803 3749
3771,2805 3751
3772,2806 3752
3773
3774,3754 3753
3775,3755 3774 3753
3776,3756 3775 3774
3777,3757 3776 3774
3795
3796
3797
3798
3799
3800
3801
3802
3803
3804
3805
3806
3807
3808
3809
3810
3811
3812
3813
3814
3815,2807 3795
3816,2808 3796
3817,2809 3797
3818,2810 3798
3819,2811 3799
3820,2812 3800
3821,2813 3801
3822,2814 3802
3823,2815 3803
3824,2816 3804
3537,3517 3536
3835
3831,2823 3811
3687
3825,2817 3805
3770,2804 3750
3830,2822 3810
3829,2821 3809
3828,2820 3808
3832,2824 3812
3827,2819 3807
3762,2796 3742
3858
3859
3711
3834,2826 3814
3663,3643 3662 3629
3860
3538,3518 3537
3738
3826,2818 3806
3664,3644 3663 3629
3602,3582 3601
3539,3519 3538
3472,3452 3471 3443
3707,2783 3687
3665,3645 3664 3629
3758,2792 3738
3705,2781 3685
3666,3646 3665 3629
3603,3583 3602
3778,3758 3777 3774
3862
3540,3520 3539
3604,3584 3603
3861
3725,3705 3724 3671
3541,3521 3540
3779,3759 3778 3774
3473,3453 3472 3443
3863
3667,3647 3666 3629
3605,3585 3604
3474,3454 3473 3443
3668,3648 3667 3629
3726,3706 3725 3671
3606,3586 3605
3669,3668 3629 3649
3542,3522 3541
3475,3455 3474 3443
3864
3865
3727,3707 3726 3671
3670,3669 3649 3669 3629
3780,3760 3779 3774
3607,3606 3587
3866
3728,3708 3727 3671
3543,3523 3542
3867
3476,3456 3475 3443
3781,3761 3780 3774
3544,3524 3543
3477,3457 3476 3443
3729,3709 3728 3671
3868
3608,3607 3587 3607
3478,3458 3477 3443
3782,3762 3742 3781 3774
3479,3459 3478 3443
3730,3710 3729 3671
3783,3763 3782 3774
3545,3544 3525
3869
3870
3480,3460 3479 3443
3871
3731,3730 3671 3711
3732,3731 3731 3671
3784,3764 3783 3774
3481,3461 3480 3443
3546,3545 3545
3872
3785,3765 3784 3774
3786,3766 3785 3774
3482,3462 3481 3443
3873
3787,3767 3786 3774
3874
3483,3482 3443 3463
3788,3768 3787 3774
3789,3769 3788 3774
3875
3484,3483 3463 3483 3443
3790,3770 3750 3789 3774
3876
3791,3771 3790 3774
3878,2828 3858
3792,3772 3791 3774
3879,2829 3859
3793,3792 3774 3773
3794,3793 3773 3793 3774
3880,2830 3860
3881,2831 3861
3882,2832 3862
3883,2833 3863
3884,2834 3864
3885,2835 3865
3886,2836 3866
3887,2837 3867
3888,2838 3868
3889,2839 3869
3890,2840 3870
3891,2841 3871
3892,2842 3872
3893,2843 3873
3894,2844 3874
3895,2845 3875
3896,2846 3876
3897
3919
3920
3921
3922
3923
3924
3925
3926
3927
3928
3929
3930
3931
3932
3933
3934
3935
3936
3937
3938
3939,2847 3919
3940,2848 3920
3941,2849 3921
3942,2850 3922
3943,2851 3923
3944,2852 3924
3945,2853 3925
3947,2855 3927
3948,2856 3928
3949,2857 3929
3950,2858 3930
3951,2859 3931
3953,2861 3933
3946,2854 3926
3833,2825 3813
3955,2863 3935
3952,2860 3932
3954,2862 3934
3956,2864 3936
3836,3816 3815
3960,3940 3939
3857
3998
3993
3984
4000
3877,2827 3857
4004,2870 3984
4020,2886 4000
3988
4018,2884 3998
3837,3817 3836 3815
4043
4013,2879 3993
3992
3898,3878 3877
3961,3941 3960 3939
4021
3899,3879 3898
3838,3818 3837 3815
4045
4044
4012,2878 3992
3962,3942 3961 3939
3900,3880 3899
3963,3943 3962 3939
3839,3819 3838 3815
3964,3944 3963 3939
3901,3881 3900
4046
3965,3945 3964 3939
3840,3820 3839 3815
4047
3966,3946 3926 3965 3939
3902,3882 3901
3841,3821 3840 3815
3967,3947 3966 3939
4048
3903,3883 3902
4049
4050
3904,3884 3903
3842,3822 3841 3815
3905,3885 3904
3968,3948 3967 3939
3906,3886 3905
3843,3823 3842 3815
3969,3949 3968 3939
4051
3907,3887 3906
3844,3824 3843 3815
3970,3950 3969 3939
3845,3825 3805 3844 3815
4052
4053
4054
3971,3951 3970 3939
3908,3888 3907
3972,3952 3932 3971 3939
3846,3826 3806 3845 3815
4055
3909,3889 3908
3973,3953 3972 3939
3910,3890 3909
4056
3847,3827 3807 3846 3815
3911,3891 3910
3974,3954 3934 3973 3939
3848,3828 3808 3847 3815
4057
3975,3955 3935 3974 3939
3976,3956 3936 3975 3939
3912,3892 3911
3849,3829 3809 3848 3815
3913,3893 3912
4058
3850,3830 3810 3849 3815
4060
4059
3851,3831 3811 3850 3815
3914,3894 3913
4061
3852,3832 3812 3851 3815
4062
3915,3895 3914
3853,3833 3813 3852 3815
3916,3896 3915
4063,2887 4043
3854,3834 3814 3853 3815
3917,3916 3897
4065,2889 4045
3918,3917 3897 3917
4064,2888 4044
3855,3854 3815 3835
4066,2890 4046
3856,3855 3855 3815
4067,2891 4047
4068,2892 4048
4069,2893 4049
4071,2895 4051
4073,2897 4053
4075,2899 4055
4076,2900 4056
4077,2901 4057
4080,2904 4060
4081,2905 4061
4082,2906 4062
4083
4084,4064 4063
4085,4065 4084 4063
4086,4066 4085 4084
4087,4067 4086 4084
4088,4068 4087 4084
4089,4069 4088 4084
4106
4107
4108
4109
4110
4111
4112
4113
4114
4115
4116
4117
4118
4119
4120
3959
4074,2898 4054
3958,2866 3938
4078,2902 4058
4072,2896 4052
4008,2874 3988
4133,2915 4113
4079,2903 4059
4126,2908 4106
4140,2922 4120
4132,2914 4112
4137,2919 4117
3987
3983
4167
4070,2894 4050
3999
4007,2873 3987
4124
3981
4121
3982
3957,2865 3937
3996
4139,2921 4119
4003,2869 3983
4136,2918 4116
4002,2868 3982
3989
4134,2916 4114
4016,2882 3996
4105
3986
4123
3985
4009,2875 3989
4090,4070 4050 4089 4084
4128,2910 4108
3994
4127,2909 4107
4006,2872 3986
4019,2885 3999
4014,2880 3994
4130,2912 4110
3991
3990
4125,2907 4105
4168,2988 4167
4011,2877 3991
4010,2876 3990
3977,3957 3937 3976 3939
4143,2925 4123
4144,2926 4124
3995
3997
4005,2871 3985
4146,4126 4106 4125
4169,3050 4168
3978,3958 3938 3977 3939
4131,2913 4111
4135,2917 4115
4001,2867 3981
4091,4071 4090 4084
4015,2881 3995
4141,2923 4121
4017,2883 3997
4022,4002 4001
4147,4127 4107 4146
4023,4003 4022
4092,4072 4052 4091 4084
4148,4128 4108 4147
4024,4004 4023
3979,3978 3939 3959
4025,4005 4024
4093,4073 4092 4084
4170,3112 4169
3980,3979 3979 3939
4026,4006 4025
4027,4007 4026
4094,4074 4054 4093 4084
4028,4008 4027
4171,3174 4170
4095,4075 4094 4084
4029,4009 4028
4096,4076 4095 4084
4172,3236 4171
4097,4077 4096 4084
4030,4010 4029
4031,4011 4030
4173,3298 4172
4098,4078 4058 4097 4084
4174,3360 4173
4032,4012 4031
4099,4079 4059 4098 4084
4033,4013 4032
4175,3422 4174
4034,4014 4033
4100,4080 4099 4084
4176,3484 4175
4035,4015 4034
4101,4081 4100 4084
4177,3546 4176
4036,4016 4035
4102,4082 4101 4084
4037,4017 4036
4178,3608 4177
4038,4018 4037
4103,4102 4084 4083
4179,3670 4178
4039,4019 4038
4104,4103 4083 4103 4084
4180,3732 4179
4181,3794 4180
4040,4020 4039
4182,3856 4181
4183,3918 4182
4041,4040 4021
4184,3980 3939 4183
4042,4041 4041
4185,4042 4184
4186,4104 4084 4185
4138,2920 4118
4122
4145
4129,2911 4109
4142,2924 4122
4149,4129 4109 4148
4150,4130 4110 4149
4151,4131 4111 4150
4152,4132 4112 4151
4153,4133 4113 4152
4154,4134 4114 4153
4155,4135 4115 4154
4156,4136 4116 4155
4157,4137 4117 4156
4158,4138 4118 4157
4159,4139 4119 4158
4160,4140 4120 4159
4161,4141 4160
4162,4142 4161
4163,4143 4162
4164,4144 4163
4165,4164 4145
4166,4165 4165
4187,4166 4186
4188,4187
4189,4188 4168 2988
4190,2988
4191,3050
4192,3112
4193,3174
4194,3236
4195,3298
4196,3360
4197,3422
4198,3484
4199,3546
4200,3608
4201,3670
4202,3732
4203,3794
4204,3856
4205,3918
4206,3980
4207,4042
4208,4104
4209,4166
4210,4189
4211,4169
4212,4170
4213,4171
4214,4172
4215,4173
4216,4174
4217,4175
4218,4176
4219,4177
4220,4178
4221,4179
4222,4180
4223,4181
4224,4182
4225,4183
4226,4184
4227,4185
4228,4186
4229,4187
4230,2968
4231,3030
4232,3092
4233,3154
4234,3216
4235,3278
4236,3340
4237,3402
4238,3464
4239,3526
4240,3588
4241,3650
4242,3712
4243,3774
4244,3836
4245,3898
4246,3960
4247,4022
4248,4084
4249,4146
4250,2969
4251,3031
4252,3093
4253,3155
4254,3217
4255,3279
4256,3341
4257,3403
4258,3465
4259,3527
4260,3589
4261,3651
4262,3713
4263,3775
4264,3837
4265,3899
4266,3961
4267,4023
4268,4085
4269,4147
4270,2970
4271,3032
4272,3094
4273,3156
4274,3218
4275,3280
4276,3342
4277,3404
4278,3466
4279,3528
4280,3590
4281,3652
4282,3714
4283,3776
4284,3838
4285,3900
4286,3962
4287,4024
4288,4086
4289,4148
4290,2971
4291,3033
4292,3095
4293,3157
4294,3219
4295,3281
4296,3343
4297,3405
4298,3467
4299,3529
4300,3591
4301,3653
4302,3715
4303,3777
4304,3839
4305,3901
4306,3963
4307,4025
4308,4087
4309,4149
4310,2972
4311,3034
4312,3096
4313,3158
4314,3220
4315,3282
4316,3344
4317,3406
4318,3468
4319,3530
4320,3592
4321,3654
4322,3716
4323,3778
4324,3840
4325,3902
4326,3964
4327,4026
4328,4088
4329,4150
4330,2973
4331,3035
4332,3097
4333,3159
4334,3221
4335,3283
4336,3345
4337,3407
4338,3469
4339,3531
4340,3593
4341,3655
4342,3717
4343,3779
4344,3841
4345,3903
4346,3965
4347,4027
4348,4089
4349,4151
4350,2974
4351,3036
4352,3098
4353,3160
4354,3222
4355,3284
4356,3346
4357,3408
4358,3470
4359,3532
4360,3594
4361,3656
4362,3718
4363,3780
4364,3842
4365,3904
4366,3966
4367,4028
4368,4090
4369,4152
4370,2975
4371,3037
4372,3099
4373,3161
4374,3223
4375,3285
4376,3347
4377,3409
4378,3471
4379,3533
4380,3595
4381,3657
4382,3719
4383,3781
4384,3843
4385,3905
4386,3967
4387,4029
4388,4091
4389,4153
4390,2976
4391,3038
4392,3100
4393,3162
4394,3224
4395,3286
4396,3348
4397,3410
4398,3472
4399,3534
4400,3596
4401,3658
4402,3720
4403,3782
4404,3844
4405,3906
4406,3968
4407,4030
4408,4092
4409,4154
4410,2977
4411,3039
4412,3101
4413,3163
4414,3225
4415,3287
4416,3349
4417,3411
4418,3473
4419,3535
4420,3597
4421,3659
4422,3721
4423,3783
4424,3845
4425,3907
4426,3969
4427,4031
4428,4093
4429,4155
4430,2978
4431,3040
4432,3102
4433,3164
4434,3226
4435,3288
4436,3350
4437,3412
4438,3474
4439,3536
4440,3598
4441,3660
4442,3722
4443,3784
4444,3846
4445,3908
4446,3970
4447,4032
4448,4094
4449,4156
4450,2979
4451,3041
4452,3103
4453,3165
4454,3227
4455,3289
4456,3351
4457,3413
4458,3475
4459,3537
4460,3599
4461,3661
4462,3723
4463,3785
4464,3847
4465,3909
4466,3971
4467,4033
4468,4095
4469,4157
4470,2980
4471,3042
4472,3104
4473,3166
4474,3228
4475,3290
4476,3352
4477,3414
4478,3476
4479,3538
4480,3600
4481,3662
4482,3724
4483,3786
4484,3848
4485,3910
4486,3972
4487,4034
4488,4096
4489,4158
4490,2981
4491,3043
4492,3105
4493,3167
4494,3229
4495,3291
4496,3353
4497,3415
4498,3477
4499,3539
4500,3601
4501,3663
4502,3725
4503,3787
4504,3849
4505,3911
4506,3973
4507,4035
4508,4097
4509,4159
4510,2982
4511,3044
4512,3106
4513,3168
4514,3230
4515,3292
4516,3354
4517,3416
4518,3478
4519,3540
4520,3602
4521,3664
4522,3726
4523,3788
4524,3850
4525,3912
4526,3974
4527,4036
4528,4098
4529,4160
4530,2983
4531,3045
4532,3107
4533,3169
4534,3231
4535,3293
4536,3355
4537,3417
4538,3479
4539,3541
4540,3603
4541,3665
4542,3727
4543,3789
4544,3851
4545,3913
4546,3975
4547,4037
4548,4099
4549,4161
4550,2984
4551,3046
4552,3108
4553,3170
4554,3232
4555,3294
4556,3356
4557,3418
4558,3480
4559,3542
4560,3604
4561,3666
4562,3728
4563,3790
4564,3852
4565,3914
4566,3976
4567,4038
4568,4100
4569,4162
4570,2985
4571,3047
4572,3109
4573,3171
4574,3233
4575,3295
4576,3357
4577,3419
4578,3481
4579,3543
4580,3605
4581,3667
4582,3729
4583,3791
4584,3853
4585,3915
4586,3977
4587,4039
4588,4101
4589,4163
4590,2986
4591,3048
4592,3110
4593,3172
4594,3234
4595,3296
4596,3358
4597,3420
4598,3482
4599,3544
4600,3606
4601,3668
4602,3730
4603,3792
4604,3854
4605,3916
4606,3978
4607,4040
4608,4102
4609,4164
4610,4189
4611,4612
4612
