789
790
791
792
793
794
795
796
800,690 790
804,694 794
822
819
807
824
820
821
788
787
823
826
827
806,696 796
828
803,693 793
801,691 791
798,688 788
802,692 792
799,689 789
830,698 820
831,699 821
797,687 787
825
832,700 822
808,798 797
834,702 824
829,697 819
839
833,701 823
809,799 789 808
837,705 827
838,706 828
810,800 809
840,830 829 819
851
811,801 791 810
852
841,831 840 819
835,703 825
836,704 826
812,802 792 811
853
842,832 822 841 819
854
813,803 793 812
843,833 823 842 819
855
814,804 813
844,834 824 843 819
856
845,835 825 844 819
857
858
859
860
861,707 851
862,708 852
863,709 853
866,712 856
871
868,714 858
872,862 861
873,863 872 861
870,716 860
883
884
885
886
887
888
889
890
891
892
893,717 883
894,718 884
895,719 885
898,722 888
899,723 889
903
900,724 890
904,894 893
905,895 904 893
902,726 892
915
916
917
918
919
928,730 918
935
947
953
951
948
920
846,836 826 845 819
921
952
922
924
923
925,727 915
869,715 859
901,725 891
805,695 795
867,713 857
865,711 855
956
930,732 920
897,721 887
932,734 922
847,837 827 846 819
927,729 917
896,720 886
933,735 923
864,710 854
926,728 916
906,896 886 905 904
967
957,737 947
934,736 924
907,897 887 906 904
874,864 854 873 872
875,865 855 874 872
963,743 953
961,741 951
936,926 916 925 915
931,733 921
966,746 956
962,742 952
908,898 907 904
954
876,866 875 872
958,738 948
848,838 828 847 819
815,805 795 814
979
909,899 908 904
968,958 948 957 947
937,927 917 936 915
980
938,928 918 937 915
849,848 819 839
816,806 796 815
850,849 849 819
817,816 807
910,900 909 904
981
982
983
964,744 954
911,901 891 910 904
818,817 817
912,902 892 911 904
877,867 857 876 872
984
985
913,912 904 903
914,913 903 913 904
878,868 877 872
986
987
879,869 859 878 872
880,870 860 879 872
881,880 872 871
988
989,747 979
882,881 871 881 872
990,748 980
991,749 981
992,750 982
993,751 983
994,752 984
995,753 985
999
996,754 986
997,755 987
1000,990 989
998,756 988
1001,991 1000 989
1002,992 1001 1000
1003,993 1002 1000
1011
1012
1004,994 1003 1000
1005,995 1004 1000
1013
1014
1006,996 1005 1000
1007,997 1006 1000
1015
1008,998 1007 1000
1009,1008 1000 999
1016
1010,1009 999 1009 1000
1017
1018
1019
1020
1021,757 1011
1022,758 1012
1023,759 1013
1025,761 1015
1026,762 1016
1028,764 1018
1031
1029,765 1019
1032,1022 1021
1033,1023 1032 1021
1030,766 1020
1043
1044
1045
1046
1047
1048
1049
1050
1051
1052
1053,767 1043
1054,768 1044
1055,769 1045
1058,772 1048
1059,773 1049
1063
950
1064,1054 1053
949
1075
1077
955
1076
1079
1078
1082
1080
1095
1057,771 1047
1027,763 1017
1060,774 1050
1056,770 1046
1084
929,731 919
1024,760 1014
1087,779 1077
1092,784 1082
1085,777 1075
1094,786 1084
939,929 919 938 915
940,930 939 915
1034,1024 1014 1033 1032
965,745 955
941,931 940 915
1090,782 1080
942,932 941 915
1035,1025 1034 1032
943,933 942 915
944,934 943 915
1036,1026 1035 1032
945,944 915 935
946,945 945 915
1037,1027 1017 1036 1032
1038,1028 1037 1032
1039,1029 1038 1032
1040,1030 1020 1039 1032
1041,1040 1032 1031
1042,1041 1031 1041 1032
1061,775 1051
1083
1081
1107
1089,781 1079
1062,776 1052
960,740 950
1088,780 1078
1086,778 1076
1065,1055 1064 1053
1096,1086 1085
1097,1087 1096
1066,1056 1046 1065 1053
1098,1088 1097
1091,783 1081
1099,1089 1098
1067,1057 1047 1066 1053
959,739 949
1108,818 1107
1100,1090 1099
969,959 968 947
1068,1058 1067 1053
1109,850 1108
970,960 969 947
1110,882 1109
1101,1091 1100
1069,1059 1068 1053
1093,785 1083
1111,914 1110
971,961 951 970 947
972,962 952 971 947
1102,1092 1101
1112,946 915 1111
973,963 953 972 947
1070,1060 1050 1069 1053
1103,1093 1102
974,964 973 947
1104,1094 1103
1071,1061 1051 1070 1053
975,965 974 947
1105,1104 1095
976,966 956 975 947
1072,1062 1052 1071 1053
1106,1105 1105
977,976 947 967
978,977 967 977 947
1073,1072 1053 1063
1113,978 947 1112
1074,1073 1073 1053
1114,1010 1113
1115,1042 1032 1114
1116,1074 1053 1115
1117,1106 1116
1118,1117
1119,1118 1108 818
1120,818
1121,850
1122,882
1123,914
1124,946
1125,978
1126,1010
1127,1042
1128,1074
1129,1106
1130,1119
1131,1109
1132,1110
1133,1111
1134,1112
1135,1113
1136,1114
1137,1115
1138,1116
1139,1117
1140,808
1141,840
1142,872
1143,904
1144,936
1145,968
1146,1000
1147,1032
1148,1064
1149,1096
1150,809
1151,841
1152,873
1153,905
1154,937
1155,969
1156,1001
1157,1033
1158,1065
1159,1097
1160,810
1161,842
1162,874
1163,906
1164,938
1165,970
1166,1002
1167,1034
1168,1066
1169,1098
1170,811
1171,843
1172,875
1173,907
1174,939
1175,971
1176,1003
1177,1035
1178,1067
1179,1099
1180,812
1181,844
1182,876
1183,908
1184,940
1185,972
1186,1004
1187,1036
1188,1068
1189,1100
1190,813
1191,845
1192,877
1193,909
1194,941
1195,973
1196,1005
1197,1037
1198,1069
1199,1101
1200,814
1201,846
1202,878
1203,910
1204,942
1205,974
1206,1006
1207,1038
1208,1070
1209,1102
1210,815
1211,847
1212,879
1213,911
1214,943
1215,975
1216,1007
1217,1039
1218,1071
1219,1103
1220,816
1221,848
1222,880
1223,912
1224,944
1225,976
1226,1008
1227,1040
1228,1072
1229,1104
1230,1119
1231,1232
1232
