202
203
204
205
206
208,178 203
209,179 204
207,177 202
212
211,181 206
213,208 207
214,209 213 207
210,180 205
219
215,210 205 214 213
216,211 215 213
220
217,216 213 212
221
218,217 212 217 213
222
223
224,182 219
227,185 222
225,183 220
229
226,184 221
228,186 223
230,225 220 224
231,226 221 230 224
232,227 231 224
233,228 232 224
234,233 224 229
236
235,234 229 234 224
237
238
239
240
242,188 237
246
243,189 238
241,187 236
244,190 239
245,191 240
247,242 241 236
248,243 247 241
249,244 239 248 241
253
250,245 240 249 241
254
251,250 241 246
255
252,251 246 251 241
256
257
258,192 253
260,194 255
263
259,193 254
264,259 254 258
261,195 256
265,260 264 258
262,196 257
266,261 256 265 264
267,262 266 265
268,267 265 263
270
269,268 263 268 265
271
272
273
274
275,197 270
280
276,198 271
277,199 272
278,200 273
281,276 271 275
282,277 272 281 275
283,278 273 282 275
279,201 274
284,279 274 283 275
287
285,284 275 280
288,218 287
286,285 280 285 275
289,235 288
290,252 289
291,269 290
292,286 285 291
293,292
294,293 288
295,218
296,235
297,252
298,269
299,286
300,294
301,289
302,290
303,291
304,292
305,213
306,230
307,247
308,264
309,281
310,214
311,231
312,248
313,265
314,282
315,215
316,232
317,249
318,266
319,283
320,216
321,233
322,250
323,267
324,284
325,294
326,327
327
