2933
2928
2932
2936
2937
2938
2939
2940
2941
2942
2943
2944
2945
2946
2952,2532 2932
2956,2536 2936
2960,2540 2940
2961,2541 2941
2962,2542 2942
2963,2543 2943
2965,2545 2945
2967
2957,2537 2937
2966,2546 2946
2964,2544 2944
2929
2931
2934
2927
2930
2935
2959,2539 2939
2949,2529 2929
2953,2533 2933
2958,2538 2938
2950,2530 2930
2948,2528 2928
2951,2531 2931
2955,2535 2935
2990
2954,2534 2934
2947,2527 2927
2989
2968,2948 2928 2947 2927
2969,2949 2929 2968 2927
2970,2950 2969 2927
2971,2951 2931 2970 2927
2972,2952 2971 2927
2973,2953 2933 2972 2927
2974,2954 2934 2973 2927
2975,2955 2974 2927
2976,2956 2975 2927
2977,2957 2937 2976 2927
2978,2958 2938 2977 2927
2979,2959 2939 2978 2927
2980,2960 2979 2927
2981,2961 2980 2927
2982,2962 2981 2927
2983,2963 2982 2927
2984,2964 2944 2983 2927
2985,2965 2984 2927
2986,2966 2946 2985 2927
2987,2986 2927 2967
2988,2987 2967 2987 2927
2991
2992
2993
2994
2996
2998
2995
2997
2999
3000
3001
3002
3003
3004
3005
3006
3007
3008
3009,2547 2989
3010,2548 2990
3011,2549 2991
3012,2550 2992
3013,2551 2993
3014,2552 2994
3016,2554 2996
3017,2555 2997
3018,2556 2998
3019,2557 2999
3020,2558 3000
3029
3023,2561 3003
3030,3010 3009
3021,2559 3001
3031,3011 3030 3009
3024,2562 3004
3022,2560 3002
3032,3012 3031 3009
3051
3026,2564 3006
3033,3013 3032 3009
3034,3014 3033 3009
3025,2563 3005
3052
3053
3027,2565 3007
3054
3055
3028,2566 3008
3056
3057
3058
3059
3060
3061
3062
3063
3064
3065
3066
3067
3068
3069
3070
3071,2567 3051
3072,2568 3052
3073,2569 3053
3074,2570 3054
3075,2571 3055
3077,2573 3057
3076,2572 3056
3079,2575 3059
3080,2576 3060
3081,2577 3061
3082,2578 3062
3086,2582 3066
3083,2579 3063
3084,2580 3064
3088,2584 3068
3085,2581 3065
3089,2585 3069
3090,2586 3070
3091
3078,2574 3058
3015,2553 2995
3113
3092,3072 3071
3035,3015 2995 3034 3009
3093,3073 3092 3071
3114
3094,3074 3093 3071
3115
3036,3016 3035 3009
3095,3075 3094 3071
3037,3017 3036 3009
3116
3038,3018 3037 3009
3117
3096,3076 3095 3071
3039,3019 3038 3009
3097,3077 3096 3071
3118
3087,2583 3067
3119
3040,3020 3000 3039 3009
3098,3078 3058 3097 3071
3041,3021 3001 3040 3009
3120
3099,3079 3098 3071
3042,3022 3002 3041 3009
3122
3121
3043,3023 3003 3042 3009
3123
3044,3024 3004 3043 3009
3124
3045,3025 3005 3044 3009
3125
3046,3026 3006 3045 3009
3126
3047,3027 3007 3046 3009
3127
3048,3028 3008 3047 3009
3128
3049,3048 3009 3029
3129
3050,3049 3029 3049 3009
3130
3131
3132
3133,2587 3113
3134,2588 3114
3136,2590 3116
3137,2591 3117
3139,2593 3119
3140,2594 3120
3141,2595 3121
3142,2596 3122
3144,2598 3124
3145,2599 3125
3153
3146,2600 3126
3147,2601 3127
3154,3134 3133
3148,2602 3128
3149,2603 3129
3150,2604 3130
3175
3151,2605 3131
3176
3152,2606 3132
3177
3178
3179
3180
3181
3182
3183
3184
3185
3186
3187
3188
3189
3190
3191
3192
3193
3194
3195,2607 3175
3196,2608 3176
3197,2609 3177
3199,2611 3179
3200,2612 3180
3201,2613 3181
3203,2615 3183
3204,2616 3184
3207,2619 3187
3198,2610 3178
3100,3080 3099 3071
3209,2621 3189
3202,2614 3182
3208,2620 3188
3143,2597 3123
3210,2622 3190
3206,2618 3186
3138,2592 3118
3205,2617 3185
3135,2589 3115
3101,3081 3100 3071
3212,2624 3192
3211,2623 3191
3155,3135 3115 3154 3133
3156,3136 3155 3133
3214,2626 3194
3157,3137 3156 3133
3158,3138 3118 3157 3133
3159,3139 3158 3133
3160,3140 3159 3133
3161,3141 3160 3133
3162,3142 3161 3133
3163,3143 3123 3162 3133
3164,3144 3163 3133
3165,3145 3164 3133
3166,3146 3165 3133
3167,3147 3166 3133
3168,3148 3128 3167 3133
3169,3149 3129 3168 3133
3170,3150 3130 3169 3133
3171,3151 3131 3170 3133
3172,3152 3132 3171 3133
3173,3172 3133 3153
3174,3173 3153 3173 3133
3215
3102,3082 3101 3071
3213,2625 3193
3216,3196 3195
3103,3083 3102 3071
3217,3197 3216 3195
3237
3104,3084 3103 3071
3105,3085 3104 3071
3218,3198 3217 3216
3239
3238
3240
3106,3086 3105 3071
3107,3087 3067 3106 3071
3219,3199 3218 3216
3241
3108,3088 3107 3071
3242
3220,3200 3219 3216
3109,3089 3108 3071
3221,3201 3220 3216
3243
3222,3202 3221 3216
3244
3110,3090 3109 3071
3111,3110 3071 3091
3245
3246
3247
3112,3111 3091 3111 3071
3248
3249
3250
3251
3252
3253
3254
3255
3256
3257,2627 3237
3258,2628 3238
3260,2630 3240
3261,2631 3241
3264,2634 3244
3266,2636 3246
3267,2637 3247
3268,2638 3248
3269,2639 3249
3271,2641 3251
3273,2643 3253
3274,2644 3254
3275,2645 3255
3301
3302
3303
3304
3305
3306
3307
3308
3309
3310
3311
3312
3313
3314
3315
3316
3317
3318
3321,2649 3301
3325,2653 3305
3330,2658 3310
3277
3278,3258 3257
3223,3203 3222 3216
3300
3299
3328,2656 3308
3272,2642 3252
3326,2654 3306
3270,2640 3250
3263,2633 3243
3265,2635 3245
3323,2651 3303
3339
3327,2655 3307
3366
3276,2646 3256
3259,2629 3239
3361
3362
3322,2650 3302
3262,2632 3242
3363
3367
3324,2652 3304
3364
3329,2657 3309
3365
3279,3259 3239 3278 3257
3369
3332,2660 3312
3368
3338,2666 3318
3280,3260 3279 3257
3336,2664 3316
3370
3281,3261 3280 3257
3282,3262 3242 3281 3257
3371
3372
3283,3263 3243 3282 3257
3284,3264 3283 3257
3373
3285,3265 3245 3284 3257
3319,2647 3299
3286,3266 3285 3257
3374
3287,3267 3286 3257
3375
3288,3268 3287 3257
3376
3289,3269 3288 3257
3377
3290,3270 3250 3289 3257
3378
3291,3271 3290 3257
3292,3272 3252 3291 3257
3379
3293,3273 3292 3257
3380
3294,3274 3254 3293 3257
3295,3275 3255 3294 3257
3381,2667 3361
3382,2668 3362
3384,2670 3364
3385,2671 3365
3387,2673 3367
3388,2674 3368
3389,2675 3369
3390,2676 3370
3391,2677 3371
3392,2678 3372
3394,2680 3374
3396,2682 3376
3397,2683 3377
3398,2684 3378
3423
3399,2685 3379
3424
3400,2686 3380
3393,2679 3373
3425
3426
3427
3428
3429
3430
3431
3432
3433
3434
3435
3436
3437
3438
3439
3440
3441
3442
3224,3204 3223 3216
3296,3276 3256 3295 3257
3443,2687 3423
3320,2648 3300
3444,2688 3424
3340,3320 3300 3319 3299
3464,3444 3424 3443 3423
3341,3321 3340 3299
3383,2669 3363
3485
3386,2672 3366
3446,2690 3426
3342,3322 3302 3341 3299
3447,2691 3427
3343,3323 3303 3342 3299
3344,3324 3304 3343 3299
3345,3325 3344 3299
3346,3326 3306 3345 3299
3347,3327 3307 3346 3299
3333,2661 3313
3348,3328 3308 3347 3299
3457,2701 3437
3349,3329 3309 3348 3299
3350,3330 3349 3299
3401
3445,2689 3425
3486
3297,3296 3257 3277
3331,2659 3311
3351,3331 3311 3350 3299
3465,3445 3425 3464 3423
3352,3332 3312 3351 3299
3466,3446 3426 3465 3423
3488
3487
3353,3333 3313 3352 3299
3467,3447 3427 3466 3423
3298,3297 3297 3257
3225,3205 3224 3216
3489
3226,3206 3225 3216
3227,3207 3226 3216
3490
3492
3493
3449,2693 3429
3450,2694 3430
3395,2681 3375
3337,2665 3317
3335,2663 3315
3451,2695 3431
3334,2662 3314
3448,2692 3428
3494
3354,3334 3314 3353 3299
3453,2697 3433
3468,3448 3428 3467 3423
3452,2696 3432
3496
3469,3449 3429 3468 3423
3497
3459,2703 3439
3470,3450 3430 3469 3423
3498
3471,3451 3431 3470 3423
3229,3209 3228 3216
3500
3472,3452 3432 3471 3423
3473,3453 3433 3472 3423
3230,3210 3229 3216
3501
3231,3211 3230 3216
3502
3232,3212 3231 3216
3504
3503
3233,3213 3193 3232 3216
3463
3505,2707 3485
3506,2708 3486
3234,3214 3233 3216
3235,3234 3216 3215
3460,2704 3440
3461,2705 3441
3514,2716 3494
3516,2718 3496
3525
3236,3235 3215 3235 3216
3458,2702 3438
3518,2720 3498
3521,2723 3501
3512,2714 3492
3520,2722 3500
3522,2724 3502
3462,2706 3442
3549
3508,2710 3488
3456,2700 3436
3564
3565
3566
3569,2729 3549
3609
3610
3611
3612
3613
3526,3506 3505
3228,3208 3227 3216
3547
3548
3491
3550
3499
3495
3556
3562
3355,3335 3315 3354 3299
3615
3507,2709 3487
3619
3552
3626
3551
3553
3555
3554
3560
3509,2711 3489
3559
3517,2719 3497
3685
3513,2715 3493
3686
3510,2712 3490
3687
3587
3402,3382 3381
3561
3614
3558
3625
3622
3632,2750 3612
3672
3403,3383 3363 3402 3381
3617
3618
3404,3384 3403 3381
3621
3624
3405,3385 3404 3381
3628
3649
3676
3678
3680
3585,2745 3565
3682
3635,2753 3615
3584,2744 3564
3579,2739 3559
3684
3406,3386 3366 3405 3381
3523,2725 3503
3524,2726 3504
3455,2699 3435
3407,3387 3406 3381
3454,2698 3434
3586,2746 3566
3629,2747 3609
3645,2763 3625
3581,2741 3561
3637,2755 3617
3688
3568,2728 3548
3574,2734 3554
3696,2772 3676
3641,2759 3621
3683
3474,3454 3434 3473 3423
3698,2774 3678
3711
3630,2748 3610
3648,2766 3628
3707,2783 3687
3408,3388 3407 3381
3700,2776 3680
3702,2778 3682
3733
3735
3650,3630 3610 3629 3609
3734
3706,2782 3686
3634,2752 3614
3638,2756 3618
3704,2780 3684
3511,2713 3491
3743
3708,2784 3688
3642,2760 3622
3740
3705,2781 3685
3644,2762 3624
3689
3703,2779 3683
3739
3580,2740 3560
3736
3744
3475,3455 3435 3474 3423
3690
3674
3409,3389 3408 3381
3742
3692,2768 3672
3476,3456 3436 3475 3423
3557
3527,3507 3487 3526 3505
3563
3477,3457 3437 3476 3423
3616
3478,3458 3438 3477 3423
3578,2738 3558
3749
3750
3694,2770 3674
3582,2742 3562
3751
3709,2785 3689
3356,3336 3316 3355 3299
3710,2786 3690
3357,3337 3317 3356 3299
3410,3390 3409 3381
3752
3573,2733 3553
3358,3338 3318 3357 3299
3636,2754 3616
3359,3358 3299 3339
3747
3360,3359 3359 3299
3575,2735 3555
3753,2787 3733
3411,3391 3410 3381
3754,2788 3734
3412,3392 3411 3381
3577,2737 3557
3759,2793 3739
3755,2789 3735
3760,2794 3740
3773
3774,3754 3753
3775,3755 3774 3753
3767,2801 3747
3769,2803 3749
3413,3393 3373 3412 3381
3771,2805 3751
3772,2806 3752
3414,3394 3413 3381
3795
3415,3395 3375 3414 3381
3796
3797
3798
3799
3800
3801
3567,2727 3547
3519,2721 3499
3515,2717 3495
3639,2757 3619
3806
3812
3576,2736 3556
3737
3416,3396 3415 3381
3738
3802
3804
3741
3588,3568 3567
3805
3745
3807
3808
3803
3746
3810
3813
3811
3858
3528,3508 3488 3527 3505
3814
3620
3479,3459 3439 3478 3423
3627
3809
3748
3816,2808 3796
3818,2810 3798
3817,2809 3797
3756,2790 3736
3828,2820 3808
3583,2743 3563
3862
3815,2807 3795
3776,3756 3736 3775 3774
3762,2796 3742
3836,3816 3796 3815 3795
3819,2811 3799
3763,2797 3743
3820,2812 3800
3837,3817 3797 3836 3795
3838,3818 3798 3837 3795
3839,3819 3799 3838 3795
3840,3820 3800 3839 3795
3673
3623
3823,2815 3803
3640,2758 3620
3764,2798 3744
3770,2804 3750
3821,2813 3801
3633,2751 3613
3570,2730 3550
3643,2761 3623
3841,3821 3801 3840 3795
3631,2749 3611
3651,3631 3611 3650 3609
3693,2769 3673
3652,3632 3612 3651 3609
3830,2822 3810
3653,3633 3613 3652 3609
3654,3634 3653 3609
3655,3635 3654 3609
3656,3636 3655 3609
3657,3637 3656 3609
3658,3638 3657 3609
3659,3639 3658 3609
3660,3640 3659 3609
3661,3641 3660 3609
3766,2800 3746
3662,3642 3661 3609
3663,3643 3662 3609
3664,3644 3663 3609
3665,3645 3664 3609
3671
3835
3863
3864
3480,3460 3440 3479 3423
3857
3417,3397 3377 3416 3381
3860
3675
3861
3529,3509 3489 3528 3505
3677
3826,2818 3806
3834,2826 3814
3768,2802 3748
3833,2825 3813
3832,2824 3812
3589,3569 3549 3588
3679
3757,2791 3737
3822,2814 3802
3691,2767 3671
3481,3461 3441 3480 3423
3859
3758,2792 3738
3866
3825,2817 3805
3831,2823 3811
3647,2765 3627
3865
3824,2816 3804
3765,2799 3745
3829,2821 3809
3761,2795 3741
3827,2819 3807
3681
3418,3398 3378 3417 3381
3590,3570 3589
3712,3692 3672 3691
3482,3462 3442 3481 3423
3713,3693 3712
3871
3483,3482 3423 3463
3873
3484,3483 3483 3423
3874
3875
3876
3695,2771 3675
3697,2773 3677
3867
3572,2732 3552
3868
3699,2775 3679
3701,2777 3681
3869
3530,3510 3490 3529 3505
3419,3399 3379 3418 3381
3777,3757 3776 3774
3870
3531,3511 3530 3505
3420,3400 3380 3419 3381
3778,3758 3777 3774
3779,3759 3778 3774
3877,2827 3857
3646,2764 3626
3666,3646 3665 3609
3880,2830 3860
3667,3647 3666 3609
3421,3420 3381 3401
3879,2829 3859
3882,2832 3862
3532,3512 3492 3531 3505
3780,3760 3779 3774
3884,2834 3864
3781,3761 3780 3774
3782,3762 3742 3781 3774
3885,2835 3865
3783,3763 3743 3782 3774
3784,3764 3744 3783 3774
3886,2836 3866
3571,2731 3551
3888,2838 3868
3785,3765 3784 3774
3897
3891,2841 3871
3893,2843 3873
3894,2844 3874
3896,2846 3876
3920
3895,2845 3875
3786,3766 3785 3774
3591,3571 3590
3787,3767 3786 3774
3788,3768 3787 3774
3592,3572 3591
3921
3789,3769 3749 3788 3774
3922
3923
3593,3573 3592
3790,3770 3750 3789 3774
3924
3594,3574 3593
3925
3791,3771 3751 3790 3774
3926
3927
3928
3929
3930
3931
3932
3933
3934
3935
3936
3937
3938
3940,2848 3920
3949,2857 3929
3890,2840 3870
3595,3575 3594
3792,3772 3752 3791 3774
3533,3513 3493 3532 3505
3793,3792 3774 3773
3919
3954,2862 3934
3981
3941,2849 3921
3984
3958,2866 3938
3985
3842,3822 3841 3795
3942,2850 3922
3878,2828 3858
3534,3514 3533 3505
3898,3878 3858 3877
3535,3515 3534 3505
3987
3986
3536,3516 3535 3505
3899,3879 3898 3877
3988
3537,3517 3497 3536 3505
3989
3900,3880 3899 3877
3538,3518 3537 3505
3990
3539,3519 3538 3505
3540,3520 3500 3539 3505
3881,2831 3861
3991
3541,3521 3501 3540 3505
3542,3522 3502 3541 3505
3901,3881 3861 3900 3877
3993
3992
3543,3523 3503 3542 3505
3994
3902,3882 3901 3877
3544,3524 3504 3543 3505
3545,3544 3505 3525
3995
3546,3545 3525 3545 3505
3996
3997
3998
4000
3596,3576 3595
3843,3823 3842 3795
3999
4001,2867 3981
3597,3577 3596
3957,2865 3937
4006,2872 3986
4005,2871 3985
3668,3648 3667 3609
3956,2864 3936
3669,3668 3609 3649
4011,2877 3991
3872
3598,3578 3597
3714,3694 3713
4004,2870 3984
3715,3695 3714
4015,2881 3995
4021
4043
3982
3716,3696 3676 3715
3889,2839 3869
3983
4046
3422,3421 3421 3381
3943,2851 3923
4047
4017,2883 3997
4010,2876 3990
4048
3887,2837 3867
4049
4050
3952,2860 3932
4051
4012,2878 3992
4045
4052
4053
3945,2853 3925
3947,2855 3927
3944,2852 3924
3946,2854 3926
3955,2863 3935
3950,2858 3930
3948,2856 3928
3883,2833 3863
4002,2868 3982
4022,4002 4001
4055
3951,2859 3931
3717,3697 3716
4044
4009,2875 3989
3794,3793 3773 3793 3774
4003,2869 3983
3844,3824 3843 3795
4054
3599,3579 3598
3903,3883 3863 3902 3877
4058
3939,2847 3919
3959
3904,3884 3903 3877
3960,3940 3939 3919
4060
4059
3961,3941 3921 3960 3919
4013,2879 3993
4062
4014,2880 3994
4008,2874 3988
4063,2887 4043
4064,2888 4044
3892,2842 3872
4069,2893 4049
4071,2895 4051
4072,2896 4052
4083
4073,2897 4053
4084,4064 4063
4074,2898 4054
4075,2899 4055
4020,2886 4000
4078,2902 4058
4079,2903 4059
4105
4082,2906 4062
4106
4107
4108
4109
4110
4111
4112
4113
4114
4115
4116
4117
4118
4119
4120
4016,2882 3996
3905,3885 3904 3877
4007,2873 3987
4061
3718,3698 3678 3717
3600,3580 3599
4023,4003 4022 4001
4056
3906,3886 3905 3877
4057
3962,3942 3922 3961 3919
4067,2891 4047
3953,2861 3933
4018,2884 3998
4080,2904 4060
4019,2885 3999
4066,2890 4046
3845,3825 3844 3795
4068,2892 4048
3670,3669 3669 3609
4070,2894 4050
4065,2889 4045
4081,2905 4061
3846,3826 3806 3845 3795
4085,4065 4045 4084 4063
3719,3699 3718
3847,3827 3846 3795
3601,3581 3600
4121
4086,4066 4046 4085 4084
3848,3828 3847 3795
4024,4004 4023 4001
4087,4067 4047 4086 4084
3602,3582 3601
3720,3700 3680 3719
4025,4005 4024 4001
3849,3829 3848 3795
4088,4068 4048 4087 4084
4026,4006 4025 4001
4027,4007 3987 4026 4001
3603,3583 3602
3850,3830 3849 3795
4089,4069 4088 4084
3721,3701 3720
4028,4008 3988 4027 4001
4090,4070 4050 4089 4084
3851,3831 3850 3795
4091,4071 4090 4084
3722,3702 3682 3721
3604,3584 3564 3603
3852,3832 3812 3851 3795
4029,4009 3989 4028 4001
4092,4072 4091 4084
3853,3833 3852 3795
3723,3703 3722
3854,3834 3853 3795
4030,4010 3990 4029 4001
3605,3585 3565 3604
3724,3704 3684 3723
4093,4073 4092 4084
3855,3854 3795 3835
4031,4011 4030 4001
3725,3705 3685 3724
4032,4012 3992 4031 4001
4094,4074 4093 4084
3606,3586 3566 3605
3856,3855 3855 3795
3726,3706 3686 3725
4033,4013 3993 4032 4001
4095,4075 4094 4084
3727,3707 3687 3726
3607,3606 3587
3608,3607 3607
3728,3708 3688 3727
4034,4014 3994 4033 4001
3729,3709 3728
3730,3710 3729
4035,4015 3995 4034 4001
3731,3730 3711
3732,3731 3731
4036,4016 3996 4035 4001
4037,4017 3997 4036 4001
4038,4018 3998 4037 4001
4039,4019 3999 4038 4001
4040,4020 4000 4039 4001
4041,4040 4001 4021
4042,4041 4041 4001
4123
3963,3943 3923 3962 3919
4076,2900 4056
3964,3944 3924 3963 3919
3907,3887 3867 3906 3877
4124
4096,4076 4095 4084
4126,2908 4106
4077,2901 4057
4122
3965,3945 3925 3964 3919
3908,3888 3907 3877
4129,2911 4109
4127,2909 4107
4128,2910 4108
4130,2912 4110
4132,2914 4112
4097,4077 4096 4084
4125,2907 4105
4098,4078 4058 4097 4084
4099,4079 4059 4098 4084
4100,4080 4060 4099 4084
4101,4081 4100 4084
4102,4082 4062 4101 4084
4103,4102 4084 4083
4104,4103 4083 4103 4084
3966,3946 3926 3965 3919
4133,2915 4113
4131,2913 4111
3909,3889 3869 3908 3877
3910,3890 3909 3877
3911,3891 3910 3877
3912,3892 3911 3877
3913,3893 3873 3912 3877
3914,3894 3874 3913 3877
3915,3895 3875 3914 3877
3916,3896 3876 3915 3877
3917,3916 3877 3897
3918,3917 3897 3917 3877
4134,2916 4114
4136,2918 4116
3967,3947 3927 3966 3919
4137,2919 4117
4135,2917 4115
3968,3948 3928 3967 3919
3969,3949 3968 3919
3970,3950 3930 3969 3919
3971,3951 3931 3970 3919
3972,3952 3932 3971 3919
3973,3953 3933 3972 3919
3974,3954 3934 3973 3919
3975,3955 3935 3974 3919
3976,3956 3936 3975 3919
3977,3957 3937 3976 3919
3978,3958 3938 3977 3919
3979,3978 3919 3959
3980,3979 3979 3919
4138,2920 4118
4141,2923 4121
4142,2924 4122
4143,2925 4123
4139,2921 4119
4140,2922 4120
4144,2926 4124
4145
4146,4126 4125
4147,4127 4146 4125
4148,4128 4147 4146
4167
4149,4129 4148 4146
4150,4130 4149 4146
4168,2988 4167
4151,4131 4150 4146
4152,4132 4151 4146
4169,3050 4168
4153,4133 4152 4146
4154,4134 4153 4146
4170,3112 4169
4155,4135 4154 4146
4156,4136 4155 4146
4171,3174 4170
4157,4137 4156 4146
4158,4138 4157 4146
4172,3236 4171
4159,4139 4158 4146
4160,4140 4159 4146
4173,3298 4172
4161,4141 4160 4146
4162,4142 4161 4146
4174,3360 4173
4163,4143 4162 4146
4164,4144 4163 4146
4175,3422 4174
4165,4164 4146 4145
4166,4165 4145 4165 4146
4176,3484 4175
4177,3546 4176
4178,3608 4177
4179,3670 4178
4180,3732 4179
4181,3794 4180
4182,3856 4181
4183,3918 4182
4184,3980 4183
4185,4042 4184
4186,4104 4185
4187,4166 4146 4186
4188,4187
4189,4188 4168
4190,2988
4191,3050
4192,3112
4193,3174
4194,3236
4195,3298
4196,3360
4197,3422
4198,3484
4199,3546
4200,3608
4201,3670
4202,3732
4203,3794
4204,3856
4205,3918
4206,3980
4207,4042
4208,4104
4209,4166
4210,4189
4211,4169
4212,4170
4213,4171
4214,4172
4215,4173
4216,4174
4217,4175
4218,4176
4219,4177
4220,4178
4221,4179
4222,4180
4223,4181
4224,4182
4225,4183
4226,4184
4227,4185
4228,4186
4229,4187
4230,2968
4231,3030
4232,3092
4233,3154
4234,3216
4235,3278
4236,3340
4237,3402
4238,3464
4239,3526
4240,3588
4241,3650
4242,3712
4243,3774
4244,3836
4245,3898
4246,3960
4247,4022
4248,4084
4249,4146
4250,2969
4251,3031
4252,3093
4253,3155
4254,3217
4255,3279
4256,3341
4257,3403
4258,3465
4259,3527
4260,3589
4261,3651
4262,3713
4263,3775
4264,3837
4265,3899
4266,3961
4267,4023
4268,4085
4269,4147
4270,2970
4271,3032
4272,3094
4273,3156
4274,3218
4275,3280
4276,3342
4277,3404
4278,3466
4279,3528
4280,3590
4281,3652
4282,3714
4283,3776
4284,3838
4285,3900
4286,3962
4287,4024
4288,4086
4289,4148
4290,2971
4291,3033
4292,3095
4293,3157
4294,3219
4295,3281
4296,3343
4297,3405
4298,3467
4299,3529
4300,3591
4301,3653
4302,3715
4303,3777
4304,3839
4305,3901
4306,3963
4307,4025
4308,4087
4309,4149
4310,2972
4311,3034
4312,3096
4313,3158
4314,3220
4315,3282
4316,3344
4317,3406
4318,3468
4319,3530
4320,3592
4321,3654
4322,3716
4323,3778
4324,3840
4325,3902
4326,3964
4327,4026
4328,4088
4329,4150
4330,2973
4331,3035
4332,3097
4333,3159
4334,3221
4335,3283
4336,3345
4337,3407
4338,3469
4339,3531
4340,3593
4341,3655
4342,3717
4343,3779
4344,3841
4345,3903
4346,3965
4347,4027
4348,4089
4349,4151
4350,2974
4351,3036
4352,3098
4353,3160
4354,3222
4355,3284
4356,3346
4357,3408
4358,3470
4359,3532
4360,3594
4361,3656
4362,3718
4363,3780
4364,3842
4365,3904
4366,3966
4367,4028
4368,4090
4369,4152
4370,2975
4371,3037
4372,3099
4373,3161
4374,3223
4375,3285
4376,3347
4377,3409
4378,3471
4379,3533
4380,3595
4381,3657
4382,3719
4383,3781
4384,3843
4385,3905
4386,3967
4387,4029
4388,4091
4389,4153
4390,2976
4391,3038
4392,3100
4393,3162
4394,3224
4395,3286
4396,3348
4397,3410
4398,3472
4399,3534
4400,3596
4401,3658
4402,3720
4403,3782
4404,3844
4405,3906
4406,3968
4407,4030
4408,4092
4409,4154
4410,2977
4411,3039
4412,3101
4413,3163
4414,3225
4415,3287
4416,3349
4417,3411
4418,3473
4419,3535
4420,3597
4421,3659
4422,3721
4423,3783
4424,3845
4425,3907
4426,3969
4427,4031
4428,4093
4429,4155
4430,2978
4431,3040
4432,3102
4433,3164
4434,3226
4435,3288
4436,3350
4437,3412
4438,3474
4439,3536
4440,3598
4441,3660
4442,3722
4443,3784
4444,3846
4445,3908
4446,3970
4447,4032
4448,4094
4449,4156
4450,2979
4451,3041
4452,3103
4453,3165
4454,3227
4455,3289
4456,3351
4457,3413
4458,3475
4459,3537
4460,3599
4461,3661
4462,3723
4463,3785
4464,3847
4465,3909
4466,3971
4467,4033
4468,4095
4469,4157
4470,2980
4471,3042
4472,3104
4473,3166
4474,3228
4475,3290
4476,3352
4477,3414
4478,3476
4479,3538
4480,3600
4481,3662
4482,3724
4483,3786
4484,3848
4485,3910
4486,3972
4487,4034
4488,4096
4489,4158
4490,2981
4491,3043
4492,3105
4493,3167
4494,3229
4495,3291
4496,3353
4497,3415
4498,3477
4499,3539
4500,3601
4501,3663
4502,3725
4503,3787
4504,3849
4505,3911
4506,3973
4507,4035
4508,4097
4509,4159
4510,2982
4511,3044
4512,3106
4513,3168
4514,3230
4515,3292
4516,3354
4517,3416
4518,3478
4519,3540
4520,3602
4521,3664
4522,3726
4523,3788
4524,3850
4525,3912
4526,3974
4527,4036
4528,4098
4529,4160
4530,2983
4531,3045
4532,3107
4533,3169
4534,3231
4535,3293
4536,3355
4537,3417
4538,3479
4539,3541
4540,3603
4541,3665
4542,3727
4543,3789
4544,3851
4545,3913
4546,3975
4547,4037
4548,4099
4549,4161
4550,2984
4551,3046
4552,3108
4553,3170
4554,3232
4555,3294
4556,3356
4557,3418
4558,3480
4559,3542
4560,3604
4561,3666
4562,3728
4563,3790
4564,3852
4565,3914
4566,3976
4567,4038
4568,4100
4569,4162
4570,2985
4571,3047
4572,3109
4573,3171
4574,3233
4575,3295
4576,3357
4577,3419
4578,3481
4579,3543
4580,3605
4581,3667
4582,3729
4583,3791
4584,3853
4585,3915
4586,3977
4587,4039
4588,4101
4589,4163
4590,2986
4591,3048
4592,3110
4593,3172
4594,3234
4595,3296
4596,3358
4597,3420
4598,3482
4599,3544
4600,3606
4601,3668
4602,3730
4603,3792
4604,3854
4605,3916
4606,3978
4607,4040
4608,4102
4609,4164
4610,4189
4611,4612
4612
