791
788
789
787
792
790
793
794
795
796
797,687 787
798,688 788
799,689 789
801,691 791
802,692 792
803,693 793
804,694 794
805,695 795
800,690 790
807
808,798 797
809,799 808 797
810,800 809 808
819
811,801 810 808
820
812,802 811 808
806,696 796
813,803 812 808
821
814,804 813 808
822
815,805 814 808
823
816,806 796 815 808
824
825
817,816 808 807
826
818,817 807 817 808
827
828
829,697 819
830,698 820
833,701 823
834,702 824
851
852
853
854
855
856
857
858
859
860
861,707 851
862,708 852
864,710 854
839
840,830 829
836,704 826
837,705 827
835,703 825
865,711 855
832,700 822
838,706 828
863,709 853
831,699 821
841,831 821 840 829
842,832 822 841 829
843,833 823 842 829
844,834 824 843 829
845,835 825 844 829
846,836 826 845 829
847,837 827 846 829
848,838 828 847 829
849,848 829 839
850,849 849 829
866,712 856
867,713 857
871
872,862 861
873,863 872 861
874,864 873 872
875,865 874 872
876,866 875 872
877,867 876 872
869,715 859
870,716 860
868,714 858
878,868 858 877 872
879,869 859 878 872
880,870 860 879 872
881,880 872 871
882,881 871 881 872
883
885
884
886
887
888
889
890
891
892
893,717 883
894,718 884
895,719 885
896,720 886
897,721 887
898,722 888
900,724 890
899,723 889
901,725 891
902,726 892
903
915
904,894 893
905,895 904 893
916
906,896 905 893
917
907,897 906 893
918
908,898 907 893
919
909,899 908 893
910,900 909 893
920
911,901 910 893
921
912,902 911 893
922
913,912 893 903
923
914,913 903 913 893
924
925,727 915
926,728 916
927,729 917
928,730 918
929,731 919
930,732 920
931,733 921
932,734 922
933,735 923
934,736 924
935
947
936,926 925
937,927 936 925
948
938,928 937 925
949
939,929 938 925
950
940,930 939 925
951
941,931 940 925
942,932 941 925
943,933 942 925
952
944,934 943 925
953
945,944 925 935
954
946,945 935 945 925
955
956
957,737 947
958,738 948
959,739 949
960,740 950
961,741 951
962,742 952
963,743 953
964,744 954
965,745 955
966,746 956
967
968,958 957
969,959 968 957
970,960 969 968
979
971,961 970 968
972,962 971 968
980
981
973,963 972 968
982
974,964 973 968
975,965 974 968
983
976,966 975 968
977,976 968 967
984
986
978,977 967 977 968
985
987
988
989,747 979
990,748 980
991,749 981
992,750 982
993,751 983
994,752 984
995,753 985
996,754 986
997,755 987
998,756 988
999
1000,990 989
1001,991 1000 989
1002,992 1001 1000
1011
1003,993 1002 1000
1004,994 1003 1000
1012
1005,995 1004 1000
1013
1006,996 1005 1000
1014
1007,997 1006 1000
1015
1008,998 1007 1000
1009,1008 1000 999
1010,1009 999 1009 1000
1016
1017
1018
1019
1020
1021,757 1011
1022,758 1012
1023,759 1013
1024,760 1014
1027,763 1017
1025,761 1015
1026,762 1016
1028,764 1018
1031
1032,1022 1021
1033,1023 1032 1021
1034,1024 1033 1032
1043
1035,1025 1034 1032
1044
1036,1026 1035 1032
1029,765 1019
1045
1030,766 1020
1037,1027 1036 1032
1046
1038,1028 1037 1032
1039,1029 1019 1038 1032
1047
1040,1030 1020 1039 1032
1048
1041,1040 1032 1031
1049
1042,1041 1031 1041 1032
1050
1051
1052
1053,767 1043
1054,768 1044
1055,769 1045
1056,770 1046
1057,771 1047
1058,772 1048
1059,773 1049
1060,774 1050
1061,775 1051
1064,1054 1053
1065,1055 1064 1053
1066,1056 1065 1053
1067,1057 1066 1053
1075
1068,1058 1067 1053
1076
1069,1059 1068 1053
1077
1070,1060 1069 1053
1071,1061 1070 1053
1078
1079
1080
1081
1082
1083
1084
1085,777 1075
1086,778 1076
1087,779 1077
1088,780 1078
1063
1095
1089,781 1079
1096,1086 1085
1062,776 1052
1097,1087 1096 1085
1098,1088 1097 1096
1072,1062 1052 1071 1053
1107
1099,1089 1098 1096
1108,818 1107
1073,1072 1053 1063
1094,786 1084
1109,850 1108
1074,1073 1073 1053
1110,882 1109
1111,914 1110
1112,946 1111
1113,978 1112
1114,1010 1113
1115,1042 1114
1116,1074 1053 1115
1093,785 1083
1092,784 1082
1091,783 1081
1090,782 1080
1100,1090 1080 1099 1096
1101,1091 1081 1100 1096
1102,1092 1082 1101 1096
1103,1093 1083 1102 1096
1104,1094 1084 1103 1096
1105,1104 1096 1095
1106,1105 1095 1105 1096
1117,1106 1096 1116
1118,1117
1119,1118 1108
1120,818
1121,850
1122,882
1123,914
1124,946
1125,978
1126,1010
1127,1042
1128,1074
1129,1106
1130,1119
1131,1109
1132,1110
1133,1111
1134,1112
1135,1113
1136,1114
1137,1115
1138,1116
1139,1117
1140,808
1141,840
1142,872
1143,904
1144,936
1145,968
1146,1000
1147,1032
1148,1064
1149,1096
1150,809
1151,841
1152,873
1153,905
1154,937
1155,969
1156,1001
1157,1033
1158,1065
1159,1097
1160,810
1161,842
1162,874
1163,906
1164,938
1165,970
1166,1002
1167,1034
1168,1066
1169,1098
1170,811
1171,843
1172,875
1173,907
1174,939
1175,971
1176,1003
1177,1035
1178,1067
1179,1099
1180,812
1181,844
1182,876
1183,908
1184,940
1185,972
1186,1004
1187,1036
1188,1068
1189,1100
1190,813
1191,845
1192,877
1193,909
1194,941
1195,973
1196,1005
1197,1037
1198,1069
1199,1101
1200,814
1201,846
1202,878
1203,910
1204,942
1205,974
1206,1006
1207,1038
1208,1070
1209,1102
1210,815
1211,847
1212,879
1213,911
1214,943
1215,975
1216,1007
1217,1039
1218,1071
1219,1103
1220,816
1221,848
1222,880
1223,912
1224,944
1225,976
1226,1008
1227,1040
1228,1072
1229,1104
1230,1119
1231,1232
1232
