242
243
244
245
246
247,217 242
248,218 243
249,219 244
250,220 245
251,221 246
252
253,248 247
254,249 253 247
255,250 254 253
259
256,251 255 253
260
257,256 253 252
261
262
258,257 252 257 253
263
264,222 259
265,223 260
266,224 261
267,225 262
268,226 263
269
270,265 264
271,266 270 264
272,267 271 270
276
273,268 272 270
277
274,273 270 269
278
275,274 269 274 270
279
280
281,227 276
282,228 277
284,230 279
312
317,239 312
286
285,231 280
283,229 278
296
310
295
293
287,282 281
320
301,235 296
315,237 310
294
311
297
300,234 295
303
298,232 293
316,238 311
313
314
288,283 278 287 281
318,240 313
302,236 297
319,241 314
299,233 294
321,316 315
289,284 288 281
304,299 298
290,285 280 289 281
322,317 321
305,300 304
291,290 281 286
306,301 305
323,318 322
292,291 291 281
307,302 306
308,307 303
324,319 323
325,324 320
326,325 325
309,308 308
327
328,258 327
329,275 328
330,292 281 329
331,309 330
332,326 331
333,332
334,333 328 258
335,258
336,275
337,292
338,309
339,326
340,334
341,329
342,330
343,331
344,332
345,253
346,270
347,287
348,304
349,321
350,254
351,271
352,288
353,305
354,322
355,255
356,272
357,289
358,306
359,323
360,256
361,273
362,290
363,307
364,324
365,334
366,367
367
