17217
17218,17219
17219,13506
17221
17222,17223
17223,13507
17225
17226,17227
17227,13508
17229
17230,17231
17231,13509
17233
17234,17235
17235,13510
17237
17238,17239
17239,13511
17216,13506 17196
17241
17242,17243
17243,13512
17245
17246,17247
17247,13513
17249
17250,17251
17251,13514
17253
17254,17255
17255,13515
17257
17258,17259
17259,13516
17261
17262,17263
17263,13517
17265
17266,17267
17267,13518
17220,13507 17216 17196 17197
17224,13508 17216 17196 17198
17269
17240,13512 17216 17202
17270,17271
17271,13519
17232,13510 17216 17196 17200
17228,13509 17216 17196 17199
17273
17236,13511 17216 17196 17201
17274,17275
17275,13520
17277
17278,17279
17279,13521
17281
17282,17283
17283,13522
17285
17286,17287
17287,13523
17289
17290,17291
17291,13524
17293
17244,13513 17216 17203
17294,17295
17295,13525
17296
17297,17298
17298,17216
17260,13517 17216 17207
17252,13515 17216 17205
17300
17301,17302
17302,13906
17264,13518 17216 17208
17304
17256,13516 17216 17206
17305,17306
17272,13520 17216 17210
17306,13907
17308
17309,17310
17310,13908
17312
17313,17314
17314,13909
17316
17317,17318
17318,13910
17320
17321,17322
17322,13911
17292,13525 17216 17215
17324
17299,13906 17220
17325,17326
17326,13912
17276,13521 17216 17211
17328
17284,13523 17216 17213
17329,17330
17330,13913
17332
17288,13524 17216 17214
17333,17334
17334,13914
17336
17337,17338
17338,13915
17280,13522 17216 17212
17340
17341,17342
17342,13916
17344
17345,17346
17346,13917
17348
17349,17350
17350,13918
17352
17353,17354
17354,13919
17268,13519 17216 17209
17356
17319,13911 17299 17220 17240
17357,17358
17358,13920
17323,13912 17299 17244
17315,13910 17299 17220 17236
17360
17361,17362
17362,13921
17364
17311,13909 17299 17220 17232
17365,17366
17331,13914 17299 17252
17366,13922
17368
17369,17370
17370,13923
17372
17373,17374
17374,13924
17375
17376,17377
17377,17299
17379
17380,17381
17381,14267
17383
17384,17385
17385,14268
17347,13918 17299 17268 17209
17351,13919 17299 17272
17387
17355,13920 17299 17276
17388,17389
17335,13915 17299 17256
17389,14269
17391
17392,17393
17393,14270
17339,13916 17299 17260
17395
17396,17397
17397,14271
17359,13921 17299 17280
17399
17400,17401
17401,14272
17403
17404,17405
17405,14273
17407
17408,17409
17409,14274
17411
17412,17413
17413,14275
17371,13924 17299 17292
17415
17307,13908 17299 17220 17228
17416,17417
17417,14276
17367,13923 17299 17288
17419
17363,13922 17299 17284
17420,17421
17421,14277
17423
17343,13917 17299 17264
17424,17425
17425,14278
17427
17428,17429
17429,14279
17303,13907 17299 17220 17224
17431
17432,17433
17433,14280
17435
17436,17437
17437,14281
17439
17440,17441
17441,14282
17443
17248,13514 17216 17204
17444,17445
17445,14283
17447
17448,17449
17449,14284
17450
17451,17452
17452,17378
17378,14267 17303 17224
17454
17455,17456
17456,14591
17458
17459,17460
17460,14592
17462
17463,17464
17464,14593
17466
17467,17468
17468,14594
17470
17471,17472
17472,14595
17327,13913 17299 17248 17204
17474
17382,14268 17378 17224 17307 17228
17386,14269 17378 17224 17311
17475,17476
17476,14596
17390,14270 17378 17224 17315
17394,14271 17378 17224 17319
17478
17479,17480
17480,14597
17442,14283 17378 17224 17367
17482
17483,17484
17484,14598
17486
17487,17488
17488,14599
17490
17491,17492
17453,14591 17382 17307
17492,14600
17494
17495,17496
17496,14601
17498
17499,17500
17500,14602
17502
17402,14273 17378 17224 17327 17204
17503,17504
17504,14603
17446,14284 17378 17371
17506
17507,17508
17508,14604
17438,14282 17378 17224 17363
17510
17430,14280 17378 17224 17355
17434,14281 17378 17224 17359
17511,17512
17512,14605
17514
17515,17516
17516,14606
17518
17519,17520
17520,14607
17465,14594 17453 17307 17394 17319
17521
17522,17523
17523,17453
17525
17526,17527
17527,14880
17529
17473,14596 17453 17307 17402 17327
17530,17531
17531,14881
17533
17534,17535
17535,14882
17426,14279 17378 17224 17351
17537
17461,14593 17453 17307 17390 17315
17538,17539
17539,14883
17505,14604 17453 17434 17359
17501,14603 17453 17430 17355
17541
17542,17543
17543,14884
17545
17546,17547
17547,14885
17457,14592 17453 17307 17386 17311
17549
17550,17551
17551,14886
17553
17554,17555
17555,14887
17557
17509,14605 17453 17438
17558,17559
17559,14888
17561
17562,17563
17563,14889
17524,14880 17457 17386
17565
17497,14602 17453 17426 17351
17517,14607 17453 17446
17566,17567
17513,14606 17453 17442
17567,14890
17569
17570,17571
17422,14278 17378 17224 17347
17571,14891
17573
17574,17575
17575,14892
17577
17578,17579
17579,14893
17581
17582,17583
17583,14894
17585
17418,14277 17378 17224 17343 17264
17586,17587
17587,14895
17588
17589,17590
17590,17524
17540,14884 17524 17386 17473
17592
17564,14890 17524 17497 17426
17593,17594
17594,15136
17532,14882 17524 17386 17465
17528,14881 17524 17386 17461 17390
17596
17597,17598
17598,15137
17493,14601 17453 17422 17347
17600
17601,17602
17602,15138
17604
17605,17606
17606,15139
17608
17609,17610
17610,15140
17612
17591,15136 17528 17461
17613,17614
17614,15141
17489,14600 17453 17307 17418 17343
17616
17568,14891 17524 17501
17617,17618
17618,15142
17620
17621,17622
17622,15143
17624
17572,14892 17524 17505
17625,17626
17626,15144
17576,14893 17524 17509
17560,14889 17524 17386 17493 17347
17628
17629,17630
17630,15145
17632
17633,17634
17634,15146
17636
17637,17638
17638,15147
17603,15139 17591 17528 17540
17640
17641,17642
17642,15148
17644
17556,14888 17524 17386 17489 17343
17580,14894 17524 17513
17645,17646
17646,15149
17648
17649,17650
17650,15150
17651
17652,17653
17653,17591
17414,14276 17378 17224 17339
17655
17623,15144 17591 17560 17493
17656,17657
17410,14275 17378 17224 17335
17657,15361
17659
17660,17661
17661,15362
17663
17664,17665
17665,15363
17595,15137 17591 17528 17532
17667
17668,17669
17669,15364
17671
17672,17673
17619,15143 17591 17556 17489
17673,15365
17643,15149 17591 17580 17513
17675
17676,17677
17677,15366
17679
17680,17681
17681,15367
17654,15361 17595 17532
17485,14599 17453 17307 17414 17339
17406,14274 17378 17224 17331
17683
17684,17685
17685,15368
17481,14598 17453 17307 17410 17335
17687
17688,17689
17689,15369
17691
17692,17693
17693,15370
17695
17696,17697
17697,15371
17699
17700,17701
17639,15148 17591 17576
17631,15146 17591 17568
17701,15372
17703
17704,17705
17705,15373
17707
17678,15367 17654 17532 17619
17708,17709
17709,15374
17710
17552,14887 17524 17386 17485 17339
17711,17712
17682,15368 17654 17623
17712,17654
17714
17715,17716
17716,15557
17548,14886 17524 17386 17481 17335
17718
17719,17720
17720,15558
17722
17723,17724
17724,15559
17726
17727,17728
17728,15560
17698,15372 17654 17639 17576
17730
17690,15370 17654 17631 17568
17731,17732
17732,15561
17734
17735,17736
17736,15562
17702,15373 17654 17643
17738
17615,15142 17591 17552 17339
17477,14597 17453 17307 17406 17331
17739,17740
17740,15563
17742
17743,17744
17744,15564
17746
17611,15141 17591 17528 17548 17335
17747,17748
17748,15565
17750
17751,17752
17752,15566
17754
17755,17756
17756,15567
17398,14272 17378 17224 17323
17758
17635,15147 17591 17572
17759,17760
17760,15568
17762
17763,17764
17662,15363 17654 17532 17603
17764,15569
17765
17674,15366 17654 17532 17615 17339
17544,14885 17524 17386 17477 17331
17769
17770,17771
17771,15726
17773
17774,17775
17775,15727
17777
17670,15365 17654 17532 17611 17335
17778,17779
17779,15728
17781
17782,17783
17783,15729
17469,14595 17453 17307 17398 17323
17785
17786,17787
17787,15730
17694,15371 17654 17635 17572
17789
17790,17791
17791,15731
17584,14895 17524 17517
17793
17794,17795
17795,15732
17627,15145 17591 17564
17797
17607,15140 17591 17528 17544 17331
17798,17799
17799,15733
17801
17802,17803
17803,15734
17805
17806,17807
17807,15735
17809
17810,17811
17811,15736
17536,14883 17524 17386 17469 17323
17813
17814,17815
17815,15737
17816
17820
17821,17822
17822,15870
17647,15150 17591 17584 17517
17686,15369 17654 17627 17564
17824
17825,17826
17826,15871
17666,15364 17654 17532 17607 17331
17828
17829,17830
17830,15872
17832
17833,17834
17834,15873
17836
17837,17838
17838,15874
17599,15138 17591 17528 17536 17323
17840
17841,17842
17842,15875
17844
17845,17846
17846,15876
17848
17849,17850
17850,15877
17706,15374 17654 17647 17517
17852
17853,17854
17854,15878
17856
17857,17858
17858,15879
17860
17861,17862
17862,15880
17863
17867
17658,15362 17654 17532 17599 17323
17868,17869
17869,15991
17871
17872,17873
17873,15992
17875
17876,17877
17877,15993
17879
17880,17881
17881,15994
17883
17884,17885
17885,15995
17887
17888,17889
17766,17767
17889,15996
17767,17713 17323
17713,15557 17658 17323
17891
17892,17893
17893,15997
17895
17896,17897
17897,15998
17899
17900,17901
17901,15999
17903
17904,17905
17905,16000
17906
17910
17911,17912
17912,16091
17717,15558 17713 17323 17662 17603
17725,15560 17713 17323 17670 17335
17914
17721,15559 17713 17323 17666 17331
17915,17916
17916,16092
17729,15561 17713 17323 17674 17339
17918
17919,17920
17733,15562 17713 17323 17678
17761,15569 17713 17323 17706 17517
17920,16093
17922
17923,17924
17924,16094
17926
17927,17928
17928,16095
17930
17817,17818
17931,17932
17818,17768 17662
17768,15726 17717 17662
17932,16096
17934
17935,17936
17936,16097
17938
17939,17940
17940,16098
17757,15568 17713 17323 17702
17942
17943,17944
17944,16099
17945
17753,15567 17713 17323 17698
17749,15566 17713 17323 17694 17572
17949
17741,15564 17713 17323 17686 17564
17950,17951
17951,16172
17953
17745,15565 17713 17323 17690
17954,17955
17955,16173
17957
17958,17959
17959,16174
17961
17962,17963
17963,16175
17812,15737 17768 17662 17761 17517
17965
17966,17967
17967,16176
17969
17970,17971
17971,16177
17808,15736 17768 17662 17757 17702
17973
17800,15734 17768 17662 17749 17694
17974,17975
17975,16178
17804,15735 17768 17662 17753 17698
17977
17792,15732 17768 17662 17741 17564
17978,17979
17979,16179
17980
17984
17796,15733 17768 17662 17745 17690
17985,17986
17986,16236
17988
17989,17990
17990,16237
17784,15730 17768 17662 17733 17678
17992
17993,17994
17994,16238
17996
17997,17998
17998,16239
18000
18001,18002
18002,16240
17780,15729 17768 17662 17729 17674
18004
17772,15727 17768 17662 17721 17331
17776,15728 17768 17662 17725 17335
17737,15563 17713 17323 17682
18005,18006
18006,16241
18008
18009,18010
18010,16242
18011
18015
18016,18017
18017,16285
18019
18020,18021
18021,16286
18023
18024,18025
17864,17865
18025,16287
17865,17819 17331
17819,15870 17772 17331
18027
18028,18029
18029,16288
18031
18032,18033
18033,16289
18035
18036,18037
17788,15731 17768 17662 17737 17682
18037,16290
18038
18042
18043,18044
18044,16321
18046
18047,18048
18048,16322
18050
18051,18052
18052,16323
17823,15871 17819 17331 17776 17335
17827,15872 17819 17331 17780 17674
18054
17839,15875 17819 17331 17792 17564
17831,15873 17819 17331 17784 17678
17859,15880 17819 17331 17812 17517
18055,18056
18056,16324
18058
18059,18060
18060,16325
18061
18065
18066,18067
18067,16346
18069
17835,15874 17819 17331 17788 17682
18070,18071
18071,16347
18073
17907,17908
18074,18075
17908,17866 17335
17866,15991 17823 17335
18075,16348
18077
18078,18079
18079,16349
18080
18084
17855,15879 17819 17331 17808 17702
18085,18086
18086,16362
18088
17843,15876 17819 17331 17796 17690
18089,18090
17851,15878 17819 17331 17804 17698
18090,16363
18092
17847,15877 17819 17331 17800 17694
18093,18094
18094,16364
18095
18099
18100,18101
18101,16371
17870,15992 17866 17335 17827 17674
18103
18104,18105
18105,16372
18106
17902,16000 17866 17335 17859 17517
18110
18111,18112
18112,16375
18113
17898,15999 17866 17335 17855 17702
18117
18118,18119
18119,16375
17946,17947
18122
17947,17909 17674
17909,16091 17870 17674
18123,18124
17886,15996 17866 17335 17843 17690
18124,16373
17894,15998 17866 17335 17851 17698
18127
17890,15997 17866 17335 17847 17694
18128,18129
18129,16368
18132
18133,18134
18134,16358
18137
18138,18139
18139,16341
17882,15995 17866 17335 17839 17564
18142
18143,18144
18144,16315
17878,15994 17866 17335 17835 17682
18147
18148,18149
17941,16099 17909 17674 17902 17517
18149,16278
17925,16095 17909 17674 17886 17690
17933,16097 17909 17674 17894 17698
18152
17929,16096 17909 17674 17890 17694
18153,18154
18154,16228
18157
18158,18159
18159,16163
18162
17921,16094 17909 17674 17882 17564
18163,18164
18164,16081
17917,16093 17909 17674 17878 17682
18166,17847 17851 17843 17855 17835 17859 17831 17839 17827 17823 17864
18167
18168,18169
18169,15980
17937,16098 17909 17674 17898 17702
18171,17788 17776 17772 17780 17784 17796 17792 17804 17800 17808 17812 17817
18161,17874 17878 17882 17890 17894 17886 17898 17902 17870 17907
17874,15993 17866 17335 17831 17678
18172
18173,18174
18174,15858
18176,17737 17745 17741 17749 17753 17757 17761 17733 17729 17721 17725 17717 17766
18177
18178,18179
18179,15713
18181,17658 17706 17666 17686 17694 17670 17674 17662 17702 17690 17698 17682 17711 17678
18182
18183,18184
18184,15543
18186,17599 17647 17607 17627 17635 17611 17615 17631 17639 17643 17619 17595 17623 17652 17603
18187
18188,18189
18189,15346
18191,17536 17584 17544 17548 17552 17580 17556 17576 17560 17572 17568 17532 17528 17564 17540 17589
18192
18156,17937 17921 17917 17913 17929 17933 17925 17941 17946
17913,16092 17909 17674 17874 17678
18193,18194
18194,15120
18196,17469 17477 17481 17485 17489 17493 17513 17517 17497 17509 17457 17501 17505 17461 17473 17522 17465
18197
18198,18199
18199,14863
18201,17398 17406 17410 17414 17418 17422 17426 17434 17430 17438 17446 17402 17442 17394 17390 17386 17382 17451
18202
18203,18204
18204,14573
17981,17982
17982,17948 17678
17948,16172 17913 17678
18206,17327 17303 17343 17363 17367 17307 17371 17359 17339 17335 17355 17351 17347 17376 17331 17311 17315 17323 17319
18207
18208,18209
18209,14248
18211,17248 17268 17280 17288 17284 17276 17292 17272 17256 17264 17252 17260 17297 17244 17236 17228 17232 17240 17224 17220
18212
18213,18214
18214,13886
18215
18219
18220,18221
18221,16371
18223
18224,18225
18225,16365
17952,16173 17948 17678 17917 17682
18227
18228,18229
17956,16174 17948 17678 17921 17564
18229,16354
18231
17960,16175 17948 17678 17925 17690
18232,18233
17964,16176 17948 17678 17929 17694
18233,16336
18235
17968,16177 17948 17678 17933 17698
18236,18237
17976,16179 17948 17678 17941 17517
18237,16309
18239
18240,18241
18241,16271
18243
18012,18013
18013,17983 17682
17983,16236 17952 17682
18244,18245
18245,16220
18247
18248,18249
18249,16154
18251
18252,18253
18253,16071
18255
18256,18257
18151,17981 17976 17972 17968 17964 17960 17956 17952
17972,16178 17948 17678 17937 17702
18257,15969
18259
18260,18261
18261,15846
18263
18264,18265
18265,15700
18267
17987,16237 17983 17682 17956 17564
18268,18269
18269,15529
17991,16238 17983 17682 17960 17690
18271
17995,16239 17983 17682 17964 17694
18007,16242 17983 17682 17976 17517
18272,18273
18273,15331
17999,16240 17983 17682 17968 17698
18275
18276,18277
18277,15104
18279
18280,18281
18281,14846
18283
18039,18040
18284,18285
18146,18012 18007 18003 17999 17995 17991 17987
18003,16241 17983 17682 17972 17702
18040,18014 17564
18014,16285 17987 17564
18285,14555
18287
18288,18289
18289,14229
18291
18292,18293
18293,13866
18294
18298
18299,18300
18300,16362
18302
18303,18304
18304,16350
18306
18307,18308
18308,16331
18310
18311,18312
18312,16303
18018,16286 18014 17564 17991 17690
18022,16287 18014 17564 17995 17694
18314
18034,16290 18014 17564 18007 17517
18315,18316
18316,16264
18026,16288 18014 17564 17999 17698
18141,18039 18034 18030 18026 18022 18018
18030,16289 18014 17564 18003 17702
18318
18319,18320
18320,16212
18322
18323,18324
18324,16145
18326
18327,18328
18328,16061
18062,18063
18063,18041 17690
18041,16321 18018 17690
18330
18331,18332
18332,15958
18334
18335,18336
18336,15834
18338
18339,18340
18340,15687
18342
18343,18344
18344,15515
18346
18347,18348
18348,15316
18350
18351,18352
18352,15088
18354
18045,16322 18041 17690 18022 17694
18049,16323 18041 17690 18026 17698
18355,18356
18356,14829
18358
18053,16324 18041 17690 18030 17702
18136,18062 18057 18053 18049 18045
18057,16325 18041 17690 18034 17517
18359,18360
18360,14537
18362
18363,18364
18364,14210
18366
18367,18368
18368,13846
18369
18373
18374,18375
18375,16346
18377
18081,18082
18378,18379
18379,16326
18082,18064 17694
18064,16346 18045 17694
18381
18382,18383
18383,16297
18385
18386,18387
18387,16257
18389
18390,18391
18391,16204
18393
18394,18395
18395,16136
18397
18398,18399
18399,16051
18401
18072,16348 18064 17694 18053 17702
18402,18403
18068,16347 18064 17694 18049 17698
18403,15947
18405
18406,18407
18407,15822
18131,18081 18076 18072 18068
18076,16349 18064 17694 18057 17517
18409
18410,18411
18411,15674
18413
18414,18415
18415,15501
18417
18096,18097
18097,18083 17698
18418,18419
18083,16362 18068 17698
18419,15301
18421
18422,18423
18423,15072
18425
18426,18427
18427,14812
18429
18430,18431
18431,14519
18433
18434,18435
18435,14191
18437
18438,18439
18439,13826
18440
18444
18445,18446
18446,16321
18091,16364 18083 17698 18076 17517
18126,18096 18091 18087
18087,16363 18083 17698 18072 17702
18448
18449,18450
18450,16291
18452
18453,18454
18454,16250
18456
18457,18458
18458,16196
18460
18461,18462
18462,16127
18107,18108
18108,18098 17702
18098,16371 18087 17702
18464
18465,18466
18466,16041
18468
18469,18470
18470,15936
18472
18473,18474
18474,15810
18476
18477,18478
18478,15661
18480
18481,18482
18482,15487
18484
18485,18486
18486,15286
18488
18489,18490
18490,15056
18121,18107 18102
18102,16372 18098 17702 18091 17517
18492
18493,18494
18494,14795
18496
18497,18498
18498,14501
18500
18501,18502
18502,14172
18504
18114,18115
18115,18109 17517
18505,18506
18109,16375 18102 17517
18506,13806
18507
18511
18512,18513
18513,16285
18515
18516,18517
18517,16243
18519
18520,18521
18521,16188
18523
18524,18525
18525,16118
18527
18528,18529
18529,16031
18531
18216,18217
18532,18533
18533,15925
18217,18116 17517
18116,16375 18114 17517
18535
18536,18537
18537,15798
18539
18540,18541
18541,15648
18543
18544,18545
18545,15473
18547
18548,18549
18549,15271
18120,16373 18116 17517 18121 17702
18551
18552,18553
18553,15040
18125,16368 18116 17517 18126 17698
18130,16358 18116 17517 18131 17694
18555
18135,16341 18116 17517 18136 17690
18140,16315 18116 17517 18141 17564
18556,18557
18557,14778
18559
18560,18561
18561,14483
18210,13886 18116 17517 18211 17216
18563
18564,18565
18565,14153
18567
18568,18569
18569,13786
18570
18574
18295,18296
18575,18576
18576,16236
18296,18218 17702
18218,16371 18120 17702
18578
18579,18580
18580,16180
18582
18205,14248 18116 17517 18206 17299
18583,18584
18584,16109
18200,14573 18116 17517 18201 17378
18586
18587,18588
18588,16021
18195,14863 18116 17517 18196 17453
18190,15120 18116 17517 18191 17524
18590
18591,18592
18592,15914
18185,15346 18116 17517 18186 17591
18594
18595,18596
18596,15786
18598
18599,18600
18600,15635
18602
18603,18604
18604,15459
18290,13866 18218 17702 18210 18211
18606
18607,18608
18608,15256
18286,14229 18218 17702 18205 18206
18610
18611,18612
18282,14555 18218 17702 18200 18201
18612,15024
18614
18615,18616
18616,14761
18618
18278,14846 18218 17702 18195 18196
18274,15104 18218 17702 18190 18191
18619,18620
18620,14465
18270,15331 18218 17702 18185 18186
18622
18623,18624
18624,14134
18626
18627,18628
18628,13766
18629
18633
18234,16309 18218 17702 18140 17564
18634,18635
18635,16172
18637
18638,18639
18639,16100
18641
18642,18643
18230,16336 18218 17702 18135 17690
18643,16011
18180,15543 18116 17517 18181 17654
18645
18646,18647
18647,15903
18649
18650,18651
18175,15713 18116 17517 18176 17713
18651,15774
18226,16354 18218 17702 18130 17694
18170,15858 18116 17517 18171 17768
18653
18654,18655
18655,15622
18657
18658,18659
18659,15445
18661
18662,18663
18663,15241
18222,16365 18218 17702 18125 17698
18665
18666,18667
18667,15008
18669
18670,18671
18671,14744
18266,15529 18218 17702 18180 18181
18165,15980 18116 17517 18166 17819
18673
18674,18675
18675,14447
18677
18678,18679
18679,14115
18681
18258,15846 18218 17702 18170 18171
18262,15700 18218 17702 18175 18176
18682,18683
18683,13746
18160,16081 18116 17517 18161 17866
18684
18688
18689,18690
18690,16091
18692
18370,18371
18693,18694
18371,18297 17698
18694,16001
18297,16362 18222 17698
18696
18697,18698
18698,15892
18700
18254,15969 18218 17702 18165 18166
18701,18702
18155,16163 18116 17517 18156 17909
18702,15762
18704
18705,18706
18706,15609
18708
18709,18710
18710,15431
18712
18150,16228 18116 17517 18151 17678
18713,18714
18714,15226
18145,16278 18116 17517 18146 17682
18716
18717,18718
18718,14992
18250,16071 18218 17702 18160 18161
18720
18721,18722
18365,13846 18297 17698 18290 18211
18722,14727
18724
18725,18726
18726,14429
18329,15958 18297 17698 18254 18166
18728
18246,16154 18218 17702 18155 18156
18729,18730
18730,14096
18732
18733,18734
18734,13726
18735
18739
18740,18741
18741,15991
18743
18242,16220 18218 17702 18150 17678
18744,18745
18745,15881
18238,16271 18218 17702 18145 17682
18747
18325,16061 18297 17698 18250 18161
18748,18749
18749,15750
18751
18361,14210 18297 17698 18286 18206
18752,18753
18753,15596
18755
18357,14537 18297 17698 18282 18201
18756,18757
18757,15417
18321,16145 18297 17698 18246 18156
18759
18760,18761
18761,15211
18763
18764,18765
18765,14976
18767
18768,18769
18769,14710
18317,16212 18297 17698 18242 17678
18771
18772,18773
18773,14411
18775
18313,16264 18297 17698 18238 17682
18776,18777
18777,14077
18353,14829 18297 17698 18278 18196
18349,15088 18297 17698 18274 18191
18779
18780,18781
18781,13706
18782
18345,15316 18297 17698 18270 18186
18786
18341,15515 18297 17698 18266 18181
18787,18788
18788,15870
18790
18791,18792
18792,15738
18794
18795,18796
18796,15583
18798
18337,15687 18297 17698 18262 18176
18799,18800
18800,15403
18802
18803,18804
18804,15196
18333,15834 18297 17698 18258 18171
18806
18309,16303 18297 17698 18234 17564
18305,16331 18297 17698 18230 17690
18807,18808
18808,14960
18810
18301,16350 18297 17698 18226 17694
18811,18812
18812,14693
18814
18815,18816
18816,14393
18818
18819,18820
18820,14058
18822
18823,18824
18824,13686
18825
18829
18830,18831
18831,15726
18833
18834,18835
18835,15570
18441,18442
18837
18442,18372 17694
18372,16346 18301 17694
18838,18839
18839,15389
18841
18842,18843
18843,15181
18845
18846,18847
18847,14944
18849
18850,18851
18851,14676
18853
18854,18855
18855,14375
18857
18376,16326 18372 17694 18305 17690
18380,16297 18372 17694 18309 17564
18858,18859
18384,16257 18372 17694 18313 17682
18859,14039
18392,16136 18372 17694 18321 18156
18388,16204 18372 17694 18317 17678
18861
18862,18863
18863,13666
18864
18436,13826 18372 17694 18365 18211
18868
18869,18870
18870,15557
18872
18873,18874
18874,15375
18876
18877,18878
18878,15166
18508,18509
18880
18509,18443 17690
18443,16321 18376 17690
18881,18882
18882,14928
18884
18885,18886
18886,14659
18888
18432,14191 18372 17694 18361 18206
18889,18890
18890,14357
18892
18893,18894
18894,14020
18428,14519 18372 17694 18357 18201
18420,15072 18372 17694 18349 18191
18896
18416,15301 18372 17694 18345 18186
18424,14812 18372 17694 18353 18196
18897,18898
18898,13646
18899
18903
18904,18905
18905,15361
18907
18908,18909
18909,15151
18503,13806 18443 17690 18436 18211
18911
18912,18913
18913,14912
18915
18916,18917
18917,14642
18919
18920,18921
18499,14172 18443 17690 18432 18206
18921,14339
18923
18924,18925
18925,14001
18927
18928,18929
18929,13626
18930
18495,14501 18443 17690 18428 18201
18483,15286 18443 17690 18416 18186
18487,15056 18443 17690 18420 18191
18934
18935,18936
18936,15136
18491,14795 18443 17690 18424 18196
18938
18939,18940
18940,14896
18459,16127 18443 17690 18392 18156
18942
18943,18944
18944,14625
18946
18947,18948
18948,14321
18950
18412,15501 18372 17694 18341 18181
18951,18952
18952,13982
18954
18955,18956
18956,13606
18957
18961
18455,16196 18443 17690 18388 17678
18962,18963
18963,14880
18404,15822 18372 17694 18333 18171
18408,15674 18372 17694 18337 18176
18965
18966,18967
18967,14608
18400,15947 18372 17694 18329 18166
18969
18451,16250 18443 17690 18384 17682
18970,18971
18971,14303
18973
18974,18975
18975,13963
18977
18978,18979
18979,13586
18980
18479,15487 18443 17690 18412 18181
18984
18985,18986
18986,14591
18988
18989,18990
18990,14285
18447,16291 18443 17690 18380 17564
18992
18993,18994
18994,13944
18471,15810 18443 17690 18404 18171
18996
18475,15661 18443 17690 18408 18176
18997,18998
18998,13566
18467,15936 18443 17690 18400 18166
18999
18396,16051 18372 17694 18325 18161
19003
19004,19005
19005,14267
19007
19008,19009
19009,13925
19011
19012,19013
19013,13546
19014
19018
19019,19020
19020,13906
19022
18571,18572
19023,19024
18572,18510 17564
18510,16285 18447 17564
19024,13526
19025
19029
19030,19031
19031,13506
19032
18463,16041 18443 17690 18396 18161
18514,16243 18510 17564 18451 17682
18518,16188 18510 17564 18455 17678
18530,15925 18510 17564 18467 18166
18522,16118 18510 17564 18459 18156
18566,13786 18510 17564 18503 18211
18526,16031 18510 17564 18463 18161
18630,18631
18631,18573 17682
18573,16236 18514 17682
18562,14153 18510 17564 18499 18206
18558,14483 18510 17564 18495 18201
18554,14778 18510 17564 18491 18196
18550,15040 18510 17564 18487 18191
18546,15271 18510 17564 18483 18186
18625,13766 18573 17682 18566 18211
18621,14134 18573 17682 18562 18206
18617,14465 18573 17682 18558 18201
18613,14761 18573 17682 18554 18196
18609,15024 18573 17682 18550 18191
18605,15256 18573 17682 18546 18186
18589,15914 18573 17682 18530 18166
18585,16021 18573 17682 18526 18161
18542,15473 18510 17564 18479 18181
18538,15648 18510 17564 18475 18176
18534,15798 18510 17564 18471 18171
18581,16109 18573 17682 18522 18156
18577,16180 18573 17682 18518 17678
18601,15459 18573 17682 18542 18181
18685,18686
18686,18632 17678
18632,16172 18577 17678
18593,15786 18573 17682 18534 18171
18597,15635 18573 17682 18538 18176
18640,16011 18632 17678 18585 18161
18636,16100 18632 17678 18581 18156
18644,15903 18632 17678 18589 18166
18680,13746 18632 17678 18625 18211
18648,15774 18632 17678 18593 18171
18652,15622 18632 17678 18597 18176
18736,18737
18737,18687 18156
18687,16091 18636 18156
18672,14447 18632 17678 18617 18201
18676,14115 18632 17678 18621 18206
18668,14744 18632 17678 18613 18196
18660,15241 18632 17678 18605 18186
18664,15008 18632 17678 18609 18191
18731,13726 18687 18156 18680 18211
18719,14727 18687 18156 18668 18196
18723,14429 18687 18156 18672 18201
18727,14096 18687 18156 18676 18206
18711,15226 18687 18156 18660 18186
18715,14992 18687 18156 18664 18191
18703,15609 18687 18156 18652 18176
18656,15445 18632 17678 18601 18181
18699,15762 18687 18156 18648 18171
18695,15892 18687 18156 18644 18166
18691,16001 18687 18156 18640 18161
18783,18784
18707,15431 18687 18156 18656 18181
18784,18738 18161
18738,15991 18691 18161
18742,15881 18738 18161 18695 18166
18750,15596 18738 18161 18703 18176
18746,15750 18738 18161 18699 18171
18758,15211 18738 18161 18711 18186
18778,13706 18738 18161 18731 18211
18754,15417 18738 18161 18707 18181
18826,18827
18827,18785 18166
18785,15870 18742 18166
18774,14077 18738 18161 18727 18206
18770,14411 18738 18161 18723 18201
18766,14710 18738 18161 18719 18196
18762,14976 18738 18161 18715 18191
18789,15738 18785 18166 18746 18171
18821,13686 18785 18166 18778 18211
18817,14058 18785 18166 18774 18206
18813,14393 18785 18166 18770 18201
18809,14693 18785 18166 18766 18196
18865,18866
18805,14960 18785 18166 18762 18191
18866,18828 18171
18828,15726 18789 18171
18801,15196 18785 18166 18758 18186
18797,15403 18785 18166 18754 18181
18848,14676 18828 18171 18809 18196
18793,15583 18785 18166 18750 18176
18860,13666 18828 18171 18821 18211
18844,14944 18828 18171 18805 18191
18840,15181 18828 18171 18801 18186
18836,15389 18828 18171 18797 18181
18856,14039 18828 18171 18817 18206
18832,15570 18828 18171 18793 18176
18852,14375 18828 18171 18813 18201
18900,18901
18901,18867 18176
18867,15557 18832 18176
18871,15375 18867 18176 18836 18181
18879,14928 18867 18176 18844 18191
18875,15166 18867 18176 18840 18186
18895,13646 18867 18176 18860 18211
18883,14659 18867 18176 18848 18196
18887,14357 18867 18176 18852 18201
18931,18932
18932,18902 18181
18902,15361 18871 18181
18891,14020 18867 18176 18856 18206
18910,14912 18902 18181 18879 18191
18906,15151 18902 18181 18875 18186
18914,14642 18902 18181 18883 18196
18926,13626 18902 18181 18895 18211
18918,14339 18902 18181 18887 18201
18922,14001 18902 18181 18891 18206
18958,18959
18959,18933 18186
18933,15136 18906 18186
18941,14625 18933 18186 18914 18196
18937,14896 18933 18186 18910 18191
18949,13982 18933 18186 18922 18206
18945,14321 18933 18186 18918 18201
18953,13606 18933 18186 18926 18211
18981,18982
18982,18960 18191
18960,14880 18937 18191
18964,14608 18960 18191 18941 18196
18968,14303 18960 18191 18945 18201
18972,13963 18960 18191 18949 18206
18976,13586 18960 18191 18953 18211
19000,19001
19001,18983 18196
18983,14591 18964 18196
18987,14285 18983 18196 18968 18201
18995,13566 18983 18196 18976 18211
18991,13944 18983 18196 18972 18206
19015,19016
19016,19002 18201
19002,14267 18987 18201
19006,13925 19002 18201 18991 18206
19010,13546 19002 18201 18995 18211
19026,19027
19027,19017 18206
19017,13906 19006 18206
19021,13526 19017 18206 19010 18211
19033,19034
19034,19028 18211
19028,13506 19021 18211
19036,13506
19035,19036
19038,13507
19037,19038
19040,13508
19039,19040
19042,13509
19041,19042
19044,13510
19043,19044
19046,13511
19045,19046
19048,13512
19047,19048
19050,13513
19049,19050
19052,13514
19051,19052
19054,13515
19053,19054
19056,13516
19055,19056
19058,13517
19057,19058
19060,13518
19059,19060
19062,13519
19061,19062
19064,13520
19063,19064
19066,13521
19065,19066
19068,13522
19067,19068
19070,13523
19069,19070
19072,13524
19071,19072
19074,13525
19073,19074
19076,13526
19075,19076
19078,13906
19077,19078
19080,13907
19079,19080
19082,13908
19081,19082
19084,13909
19083,19084
19086,13910
19085,19086
19088,13911
19087,19088
19090,13912
19089,19090
19092,13913
19091,19092
19094,13914
19093,19094
19096,13915
19095,19096
19098,13916
19097,19098
19100,13917
19099,19100
19102,13918
19101,19102
19104,13919
19103,19104
19106,13920
19105,19106
19108,13921
19107,19108
19110,13922
19109,19110
19112,13923
19111,19112
19114,13924
19113,19114
19116,13546
19115,19116
19118,13925
19117,19118
19120,14267
19119,19120
19122,14268
19121,19122
19124,14269
19123,19124
19126,14270
19125,19126
19128,14271
19127,19128
19130,14272
19129,19130
19132,14273
19131,19132
19134,14274
19133,19134
19136,14275
19135,19136
19138,14276
19137,19138
19140,14277
19139,19140
19142,14278
19141,19142
19144,14279
19143,19144
19146,14280
19145,19146
19148,14281
19147,19148
19150,14282
19149,19150
19152,14283
19151,19152
19154,14284
19153,19154
19156,13566
19155,19156
19158,13944
19157,19158
19160,14285
19159,19160
19162,14591
19161,19162
19164,14592
19163,19164
19166,14593
19165,19166
19168,14594
19167,19168
19170,14595
19169,19170
19172,14596
19171,19172
19174,14597
19173,19174
19176,14598
19175,19176
19178,14599
19177,19178
19180,14600
19179,19180
19182,14601
19181,19182
19184,14602
19183,19184
19186,14603
19185,19186
19188,14604
19187,19188
19190,14605
19189,19190
19192,14606
19191,19192
19194,14607
19193,19194
19196,13586
19195,19196
19198,13963
19197,19198
19200,14303
19199,19200
19202,14608
19201,19202
19204,14880
19203,19204
19206,14881
19205,19206
19208,14882
19207,19208
19210,14883
19209,19210
19212,14884
19211,19212
19214,14885
19213,19214
19216,14886
19215,19216
19218,14887
19217,19218
19220,14888
19219,19220
19222,14889
19221,19222
19224,14890
19223,19224
19226,14891
19225,19226
19228,14892
19227,19228
19230,14893
19229,19230
19232,14894
19231,19232
19234,14895
19233,19234
19236,13606
19235,19236
19238,13982
19237,19238
19240,14321
19239,19240
19242,14625
19241,19242
19244,14896
19243,19244
19246,15136
19245,19246
19248,15137
19247,19248
19250,15138
19249,19250
19252,15139
19251,19252
19254,15140
19253,19254
19256,15141
19255,19256
19258,15142
19257,19258
19260,15143
19259,19260
19262,15144
19261,19262
19264,15145
19263,19264
19266,15146
19265,19266
19268,15147
19267,19268
19270,15148
19269,19270
19272,15149
19271,19272
19274,15150
19273,19274
19276,13626
19275,19276
19278,14001
19277,19278
19280,14339
19279,19280
19282,14642
19281,19282
19284,14912
19283,19284
19286,15151
19285,19286
19288,15361
19287,19288
19290,15362
19289,19290
19292,15363
19291,19292
19294,15364
19293,19294
19296,15365
19295,19296
19298,15366
19297,19298
19300,15367
19299,19300
19302,15368
19301,19302
19304,15369
19303,19304
19306,15370
19305,19306
19308,15371
19307,19308
19310,15372
19309,19310
19312,15373
19311,19312
19314,15374
19313,19314
19316,13646
19315,19316
19318,14020
19317,19318
19320,14357
19319,19320
19322,14659
19321,19322
19324,14928
19323,19324
19326,15166
19325,19326
19328,15375
19327,19328
19330,15557
19329,19330
19332,15558
19331,19332
19334,15559
19333,19334
19336,15560
19335,19336
19338,15561
19337,19338
19340,15562
19339,19340
19342,15563
19341,19342
19344,15564
19343,19344
19346,15565
19345,19346
19348,15566
19347,19348
19350,15567
19349,19350
19352,15568
19351,19352
19354,15569
19353,19354
19356,13666
19355,19356
19358,14039
19357,19358
19360,14375
19359,19360
19362,14676
19361,19362
19364,14944
19363,19364
19366,15181
19365,19366
19368,15389
19367,19368
19370,15570
19369,19370
19372,15726
19371,19372
19374,15727
19373,19374
19376,15728
19375,19376
19378,15729
19377,19378
19380,15730
19379,19380
19382,15731
19381,19382
19384,15732
19383,19384
19386,15733
19385,19386
19388,15734
19387,19388
19390,15735
19389,19390
19392,15736
19391,19392
19394,15737
19393,19394
19396,13686
19395,19396
19398,14058
19397,19398
19400,14393
19399,19400
19402,14693
19401,19402
19404,14960
19403,19404
19406,15196
19405,19406
19408,15403
19407,19408
19410,15583
19409,19410
19412,15738
19411,19412
19414,15870
19413,19414
19416,15871
19415,19416
19418,15872
19417,19418
19420,15873
19419,19420
19422,15874
19421,19422
19424,15875
19423,19424
19426,15876
19425,19426
19428,15877
19427,19428
19430,15878
19429,19430
19432,15879
19431,19432
19434,15880
19433,19434
19436,13706
19435,19436
19438,14077
19437,19438
19440,14411
19439,19440
19442,14710
19441,19442
19444,14976
19443,19444
19446,15211
19445,19446
19448,15417
19447,19448
19450,15596
19449,19450
19452,15750
19451,19452
19454,15881
19453,19454
19456,15991
19455,19456
19458,15992
19457,19458
19460,15993
19459,19460
19462,15994
19461,19462
19464,15995
19463,19464
19466,15996
19465,19466
19468,15997
19467,19468
19470,15998
19469,19470
19472,15999
19471,19472
19474,16000
19473,19474
19476,13726
19475,19476
19478,14096
19477,19478
19480,14429
19479,19480
19482,14727
19481,19482
19484,14992
19483,19484
19486,15226
19485,19486
19488,15431
19487,19488
19490,15609
19489,19490
19492,15762
19491,19492
19494,15892
19493,19494
19496,16001
19495,19496
19498,16091
19497,19498
19500,16092
19499,19500
19502,16093
19501,19502
19504,16094
19503,19504
19506,16095
19505,19506
19508,16096
19507,19508
19510,16097
19509,19510
19512,16098
19511,19512
19514,16099
19513,19514
19516,13746
19515,19516
19518,14115
19517,19518
19520,14447
19519,19520
19522,14744
19521,19522
19524,15008
19523,19524
19526,15241
19525,19526
19528,15445
19527,19528
19530,15622
19529,19530
19532,15774
19531,19532
19534,15903
19533,19534
19536,16011
19535,19536
19538,16100
19537,19538
19540,16172
19539,19540
19542,16173
19541,19542
19544,16174
19543,19544
19546,16175
19545,19546
19548,16176
19547,19548
19550,16177
19549,19550
19552,16178
19551,19552
19554,16179
19553,19554
19556,13766
19555,19556
19558,14134
19557,19558
19560,14465
19559,19560
19562,14761
19561,19562
19564,15024
19563,19564
19566,15256
19565,19566
19568,15459
19567,19568
19570,15635
19569,19570
19572,15786
19571,19572
19574,15914
19573,19574
19576,16021
19575,19576
19578,16109
19577,19578
19580,16180
19579,19580
19582,16236
19581,19582
19584,16237
19583,19584
19586,16238
19585,19586
19588,16239
19587,19588
19590,16240
19589,19590
19592,16241
19591,19592
19594,16242
19593,19594
19596,13786
19595,19596
19598,14153
19597,19598
19600,14483
19599,19600
19602,14778
19601,19602
19604,15040
19603,19604
19606,15271
19605,19606
19608,15473
19607,19608
19610,15648
19609,19610
19612,15798
19611,19612
19614,15925
19613,19614
19616,16031
19615,19616
19618,16118
19617,19618
19620,16188
19619,19620
19622,16243
19621,19622
19624,16285
19623,19624
19626,16286
19625,19626
19628,16287
19627,19628
19630,16288
19629,19630
19632,16289
19631,19632
19634,16290
19633,19634
19636,13806
19635,19636
19638,14172
19637,19638
19640,14501
19639,19640
19642,14795
19641,19642
19644,15056
19643,19644
19646,15286
19645,19646
19648,15487
19647,19648
19650,15661
19649,19650
19652,15810
19651,19652
19654,15936
19653,19654
19656,16041
19655,19656
19658,16127
19657,19658
19660,16196
19659,19660
19662,16250
19661,19662
19664,16291
19663,19664
19666,16321
19665,19666
19668,16322
19667,19668
19670,16323
19669,19670
19672,16324
19671,19672
19674,16325
19673,19674
19676,13826
19675,19676
19678,14191
19677,19678
19680,14519
19679,19680
19682,14812
19681,19682
19684,15072
19683,19684
19686,15301
19685,19686
19688,15501
19687,19688
19690,15674
19689,19690
19692,15822
19691,19692
19694,15947
19693,19694
19696,16051
19695,19696
19698,16136
19697,19698
19700,16204
19699,19700
19702,16257
19701,19702
19704,16297
19703,19704
19706,16326
19705,19706
19708,16346
19707,19708
19710,16347
19709,19710
19712,16348
19711,19712
19714,16349
19713,19714
19716,13846
19715,19716
19718,14210
19717,19718
19720,14537
19719,19720
19722,14829
19721,19722
19724,15088
19723,19724
19726,15316
19725,19726
19728,15515
19727,19728
19730,15687
19729,19730
19732,15834
19731,19732
19734,15958
19733,19734
19736,16061
19735,19736
19738,16145
19737,19738
19740,16212
19739,19740
19742,16264
19741,19742
19744,16303
19743,19744
19746,16331
19745,19746
19748,16350
19747,19748
19750,16362
19749,19750
19752,16363
19751,19752
19754,16364
19753,19754
19756,13866
19755,19756
19758,14229
19757,19758
19760,14555
19759,19760
19762,14846
19761,19762
19764,15104
19763,19764
19766,15331
19765,19766
19768,15529
19767,19768
19770,15700
19769,19770
19772,15846
19771,19772
19774,15969
19773,19774
19776,16071
19775,19776
19778,16154
19777,19778
19780,16220
19779,19780
19782,16271
19781,19782
19784,16309
19783,19784
19786,16336
19785,19786
19788,16354
19787,19788
19790,16365
19789,19790
19792,16371
19791,19792
19794,16372
19793,19794
19796,13886
19795,19796
19798,14248
19797,19798
19800,14573
19799,19800
19802,14863
19801,19802
19804,15120
19803,19804
19806,15346
19805,19806
19808,15543
19807,19808
19810,15713
19809,19810
19812,15858
19811,19812
19814,15980
19813,19814
19816,16081
19815,19816
19818,16163
19817,19818
19820,16228
19819,19820
19822,16278
19821,19822
19824,16315
19823,19824
19826,16341
19825,19826
19828,16358
19827,19828
19830,16368
19829,19830
19832,16373
19831,19832
19834,16375
19833,19834
19836,19028
19835,19836
19838,19017
19837,19838
19840,19002
19839,19840
19842,18983
19841,19842
19844,18960
19843,19844
19846,18933
19845,19846
19848,18902
19847,19848
19850,18867
19849,19850
19852,18828
19851,19852
19854,18785
19853,19854
19856,18738
19855,19856
19858,18687
19857,19858
19860,18632
19859,19860
19862,18573
19861,19862
19864,18510
19863,19864
19866,18443
19865,19866
19868,18372
19867,19868
19870,18297
19869,19870
19872,18218
19871,19872
19874,18116
19873,19874
