4214,4211 3811 3814
4215,4211 3811 3815
4223,4211 3823
4213,4211 3811 3813
4216,4211 3811 3816
4217,4211 3811 3817
4224,4211 3824
4225,4211 3825
4211,3811
4218,4211 3811 3818
4220,4211 3811 3820
4212,4211 3811 3812
4226,4211 3826
4227,4211 3827
4222,4211 3822
4231,4232
4232,4211
4221,4211 3811 3821
4228,4211 3828
4219,4211 3811 3819
4229,4211 3829
4230,4211 3830
4233,4212 3832
4235,4212 4214 3834
4234,4212 4213 3833
4236,4212 4215 3835
4237,4212 4216 3836
4239,4212 4218 3838
4240,4212 4219 3839
4238,4212 4217 3837
4242,4212 4221 3841
4245,4212 4224 3844
4244,4212 4223 3843
4247,4212 4226 3846
4246,4212 4225 3845
4249,4212 4228 3848
4252,4253
4250,4212 4229 3849
4253,4212
4248,4212 4227 3847
4251,4212 4230 3850
4254,4213 3853
4256,4213 4215 3855
4255,4213 4214 3854
4257,4213 4216 3856
4258,4213 4217 3857
4259,4213 4218 3858
4260,4213 4219 3859
4261,4213 4220 3860
4262,4213 4221 3861
4263,4213 4222 3862
4264,4213 4223 3863
4265,4213 4224 3864
4266,4213 4225 3865
4267,4213 4226 3866
4268,4213 4227 3867
4269,4213 4228 3868
4272,4273
4270,4213 4229 3869
4273,4213
4271,4213 4230 3870
4275,4214 4215 3875
4274,4214 3874
4277,4214 4217 3877
4279,4214 4219 3879
4278,4214 4218 3878
4281,4214 4221 3881
4283,4214 4223 3883
4282,4214 4222 3882
4284,4214 4224 3884
4285,4214 4225 3885
4286,4214 4226 3886
4287,4214 4227 3887
4288,4214 4228 3888
4289,4214 4229 3889
4291,4292
4292,4214
4290,4214 4230 3890
4293,4215 3895
4295,4215 4217 3897
4294,4215 4216 3896
4297,4215 4219 3899
4299,4215 4221 3901
4298,4215 4220 3900
4301,4215 4223 3903
4302,4215 4224 3904
4303,4215 4225 3905
4304,4215 4226 3906
4305,4215 4227 3907
4306,4215 4228 3908
4309,4310
4310,4215
4307,4215 4229 3909
4308,4215 4230 3910
4312,4216 4217 3917
4311,4216 3916
4300,4215 4222 3902
4296,4215 4218 3898
4243,4212 4222 3842
4280,4214 4220 3880
4276,4214 4216 3876
4313,4216 4218 3918
4315,4216 4220 3920
4241,4212 4220 3840
4316,4216 4221 3921
4317,4216 4222 3922
4318,4216 4223 3923
4319,4216 4224 3924
4320,4216 4225 3925
4321,4216 4226 3926
4322,4216 4227 3927
4323,4216 4228 3928
4324,4216 4229 3929
4326,4327
4327,4216
4325,4216 4230 3930
4329,4217 4218 3938
4331,4217 4220 3940
4332,4217 4221 3941
4333,4217 4222 3942
4334,4217 4223 3943
4335,4217 4224 3944
4336,4217 4225 3945
4337,4217 4226 3946
4338,4217 4227 3947
4339,4217 4228 3948
4340,4217 4229 3949
4342,4343
4343,4217
4341,4217 4230 3950
4344,4218 3958
4345,4218 4219 3959
4346,4218 4220 3960
4347,4218 4221 3961
4348,4218 4222 3962
4349,4218 4223 3963
4350,4218 4224 3964
4351,4218 4225 3965
4352,4218 4226 3966
4353,4218 4227 3967
4354,4218 4228 3968
4355,4218 4229 3969
4357,4358
4358,4218
4356,4218 4230 3970
4359,4219 3979
4360,4219 4220 3980
4361,4219 4221 3981
4362,4219 4222 3982
4363,4219 4223 3983
4364,4219 4224 3984
4365,4219 4225 3985
4366,4219 4226 3986
4368,4219 4228 3988
4369,4219 4229 3989
4371,4372
4372,4219
4370,4219 4230 3990
4373,4220 4000
4374,4220 4221 4001
4376,4220 4223 4003
4377,4220 4224 4004
4375,4220 4222 4002
4378,4220 4225 4005
4379,4220 4226 4006
4380,4220 4227 4007
4381,4220 4228 4008
4384,4385
4385,4220
4382,4220 4229 4009
4383,4220 4230 4010
4387,4221 4222 4022
4386,4221 4021
4388,4221 4223 4023
4389,4221 4224 4024
4390,4221 4225 4025
4391,4221 4226 4026
4392,4221 4227 4027
4393,4221 4228 4028
4394,4221 4229 4029
4396,4397
4397,4221
4395,4221 4230 4030
4398,4222 4042
4399,4222 4223 4043
4400,4222 4224 4044
4407,4408
4408,4222
4401,4222 4225 4045
4328,4217 3937
4417,4418
4418,4223
4412,4223 4226 4066
4404,4222 4228 4048
4406,4222 4230 4050
4405,4222 4229 4049
4367,4219 4227 3987
4314,4216 4219 3919
4402,4222 4226 4046
4330,4217 4219 3939
4410,4223 4224 4064
4403,4222 4227 4047
4416,4223 4230 4070
4411,4223 4225 4065
4414,4223 4228 4068
4415,4223 4229 4069
4419,4224 4084
4420,4224 4225 4085
4421,4224 4226 4086
4422,4224 4227 4087
4423,4224 4228 4088
4424,4224 4229 4089
4426,4427
4427,4224
4425,4224 4230 4090
4428,4225 4105
4429,4225 4226 4106
4430,4225 4227 4107
4431,4225 4228 4108
4432,4225 4229 4109
4434,4435
4435,4225
4433,4225 4230 4110
4436,4226 4126
4437,4226 4227 4127
4438,4226 4228 4128
4439,4226 4229 4129
4441,4442
4442,4226
4440,4226 4230 4130
4443,4227 4147
4444,4227 4228 4148
4445,4227 4229 4149
4447,4448
4448,4227
4449,4228 4168
4450,4228 4229 4169
4452,4453
4453,4228
4451,4228 4230 4170
4454,4229 4189
4456,4457
4457,4229
4455,4229 4230 4190
4459,4460
4460,4230
4458,4230 4210
4462,4461 4233 4234
4465,4461 4233 4237
4466,4461 4233 4238
4480,4481
4467,4461 4233 4239
4481,4461
4461,4233
4470,4461 4233 4242
4479,4461 4251
4472,4461 4233 4244
4482,4462 4254
4485,4462 4465 4257
4463,4461 4233 4235
4483,4462 4463 4235 4255
4486,4462 4466 4258
4487,4462 4467 4259
4490,4462 4470 4262
4492,4462 4472 4264
4500,4501
4501,4462
4499,4462 4479 4271
4504,4463 4465 4276
4505,4463 4466 4277
4506,4463 4467 4278
4509,4463 4470 4281
4519,4520
4520,4463
4518,4463 4479 4290
4539,4465 4311
4540,4465 4466 4312
4541,4465 4467 4313
4546,4465 4472 4318
4554,4555
4555,4465
4553,4465 4479 4325
4556,4466 4328
4570,4571
4571,4466
4585,4586
4586,4467
4624,4625
4625,4470
4645,4646
4646,4472
4687,4688
4688,4479
4557,4466 4467 4329
4511,4463 4472 4283
4502,4463 4274
4544,4465 4470 4316
4409,4223 4063
4575,4467 4470 4347
4572,4467 4344
4577,4467 4472 4349
4616,4470 4472 4388
4623,4470 4479 4395
4614,4470 4386
4686,4479 4458
4413,4223 4227 4067
4644,4472 4479 4416
4510,4463 4471 4243 4282
4560,4466 4470 4332
4484,4462 4464 4236 4256
4446,4227 4230 4150
4488,4462 4468 4240 4260
4562,4466 4472 4334
4491,4462 4471 4243 4263
4496,4462 4476 4248 4268
4503,4463 4464 4236 4275
4545,4465 4471 4243 4317
4576,4467 4471 4243 4348
4523,4464 4236 4466 4295
4522,4464 4236 4465 4294
4615,4470 4471 4243 4387
4507,4463 4468 4240 4279
4521,4464 4236 4293
4558,4466 4468 4240 4330
4566,4466 4476 4248 4338
4542,4465 4468 4240 4314
4573,4467 4468 4240 4345
4587,4468 4240 4359
4675,4676
4525,4464 4236 4468 4240 4297
4676,4476 4248
4635,4636
4476,4461 4248
4581,4467 4476 4248 4353
4636,4471 4243
4561,4466 4471 4243 4333
4524,4464 4236 4467 4296
4471,4461 4233 4243
4527,4464 4236 4470 4299
4591,4468 4240 4472 4363
4590,4468 4240 4471 4243 4362
4626,4471 4243 4398
4620,4470 4476 4248 4392
4599,4600
4600,4468 4240
4627,4471 4243 4472 4399
4515,4463 4476 4248 4287
4468,4461 4233 4240
4631,4471 4243 4476 4248 4403
4569,4466 4479 4341
4537,4538
4538,4464 4236
4464,4461 4233 4236
4529,4464 4236 4472 4301
4598,4468 4240 4479 4370
4550,4465 4476 4248 4322
4533,4464 4236 4476 4248 4305
4637,4472 4409 4063
4595,4468 4240 4476 4248 4367
4674,4476 4248 4479 4446 4150
4536,4464 4236 4479 4308
4584,4467 4479 4356
4634,4471 4243 4479 4406
4589,4468 4240 4470 4361
4497,4462 4477 4249 4269
4516,4463 4477 4249 4288
4495,4462 4475 4247 4267
4641,4472 4476 4248 4413 4067
4528,4464 4236 4471 4243 4300
4514,4463 4475 4247 4286
4532,4464 4236 4475 4247 4304
4549,4465 4475 4247 4321
4565,4466 4475 4247 4337
4580,4467 4475 4247 4352
4594,4468 4240 4475 4247 4366
4619,4470 4475 4247 4391
4630,4471 4243 4475 4247 4402
4640,4472 4475 4247 4412
4664,4475 4247 4436
4669,4670
4665,4475 4247 4476 4248 4437
4670,4475 4247
4475,4461 4247
4668,4475 4247 4479 4440
4726,4727
4727,4690 4483
4690,4689 4482 4483
4508,4463 4469 4241 4280
4512,4463 4473 4245 4284
4494,4462 4474 4246 4266
4543,4465 4469 4241 4315
4489,4462 4469 4241 4261
4602,4469 4241 4470 4374
4578,4467 4473 4245 4350
4592,4468 4240 4473 4245 4364
4617,4470 4473 4245 4389
4601,4469 4241 4373
4534,4464 4236 4477 4249 4306
4680,4681
4493,4462 4473 4245 4265
4681,4477 4249
4477,4461 4249
4579,4467 4474 4246 4351
4647,4473 4245 4419
4564,4466 4474 4246 4336
4559,4466 4469 4241 4331
4604,4469 4241 4472 4376
4629,4471 4243 4474 4246 4401
4618,4470 4474 4246 4390
4547,4465 4473 4245 4319
4831,4832
4832,4697 4490
4563,4466 4473 4245 4335
4709,4690 4483 4502 4274
4697,4689 4482 4490
4638,4472 4473 4245 4410
4654,4655
4655,4473 4245
4473,4461 4233 4245
4606,4469 4241 4474 4246 4378
4605,4469 4241 4473 4245 4377
4639,4472 4474 4246 4411
4648,4473 4245 4474 4246 4420
4649,4473 4245 4475 4247 4421
4567,4466 4477 4249 4339
4632,4471 4243 4477 4249 4404
4612,4613
4613,4469 4241
4628,4471 4243 4473 4245 4400
4642,4472 4477 4249 4414
4469,4461 4233 4241
4582,4467 4477 4249 4354
4650,4473 4245 4476 4248 4422
4657,4474 4246 4475 4247 4429
4607,4469 4241 4475 4247 4379
4671,4476 4248 4443
4819,4820
4715,4690 4483 4696 4261 4508 4280
4820,4696 4261
4608,4469 4241 4476 4248 4380
4696,4689 4482 4489 4261
4651,4473 4245 4477 4249 4423
4662,4663
4663,4474 4246
4474,4461 4246
4603,4469 4241 4471 4243 4375
4609,4469 4241 4477 4249 4381
4808,4696 4261 4601 4373
4659,4474 4246 4477 4249 4431
4611,4469 4241 4479 4383
4658,4474 4246 4476 4248 4430
4712,4690 4483 4693 4486 4505
4809,4696 4261 4697 4490 4602 4374
4653,4473 4245 4479 4425
4777,4778
4778,4693 4486
4693,4689 4482 4486
4672,4476 4248 4477 4249 4444
4714,4690 4483 4695 4260 4507 4279
4767,4693 4486 4697 4490 4560 4332
4806,4807
4807,4695 4260
4695,4689 4482 4488 4260
4765,4693 4486 4695 4260 4558 4330
4766,4693 4486 4696 4261 4559 4331
4517,4463 4478 4250 4289
4763,4693 4486 4556
4710,4690 4483 4691 4256 4503 4275
4535,4464 4236 4478 4250 4307
4498,4462 4478 4250 4270
4768,4693 4486 4698 4263 4561 4333
4730,4691 4256 4693 4486 4523 4295
4661,4474 4246 4479 4433
4552,4465 4478 4250 4324
4794,4695 4260 4587 4359
4679,4477 4249 4479 4451
4797,4695 4260 4698 4263 4590 4362
4588,4468 4240 4469 4241 4360
4810,4696 4261 4698 4263 4603 4375
4842,4843
4843,4698 4263
4744,4745
4698,4689 4482 4491 4263
4745,4691 4256
4568,4466 4478 4250 4340
4691,4689 4482 4484 4256
4732,4691 4256 4695 4260 4525 4297
4822,4697 4490 4698 4263 4615 4387
4734,4691 4256 4697 4490 4527 4299
4833,4698 4263 4626 4398
4583,4467 4478 4250 4355
4795,4695 4260 4696 4261 4588 4360
4735,4691 4256 4698 4263 4528 4300
4597,4468 4240 4478 4250 4369
4610,4469 4241 4478 4250 4382
4622,4470 4478 4250 4394
4724,4690 4483 4705 4270 4517 4289
4742,4691 4256 4705 4270 4535 4307
4548,4465 4474 4246 4320
4652,4473 4245 4478 4250 4424
4643,4472 4478 4250 4415
4775,4693 4486 4705 4270 4568 4340
4667,4475 4247 4478 4250 4439
4804,4695 4260 4705 4270 4597 4369
4891,4892
4660,4474 4246 4478 4250 4432
4892,4705 4270
4705,4689 4482 4498 4270
4817,4696 4261 4705 4270 4610 4382
4673,4476 4248 4478 4250 4445
4829,4697 4490 4705 4270 4622 4394
4684,4685
4678,4477 4249 4478 4250 4450
4685,4478 4250
4478,4461 4250
4621,4470 4477 4249 4393
4728,4691 4256 4521 4293
4682,4478 4250 4454
4683,4478 4250 4479 4455
4889,4705 4270 4682 4454
4707,4708
4708,4689 4482
4689,4482
4716,4690 4483 4697 4490 4509
4633,4471 4243 4478 4250 4405
4717,4690 4483 4698 4263 4510 4282
4796,4695 4260 4697 4490 4589 4361
4593,4468 4240 4474 4246 4365
4666,4475 4247 4477 4249 4438
4526,4464 4236 4469 4241 4298
4530,4464 4236 4473 4245 4302
4656,4474 4246 4428
4814,4696 4261 4702 4267 4607 4379
4861,4862
4862,4700 4265
4700,4689 4482 4493 4265
4719,4690 4483 4700 4265 4512 4284
4513,4463 4474 4246 4285
4718,4690 4483 4699 4492 4511 4283
4772,4693 4486 4702 4267 4565 4337
4713,4690 4483 4694 4487 4506
4737,4691 4256 4700 4265 4530 4302
4779,4694 4487 4572 4344
4770,4693 4486 4700 4265 4563 4335
4729,4691 4256 4692 4485 4522 4294
4840,4698 4263 4705 4270 4633 4405
4783,4694 4487 4698 4263 4576 4348
4551,4465 4477 4249 4323
4812,4696 4261 4700 4265 4605 4377
4798,4695 4260 4699 4492 4591 4363
4801,4695 4260 4702 4267 4594 4366
4824,4697 4490 4700 4265 4617 4389
4834,4698 4263 4699 4492 4627 4399
4859,4700 4265 4705 4270 4652 4424
4784,4694 4487 4699 4492 4577 4349
4720,4690 4483 4701 4266 4513 4285
4771,4693 4486 4701 4266 4564 4336
4800,4695 4260 4701 4266 4593 4365
4813,4696 4261 4701 4266 4606 4378
4825,4697 4490 4701 4266 4618 4390
4836,4698 4263 4701 4266 4629 4401
4855,4700 4265 4701 4266 4648 4420
4869,4870
4870,4701 4266
4701,4689 4482 4494 4266
4863,4701 4266 4656 4428
4867,4701 4266 4705 4270 4660 4432
4852,4853
4853,4699 4492
4699,4689 4482 4492
4787,4694 4487 4702 4267 4580 4352
4749,4692 4485 4695 4260 4542 4314
4748,4692 4485 4694 4487 4541
4828,4697 4490 4704 4269 4621 4393
4845,4699 4492 4700 4265 4638 4410
4846,4699 4492 4701 4266 4639 4411
4850,4699 4492 4705 4270 4643 4415
4816,4696 4261 4704 4269 4609 4381
4747,4692 4485 4693 4486 4540
4887,4888
4888,4704 4269
4704,4689 4482 4497 4269
4849,4699 4492 4704 4269 4642 4414
4750,4692 4485 4696 4261 4543 4315
4858,4700 4265 4704 4269 4651 4423
4866,4701 4266 4704 4269 4659 4431
4786,4694 4487 4701 4266 4579 4351
4885,4704 4269 4705 4270 4678 4450
4774,4693 4486 4704 4269 4567 4339
4789,4694 4487 4704 4269 4582 4354
4790,4694 4487 4705 4270 4583 4355
4839,4698 4263 4704 4269 4632 4404
4677,4477 4249 4449
4792,4793
4931,4932
4793,4694 4487
4932,4897 4503
4694,4689 4482 4487
4897,4896 4502 4710 4503
4721,4690 4483 4702 4267 4514 4286
4854,4700 4265 4647 4419
4733,4691 4256 4696 4261 4526 4298
4731,4691 4256 4694 4487 4524 4296
4746,4692 4485 4539
4764,4693 4486 4694 4487 4557
4711,4690 4483 4692 4485 4504
4769,4693 4486 4699 4492 4562 4334
4782,4694 4487 4697 4490 4575 4347
4739,4691 4256 4702 4267 4532 4304
4844,4699 4492 4637 4409
4915,4897 4503 4728 4521
4725,4690 4483 4706 4499 4518
4743,4691 4256 4706 4499 4536 4308
4776,4693 4486 4706 4499 4569 4341
4948,4949
4949,4898 4504
4780,4694 4487 4695 4260 4573 4345
4898,4896 4502 4711 4504
4823,4697 4490 4699 4492 4616
4785,4694 4487 4700 4265 4578 4350
4916,4897 4503 4898 4504 4729 4522
4933,4898 4504 4746 4539
4811,4696 4261 4699 4492 4604 4376
4741,4691 4256 4704 4269 4534 4306
4835,4698 4263 4700 4265 4628 4400
4964,4965
4965,4899 4505
4899,4896 4502 4712 4505
5099,5100
5100,5083 4521
5083,4915 4521
4723,4690 4483 4704 4269 4516 4288
4751,4692 4485 4697 4490 4544 4316
4752,4692 4485 4698 4263 4545 4317
4754,4692 4485 4700 4265 4547 4319
4756,4692 4485 4702 4267 4549 4321
4736,4691 4256 4699 4492 4529 4301
4758,4692 4485 4704 4269 4551 4323
4884,4704 4269 4677 4449
4841,4698 4263 4706 4499 4634 4406
4860,4700 4265 4706 4499 4653 4425
4799,4695 4260 4700 4265 4592 4364
4791,4694 4487 4706 4499 4584 4356
4826,4697 4490 4702 4267 4619 4391
4805,4695 4260 4706 4499 4598 4370
4917,4897 4503 4899 4505 4730 4523
4753,4692 4485 4699 4492 4546
4950,4899 4505 4763 4556
4759,4692 4485 4705 4270 4552 4324
4837,4698 4263 4702 4267 4630 4402
4818,4696 4261 4706 4499 4611 4383
4920,4897 4503 4902 4280 4733 4298
5174,5175
5175,5088 4298
5088,5083 4521 4920 4298
4761,4762
5116,5117
4762,4692 4485
5117,5084 4522
4692,4689 4482 4485
5084,5083 4521 4916 4522
4894,4895
4895,4706 4499
4706,4689 4482 4499
4876,4877
4877,4702 4267
4702,4689 4482 4495 4267
5132,5133
5133,5085 4523
5085,5083 4521 4917 4523
4868,4701 4266 4706 4499 4661 4433
5101,5084 4522 4933 4539
5018,5019
5019,4903 4509
4903,4896 4502 4716 4509
4935,4898 4504 4900 4506 4748 4541
4936,4898 4504 4901 4507 4749 4542
5266,5267
5267,5251 4539
5251,5101 4539
4941,4898 4504 4906 4284 4754 4319
4938,4898 4504 4903 4509 4751 4544
4574,4467 4469 4241 4346
4913,4914
4914,4896 4502
4937,4898 4504 4902 4280 4750 4315
4896,4709 4502
4873,4702 4267 4704 4269 4666 4438
4531,4464 4236 4474 4246 4303
4951,4899 4505 4900 4506 4764 4557
4890,4705 4270 4706 4499 4683 4455
4952,4899 4505 4901 4507 4765 4558
4939,4898 4504 4904 4510 4752 4545
4738,4691 4256 4701 4266 4531 4303
4953,4899 4505 4902 4280 4766 4331
4982,4901 4507 4902 4280 4795 4360
4893,4706 4499 4686
5121,5085 4523 5088 4298 4953 4331
4874,4702 4267 4705 4270 4667 4439
4596,4468 4240 4477 4249 4368
4803,4695 4260 4704 4269 4596 4368
4821,4697 4490 4614
5048,5049
5049,4906 4284
4906,4896 4502 4719 4284
5008,4903 4509 4821 4614
5118,5085 4523 4950 4556
4924,4897 4503 4906 4284 4737 4302
4993,4994
4994,4901 4507
5006,5007
4901,4896 4502 4714 4507
5007,4902 4280
4902,4896 4502 4715 4280
5041,4906 4284 4854 4419
4986,4901 4507 4906 4284 4799 4364
4722,4690 4483 4703 4268 4515 4287
4969,4900 4506 4903 4509 4782 4575
4984,4901 4507 4904 4510 4797 4590
4928,4897 4503 4910 4516 4741 4306
4999,4902 4280 4906 4284 4812 4377
5167,5088 4298 5092 4302 4999 4377
5216,5217
5217,5092 4302
4934,4898 4504 4899 4505 4747 4540
5092,5083 4521 4924 4302
5242,5243
5243,5096 4306
5096,5083 4521 4928 4306
5109,5084 4522 5092 4302 4941 4319
5366,5367
5367,5259 4319
5259,5251 4539 5109 4319
5209,5092 4302 5041 4419
5359,5259 4319 5209 4419
4919,4897 4503 4901 4507 4732 4525
4979,4980
4980,4900 4506
4900,4896 4502 4713 4506
4856,4700 4265 4702 4267 4649 4421
4966,4900 4506 4779 4572
4755,4692 4485 4701 4266 4548 4320
4864,4701 4266 4702 4267 4657 4429
4851,4699 4492 4706 4499 4644
4981,4901 4507 4794 4587
4946,4898 4504 4911 4289 4759 4324
5104,5084 4522 5087 4525 4936 4542
5311,5312
5312,5254 4542
5254,5251 4539 5104 4542
5102,5084 4522 5085 4523 4934 4540
4995,4902 4280 4808 4373
4921,4897 4503 4903 4509 4734 4527
4970,4900 4506 4904 4510 4783 4576
4954,4899 4505 4903 4509 4767 4560
5029,5030
5030,4904 4510
4904,4896 4502 4717 4510
4967,4900 4506 4901 4507 4780 4573
5161,5162
5162,5087 4525
5087,5083 4521 4919 4525
4847,4699 4492 4702 4267 4640 4412
4740,4691 4256 4703 4268 4533 4305
5282,5283
5283,5252 4540
5252,5251 4539 5102 4540
4830,4697 4490 4706 4499 4623
4997,4902 4280 4904 4510 4810 4375
5022,4904 4510 4906 4284 4835 4400
4781,4694 4487 4696 4261 4574 4346
4926,4897 4503 4908 4514 4739 4532
4955,4899 4505 4904 4510 4768 4561
4918,4897 4503 4900 4506 4731 4524
4923,4897 4503 4905 4511 4736 4529
4925,4897 4503 4907 4285 4738 4303
4940,4898 4504 4905 4511 4753 4546
4956,4899 4505 4905 4511 4769 4562
5149,5087 4525 4981 4587
4871,4702 4267 4664 4436
5120,5085 4523 5087 4525 4952 4558
4983,4901 4507 4903 4509 4796 4589
4922,4897 4503 4904 4510 4735 4528
4988,4901 4507 4908 4514 4801 4594
4929,4897 4503 4911 4289 4742 4307
4972,4900 4506 4906 4284 4785 4350
5013,4903 4509 4908 4514 4826 4619
5078,5079
5079,4911 4289
4911,4896 4502 4724 4289
4959,4899 4505 4908 4514 4772 4565
5004,4902 4280 4911 4289 4817 4382
4788,4694 4487 4703 4268 4581 4353
5163,5088 4298 4995 4373
5074,5075
5075,4910 4516
4973,4900 4506 4907 4285 4786 4351
4910,4896 4502 4723 4516
5076,4911 4289 4889 4454
4945,4898 4504 4910 4516 4758 4323
4760,4692 4485 4706 4499 4553
4996,4902 4280 4903 4509 4809 4374
4998,4902 4280 4905 4511 4811 4376
4985,4901 4507 4905 4511 4798 4591
5000,4902 4280 4907 4285 4813 4378
4802,4695 4260 4703 4268 4595 4367
5154,5087 4525 5092 4302 4986 4364
5063,5064
5064,4908 4514
4908,4896 4502 4721 4514
5043,4906 4284 4908 4514 4856 4421
4987,4901 4507 4907 4285 4800 4365
4838,4698 4263 4703 4268 4631 4403
4875,4702 4267 4706 4499 4668 4440
5021,4904 4510 4905 4511 4834 4627
4886,4704 4269 4706 4499 4679 4451
5011,4903 4509 4906 4284 4824 4389
4990,4901 4507 4910 4516 4803 4368
5012,4903 4509 4907 4285 4825 4390
5042,4906 4284 4907 4285 4855 4420
5023,4904 4510 4907 4285 4836 4401
5032,4905 4511 4906 4284 4845 4410
5071,4910 4516 4884 4449
4991,4901 4507 4911 4289 4804 4369
4882,4883
4872,4702 4267 4703 4268 4665 4437
4883,4703 4268
4703,4689 4482 4496 4268
5024,4904 4510 4908 4514 4837 4630
4865,4701 4266 4703 4268 4658 4430
5056,5057
5057,4907 4285
5003,4902 4280 4910 4516 4816 4381
4907,4896 4502 4720 4285
5051,4907 4285 4908 4514 4864 4429
5304,5254 4542 5259 4319 5154 4364
5039,5040
5040,4905 4511
4905,4896 4502 4718 4511
5069,5070
5070,4909 4515
4909,4896 4502 4722 4515
4989,4901 4507 4909 4515 4802 4595
5050,4907 4285 4863 4428
5046,4906 4284 4911 4289 4859 4424
5034,4905 4511 4908 4514 4847 4640
5031,4905 4511 4844 4637
5151,5087 4525 5089 4527 4983 4589
5122,5085 4523 5089 4527 4954 4560
5025,4904 4510 4909 4515 4838 4631
5037,4905 4511 4911 4289 4850 4415
5171,5088 4298 5096 4306 5003 4381
5299,5254 4542 5149 4587
4848,4699 4492 4703 4268 4641 4413
5059,4908 4514 4909 4515 4872 4665
5036,4905 4511 4910 4516 4849 4414
4927,4897 4503 4909 4515 4740 4533
5052,4907 4285 4909 4515 4865 4430
4975,4900 4506 4909 4515 4788 4581
5268,5252 4540 5118 4556
4880,4703 4268 4705 4270 4673 4445
5054,4907 4285 4911 4289 4867 4432
5033,4905 4511 4907 4285 4846 4411
4881,4703 4268 4706 4499 4674
4878,4703 4268 4671 4443
5061,4908 4514 4911 4289 4874 4439
5239,5096 4306 5071 4449
5158,5087 4525 5096 4306 4990 4368
5067,4909 4515 4911 4289 4880 4445
5415,5416
5416,5401 4556
5401,5268 4556
5065,4909 4515 4878 4443
4879,4703 4268 4704 4269 4672 4444
5035,4905 4511 4909 4515 4848 4641
5072,4910 4516 4911 4289 4885 4450
4968,4900 4506 4902 4280 4781 4346
5123,5085 4523 5090 4528 4955 4561
5107,5084 4522 5090 4528 4939 4545
5053,4907 4285 4910 4516 4866 4431
5066,4909 4515 4910 4516 4879 4444
5197,5198
5106,5084 4522 5089 4527 4938 4544
5198,5090 4528
5152,5087 4525 5090 4528 4984 4590
5090,5083 4521 4922 4528
5165,5088 4298 5090 4528 4997 4375
5190,5090 4528 5092 4302 5022 4400
5157,5087 4525 5095 4533 4989 4595
5193,5090 4528 5095 4533 5025 4631
5127,5085 4523 5094 4532 4959 4565
5233,5095 4533 5065 4443
5237,5238
5238,5095 4533
5095,5083 4521 4927 4533
5156,5087 4525 5094 4532 4988 4594
5336,5337
5234,5095 4533 5096 4306 5066 4444
5337,5256 4544
5256,5251 4539 5106 4544
5270,5252 4540 5254 4542 5120 4558
5231,5232
5232,5094 4532
5094,5083 4521 4926 4532
5347,5348
5348,5257 4545
5257,5251 4539 5107 4545
5272,5252 4540 5256 4544 5122 4560
5273,5252 4540 5257 4545 5123 4561
5302,5254 4542 5257 4545 5152 4590
5192,5090 4528 5094 4532 5024 4630
5211,5092 4302 5094 4532 5043 4421
5340,5257 4545 5259 4319 5190 4400
5227,5094 4532 5095 4533 5059 4665
5301,5254 4542 5256 4544 5151 4589
5469,5470
5470,5405 4560
5405,5401 4556 5272 4560
5480,5481
5481,5406 4561
5406,5401 4556 5273 4561
5114,5084 4522 5097 4307 4946 4324
5159,5087 4525 5097 4307 4991 4369
5214,5092 4302 5097 4307 5046 4424
5229,5094 4532 5097 4307 5061 4439
5235,5095 4533 5097 4307 5067 4445
5444,5445
5246,5247
5445,5403 4558
5247,5097 4307
5403,5401 4556 5270 4558
5434,5403 4558 5405 4560 5301 4589
5097,5083 4521 4929 4307
5240,5096 4306 5097 4307 5072 4450
5244,5097 4307 5076 4454
5435,5403 4558 5406 4561 5302 4590
5396,5397
5397,5264 4324
5264,5251 4539 5114 4324
5432,5403 4558 5299 4587
5364,5259 4319 5264 4324 5214 4424
5394,5264 4324 5244 4454
5172,5088 4298 5097 4307 5004 4382
5309,5254 4542 5264 4324 5159 4369
5105,5084 4522 5088 4298 4937 4315
5186,5187
5187,5089 4527
5089,5083 4521 4921 4527
5164,5088 4298 5089 4527 4996 4374
4757,4692 4485 4703 4268 4550 4322
5060,4908 4514 4910 4516 4873 4438
4957,4899 4505 4906 4284 4770 4335
5020,4904 4510 4833 4626
4943,4898 4504 4908 4514 4756 4549
4857,4700 4265 4703 4268 4650 4422
5150,5087 4525 5088 4298 4982 4360
5324,5325
5325,5255 4315
5255,5251 4539 5105 4315
4942,4898 4504 4907 4285 4755 4320
4974,4900 4506 4908 4514 4787 4580
4827,4697 4490 4703 4268 4620 4392
5045,4906 4284 4910 4516 4858 4423
4773,4693 4486 4703 4268 4566 4338
5125,5085 4523 5092 4302 4957 4335
5009,4903 4509 4904 4510 4822 4615
5271,5252 4540 5255 4315 5121 4331
5176,5089 4527 5008 4614
5179,5089 4527 5092 4302 5011 4389
4976,4900 4506 4910 4516 4789 4354
4977,4900 4506 4911 4289 4790 4355
5181,5089 4527 5094 4532 5013 4619
5315,5255 4315 5257 4545 5165 4375
4944,4898 4504 4909 4515 4757 4550
5300,5254 4542 5255 4315 5150 4360
5313,5255 4315 5163 4373
4815,4696 4261 4703 4268 4608 4380
4960,4899 4505 4909 4515 4773 4566
5014,4903 4509 4909 4515 4827 4620
5103,5084 4522 5086 4524 4935 4541
5433,5403 4558 5404 4331 5300 4360
5128,5085 4523 5095 4533 4960 4566
5134,5086 4524 4966 4572
5329,5256 4544 5259 4319 5179 4389
5001,4902 4280 4908 4514 4814 4379
5182,5089 4527 5095 4533 5014 4620
5297,5298
5298,5253 4541
5253,5251 4539 5103 4541
5140,5086 4524 5092 4302 4972 4350
5135,5086 4524 5087 4525 4967 4573
5169,5088 4298 5094 4532 5001 4379
5290,5253 4541 5259 4319 5140 4350
5284,5253 4541 5134 4572
5015,4903 4509 4910 4516 4828 4393
5136,5086 4524 5088 4298 4968 4346
5183,5089 4527 5096 4306 5015 4393
5285,5253 4541 5254 4542 5135 4573
5286,5253 4541 5255 4315 5136 4346
5016,4903 4509 4911 4289 4829 4394
5184,5089 4527 5097 4307 5016 4394
5334,5256 4544 5264 4324 5184 4394
5058,4908 4514 4871 4664
4961,4899 4505 4910 4516 4774 4339
5188,5090 4528 5020 4626
5275,5252 4540 5259 4319 5125 4335
4930,4897 4503 4912 4518 4743 4536
5112,5084 4522 5095 4533 4944 4550
5010,4903 4509 4905 4511 4823 4616
5111,5084 4522 5094 4532 4943 4549
5113,5084 4522 5096 4306 4945 4323
5457,5458
5314,5255 4315 5256 4544 5164 4374
4962,4899 4505 4911 4289 4775 4340
5458,5404 4331
5119,5085 4523 5086 4524 4951 4557
5044,4906 4284 4909 4515 4857 4422
5404,5401 4556 5271 4331
5177,5089 4527 5090 4528 5009 4615
5147,5148
5148,5086 4524
5086,5083 4521 4918 4524
5138,5086 4524 5090 4528 4970 4576
5137,5086 4524 5089 4527 4969 4575
5446,5404 4331 5313 4373
5326,5256 4544 5176 4614
5228,5094 4532 5096 4306 5060 4438
5317,5255 4315 5259 4319 5167 4377
5143,5086 4524 5095 4533 4975 4581
5002,4902 4280 4909 4515 4815 4380
4992,4901 4507 4912 4518 4805 4598
5338,5257 4545 5188 4626
5322,5255 4315 5264 4324 5172 4382
5269,5252 4540 5253 4541 5119 4557
5144,5086 4524 5096 4306 4976 4354
5392,5393
5393,5263 4323
5447,5404 4331 5405 4560 5314 4374
5263,5251 4539 5113 4323
5277,5252 4540 5261 4549 5127 4565
4978,4900 4506 4912 4518 4791 4584
5306,5254 4542 5261 4549 5156 4594
5226,5094 4532 5058 4664
5017,4903 4509 4912 4518 4830 4623
5308,5254 4542 5263 4323 5158 4368
5327,5256 4544 5257 4545 5177 4615
5381,5382
5382,5261 4549
5261,5251 4539 5111 4549
5170,5088 4298 5095 4533 5002 4380
5459,5405 4560 5326 4614
5342,5257 4545 5261 4549 5192 4630
4963,4899 4505 4912 4518 4776 4569
5448,5404 4331 5406 4561 5315 4375
5005,4902 4280 4912 4518 4818 4383
5081,5082
5082,4912 4518
4912,4896 4502 4725 4518
5028,4904 4510 4912 4518 4841 4634
5378,5261 4549 5263 4323 5228 4438
5130,5085 4523 5097 4307 4962 4340
5471,5406 4561 5338 4626
5213,5092 4302 5096 4306 5045 4423
5332,5256 4544 5262 4550 5182 4620
5038,4905 4511 4912 4518 4851 4644
5320,5255 4315 5262 4550 5170 4380
5319,5255 4315 5261 4549 5169 4379
5073,4910 4516 4912 4518 4886 4451
5080,4912 4518 4893 4686
5387,5388
5388,5262 4550
5262,5251 4539 5112 4550
5343,5257 4545 5262 4550 5193 4631
5077,4911 4289 4912 4518 4890 4455
5376,5261 4549 5226 4664
5363,5259 4319 5263 4323 5213 4423
5384,5262 4550 5263 4323 5234 4444
5145,5086 4524 5097 4307 4977 4355
5068,4909 4515 4912 4518 4881 4674
5377,5261 4549 5262 4550 5227 4665
5287,5253 4541 5256 4544 5137 4575
5124,5085 4523 5091 4529 4956 4562
5379,5261 4549 5264 4324 5229 4439
5288,5253 4541 5257 4545 5138 4576
5385,5262 4550 5264 4324 5235 4445
5295,5253 4541 5264 4324 5145 4355
5321,5255 4315 5263 4323 5171 4381
5389,5263 4323 5239 4449
5047,4906 4284 4912 4518 4860 4425
5108,5084 4522 5091 4529 4940 4546
5278,5252 4540 5262 4550 5128 4566
5383,5262 4550 5233 4443
5293,5253 4541 5262 4550 5143 4581
5460,5405 4560 5406 4561 5327 4615
5307,5254 4542 5262 4550 5157 4595
5514,5515
5515,5410 4565
5331,5256 4544 5261 4549 5181 4619
5410,5401 4556 5277 4565
5280,5252 4540 5264 4324 5130 4340
5499,5500
5500,5408 4335
5408,5401 4556 5275 4335
5200,5091 4529 5092 4302 5032 4410
5430,5431
5431,5402 4557
5402,5401 4556 5269 4557
5207,5208
5208,5091 4529
5091,5083 4521 4923 4529
5199,5091 4529 5031 4637
5509,5410 4565 5376 4664
5452,5404 4331 5410 4565 5319 4379
5417,5402 4557 5284 4572
5333,5256 4544 5263 4323 5183 4393
5418,5402 4557 5403 4558 5285 4573
5166,5088 4298 5091 4529 4998 4376
5202,5091 4529 5094 4532 5034 4640
5153,5087 4525 5091 4529 4985 4591
5420,5402 4557 5405 4560 5287 4575
5492,5408 4335 5359 4419
5146,5086 4524 5098 4536 4978 4584
5212,5092 4302 5095 4533 5044 4422
5131,5085 4523 5098 4536 4963 4569
5547,5548
5548,5534 4572
5534,5417 4572
5173,5088 4298 5098 4536 5005 4383
5294,5253 4541 5263 4323 5144 4354
5423,5402 4557 5408 4335 5290 4350
5205,5091 4529 5097 4307 5037 4415
5110,5084 4522 5093 4303 4942 4320
5168,5088 4298 5093 4303 5000 4378
5180,5089 4527 5093 4303 5012 4390
5362,5259 4319 5262 4550 5212 4422
5206,5091 4529 5098 4536 5038 4644
5062,4908 4514 4912 4518 4875 4668
5160,5087 4525 5098 4536 4992 4598
5236,5095 4533 5098 4536 5068 4674
5230,5094 4532 5098 4536 5062 4668
5141,5086 4524 5093 4303 4973 4351
5189,5090 4528 5091 4529 5021 4627
5450,5404 4331 5408 4335 5317 4377
5473,5406 4561 5408 4335 5340 4400
5419,5402 4557 5404 4331 5286 4346
5204,5091 4529 5096 4306 5036 4414
5462,5405 4560 5408 4335 5329 4389
5475,5406 4561 5410 4565 5342 4630
5339,5257 4545 5258 4546 5189 4627
5574,5575
5575,5536 4346
5536,5534 4572 5419 4346
5564,5536 4346 5537 4575 5447 4374
5563,5536 4346 5446 4373
5567,5536 4346 5540 4350 5450 4377
5616,5617
5361,5259 4319 5261 4549 5211 4421
5617,5540 4350
5540,5534 4572 5423 4350
5586,5587
5587,5537 4575
5537,5534 4572 5420 4575
5357,5358
5358,5258 4546
5258,5251 4539 5108 4546
5303,5254 4542 5258 4546 5153 4591
5529,5530
5530,5413 4340
5413,5401 4556 5280 4340
5055,4907 4285 4912 4518 4868 4433
5579,5537 4575 5540 4350 5462 4389
5455,5404 4331 5413 4340 5322 4382
5374,5375
5375,5260 4320
5512,5410 4565 5413 4340 5379 4439
5260,5251 4539 5110 4320
5354,5258 4546 5263 4323 5204 4414
5497,5408 4335 5413 4340 5364 4424
5390,5263 4323 5264 4324 5240 4450
5316,5255 4315 5258 4546 5166 4376
5426,5402 4557 5411 4566 5293 4581
5637,5638
5638,5543 4581
5543,5534 4572 5426 4581
5215,5092 4302 5098 4536 5047 4425
5453,5404 4331 5411 4566 5320 4380
5465,5405 4560 5411 4566 5332 4620
5570,5536 4346 5543 4581 5453 4380
5582,5537 4575 5543 4581 5465 4620
5274,5252 4540 5258 4546 5124 4562
5421,5402 4557 5406 4561 5288 4576
5249,5250
5250,5098 4536
5098,5083 4521 4930 4536
5561,5562
5562,5535 4573
5535,5534 4572 5418 4573
5349,5258 4546 5199 4637
5520,5521
5521,5411 4566
5411,5401 4556 5278 4566
5291,5253 4541 5260 4320 5141 4351
5196,5090 4528 5098 4536 5028 4634
5155,5087 4525 5093 4303 4987 4365
5527,5413 4340 5394 4454
5203,5091 4529 5095 4533 5035 4641
5318,5255 4315 5260 4320 5168 4378
5440,5403 4558 5411 4566 5307 4595
5330,5256 4544 5260 4320 5180 4390
5490,5491
5491,5407 4562
5407,5401 4556 5274 4562
5185,5089 4527 5098 4536 5017 4623
4947,4898 4504 4912 4518 4760 4553
5224,5225
5225,5093 4303
5350,5258 4546 5259 4319 5200 4410
5093,5083 4521 4925 4303
5305,5254 4542 5260 4320 5155 4365
5476,5406 4561 5411 4566 5343 4631
5248,5098 4536 5080 4686
5352,5258 4546 5261 4549 5202 4640
5428,5402 4557 5413 4340 5295 4355
5464,5405 4560 5410 4565 5331 4619
5516,5411 4566 5383 4443
5222,5093 4303 5097 4307 5054 4432
5221,5093 4303 5096 4306 5053 4431
5551,5535 4573 5537 4575 5434 4589
5219,5093 4303 5094 4532 5051 4429
5633,5543 4581 5516 4443
5223,5093 4303 5098 4536 5055 4433
5485,5407 4562 5410 4565 5352 4640
4971,4900 4506 4905 4511 4784 4577
5210,5092 4302 5093 4303 5042 4420
5220,5093 4303 5095 4533 5052 4430
5565,5536 4346 5538 4576 5448 4375
5577,5537 4575 5538 4576 5460 4615
5482,5407 4562 5349 4637
5369,5260 4320 5261 4549 5219 4429
5646,5647
5647,5545 4355
5545,5534 4572 5428 4355
5371,5260 4320 5263 4323 5221 4431
5139,5086 4524 5091 4529 4971 4577
5467,5405 4560 5413 4340 5334 4394
5552,5535 4573 5538 4576 5435 4590
5360,5259 4319 5260 4320 5210 4420
5483,5407 4562 5408 4335 5350 4410
5644,5545 4355 5527 4454
5572,5536 4346 5545 4355 5455 4382
5614,5540 4350 5545 4355 5497 4424
5370,5260 4320 5262 4550 5220 4430
5472,5406 4561 5407 4562 5339 4627
4958,4899 4505 4907 4285 4771 4336
5355,5258 4546 5264 4324 5205 4415
5289,5253 4541 5258 4546 5139 4577
5126,5085 4523 5093 4303 4958 4336
5372,5260 4320 5264 4324 5222 4432
5584,5537 4575 5545 4355 5467 4394
5488,5407 4562 5413 4340 5355 4415
5422,5402 4557 5407 4562 5289 4577
5276,5252 4540 5260 4320 5126 4336
5353,5258 4546 5262 4550 5203 4641
5026,4904 4510 4910 4516 4839 4404
5194,5090 4528 5096 4306 5026 4404
5486,5407 4562 5411 4566 5353 4641
5557,5535 4573 5543 4581 5440 4595
5027,4904 4510 4911 4289 4840 4405
5607,5608
5608,5539 4577
5539,5534 4572 5422 4577
5438,5403 4558 5409 4336 5305 4365
5600,5539 4577 5540 4350 5483 4410
5463,5405 4560 5409 4336 5330 4390
5599,5539 4577 5482 4637
5603,5539 4577 5543 4581 5486 4641
5507,5508
5605,5539 4577 5545 4355 5488 4415
5508,5409 4336
5502,5409 4336 5410 4565 5369 4429
5409,5401 4556 5276 4336
5503,5409 4336 5411 4566 5370 4430
5195,5090 4528 5097 4307 5027 4405
5505,5409 4336 5413 4340 5372 4432
5424,5402 4557 5409 4336 5291 4351
5345,5257 4545 5264 4324 5195 4405
5451,5404 4331 5409 4336 5318 4378
5344,5257 4545 5263 4323 5194 4404
5478,5406 4561 5413 4340 5345 4405
5493,5408 4335 5409 4336 5360 4420
5568,5536 4346 5541 4351 5451 4378
5580,5537 4575 5541 4351 5463 4390
5610,5540 4350 5541 4351 5493 4420
5624,5625
5625,5541 4351
5541,5534 4572 5424 4351
5620,5541 4351 5543 4581 5503 4430
5555,5535 4573 5541 4351 5438 4365
5622,5541 4351 5545 4355 5505 4432
5115,5084 4522 5098 4536 4947 4553
5296,5253 4541 5265 4553 5146 4584
5323,5255 4315 5265 4553 5173 4383
5281,5252 4540 5265 4553 5131 4569
5335,5256 4544 5265 4553 5185 4623
5310,5254 4542 5265 4553 5160 4598
5346,5257 4545 5265 4553 5196 4634
5373,5260 4320 5265 4553 5223 4433
5356,5258 4546 5265 4553 5206 4644
5380,5261 4549 5265 4553 5230 4668
5399,5400
5400,5265 4553
5386,5262 4550 5265 4553 5236 4674
5265,5251 4539 5115 4553
5398,5265 4553 5248 4686
5443,5403 4558 5414 4569 5310 4598
5456,5404 4331 5414 4569 5323 4383
5468,5405 4560 5414 4569 5335 4623
5479,5406 4561 5414 4569 5346 4634
5489,5407 4562 5414 4569 5356 4644
5506,5409 4336 5414 4569 5373 4433
5513,5410 4565 5414 4569 5380 4668
5519,5411 4566 5414 4569 5386 4674
5532,5533
5533,5414 4569
5414,5401 4556 5281 4569
5531,5414 4569 5398 4686
5365,5259 4319 5265 4553 5215 4425
5429,5402 4557 5414 4569 5296 4584
5498,5408 4335 5414 4569 5365 4425
5573,5536 4346 5546 4584 5456 4383
5585,5537 4575 5546 4584 5468 4623
5606,5539 4577 5546 4584 5489 4644
5615,5540 4350 5546 4584 5498 4425
5623,5541 4351 5546 4584 5506 4433
5649,5650
5650,5546 4584
5546,5534 4572 5429 4584
5636,5543 4581 5546 4584 5519 4674
5648,5546 4584 5531 4686
5560,5535 4573 5546 4584 5443 4598
5549,5535 4573 5432 4587
5142,5086 4524 5094 4532 4974 4580
5178,5089 4527 5091 4529 5010 4616
5576,5537 4575 5459 4614
5597,5598
5598,5538 4576
5538,5534 4572 5421 4576
5129,5085 4523 5096 4306 4961 4339
5437,5403 4558 5408 4335 5304 4364
5550,5535 4573 5536 4346 5433 4360
5609,5540 4350 5492 4419
5201,5091 4529 5093 4303 5033 4411
5510,5410 4565 5411 4566 5377 4665
5245,5097 4307 5098 4536 5077 4455
5495,5408 4335 5411 4566 5362 4422
5439,5403 4558 5410 4565 5306 4594
5395,5264 4324 5265 4553 5245 4455
5191,5090 4528 5093 4303 5023 4401
5612,5540 4350 5543 4581 5495 4422
5528,5413 4340 5414 4569 5395 4455
5645,5545 4355 5546 4584 5528 4455
5442,5403 4558 5413 4340 5309 4369
5559,5535 4573 5545 4355 5442 4369
5494,5408 4335 5410 4565 5361 4421
5241,5096 4306 5098 4536 5073 4451
5391,5263 4323 5265 4553 5241 4451
5449,5404 4331 5407 4562 5316 4376
5218,5093 4303 5050 4428
5368,5260 4320 5218 4428
5351,5258 4546 5260 4320 5201 4411
5341,5257 4545 5260 4320 5191 4401
5589,5538 4576 5539 4577 5472 4627
5593,5538 4576 5543 4581 5476 4631
5566,5536 4346 5539 4577 5449 4376
5474,5406 4561 5409 4336 5341 4401
5501,5409 4336 5368 4428
5484,5407 4562 5409 4336 5351 4411
5699,5700
5591,5538 4576 5541 4351 5474 4401
5700,5654 4590
5654,5651 4587 5552 4590
5601,5539 4577 5541 4351 5484 4411
5618,5541 4351 5501 4428
5595,5538 4576 5545 4355 5478 4405
5596,5538 4576 5546 4584 5479 4634
5279,5252 4540 5263 4323 5129 4339
5676,5677
5677,5652 4360
5652,5651 4587 5550 4360
5554,5535 4573 5540 4350 5437 4364
5436,5403 4558 5407 4562 5303 4591
5665,5652 4360 5563 4373
5590,5538 4576 5540 4350 5473 4400
5663,5664
5664,5651 4587
5651,5549 4587
5518,5411 4566 5413 4340 5385 4445
5588,5538 4576 5471 4626
5739,5740
5740,5659 4595
5659,5651 4587 5557 4595
5667,5652 4360 5654 4590 5565 4375
5441,5403 4558 5412 4339 5308 4368
5690,5654 4590 5588 4626
5764,5765
5765,5753 4373
5753,5665 4373
5427,5402 4557 5412 4339 5294 4354
5748,5749
5749,5661 4369
5661,5651 4587 5559 4369
5735,5659 4595 5633 4443
5635,5543 4581 5545 4355 5518 4445
5292,5253 4541 5261 4549 5142 4580
5454,5404 4331 5412 4339 5321 4381
5487,5407 4562 5412 4339 5354 4414
5718,5719
5719,5656 4364
5656,5651 4587 5554 4364
5477,5406 4561 5412 4339 5344 4404
5692,5654 4590 5656 4364 5590 4400
5695,5654 4590 5659 4595 5593 4631
5496,5408 4335 5412 4339 5363 4423
5669,5652 4360 5656 4364 5567 4377
5504,5409 4336 5412 4339 5371 4431
5787,5788
5788,5755 4375
5755,5753 4373 5667 4375
5328,5256 4544 5258 4546 5178 4616
5806,5807
5807,5757 4377
5757,5753 4373 5669 4377
5711,5656 4364 5609 4419
5780,5755 4375 5757 4377 5692 4400
5799,5757 4377 5711 4419
5558,5535 4573 5544 4354 5441 4368
5571,5536 4346 5544 4354 5454 4381
5594,5538 4576 5544 4354 5477 4404
5642,5643
5613,5540 4350 5544 4354 5496 4423
5643,5544 4354
5544,5534 4572 5427 4354
5621,5541 4351 5544 4354 5504 4431
5746,5661 4369 5644 4454
5744,5745
5745,5660 4368
5660,5651 4587 5558 4368
5696,5654 4590 5660 4368 5594 4404
5715,5656 4364 5660 4368 5613 4423
5604,5539 4577 5544 4354 5487 4414
5673,5652 4360 5660 4368 5571 4381
5832,5833
5833,5761 4381
5761,5753 4373 5673 4381
5784,5755 4375 5761 4381 5696 4404
5803,5757 4377 5761 4381 5715 4423
5672,5652 4360 5659 4595 5570 4380
5674,5652 4360 5661 4369 5572 4382
5525,5526
5697,5654 4590 5661 4369 5595 4405
5526,5412 4339
5412,5401 4556 5279 4339
5466,5405 4560 5412 4339 5333 4393
5778,5755 4375 5690 4626
5714,5656 4364 5659 4595 5612 4422
5517,5411 4566 5412 4339 5384 4444
5461,5405 4560 5407 4562 5328 4616
5716,5656 4364 5661 4369 5614 4424
5634,5543 4581 5544 4354 5517 4444
5737,5659 4595 5661 4369 5635 4445
5736,5659 4595 5660 4368 5634 4444
5666,5652 4360 5653 4589 5564 4374
5522,5412 4339 5389 4449
5425,5402 4557 5410 4565 5292 4580
5578,5537 4575 5539 4577 5461 4616
5751,5752
5752,5662 4598
5662,5651 4587 5560 4598
5678,5653 4589 5576 4614
5511,5410 4565 5412 4339 5378 4438
5688,5689
5689,5653 4589
5653,5651 4587 5551 4589
5524,5412 4339 5414 4569 5391 4451
5726,5727
5727,5657 4365
5657,5651 4587 5555 4365
5712,5656 4364 5657 4365 5610 4420
5583,5537 4575 5544 4354 5466 4393
5722,5657 4365 5659 4595 5620 4430
5641,5544 4354 5546 4584 5524 4451
5523,5412 4339 5413 4340 5390 4450
5720,5657 4365 5618 4428
5685,5653 4589 5660 4368 5583 4393
5687,5653 4589 5662 4598 5585 4623
5723,5657 4365 5660 4368 5621 4431
5640,5544 4354 5545 4355 5523 4450
5717,5656 4364 5662 4598 5615 4425
5553,5535 4573 5539 4577 5436 4591
5724,5657 4365 5661 4369 5622 4432
5743,5660 4368 5662 4598 5641 4451
5738,5659 4595 5662 4598 5636 4674
5742,5660 4368 5661 4369 5640 4450
5668,5652 4360 5655 4591 5566 4376
5680,5653 4589 5655 4591 5578 4616
5701,5655 4591 5599 4637
5702,5655 4591 5656 4364 5600 4410
5705,5655 4591 5659 4595 5603 4641
5709,5710
5710,5655 4591
5797,5798
5655,5651 4587 5553 4591
5798,5756 4376
5756,5753 4373 5668 4376
5789,5756 4376 5701 4637
5790,5756 4376 5757 4377 5702 4410
5707,5655 4591 5661 4369 5605 4415
5691,5654 4590 5655 4591 5589 4627
5703,5655 4591 5657 4365 5601 4411
5779,5755 4375 5756 4376 5691 4627
5706,5655 4591 5660 4368 5604 4414
5708,5655 4591 5662 4598 5606 4644
5794,5756 4376 5761 4381 5706 4414
5675,5652 4360 5662 4598 5573 4383
5681,5653 4589 5656 4364 5579 4389
5684,5653 4589 5659 4595 5582 4620
5747,5661 4369 5662 4598 5645 4455
5679,5653 4589 5654 4590 5577 4615
5750,5662 4598 5648 4686
5766,5754 4374 5678 4614
5793,5756 4376 5760 4380 5705 4641
5823,5760 4380 5735 4443
5682,5653 4589 5657 4365 5580 4390
5768,5754 4374 5756 4376 5680 4616
5693,5654 4590 5657 4365 5591 4401
5802,5757 4377 5760 4380 5714 4422
5686,5653 4589 5661 4369 5584 4394
5767,5754 4374 5755 4375 5679 4615
5698,5654 4590 5662 4598 5596 4634
5796,5756 4376 5763 4383 5708 4644
5725,5657 4365 5662 4598 5623 4433
5786,5755 4375 5763 4383 5698 4634
5805,5757 4377 5763 4383 5717 4425
5839,5840
5840,5763 4383
5763,5753 4373 5675 4383
5831,5761 4381 5763 4383 5743 4451
5838,5763 4383 5750 4686
5783,5755 4375 5760 4380 5695 4631
5769,5754 4374 5757 4377 5681 4389
5824,5760 4380 5761 4381 5736 4444
5827,5828
5828,5760 4380
5760,5753 4373 5672 4380
5826,5760 4380 5763 4383 5738 4674
5772,5754 4374 5760 4380 5684 4620
5795,5756 4376 5762 4382 5707 4415
5836,5837
5776,5777
5837,5762 4382
5777,5754 4374
5762,5753 4373 5674 4382
5754,5753 4373 5666 4374
5804,5757 4377 5762 4382 5716 4424
5825,5760 4380 5762 4382 5737 4445
5775,5754 4374 5763 4383 5687 4623
5835,5762 4382 5763 4383 5747 4455
5862,5863
5863,5842 4615
5842,5841 4614 5767 4615
5773,5754 4374 5761 4381 5685 4393
5830,5761 4381 5762 4382 5742 4450
5853,5842 4615 5778 4626
5785,5755 4375 5762 4382 5697 4405
5581,5537 4575 5542 4580 5464 4619
5602,5539 4577 5542 4580 5485 4640
5619,5541 4351 5542 4580 5502 4429
5569,5536 4346 5542 4580 5452 4379
5592,5538 4576 5542 4580 5475 4630
5611,5540 4350 5542 4580 5494 4421
5627,5542 4580 5543 4581 5510 4665
5628,5542 4580 5544 4354 5511 4438
5631,5632
5632,5542 4580
5542,5534 4572 5425 4580
5629,5542 4580 5545 4355 5512 4439
5872,5873
5873,5843 4616
5843,5841 4614 5768 4616
5630,5542 4580 5546 4584 5513 4668
5834,5762 4382 5746 4454
5864,5843 4616 5789 4637
5854,5842 4615 5843 4616 5779 4627
5774,5754 4374 5762 4382 5686 4394
5639,5544 4354 5522 4449
5741,5660 4368 5639 4449
5829,5761 4381 5741 4449
5670,5652 4360 5657 4365 5568 4378
5851,5852
5852,5841 4614
5841,5766 4614
5925,5926
5626,5542 4580 5509 4664
5926,5916 4626
5916,5853 4626
5881,5882
5882,5844 4389
5844,5841 4614 5769 4389
5902,5903
5903,5847 4620
5847,5841 4614 5772 4620
5935,5936
5936,5917 4627
5917,5916 4626 5854 4627
5814,5815
5815,5758 4378
5758,5753 4373 5670 4378
5874,5844 4389 5799 4419
5556,5535 4573 5542 4580 5439 4594
5770,5754 4374 5758 4378 5682 4390
5911,5912
5912,5849 4394
5849,5841 4614 5774 4394
5865,5843 4616 5844 4389 5790 4410
5899,5847 4620 5848 4393 5824 4444
5898,5847 4620 5823 4443
5868,5843 4616 5847 4620 5793 4641
5877,5844 4389 5847 4620 5802 4422
5808,5758 4378 5720 4428
5811,5758 4378 5761 4381 5723 4431
5812,5758 4378 5762 4382 5724 4432
5870,5843 4616 5849 4394 5795 4415
5914,5915
5915,5850 4623
5850,5841 4614 5775 4623
5800,5757 4377 5758 4378 5712 4420
5907,5908
5858,5842 4615 5847 4620 5783 4631
5908,5848 4393
5848,5841 4614 5773 4393
5910,5849 4394 5850 4623 5835 4455
5671,5652 4360 5658 4594 5569 4379
5860,5842 4615 5849 4394 5785 4405
5859,5842 4615 5848 4393 5784 4404
5855,5842 4615 5844 4389 5780 4400
5781,5755 4375 5758 4378 5693 4401
5901,5847 4620 5850 4623 5826 4674
5878,5844 4389 5848 4393 5803 4423
5683,5653 4589 5658 4594 5581 4619
5909,5849 4394 5834 4454
5913,5850 4623 5838 4686
5927,5917 4627 5864 4637
5728,5658 4594 5626 4664
5791,5756 4376 5758 4378 5703 4411
5821,5822
5822,5759 4379
5869,5843 4616 5848 4393 5794 4414
5759,5753 4373 5671 4379
5733,5734
5734,5658 4594
5658,5651 4587 5556 4594
5987,5988
5988,5979 4637
5979,5927 4637
5905,5848 4393 5849 4394 5830 4450
5713,5656 4364 5658 4594 5611 4421
5771,5754 4374 5759 4379 5683 4619
5816,5759 4379 5728 4664
5721,5657 4365 5658 4594 5619 4429
5861,5842 4615 5850 4623 5786 4634
5810,5758 4378 5760 4380 5722 4430
5731,5658 4594 5661 4369 5629 4439
5730,5658 4594 5660 4368 5628 4438
5729,5658 4594 5659 4595 5627 4665
5809,5758 4378 5759 4379 5721 4429
5813,5758 4378 5763 4383 5725 4433
5944,5945
5945,5918 4400
5918,5916 4626 5855 4400
5817,5759 4379 5760 4380 5729 4665
5819,5759 4379 5762 4382 5731 4439
5879,5844 4389 5849 4394 5804 4424
5866,5843 4616 5845 4390 5791 4411
5732,5658 4594 5662 4598 5630 4668
5940,5918 4400 5921 4631 5877 4422
5977,5978
5978,5924 4634
5924,5916 4626 5861 4634
5896,5897
5897,5846 4619
5875,5844 4389 5845 4390 5800 4420
5846,5841 4614 5771 4619
5892,5846 4619 5847 4620 5817 4665
5884,5845 4390 5846 4619 5809 4429
5883,5845 4390 5808 4428
5894,5846 4619 5849 4394 5819 4439
5937,5918 4400 5874 4419
5801,5757 4377 5759 4379 5713 4421
5820,5759 4379 5763 4383 5732 4668
5886,5845 4390 5848 4393 5811 4431
5891,5846 4619 5816 4664
5889,5890
5890,5845 4390
5845,5841 4614 5770 4390
5887,5845 4390 5849 4394 5812 4432
5976,5924 4634 5913 4686
5876,5844 4389 5846 4619 5801 4421
5895,5846 4619 5850 4623 5820 4668
5888,5845 4390 5850 4623 5813 4433
5904,5848 4393 5829 4449
5885,5845 4390 5847 4620 5810 4430
5880,5844 4389 5850 4623 5805 4425
5943,5918 4400 5924 4634 5880 4425
5900,5847 4620 5849 4394 5825 4445
5970,5971
5971,5922 4404
5922,5916 4626 5859 4404
5694,5654 4590 5658 4594 5592 4630
5974,5975
5975,5923 4405
5923,5916 4626 5860 4405
5972,5923 4405 5909 4454
5704,5655 4591 5658 4594 5602 4640
5973,5923 4405 5924 4634 5910 4455
5931,5917 4627 5921 4631 5868 4641
5871,5843 4616 5850 4623 5796 4644
5856,5842 4615 5845 4390 5781 4401
5932,5917 4627 5922 4404 5869 4414
5965,5966
5966,5921 4631
5921,5916 4626 5858 4631
6017,6018
6018,5983 4641
5983,5979 4637 5931 4641
5941,5918 4400 5922 4404 5878 4423
5967,5922 4404 5904 4449
5942,5918 4400 5923 4405 5879 4424
5782,5755 4375 5759 4379 5694 4630
5963,5921 4631 5923 4405 5900 4445
5792,5756 4376 5759 4379 5704 4640
5906,5848 4393 5850 4623 5831 4451
5857,5842 4615 5846 4619 5782 4630
6022,6023
6023,5984 4414
5984,5979 4637 5932 4414
5934,5917 4627 5924 4634 5871 4644
6019,5984 4414 5967 4449
5867,5843 4616 5846 4619 5792 4640
5969,5922 4404 5924 4634 5906 4451
5964,5921 4631 5924 4634 5901 4674
5930,5917 4627 5920 4630 5867 4640
6029,6030
6030,5986 4644
5986,5979 4637 5934 4644
5954,5920 4630 5891 4664
5959,5960
6016,5983 4641 5986 4644 5964 4674
5960,5920 4630
5920,5916 4626 5857 4630
5957,5920 4630 5923 4405 5894 4439
5958,5920 4630 5924 4634 5895 4668
6028,5986 4644 5976 4686
5939,5918 4400 5920 4630 5876 4421
5955,5920 4630 5921 4631 5892 4665
6011,6012
6012,5982 4640
5982,5979 4637 5930 4640
6007,5982 4640 5983 4641 5955 4665
6021,5984 4414 5986 4644 5969 4451
6010,5982 4640 5986 4644 5958 4668
6006,5982 4640 5954 4664
5961,5921 4631 5898 4443
6013,5983 4641 5961 4443
5928,5917 4627 5918 4400 5865 4410
5818,5759 4379 5761 4381 5730 4438
5962,5921 4631 5922 4404 5899 4444
5933,5917 4627 5923 4405 5870 4415
5996,5997
5997,5980 4410
5980,5979 4637 5928 4410
5968,5922 4404 5923 4405 5905 4450
5993,5980 4410 5984 4414 5941 4423
5994,5980 4410 5985 4415 5942 4424
6015,5983 4641 5985 4415 5963 4445
6020,5984 4414 5985 4415 5968 4450
6026,6027
6027,5985 4415
5985,5979 4637 5933 4415
6025,5985 4415 5986 4644 5973 4455
6014,5983 4641 5984 4414 5962 4444
6024,5985 4415 5972 4454
5989,5980 4410 5937 4419
5991,5980 4410 5982 4640 5939 4421
5893,5846 4619 5848 4393 5818 4438
5992,5980 4410 5983 4641 5940 4422
5995,5980 4410 5986 4644 5943 4425
5947,5919 4401 5920 4630 5884 4429
5946,5919 4401 5883 4428
5956,5920 4630 5922 4404 5893 4438
5948,5919 4401 5921 4631 5885 4430
5952,5953
6008,5982 4640 5984 4414 5956 4438
5953,5919 4401
5949,5919 4401 5922 4404 5886 4431
5919,5916 4626 5856 4401
5950,5919 4401 5923 4405 5887 4432
5951,5919 4401 5924 4634 5888 4433
5929,5917 4627 5919 4401 5866 4411
6009,5982 4640 5985 4415 5957 4439
5938,5918 4400 5919 4401 5875 4420
6064,6065
6065,6035 4423
6035,6031 4419 5993 4423
6061,6035 4423 6019 4449
6059,6060
6060,6034 4422
6034,6031 4419 5992 4422
6055,6034 4422 6013 4443
6038,6039
6039,6031 4419
6031,5989 4419
6056,6034 4422 6035 4423 6014 4444
5998,5981 4411 5946 4428
6048,6033 4421 6006 4664
6053,6054
6054,6033 4421
6033,6031 4419 5991 4421
6049,6033 4421 6034 4422 6007 4665
6050,6033 4421 6035 4423 6008 4438
6071,6072
6072,6037 4425
6037,6031 4419 5995 4425
5999,5981 4411 5982 4640 5947 4429
6004,6005
6005,5981 4411
5981,5979 4637 5929 4411
6070,6037 4425 6028 4686
6001,5981 4411 5984 4414 5949 4431
6002,5981 4411 5985 4415 5950 4432
6003,5981 4411 5986 4644 5951 4433
6052,6033 4421 6037 4425 6010 4668
5990,5980 4410 5981 4411 5938 4420
6041,6032 4420 6033 4421 5999 4429
6046,6047
6047,6032 4420
6043,6032 4420 6035 4423 6001 4431
6032,6031 4419 5990 4420
6044,6032 4420 6036 4424 6002 4432
6045,6032 4420 6037 4425 6003 4433
6040,6032 4420 5998 4428
6068,6069
6069,6036 4424
6036,6031 4419 5994 4424
6058,6034 4422 6037 4425 6016 4674
6067,6036 4424 6037 4425 6025 4455
6079,6080
6080,6073 4428
6073,6040 4428
6000,5981 4411 5983 4641 5948 4430
6051,6033 4421 6036 4424 6009 4439
6062,6035 4423 6036 4424 6020 4450
6063,6035 4423 6037 4425 6021 4451
6066,6036 4424 6024 4454
6097,6098
6098,6076 4431
6076,6073 4428 6043 4431
6086,6087
6087,6074 4429
6074,6073 4428 6041 4429
6042,6032 4420 6034 4422 6000 4430
6081,6074 4429 6048 4664
6083,6074 4429 6076 4431 6050 4438
6094,6076 4431 6061 4449
6111,6112
6112,6106 4664
6106,6081 4664
6092,6093
6093,6075 4430
6088,6075 4430 6055 4443
6075,6073 4428 6042 4430
6122,6123
6123,6108 4438
6108,6106 4664 6083 4438
6082,6074 4429 6075 4430 6049 4665
6119,6108 4438 6094 4449
6089,6075 4430 6076 4431 6056 4444
6117,6118
6118,6107 4665
6107,6106 4664 6082 4665
6113,6107 4665 6088 4443
6114,6107 4665 6108 4438 6089 4444
6135,6136
6136,6131 4443
6131,6113 4443
6057,6034 4422 6036 4424 6015 4445
6104,6105
6105,6078 4433
6078,6073 4428 6045 4433
6090,6075 4430 6077 4432 6057 4445
6091,6075 4430 6078 4433 6058 4674
6140,6141
6141,6132 4444
6132,6131 4443 6114 4444
6103,6078 4433 6070 4686
6137,6132 4444 6119 4449
6084,6074 4429 6077 4432 6051 4439
6101,6102
6102,6077 4432
6077,6073 4428 6044 4432
6085,6074 4429 6078 4433 6052 4668
6099,6077 4432 6066 4454
6095,6076 4431 6077 4432 6062 4450
6152,6153
6153,6149 4449
6149,6137 4449
6100,6077 4432 6078 4433 6067 4455
6129,6130
6130,6110 4668
6110,6106 4664 6085 4668
6126,6127
6127,6109 4439
6109,6106 4664 6084 4439
6096,6076 4431 6078 4433 6063 4451
6124,6109 4439 6099 4454
6115,6107 4665 6109 4439 6090 4445
6120,6108 4438 6109 4439 6095 4450
6121,6108 4438 6110 4668 6096 4451
6116,6107 4665 6110 4668 6091 4674
6125,6109 4439 6110 4668 6100 4455
6147,6148
6148,6134 4674
6134,6131 4443 6116 4674
6139,6132 4444 6134 4674 6121 4451
6159,6160
6160,6151 4451
6151,6149 4449 6139 4451
6144,6145
6145,6133 4445
6133,6131 4443 6115 4445
6128,6110 4668 6103 4686
6146,6134 4674 6128 4686
6158,6151 4451 6146 4686
6138,6132 4444 6133 4445 6120 4450
6143,6133 4445 6134 4674 6125 4455
6156,6157
6157,6150 4450
6150,6149 4449 6138 4450
6155,6150 4450 6151 4451 6143 4455
6142,6133 4445 6124 4454
6154,6150 4450 6142 4454
6163,6164
6164,6161 4454
6161,6154 4454
6166,6167
6167,6162 4455
6162,6161 4454 6155 4455
6165,6162 4455 6158 4686
6169,6170
6170,6168 4686
6168,6165 4686
6172,4211
6171,6172
6174,3831
6173,6174
6176,3851
6175,6176
6178,3871
6177,6178
6180,3891
6179,6180
6182,3911
6181,6182
6184,3931
6183,6184
6186,3951
6185,6186
6188,3971
6187,6188
6190,3991
6189,6190
6192,4011
6191,6192
6194,4031
6193,6194
6196,4051
6195,6196
6198,4071
6197,6198
6200,4091
6199,6200
6202,4111
6201,6202
6204,4131
6203,6204
6206,4151
6205,6206
6208,4171
6207,6208
6210,4191
6209,6210
6212,4212
6211,6212
6214,4461
6213,6214
6216,3852
6215,6216
6218,3872
6217,6218
6220,3892
6219,6220
6222,3912
6221,6222
6224,3932
6223,6224
6226,3952
6225,6226
6228,3972
6227,6228
6230,3992
6229,6230
6232,4012
6231,6232
6234,4032
6233,6234
6236,4052
6235,6236
6238,4072
6237,6238
6240,4092
6239,6240
6242,4112
6241,6242
6244,4132
6243,6244
6246,4152
6245,6246
6248,4172
6247,6248
6250,4192
6249,6250
6252,4213
6251,6252
6254,4462
6253,6254
6256,4689
6255,6256
6258,3873
6257,6258
6260,3893
6259,6260
6262,3913
6261,6262
6264,3933
6263,6264
6266,3953
6265,6266
6268,3973
6267,6268
6270,3993
6269,6270
6272,4013
6271,6272
6274,4033
6273,6274
6276,4053
6275,6276
6278,4073
6277,6278
6280,4093
6279,6280
6282,4113
6281,6282
6284,4133
6283,6284
6286,4153
6285,6286
6288,4173
6287,6288
6290,4193
6289,6290
6292,4214
6291,6292
6294,4463
6293,6294
6296,4690
6295,6296
6298,4896
6297,6298
6300,3894
6299,6300
6302,3914
6301,6302
6304,3934
6303,6304
6306,3954
6305,6306
6308,3974
6307,6308
6310,3994
6309,6310
6312,4014
6311,6312
6314,4034
6313,6314
6316,4054
6315,6316
6318,4074
6317,6318
6320,4094
6319,6320
6322,4114
6321,6322
6324,4134
6323,6324
6326,4154
6325,6326
6328,4174
6327,6328
6330,4194
6329,6330
6332,4215
6331,6332
6334,4464
6333,6334
6336,4691
6335,6336
6338,4897
6337,6338
6340,5083
6339,6340
6342,3915
6341,6342
6344,3935
6343,6344
6346,3955
6345,6346
6348,3975
6347,6348
6350,3995
6349,6350
6352,4015
6351,6352
6354,4035
6353,6354
6356,4055
6355,6356
6358,4075
6357,6358
6360,4095
6359,6360
6362,4115
6361,6362
6364,4135
6363,6364
6366,4155
6365,6366
6368,4175
6367,6368
6370,4195
6369,6370
6372,4216
6371,6372
6374,4465
6373,6374
6376,4692
6375,6376
6378,4898
6377,6378
6380,5084
6379,6380
6382,5251
6381,6382
6384,3936
6383,6384
6386,3956
6385,6386
6388,3976
6387,6388
6390,3996
6389,6390
6392,4016
6391,6392
6394,4036
6393,6394
6396,4056
6395,6396
6398,4076
6397,6398
6400,4096
6399,6400
6402,4116
6401,6402
6404,4136
6403,6404
6406,4156
6405,6406
6408,4176
6407,6408
6410,4196
6409,6410
6412,4217
6411,6412
6414,4466
6413,6414
6416,4693
6415,6416
6418,4899
6417,6418
6420,5085
6419,6420
6422,5252
6421,6422
6424,5401
6423,6424
6426,3957
6425,6426
6428,3977
6427,6428
6430,3997
6429,6430
6432,4017
6431,6432
6434,4037
6433,6434
6436,4057
6435,6436
6438,4077
6437,6438
6440,4097
6439,6440
6442,4117
6441,6442
6444,4137
6443,6444
6446,4157
6445,6446
6448,4177
6447,6448
6450,4197
6449,6450
6452,4218
6451,6452
6454,4467
6453,6454
6456,4694
6455,6456
6458,4900
6457,6458
6460,5086
6459,6460
6462,5253
6461,6462
6464,5402
6463,6464
6466,5534
6465,6466
6468,3978
6467,6468
6470,3998
6469,6470
6472,4018
6471,6472
6474,4038
6473,6474
6476,4058
6475,6476
6478,4078
6477,6478
6480,4098
6479,6480
6482,4118
6481,6482
6484,4138
6483,6484
6486,4158
6485,6486
6488,4178
6487,6488
6490,4198
6489,6490
6492,4219
6491,6492
6494,4468
6493,6494
6496,4695
6495,6496
6498,4901
6497,6498
6500,5087
6499,6500
6502,5254
6501,6502
6504,5403
6503,6504
6506,5535
6505,6506
6508,5651
6507,6508
6510,3999
6509,6510
6512,4019
6511,6512
6514,4039
6513,6514
6516,4059
6515,6516
6518,4079
6517,6518
6520,4099
6519,6520
6522,4119
6521,6522
6524,4139
6523,6524
6526,4159
6525,6526
6528,4179
6527,6528
6530,4199
6529,6530
6532,4220
6531,6532
6534,4469
6533,6534
6536,4696
6535,6536
6538,4902
6537,6538
6540,5088
6539,6540
6542,5255
6541,6542
6544,5404
6543,6544
6546,5536
6545,6546
6548,5652
6547,6548
6550,5753
6549,6550
6552,4020
6551,6552
6554,4040
6553,6554
6556,4060
6555,6556
6558,4080
6557,6558
6560,4100
6559,6560
6562,4120
6561,6562
6564,4140
6563,6564
6566,4160
6565,6566
6568,4180
6567,6568
6570,4200
6569,6570
6572,4221
6571,6572
6574,4470
6573,6574
6576,4697
6575,6576
6578,4903
6577,6578
6580,5089
6579,6580
6582,5256
6581,6582
6584,5405
6583,6584
6586,5537
6585,6586
6588,5653
6587,6588
6590,5754
6589,6590
6592,5841
6591,6592
6594,4041
6593,6594
6596,4061
6595,6596
6598,4081
6597,6598
6600,4101
6599,6600
6602,4121
6601,6602
6604,4141
6603,6604
6606,4161
6605,6606
6608,4181
6607,6608
6610,4201
6609,6610
6612,4222
6611,6612
6614,4471
6613,6614
6616,4698
6615,6616
6618,4904
6617,6618
6620,5090
6619,6620
6622,5257
6621,6622
6624,5406
6623,6624
6626,5538
6625,6626
6628,5654
6627,6628
6630,5755
6629,6630
6632,5842
6631,6632
6634,5916
6633,6634
6636,4062
6635,6636
6638,4082
6637,6638
6640,4102
6639,6640
6642,4122
6641,6642
6644,4142
6643,6644
6646,4162
6645,6646
6648,4182
6647,6648
6650,4202
6649,6650
6652,4223
6651,6652
6654,4472
6653,6654
6656,4699
6655,6656
6658,4905
6657,6658
6660,5091
6659,6660
6662,5258
6661,6662
6664,5407
6663,6664
6666,5539
6665,6666
6668,5655
6667,6668
6670,5756
6669,6670
6672,5843
6671,6672
6674,5917
6673,6674
6676,5979
6675,6676
6678,4083
6677,6678
6680,4103
6679,6680
6682,4123
6681,6682
6684,4143
6683,6684
6686,4163
6685,6686
6688,4183
6687,6688
6690,4203
6689,6690
6692,4224
6691,6692
6694,4473
6693,6694
6696,4700
6695,6696
6698,4906
6697,6698
6700,5092
6699,6700
6702,5259
6701,6702
6704,5408
6703,6704
6706,5540
6705,6706
6708,5656
6707,6708
6710,5757
6709,6710
6712,5844
6711,6712
6714,5918
6713,6714
6716,5980
6715,6716
6718,6031
6717,6718
6720,4104
6719,6720
6722,4124
6721,6722
6724,4144
6723,6724
6726,4164
6725,6726
6728,4184
6727,6728
6730,4204
6729,6730
6732,4225
6731,6732
6734,4474
6733,6734
6736,4701
6735,6736
6738,4907
6737,6738
6740,5093
6739,6740
6742,5260
6741,6742
6744,5409
6743,6744
6746,5541
6745,6746
6748,5657
6747,6748
6750,5758
6749,6750
6752,5845
6751,6752
6754,5919
6753,6754
6756,5981
6755,6756
6758,6032
6757,6758
6760,6073
6759,6760
6762,4125
6761,6762
6764,4145
6763,6764
6766,4165
6765,6766
6768,4185
6767,6768
6770,4205
6769,6770
6772,4226
6771,6772
6774,4475
6773,6774
6776,4702
6775,6776
6778,4908
6777,6778
6780,5094
6779,6780
6782,5261
6781,6782
6784,5410
6783,6784
6786,5542
6785,6786
6788,5658
6787,6788
6790,5759
6789,6790
6792,5846
6791,6792
6794,5920
6793,6794
6796,5982
6795,6796
6798,6033
6797,6798
6800,6074
6799,6800
6802,6106
6801,6802
6804,4146
6803,6804
6806,4166
6805,6806
6808,4186
6807,6808
6810,4206
6809,6810
6812,4227
6811,6812
6814,4476
6813,6814
6816,4703
6815,6816
6818,4909
6817,6818
6820,5095
6819,6820
6822,5262
6821,6822
6824,5411
6823,6824
6826,5543
6825,6826
6828,5659
6827,6828
6830,5760
6829,6830
6832,5847
6831,6832
6834,5921
6833,6834
6836,5983
6835,6836
6838,6034
6837,6838
6840,6075
6839,6840
6842,6107
6841,6842
6844,6131
6843,6844
6846,4167
6845,6846
6848,4187
6847,6848
6850,4207
6849,6850
6852,4228
6851,6852
6854,4477
6853,6854
6856,4704
6855,6856
6858,4910
6857,6858
6860,5096
6859,6860
6862,5263
6861,6862
6864,5412
6863,6864
6866,5544
6865,6866
6868,5660
6867,6868
6870,5761
6869,6870
6872,5848
6871,6872
6874,5922
6873,6874
6876,5984
6875,6876
6878,6035
6877,6878
6880,6076
6879,6880
6882,6108
6881,6882
6884,6132
6883,6884
6886,6149
6885,6886
6888,4188
6887,6888
6890,4208
6889,6890
6892,4229
6891,6892
6894,4478
6893,6894
6896,4705
6895,6896
6898,4911
6897,6898
6900,5097
6899,6900
6902,5264
6901,6902
6904,5413
6903,6904
6906,5545
6905,6906
6908,5661
6907,6908
6910,5762
6909,6910
6912,5849
6911,6912
6914,5923
6913,6914
6916,5985
6915,6916
6918,6036
6917,6918
6920,6077
6919,6920
6922,6109
6921,6922
6924,6133
6923,6924
6926,6150
6925,6926
6928,6161
6927,6928
6930,4209
6929,6930
6932,4230
6931,6932
6934,4479
6933,6934
6936,4706
6935,6936
6938,4912
6937,6938
6940,5098
6939,6940
6942,5265
6941,6942
6944,5414
6943,6944
6946,5546
6945,6946
6948,5662
6947,6948
6950,5763
6949,6950
6952,5850
6951,6952
6954,5924
6953,6954
6956,5986
6955,6956
6958,6037
6957,6958
6960,6078
6959,6960
6962,6110
6961,6962
6964,6134
6963,6964
6966,6151
6965,6966
6968,6162
6967,6968
6970,6168
6969,6970
