4272,4273
4273,4213 3813
4213,4211 3811 3813
4254,4213 3813 3853
4309,4310
4310,4215 3815
4215,4211 3811 3815
4255,4213 3813 4214 3814 3854
4326,4327
4327,4216 3816
4291,4292
4216,4211 3811 3816
4292,4214 3814
4214,4211 3811 3814
4256,4213 3813 4215 3815 3855
4311,4216 3816 3916
4274,4214 3814 3874
4275,4214 3814 4215 3815 3875
4276,4214 3814 4216 3816 3876
4293,4215 3815 3895
4257,4213 3813 4216 3816 3856
4295,4215 3815 4217 3817 3897
4342,4343
4371,4372
4343,4217 3817
4372,4219 3819
4217,4211 3811 3817
4219,4211 3811 3819
4258,4213 3813 4217 3817 3857
4294,4215 3815 4216 3816 3896
4262,4213 3813 4221 3821 3861
4396,4397
4397,4221 3821
4221,4211 3811 3821
4315,4216 3816 4220 3820 3920
4359,4219 3819 3979
4277,4214 3814 4217 3817 3877
4386,4221 3821 4021
4231,4232
4300,4215 3815 4222 3822 3902
4232,4211 3811
4211,3811
4260,4213 3813 4219 3819 3859
4278,4214 3814 4218 3818 3878
4298,4215 3815 4220 3820 3900
4282,4214 3814 4222 3822 3882
4330,4217 3817 4219 3819 3939
4373,4220 3820 4000
4296,4215 3815 4218 3818 3898
4331,4217 3817 4220 3820 3940
4407,4408
4408,4222 3822
4222,4211 3811 3822
4313,4216 3816 4218 3818 3918
4344,4218 3818 3958
4333,4217 3817 4222 3822 3942
4317,4216 3816 4222 3822 3922
4279,4214 3814 4219 3819 3879
4398,4222 3822 4042
4360,4219 3819 4220 3820 3980
4281,4214 3814 4221 3821 3881
4236,4212 3812 4215 3815 3835
4375,4220 3820 4222 3822 4002
4390,4221 3821 4225 3825 4025
4384,4385
4385,4220 3820
4220,4211 3811 3820
4235,4212 3812 4214 3814 3834
4237,4212 3812 4216 3816 3836
4261,4213 3813 4220 3820 3860
4329,4217 3817 4218 3818 3938
4312,4216 3816 4217 3817 3917
4345,4218 3818 4219 3819 3959
4301,4215 3815 4223 3823 3903
4297,4215 3815 4219 3819 3899
4284,4214 3814 4224 3824 3884
4267,4213 3813 4226 3826 3866
4263,4213 3813 4222 3822 3862
4338,4217 3817 4227 3827 3947
4334,4217 3817 4223 3823 3943
4374,4220 3820 4221 3821 4001
4304,4215 3815 4226 3826 3906
4305,4215 3815 4227 3827 3907
4318,4216 3816 4223 3823 3923
4286,4214 3814 4226 3826 3886
4288,4214 3814 4228 3828 3888
4387,4221 3821 4222 3822 4022
4322,4216 3816 4227 3827 3927
4271,4213 3813 4230 3830 3870
4365,4219 3819 4225 3825 3985
4289,4214 3814 4229 3829 3889
4378,4220 3820 4225 3825 4005
4401,4222 3822 4225 3825 4045
4434,4435
4435,4225 3825
4225,4211 3811 3825
4299,4215 3815 4221 3821 3901
4238,4212 3812 4217 3817 3837
4428,4225 3825 4105
4240,4212 3812 4219 3819 3839
4346,4218 3818 4220 3820 3960
4348,4218 3818 4222 3822 3962
4302,4215 3815 4224 3824 3904
4339,4217 3817 4228 3828 3948
4321,4216 3816 4226 3826 3926
4340,4217 3817 4229 3829 3949
4363,4219 3819 4223 3823 3983
4447,4448
4448,4227 3827
4227,4211 3811 3827
4306,4215 3815 4228 3828 3908
4381,4220 3820 4228 3828 4008
4290,4214 3814 4230 3830 3890
4243,4212 3812 4222 3822 3842
4332,4217 3817 4221 3821 3941
4307,4215 3815 4229 3829 3909
4352,4218 3818 4226 3826 3966
4285,4214 3814 4225 3825 3885
4367,4219 3819 4227 3827 3987
4411,4223 3823 4225 3825 4065
4361,4219 3819 4221 3821 3981
4335,4217 3817 4224 3824 3944
4415,4223 3823 4229 3829 4069
4417,4418
4418,4223 3823
4223,4211 3811 3823
4376,4220 3820 4223 3823 4003
4246,4212 3812 4225 3825 3845
4350,4218 3818 4224 3824 3964
4234,4212 3812 4213 3813 3833
4319,4216 3816 4224 3824 3924
4436,4226 3826 4126
4456,4457
4457,4229 3829
4229,4211 3811 3829
4429,4225 3825 4226 3826 4106
4353,4218 3818 4227 3827 3967
4355,4218 3818 4229 3829 3969
4325,4216 3816 4230 3830 3930
4454,4229 3829 4189
4283,4214 3814 4223 3823 3883
4403,4222 3822 4227 3827 4047
4242,4212 3812 4221 3821 3841
4414,4223 3823 4228 3828 4068
4416,4223 3823 4230 3830 4070
4287,4214 3814 4227 3827 3887
4244,4212 3812 4223 3823 3843
4357,4358
4358,4218 3818
4320,4216 3816 4225 3825 3925
4218,4211 3811 3818
4247,4212 3812 4226 3826 3846
4433,4225 3825 4230 3830 4110
4437,4226 3826 4227 3827 4127
4328,4217 3817 3937
4412,4223 3823 4226 3826 4066
4245,4212 3812 4224 3824 3844
4393,4221 3821 4228 3828 4028
4431,4225 3825 4228 3828 4108
4248,4212 3812 4227 3827 3847
4445,4227 3827 4229 3829 4149
4441,4442
4442,4226 3826
4459,4460
4226,4211 3811 3826
4460,4230 3830
4413,4223 3823 4227 3827 4067
4230,4211 3811 3830
4249,4212 3812 4228 3828 3848
4458,4230 3830 4210
4438,4226 3826 4228 3828 4128
4364,4219 3819 4224 3824 3984
4405,4222 3822 4229 3829 4049
4266,4213 3813 4225 3825 3865
4362,4219 3819 4222 3822 3982
4250,4212 3812 4229 3829 3849
4252,4253
4253,4212 3812
4212,4211 3811 3812
4389,4221 3821 4224 3824 4024
4439,4226 3826 4229 3829 4129
4336,4217 3817 4225 3825 3945
4449,4228 3828 4168
4251,4212 3812 4230 3830 3850
4452,4453
4392,4221 3821 4227 3827 4027
4453,4228 3828
4228,4211 3811 3828
4410,4223 3823 4224 3824 4064
4351,4218 3818 4225 3825 3965
4259,4213 3813 4218 3818 3858
4455,4229 3829 4230 3830 4190
4444,4227 3827 4228 3828 4148
4400,4222 3822 4224 3824 4044
4356,4218 3818 4230 3830 3970
4233,4212 3812 3832
4303,4215 3815 4225 3825 3905
4446,4227 3827 4230 3830 4150
4419,4224 3824 4084
4420,4224 3824 4225 3825 4085
4280,4214 3814 4220 3820 3880
4450,4228 3828 4229 3829 4169
4264,4213 3813 4223 3823 3863
4421,4224 3824 4226 3826 4086
4377,4220 3820 4224 3824 4004
4314,4216 3816 4219 3819 3919
4268,4213 3813 4227 3827 3867
4440,4226 3826 4230 3830 4130
4422,4224 3824 4227 3827 4087
4316,4216 3816 4221 3821 3921
4424,4224 3824 4229 3829 4089
4519,4520
4520,4463 3834
4463,4461 3832 4235 3834
4426,4427
4427,4224 3824
4224,4211 3811 3824
4502,4463 3834 4274 3874
4265,4213 3813 4224 3824 3864
4537,4538
4538,4464 3835
4464,4461 3832 4236 3835
4269,4213 3813 4228 3828 3868
4503,4463 3834 4464 3835 4275 3875
4270,4213 3813 4229 3829 3869
4570,4571
4571,4466 3837
4466,4461 3832 4238 3837
4554,4555
4555,4465 3836
4539,4465 3836 4311 3916
4465,4461 3832 4237 3836
4521,4464 3835 4293 3895
4556,4466 3837 4328 3937
4425,4224 3824 4230 3830 4090
4504,4463 3834 4465 3836 4276 3876
4505,4463 3834 4466 3837 4277 3877
4545,4465 3836 4471 3842 4317 3922
4529,4464 3835 4472 3843 4301 3903
4542,4465 3836 4468 3839 4314 3919
4635,4636
4636,4471 3842
4471,4461 3832 4243 3842
4558,4466 3837 4468 3839 4330 3939
4561,4466 3837 4471 3842 4333 3942
4645,4646
4646,4472 3843
4472,4461 3832 4244 3843
4626,4471 3842 4398 4042
4522,4464 3835 4465 3836 4294 3896
4525,4464 3835 4468 3839 4297 3899
4523,4464 3835 4466 3837 4295 3897
4480,4481
4481,4461 3832
4514,4463 3834 4475 3846 4286 3886
4599,4600
4461,4233 3832
4600,4468 3839
4468,4461 3832 4240 3839
4527,4464 3835 4470 3841 4299 3901
4540,4465 3836 4466 3837 4312 3917
4560,4466 3837 4470 3841 4332 3941
4507,4463 3834 4468 3839 4279 3879
4513,4463 3834 4474 3845 4285 3885
4482,4462 3833 4254 3853
4483,4462 3833 4463 3834 4255 3854
4549,4465 3836 4475 3846 4321 3926
4669,4670
4670,4475 3846
4475,4461 3832 4247 3846
4395,4221 3821 4230 3830 4030
4589,4468 3839 4470 3841 4361 3981
4624,4625
4614,4470 3841 4386 4021
4533,4464 3835 4476 3847 4305 3907
4625,4470 3841
4470,4461 3832 4242 3841
4544,4465 3836 4470 3841 4316 3921
4707,4708
4708,4689 3853
4531,4464 3835 4474 3845 4303 3905
4548,4465 3836 4474 3845 4320 3925
4587,4468 3839 4359 3979
4689,4482 3853
4550,4465 3836 4476 3847 4322 3927
4509,4463 3834 4470 3841 4281 3881
4517,4463 3834 4478 3849 4289 3889
4593,4468 3839 4474 3845 4365 3985
4640,4472 3843 4475 3846 4412 4066
4451,4228 3828 4230 3830 4170
4726,4727
4727,4690 3854
4690,4689 3853 4483 3854
4484,4462 3833 4464 3835 4256 3855
4633,4471 3842 4478 3849 4405 4049
4564,4466 3837 4474 3845 4336 3945
4664,4475 3846 4436 4126
4615,4470 3841 4471 3842 4387 4022
4709,4690 3854 4502 3874
4643,4472 3843 4478 3849 4415 4069
4512,4463 3834 4473 3844 4284 3884
4354,4218 3818 4228 3828 3968
4485,4462 3833 4465 3836 4257 3856
4913,4914
4530,4464 3835 4473 3844 4302 3904
4914,4896 3874
4896,4709 3874
4684,4685
4685,4478 3849
4478,4461 3832 4250 3849
4568,4466 3837 4478 3849 4340 3949
4682,4478 3849 4454 4189
4553,4465 3836 4479 3850 4325 3930
4563,4466 3837 4473 3844 4335 3944
4590,4468 3839 4471 3842 4362 3982
4595,4468 3839 4476 3847 4367 3987
4744,4745
4745,4691 3855
4691,4689 3853 4484 3855
4710,4690 3854 4691 3855 4503 3875
4547,4465 3836 4473 3844 4319 3924
4490,4462 3833 4470 3841 4262 3861
4491,4462 3833 4471 3842 4263 3862
4486,4462 3833 4466 3837 4258 3857
4931,4932
4932,4897 3875
4897,4896 3874 4710 3875
4662,4663
4639,4472 3843 4474 3845 4411 4065
4663,4474 3845
4474,4461 3832 4246 3845
4592,4468 3839 4473 3844 4364 3984
4518,4463 3834 4479 3850 4290 3890
4528,4464 3835 4471 3842 4300 3902
4728,4691 3855 4521 3895
4618,4470 3841 4474 3845 4390 4025
4656,4474 3845 4428 4105
4511,4463 3834 4472 3843 4283 3883
4915,4897 3875 4728 3895
4730,4691 3855 4693 3857 4523 3897
4831,4832
4832,4697 3861
4697,4689 3853 4490 3861
5099,5100
5100,5083 3895
5083,4915 3895
4734,4691 3855 4697 3861 4527 3901
4620,4470 3841 4476 3847 4392 4027
4566,4466 3837 4476 3847 4338 3947
4763,4693 3857 4556 3937
4665,4475 3846 4476 3847 4437 4127
4675,4676
4676,4476 3847
4476,4461 3832 4248 3847
4735,4691 3855 4698 3862 4528 3902
4644,4472 3843 4479 3850 4416 4070
4821,4697 3861 4614 4021
4546,4465 3836 4472 3843 4318 3923
4842,4843
4843,4698 3862
4822,4697 3861 4698 3862 4615 4022
4698,4689 3853 4491 3862
4833,4698 3862 4626 4042
4657,4474 3845 4475 3846 4429 4106
4668,4475 3846 4479 3850 4440 4130
4673,4476 3847 4478 3849 4445 4149
4404,4222 3822 4228 3828 4048
4712,4690 3854 4693 3857 4505 3877
4617,4470 3841 4473 3844 4389 4024
4687,4688
4688,4479 3850
4479,4461 3832 4251 3850
4515,4463 3834 4476 3847 4287 3887
4777,4778
4778,4693 3857
4716,4690 3854 4697 3861 4509 3881
4241,4212 3812 4220 3820 3840
4693,4689 3853 4486 3857
4239,4212 3812 4218 3818 3838
4674,4476 3847 4479 3850 4446 4150
4409,4223 3823 4063
4399,4222 3822 4223 3823 4043
4443,4227 3827 4147
4406,4222 3822 4230 3830 4050
4532,4464 3835 4475 3846 4304 3906
4349,4218 3818 4223 3823 3963
4661,4474 3845 4479 3850 4433 4110
4347,4218 3818 4221 3821 3961
4379,4220 3820 4226 3826 4006
4591,4468 3839 4472 3843 4363 3983
4432,4225 3825 4229 3829 4109
4391,4221 3821 4226 3826 4026
4402,4222 3822 4226 3826 4046
4337,4217 3817 4226 3826 3946
4388,4221 3821 4223 3823 4023
4341,4217 3817 4230 3830 3950
4382,4220 3820 4229 3829 4009
4649,4473 3844 4475 3846 4421 4086
4761,4762
4762,4692 3856
4692,4689 3853 4485 3856
4394,4221 3821 4229 3829 4029
4650,4473 3844 4476 3847 4422 4087
4751,4692 3856 4697 3861 4544 3921
4366,4219 3819 4226 3826 3986
4654,4655
4655,4473 3844
4473,4461 3832 4245 3844
4370,4219 3819 4230 3830 3990
4383,4220 3820 4230 3830 4010
4616,4470 3841 4472 3843 4388 4023
4752,4692 3856 4698 3862 4545 3922
4488,4462 3833 4468 3839 4260 3859
4594,4468 3839 4475 3846 4366 3986
4653,4473 3844 4479 3850 4425 4090
4622,4470 3841 4478 3849 4394 4029
4510,4463 3834 4471 3842 4282 3882
4430,4225 3825 4227 3827 4107
4652,4473 3844 4478 3849 4424 4089
4535,4464 3835 4478 3849 4307 3909
4717,4690 3854 4698 3862 4510 3882
4658,4474 3845 4476 3847 4430 4107
4496,4462 3833 4476 3847 4268 3867
5029,5030
4732,4691 3855 4695 3859 4525 3899
5030,4904 3882
4904,4896 3874 4717 3882
4565,4466 3837 4475 3846 4337 3946
5020,4904 3882 4833 4042
4569,4466 3837 4479 3850 4341 3950
4922,4897 3875 4904 3882 4735 3902
4714,4690 3854 4695 3859 4507 3879
4993,4994
4994,4901 3879
4901,4896 3874 4714 3879
4722,4690 3854 4703 3867 4515 3887
4740,4691 3855 4703 3867 4533 3907
5197,5198
5198,5090 3902
5090,5083 3895 4922 3902
5069,5070
4882,4883
5070,4909 3887
4883,4703 3867
4909,4896 3874 4722 3887
4919,4897 3875 4901 3879 4732 3899
4703,4689 3853 4496 3867
5188,5090 3902 5020 4042
5161,5162
4773,4693 3857 4703 3867 4566 3947
5162,5087 3899
5087,5083 3895 4919 3899
4757,4692 3856 4703 3867 4550 3927
4927,4897 3875 4909 3887 4740 3907
5237,5238
5238,5095 3907
5095,5083 3895 4927 3907
4749,4692 3856 4695 3859 4542 3919
4827,4697 3861 4703 3867 4620 4027
4794,4695 3859 4587 3979
4806,4807
4807,4695 3859
4695,4689 3853 4488 3859
4598,4468 3839 4479 3850 4370 3990
4796,4695 3859 4697 3861 4589 3981
4964,4965
4965,4899 3877
4899,4896 3874 4712 3877
4960,4899 3877 4909 3887 4773 3947
4683,4478 3849 4479 3850 4455 4190
4981,4901 3879 4794 3979
4632,4471 3842 4477 3848 4404 4048
4671,4476 3847 4443 4147
4686,4479 3850 4458 4210
4746,4692 3856 4539 3916
4950,4899 3877 4763 3937
4747,4692 3856 4693 3857 4540 3917
4642,4472 3843 4477 3848 4414 4068
4516,4463 3834 4477 3848 4288 3888
4647,4473 3844 4419 4084
4648,4473 3844 4474 3845 4420 4085
4323,4216 3816 4228 3828 3928
4711,4690 3854 4692 3856 4504 3876
4368,4219 3819 4228 3828 3988
4797,4695 3859 4698 3862 4590 3982
4802,4695 3859 4703 3867 4595 3987
4495,4462 3833 4475 3846 4267 3866
4638,4472 3843 4473 3844 4410 4064
4768,4693 3857 4698 3862 4561 3942
4765,4693 3857 4695 3859 4558 3939
4494,4462 3833 4474 3845 4266 3865
4567,4466 3837 4477 3848 4339 3948
4619,4470 3841 4475 3846 4391 4026
4628,4471 3842 4473 3844 4400 4044
4492,4462 3833 4472 3843 4264 3863
4621,4470 3841 4477 3848 4393 4028
4631,4471 3842 4476 3847 4403 4047
4630,4471 3842 4475 3846 4402 4046
4497,4462 3833 4477 3848 4269 3868
4308,4215 3815 4230 3830 3910
4506,4463 3834 4467 3838 4278 3878
4369,4219 3819 4229 3829 3989
4660,4474 3845 4478 3849 4432 4109
4500,4501
4501,4462 3833
4462,4461 3832 4234 3833
4933,4898 3876 4746 3916
4524,4464 3835 4467 3838 4296 3898
4534,4464 3835 4477 3848 4306 3908
4324,4216 3816 4229 3829 3929
4934,4898 3876 4899 3877 4747 3917
4541,4465 3836 4467 3838 4313 3918
4629,4471 3842 4474 3845 4401 4045
4552,4465 3836 4478 3849 4324 3929
4380,4220 3820 4227 3827 4007
4677,4477 3848 4449 4168
4680,4681
4681,4477 3848
4477,4461 3832 4249 3848
4557,4466 3837 4467 3838 4329 3938
4936,4898 3876 4901 3879 4749 3919
4720,4690 3854 4701 3865 4513 3885
4948,4949
4949,4898 3876
4898,4896 3874 4711 3876
4679,4477 3848 4479 3850 4451 4170
4718,4690 3854 4699 3863 4511 3883
4678,4477 3848 4478 3849 4450 4169
4562,4466 3837 4472 3843 4334 3943
4738,4691 3855 4701 3865 4531 3905
4423,4224 3824 4228 3828 4088
4573,4467 3838 4468 3839 4345 3959
5039,5040
5040,4905 3883
4572,4467 3838 4344 3958
4905,4896 3874 4718 3883
4767,4693 3857 4697 3861 4560 3941
4499,4462 3833 4479 3850 4271 3870
4641,4472 3843 4476 3847 4413 4067
4487,4462 3833 4467 3838 4259 3858
4575,4467 3838 4470 3841 4347 3961
4939,4898 3876 4904 3882 4752 3922
4623,4470 3841 4479 3850 4395 4030
4672,4476 3847 4477 3848 4444 4148
4755,4692 3856 4701 3865 4548 3925
4736,4691 3855 4699 3863 4529 3903
4667,4475 3846 4478 3849 4439 4129
4769,4693 3857 4699 3863 4562 3943
4753,4692 3856 4699 3863 4546 3923
4798,4695 3859 4699 3863 4591 3983
4985,4901 3879 4905 3883 4798 3983
4800,4695 3859 4701 3865 4593 3985
4577,4467 3838 4472 3843 4349 3963
4721,4690 3854 4702 3866 4514 3886
4869,4870
4870,4701 3865
4739,4691 3855 4702 3866 4532 3906
4701,4689 3853 4494 3865
4863,4701 3865 4656 4105
4923,4897 3875 4905 3883 4736 3903
4852,4853
4853,4699 3863
4699,4689 3853 4492 3863
4578,4467 3838 4473 3844 4350 3964
4580,4467 3838 4475 3846 4352 3966
5063,5064
5064,4908 3886
4908,4896 3874 4721 3886
4940,4898 3876 4905 3883 4753 3923
4838,4698 3862 4703 3867 4631 4047
5056,5057
5057,4907 3885
4907,4896 3874 4720 3885
4925,4897 3875 4907 3885 4738 3905
4731,4691 3855 4694 3858 4524 3898
4836,4698 3862 4701 3865 4629 4045
4956,4899 3877 4905 3883 4769 3943
5050,4907 3885 4863 4105
4713,4690 3854 4694 3858 4506 3878
4823,4697 3861 4699 3863 4616 4023
4748,4692 3856 4694 3858 4541 3918
4764,4693 3857 4694 3858 4557 3938
4771,4693 3857 4701 3865 4564 3945
5207,5208
4579,4467 3838 4474 3845 4351 3965
5208,5091 3903
5091,5083 3895 4923 3903
4723,4690 3854 4704 3868 4516 3888
4741,4691 3855 4704 3868 4534 3908
4944,4898 3876 4909 3887 4757 3927
5224,5225
5225,5093 3905
5093,5083 3895 4925 3905
4582,4467 3838 4477 3848 4354 3968
4958,4899 3877 4907 3885 4771 3945
5074,5075
5075,4910 3888
4910,4896 3874 4723 3888
4756,4692 3856 4702 3866 4549 3926
4583,4467 3838 4478 3849 4355 3969
4987,4901 3879 4907 3885 4800 3985
4926,4897 3875 4908 3886 4739 3906
4782,4694 3858 4697 3861 4575 3961
5023,4904 3882 4907 3885 4836 4045
4942,4898 3876 4907 3885 4755 3925
4979,4980
4980,4900 3878
4900,4896 3874 4713 3878
4935,4898 3876 4900 3878 4748 3918
4581,4467 3838 4476 3847 4353 3967
5231,5232
5232,5094 3906
5094,5083 3895 4926 3906
4848,4699 3863 4703 3867 4641 4067
4943,4898 3876 4908 3886 4756 3926
4951,4899 3877 4900 3878 4764 3938
4846,4699 3863 4701 3865 4639 4065
4887,4888
4779,4694 3858 4572 3958
4888,4704 3868
4704,4689 3853 4497 3868
5025,4904 3882 4909 3887 4838 4047
4786,4694 3858 4701 3865 4579 3965
4792,4793
4793,4694 3858
4694,4689 3853 4487 3858
5153,5087 3899 5091 3903 4985 3983
4928,4897 3875 4910 3888 4741 3908
5193,5090 3902 5095 3907 5025 4047
4784,4694 3858 4699 3863 4577 3963
4788,4694 3858 4703 3867 4581 3967
5242,5243
4865,4701 3865 4703 3867 4658 4107
5243,5096 3908
4498,4462 3833 4478 3849 4270 3869
5096,5083 3895 4928 3908
5155,5087 3899 5093 3905 4987 3985
4973,4900 3878 4907 3885 4786 3965
5035,4905 3883 4909 3887 4848 4067
4971,4900 3878 4905 3883 4784 3963
4576,4467 3838 4471 3842 4348 3962
5191,5090 3902 5093 3905 5023 4045
4966,4900 3878 4779 3958
4536,4464 3835 4479 3850 4308 3910
5203,5091 3903 5095 3907 5035 4067
4597,4468 3839 4478 3849 4369 3989
4839,4698 3862 4704 3868 4632 4048
4789,4694 3858 4704 3868 4582 3968
4884,4704 3868 4677 4168
4666,4475 3846 4477 3848 4438 4128
4849,4699 3863 4704 3868 4642 4068
4879,4703 3867 4704 3868 4672 4148
4783,4694 3858 4698 3862 4576 3962
4970,4900 3878 4904 3882 4783 3962
5071,4910 3888 4884 4168
5033,4905 3883 4907 3885 4846 4065
4743,4691 3855 4706 3870 4536 3910
4742,4691 3855 4705 3869 4535 3909
5239,5096 3908 5071 4168
4759,4692 3856 4705 3869 4552 3929
4775,4693 3857 4705 3869 4568 3949
4724,4690 3854 4705 3869 4517 3889
4760,4692 3856 4706 3870 4553 3930
5201,5091 3903 5093 3905 5033 4065
4829,4697 3861 4705 3869 4622 4029
4725,4690 3854 4706 3870 4518 3890
4976,4900 3878 4910 3888 4789 3968
4946,4898 3876 4911 3889 4759 3929
5078,5079
5079,4911 3889
4929,4897 3875 4911 3889 4742 3909
4911,4896 3874 4724 3889
4962,4899 3877 4911 3889 4775 3949
4830,4697 3861 4706 3870 4623 4030
5081,5082
5082,4912 3890
5026,4904 3882 4910 3888 4839 4048
4912,4896 3874 4725 3890
5246,5247
5247,5097 3909
4850,4699 3863 4705 3869 4643 4069
5097,5083 3895 4929 3909
4804,4695 3859 4705 3869 4597 3989
4947,4898 3876 4912 3890 4760 3930
4894,4895
4895,4706 3870
4706,4689 3853 4499 3870
5194,5090 3902 5096 3908 5026 4048
4825,4697 3861 4701 3865 4618 4025
4930,4897 3875 4912 3890 4743 3910
5036,4905 3883 4910 3888 4849 4068
5037,4905 3883 4911 3889 4850 4069
4868,4701 3865 4706 3870 4661 4110
4840,4698 3862 4705 3869 4633 4049
4805,4695 3859 4706 3870 4598 3990
4891,4892
4892,4705 3869
4917,4897 3875 4899 3877 4730 3897
4705,4689 3853 4498 3869
4880,4703 3867 4705 3869 4673 4149
5249,5250
5250,5098 3910
5204,5091 3903 5096 3908 5036 4068
5098,5083 3895 4930 3910
5149,5087 3899 4981 3979
4975,4900 3878 4909 3887 4788 3967
4867,4701 3865 4705 3869 4660 4109
5066,4909 3887 4910 3888 4879 4148
4991,4901 3879 4911 3889 4804 3989
4851,4699 3863 4706 3870 4644 4070
5067,4909 3887 4911 3889 4880 4149
5159,5087 3899 5097 3909 4991 3989
4878,4703 3867 4671 4147
4992,4901 3879 4912 3890 4805 3990
5052,4907 3885 4909 3887 4865 4107
4886,4704 3868 4706 3870 4679 4170
5235,5095 3907 5097 3909 5067 4149
5220,5093 3905 5095 3907 5052 4107
5038,4905 3883 4912 3890 4851 4070
5027,4904 3882 4911 3889 4840 4049
5065,4909 3887 4878 4147
5073,4910 3888 4912 3890 4886 4170
5206,5091 3903 5098 3910 5038 4070
5205,5091 3903 5097 3909 5037 4069
5233,5095 3907 5065 4147
5160,5087 3899 5098 3910 4992 3990
5054,4907 3885 4911 3889 4867 4109
5195,5090 3902 5097 3909 5027 4049
5241,5096 3908 5098 3910 5073 4170
5222,5093 3905 5097 3909 5054 4109
5234,5095 3907 5096 3908 5066 4148
5055,4907 3885 4912 3890 4868 4110
5223,5093 3905 5098 3910 5055 4110
4890,4705 3869 4706 3870 4683 4190
5077,4911 3889 4912 3890 4890 4190
5245,5097 3909 5098 3910 5077 4190
4651,4473 3844 4477 3848 4423 4088
4774,4693 3857 4704 3868 4567 3948
4961,4899 3877 4910 3888 4774 3948
4585,4586
4586,4467 3838
4467,4461 3832 4239 3838
4889,4705 3869 4682 4189
4893,4706 3870 4686 4210
4918,4897 3875 4900 3878 4731 3898
4776,4693 3857 4706 3870 4569 3950
4885,4704 3868 4705 3869 4678 4169
4780,4694 3858 4695 3859 4573 3959
4790,4694 3858 4705 3869 4583 3969
5218,5093 3905 5050 4105
4828,4697 3861 4704 3868 4621 4028
4772,4693 3857 4702 3866 4565 3946
4584,4467 3838 4479 3850 4356 3970
4508,4463 3834 4469 3840 4280 3880
4601,4469 3840 4373 4000
4588,4468 3839 4469 3840 4360 3980
4543,4465 3836 4469 3840 4315 3920
4559,4466 3837 4469 3840 4331 3940
4574,4467 3838 4469 3840 4346 3960
4526,4464 3835 4469 3840 4298 3900
4787,4694 3858 4702 3866 4580 3966
4881,4703 3867 4706 3870 4674 4150
4826,4697 3861 4702 3866 4619 4026
4489,4462 3833 4469 3840 4261 3860
4967,4900 3878 4901 3879 4780 3959
4974,4900 3878 4908 3886 4787 3966
4963,4899 3877 4912 3890 4776 3950
4871,4702 3866 4664 4126
4847,4699 3863 4702 3866 4640 4066
4873,4702 3866 4704 3868 4666 4128
4864,4701 3865 4702 3866 4657 4106
4791,4694 3858 4706 3870 4584 3970
4837,4698 3862 4702 3866 4630 4046
4977,4900 3878 4911 3889 4790 3969
4959,4899 3877 4908 3886 4772 3946
5134,5086 3898 4966 3958
5058,4908 3886 4871 4126
4872,4702 3866 4703 3867 4665 4127
5072,4910 3888 4911 3889 4885 4169
5226,5094 3906 5058 4126
4978,4900 3878 4912 3890 4791 3970
4715,4690 3854 4696 3860 4508 3880
5024,4904 3882 4908 3886 4837 4046
5240,5096 3908 5097 3909 5072 4169
4733,4691 3855 4696 3860 4526 3900
5135,5086 3898 5087 3899 4967 3959
5138,5086 3898 5090 3902 4970 3962
4766,4693 3857 4696 3860 4559 3940
5141,5086 3898 5093 3905 4973 3965
5034,4905 3883 4908 3886 4847 4066
5006,5007
5007,4902 3880
4902,4896 3874 4715 3880
5059,4908 3886 4909 3887 4872 4127
4819,4820
4820,4696 3860
4920,4897 3875 4902 3880 4733 3900
5051,4907 3885 4908 3886 4864 4106
4696,4689 3853 4489 3860
4795,4695 3859 4696 3860 4588 3980
5227,5094 3906 5095 3907 5059 4127
4750,4692 3856 4696 3860 4543 3920
4982,4901 3879 4902 3880 4795 3980
5147,5148
4953,4899 3877 4902 3880 4766 3940
5148,5086 3898
5086,5083 3895 4918 3898
5139,5086 3898 5091 3903 4971 3963
5060,4908 3886 4910 3888 4873 4128
4781,4694 3858 4696 3860 4574 3960
5068,4909 3887 4912 3890 4881 4150
4808,4696 3860 4601 4000
5146,5086 3898 5098 3910 4978 3970
5145,5086 3898 5097 3909 4977 3969
5143,5086 3898 5095 3907 4975 3967
5192,5090 3902 5094 3906 5024 4046
4937,4898 3876 4902 3880 4750 3920
4995,4902 3880 4808 4000
5142,5086 3898 5094 3906 4974 3966
5076,4911 3889 4889 4189
5244,5097 3909 5076 4189
5202,5091 3903 5094 3906 5034 4066
5174,5175
5175,5088 3900
5150,5087 3899 5088 3900 4982 3980
5088,5083 3895 4920 3900
4968,4900 3878 4902 3880 4781 3960
5080,4912 3890 4893 4210
5163,5088 3900 4995 4000
5144,5086 3898 5096 3908 4976 3968
5228,5094 3906 5096 3908 5060 4128
5136,5086 3898 5088 3900 4968 3960
4801,4695 3859 4702 3866 4594 3986
5219,5093 3905 5094 3906 5051 4106
5236,5095 3907 5098 3910 5068 4150
5248,5098 3910 5080 4210
4988,4901 3879 4908 3886 4801 3986
5156,5087 3899 5094 3906 4988 3986
4876,4877
4877,4702 3866
4702,4689 3853 4495 3866
4602,4469 3840 4470 3841 4374 4001
4874,4702 3866 4705 3869 4667 4129
4604,4469 3840 4472 3843 4376 4003
5118,5085 3897 4950 3937
5121,5085 3897 5088 3900 4953 3940
5119,5085 3897 5086 3898 4951 3938
4809,4696 3860 4697 3861 4602 4001
5124,5085 3897 5091 3903 4956 3943
4603,4469 3840 4471 3842 4375 4002
4605,4469 3840 4473 3844 4377 4004
5061,4908 3886 4911 3889 4874 4129
4606,4469 3840 4474 3845 4378 4005
4811,4696 3860 4699 3863 4604 4003
4875,4702 3866 4706 3870 4668 4130
5229,5094 3906 5097 3909 5061 4129
4810,4696 3860 4698 3862 4603 4002
5126,5085 3897 5093 3905 4958 3945
5130,5085 3897 5097 3909 4962 3949
5132,5133
5133,5085 3897
5085,5083 3895 4917 3897
4607,4469 3840 4475 3846 4379 4006
4997,4902 3880 4904 3882 4810 4002
4813,4696 3860 4701 3865 4606 4005
4612,4613
4613,4469 3840
4469,4461 3832 4241 3840
5131,5085 3897 5098 3910 4963 3950
5127,5085 3897 5094 3906 4959 3946
4610,4469 3840 4478 3849 4382 4009
4998,4902 3880 4905 3883 4811 4003
4609,4469 3840 4477 3848 4381 4008
4608,4469 3840 4476 3847 4380 4007
4952,4899 3877 4901 3879 4765 3939
4729,4691 3855 4692 3856 4522 3896
4814,4696 3860 4702 3866 4607 4006
4817,4696 3860 4705 3869 4610 4009
5166,5088 3900 5091 3903 4998 4003
5128,5085 3897 5095 3907 4960 3947
5129,5085 3897 5096 3908 4961 3948
5165,5088 3900 5090 3902 4997 4002
4955,4899 3877 4904 3882 4768 3942
4637,4472 3843 4409 4063
4916,4897 3875 4898 3876 4729 3896
5062,4908 3886 4912 3890 4875 4130
5004,4902 3880 4911 3889 4817 4009
5000,4902 3880 4907 3885 4813 4005
5120,5085 3897 5087 3899 4952 3939
4844,4699 3863 4637 4063
4551,4465 3836 4477 3848 4323 3928
5123,5085 3897 5090 3902 4955 3942
4611,4469 3840 4479 3850 4383 4010
5031,4905 3883 4844 4063
4815,4696 3860 4703 3867 4608 4007
4984,4901 3879 4904 3882 4797 3982
5101,5084 3896 4933 3916
5199,5091 3903 5031 4063
4938,4898 3876 4903 3881 4751 3921
5266,5267
5267,5251 3916
5251,5101 3916
4921,4897 3875 4903 3881 4734 3901
4816,4696 3860 4704 3868 4609 4008
4969,4900 3878 4903 3881 4782 3961
5102,5084 3896 5085 3897 4934 3917
4596,4468 3839 4477 3848 4368 3988
4818,4696 3860 4706 3870 4611 4010
4983,4901 3879 4903 3881 4796 3981
4954,4899 3877 4903 3881 4767 3941
5103,5084 3896 5086 3898 4935 3918
4758,4692 3856 4704 3868 4551 3928
5001,4902 3880 4908 3886 4814 4006
5152,5087 3899 5090 3902 4984 3982
4989,4901 3879 4909 3887 4802 3987
5282,5283
5283,5252 3917
5252,5251 3916 5102 3917
4996,4902 3880 4903 3881 4809 4001
5122,5085 3897 5089 3901 4954 3941
5268,5252 3917 5118 3937
5002,4902 3880 4909 3887 4815 4007
5009,4903 3881 4904 3882 4822 4022
4659,4474 3845 4477 3848 4431 4108
5105,5084 3896 5088 3900 4937 3920
5297,5298
5298,5253 3918
5253,5251 3916 5103 3918
5269,5252 3917 5253 3918 5119 3938
5008,4903 3881 4821 4021
5108,5084 3896 5091 3903 4940 3923
5415,5416
5416,5401 3937
5401,5268 3937
4803,4695 3859 4704 3868 4596 3988
5111,5084 3896 5094 3906 4943 3926
5430,5431
5431,5402 3938
5402,5401 3937 5269 3938
5110,5084 3896 5093 3905 4942 3925
5106,5084 3896 5089 3901 4938 3921
5151,5087 3899 5089 3901 4983 3981
5176,5089 3901 5008 4021
5116,5117
5117,5084 3896
5084,5083 3895 4916 3896
5284,5253 3918 5134 3958
5186,5187
5187,5089 3901
5005,4902 3880 4912 3890 4818 4010
5089,5083 3895 4921 3901
5168,5088 3900 5093 3905 5000 4005
5107,5084 3896 5090 3902 4939 3922
5357,5358
5358,5258 3923
5258,5251 3916 5108 3923
5172,5088 3900 5097 3909 5004 4009
5417,5402 3938 5284 3958
5104,5084 3896 5087 3899 4936 3919
5336,5337
5337,5256 3921
5256,5251 3916 5106 3921
5164,5088 3900 5089 3901 4996 4001
5230,5094 3906 5098 3910 5062 4130
5177,5089 3901 5090 3902 5009 4022
5015,4903 3881 4910 3888 4828 4028
5018,5019
5019,4903 3881
4945,4898 3876 4910 3888 4758 3928
4903,4896 3874 4716 3881
5286,5253 3918 5255 3920 5136 3960
5289,5253 3918 5258 3923 5139 3963
5547,5548
5548,5534 3958
5534,5417 3958
5271,5252 3917 5255 3920 5121 3940
5003,4902 3880 4910 3888 4816 4008
5169,5088 3900 5094 3906 5001 4006
5274,5252 3917 5258 3923 5124 3943
5112,5084 3896 5095 3907 4944 3927
5173,5088 3900 5098 3910 5005 4010
5291,5253 3918 5260 3925 5141 3965
5374,5375
5375,5260 3925
5260,5251 3916 5110 3925
5017,4903 3881 4912 3890 4830 4030
5157,5087 3899 5095 3907 4989 3987
4493,4462 3833 4473 3844 4265 3864
5183,5089 3901 5096 3908 5015 4028
5313,5255 3920 5163 4000
5115,5084 3896 5098 3910 4947 3930
5490,5491
5491,5407 3943
5407,5401 3937 5274 3943
5012,4903 3881 4907 3885 4825 4025
5324,5325
5325,5255 3920
5255,5251 3916 5105 3920
4627,4471 3842 4472 3843 4399 4043
5014,4903 3881 4909 3887 4827 4027
5457,5458
5458,5404 3940
4719,4690 3854 4700 3864 4512 3884
5404,5401 3937 5271 3940
5299,5254 3919 5149 3979
5137,5086 3898 5089 3901 4969 3961
4737,4691 3855 4700 3864 4530 3904
4634,4471 3842 4479 3850 4406 4050
5446,5404 3940 5313 4000
5287,5253 3918 5256 3921 5137 3961
5113,5084 3896 5096 3908 4945 3928
5315,5255 3920 5257 3922 5165 4002
5319,5255 3920 5261 3926 5169 4006
5327,5256 3921 5257 3922 5177 4022
4754,4692 3856 4700 3864 4547 3924
5300,5254 3919 5255 3920 5150 3980
5293,5253 3918 5262 3927 5143 3967
4770,4693 3857 4700 3864 4563 3944
4834,4698 3862 4699 3863 4627 4043
5010,4903 3881 4905 3883 4823 4023
5278,5252 3917 5262 3927 5128 3947
4841,4698 3862 4706 3870 4634 4050
5368,5260 3925 5218 4105
5296,5253 3918 5265 3930 5146 3970
5387,5388
5388,5262 3927
5262,5251 3916 5112 3927
5419,5402 3938 5404 3940 5286 3960
5314,5255 3920 5256 3921 5164 4001
5182,5089 3901 5095 3907 5014 4027
5170,5088 3900 5095 3907 5002 4007
5292,5253 3918 5261 3926 5142 3966
5185,5089 3901 5098 3910 5017 4030
5381,5382
5574,5575
5382,5261 3926
5575,5536 3960
5261,5251 3916 5111 3926
5536,5534 3958 5419 3960
5294,5253 3918 5263 3928 5144 3968
5333,5256 3921 5263 3928 5183 4028
5563,5536 3960 5446 4000
5281,5252 3917 5265 3930 5131 3950
5171,5088 3900 5096 3908 5003 4008
4866,4701 3865 4704 3868 4659 4108
5048,5049
5049,4906 3884
4906,4896 3874 4719 3884
5114,5084 3896 5097 3909 4946 3929
4924,4897 3875 4906 3884 4737 3904
5377,5261 3926 5262 3927 5227 4127
5306,5254 3919 5261 3926 5156 3986
5383,5262 3927 5233 4147
4824,4697 3861 4700 3864 4617 4024
5216,5217
5217,5092 3904
5092,5083 3895 4924 3904
5392,5393
5393,5263 3928
5384,5262 3927 5263 3928 5234 4148
5263,5251 3916 5113 3928
4990,4901 3879 4910 3888 4803 3988
4812,4696 3860 4700 3864 4605 4004
5311,5312
5312,5254 3919
5305,5254 3919 5260 3925 5155 3985
5254,5251 3916 5104 3919
5389,5263 3928 5239 4168
5351,5258 3923 5260 3925 5201 4065
5303,5254 3919 5258 3923 5153 3983
5326,5256 3921 5176 4021
5354,5258 3923 5263 3928 5204 4068
5011,4903 3881 4906 3884 4824 4024
5013,4903 3881 4908 3886 4826 4026
5332,5256 3921 5262 3927 5182 4027
4854,4700 3864 4647 4084
5352,5258 3923 5261 3926 5202 4066
5179,5089 3901 5092 3904 5011 4024
5016,4903 3881 4911 3889 4829 4029
5335,5256 3921 5265 3930 5185 4030
5353,5258 3923 5262 3927 5203 4067
5184,5089 3901 5097 3909 5016 4029
4999,4902 3880 4906 3884 4812 4004
5041,4906 3884 4854 4084
5167,5088 3900 5092 3904 4999 4004
5209,5092 3904 5041 4084
5158,5087 3899 5096 3908 4990 3988
5181,5089 3901 5094 3906 5013 4026
5308,5254 3919 5263 3928 5158 3988
5310,5254 3919 5265 3930 5160 3990
5331,5256 3921 5261 3926 5181 4026
5532,5533
5533,5414 3950
5414,5401 3937 5281 3950
5338,5257 3922 5188 4042
4957,4899 3877 4906 3884 4770 3944
4785,4694 3858 4700 3864 4578 3964
5380,5261 3926 5265 3930 5230 4130
5321,5255 3920 5263 3928 5171 4008
5301,5254 3919 5256 3921 5151 3981
5399,5400
5400,5265 3930
5265,5251 3916 5115 3930
4972,4900 3878 4906 3884 4785 3964
5376,5261 3926 5226 4126
5053,4907 3885 4910 3888 4866 4108
5285,5253 3918 5254 3919 5135 3959
5125,5085 3897 5092 3904 4957 3944
5378,5261 3926 5263 3928 5228 4128
5288,5253 3918 5257 3922 5138 3962
4799,4695 3859 4700 3864 4592 3984
5309,5254 3919 5264 3929 5159 3989
5379,5261 3926 5264 3929 5229 4129
5302,5254 3919 5257 3922 5152 3982
4986,4901 3879 4906 3884 4799 3984
5154,5087 3899 5092 3904 4986 3984
4845,4699 3863 4700 3864 4638 4064
5320,5255 3920 5262 3927 5170 4007
5422,5402 3938 5407 3943 5289 3963
5322,5255 3920 5264 3929 5172 4009
5334,5256 3921 5264 3929 5184 4029
5295,5253 3918 5264 3929 5145 3969
5385,5262 3927 5264 3929 5235 4149
5307,5254 3919 5262 3927 5157 3987
5140,5086 3898 5092 3904 4972 3964
5391,5263 3928 5265 3930 5241 4170
5453,5404 3940 5411 3947 5320 4007
5520,5521
5521,5411 3947
5411,5401 3937 5278 3947
4941,4898 3876 4906 3884 4754 3924
5607,5608
5608,5539 3963
5539,5534 3958 5422 3963
4855,4700 3864 4701 3865 4648 4085
5277,5252 3917 5261 3926 5127 3946
5344,5257 3922 5263 3928 5194 4048
5426,5402 3938 5411 3947 5293 3967
5396,5397
5347,5348
5397,5264 3929
5486,5407 3943 5411 3947 5353 4067
4856,4700 3864 4702 3866 4649 4086
5348,5257 3922
5264,5251 3916 5114 3929
5032,4905 3883 4906 3884 4845 4064
5257,5251 3916 5107 3922
5398,5265 3930 5248 4210
5021,4904 3882 4905 3883 4834 4043
5372,5260 3925 5264 3929 5222 4109
5345,5257 3922 5264 3929 5195 4049
5342,5257 3922 5261 3926 5192 4046
5390,5263 3928 5264 3929 5240 4169
4861,4862
5109,5084 3896 5092 3904 4941 3924
4862,4700 3864
5280,5252 3917 5264 3929 5130 3949
4700,4689 3853 4493 3864
5180,5089 3901 5093 3905 5012 4025
5349,5258 3923 5199 4063
5373,5260 3925 5265 3930 5223 4110
4835,4698 3862 4700 3864 4628 4044
5318,5255 3920 5260 3925 5168 4005
5341,5257 3922 5260 3925 5191 4045
5178,5089 3901 5091 3903 5010 4023
5221,5093 3905 5096 3908 5053 4108
5386,5262 3927 5265 3930 5236 4150
5270,5252 3917 5254 3919 5120 3939
5189,5090 3902 5091 3903 5021 4043
5272,5252 3917 5256 3921 5122 3941
5355,5258 3923 5264 3929 5205 4069
5429,5402 3938 5414 3950 5296 3970
5482,5407 3943 5349 4063
5279,5252 3917 5263 3928 5129 3948
5531,5414 3950 5398 4210
5290,5253 3918 5259 3924 5140 3964
5275,5252 3917 5259 3924 5125 3944
5273,5252 3917 5257 3922 5123 3942
4859,4700 3864 4705 3869 4652 4089
5276,5252 3917 5260 3925 5126 3945
5599,5539 3963 5482 4063
5356,5258 3923 5265 3930 5206 4070
5028,4904 3882 4912 3890 4841 4050
5022,4904 3882 4906 3884 4835 4044
5489,5407 3943 5414 3950 5356 4070
5316,5255 3920 5258 3923 5166 4003
5328,5256 3921 5258 3923 5178 4023
5509,5410 3946 5376 4126
5323,5255 3920 5265 3930 5173 4010
5371,5260 3925 5263 3928 5221 4108
5366,5367
5367,5259 3924
5259,5251 3916 5109 3924
5432,5403 3939 5299 3979
5418,5402 3938 5403 3939 5285 3959
5514,5515
5190,5090 3902 5092 3904 5022 4044
5369,5260 3925 5261 3926 5219 4106
5519,5411 3947 5414 3950 5386 4150
5515,5410 3946
5410,5401 3937 5277 3946
5454,5404 3940 5412 3948 5321 4008
5359,5259 3924 5209 4084
5340,5257 3922 5259 3924 5190 4044
5370,5260 3925 5262 3927 5220 4107
5317,5255 3920 5259 3924 5167 4004
5433,5403 3939 5404 3940 5300 3980
5448,5404 3940 5406 3942 5315 4002
5471,5406 3942 5338 4042
5513,5410 3946 5414 3950 5380 4130
5421,5402 3938 5406 3942 5288 3962
5456,5404 3940 5414 3950 5323 4010
5487,5407 3943 5412 3948 5354 4068
5510,5410 3946 5411 3947 5377 4127
5637,5638
5196,5090 3902 5098 3910 5028 4050
5638,5543 3967
5428,5402 3938 5413 3949 5295 3969
5543,5534 3958 5426 3967
5480,5481
5481,5406 3942
5406,5401 3937 5273 3942
5603,5539 3963 5543 3967 5486 4067
5449,5404 3940 5407 3943 5316 4003
5561,5562
5562,5535 3959
5535,5534 3958 5418 3959
5525,5526
5526,5412 3948
5435,5403 3939 5406 3942 5302 3982
5412,5401 3937 5279 3948
5646,5647
5647,5545 3969
5566,5536 3960 5539 3963 5449 4003
5549,5535 3959 5432 3979
5545,5534 3958 5428 3969
5329,5256 3921 5259 3924 5179 4024
5550,5535 3959 5536 3960 5433 3980
5439,5403 3939 5410 3946 5306 3986
5512,5410 3946 5413 3949 5379 4129
5475,5406 3942 5410 3946 5342 4046
5524,5412 3948 5414 3950 5391 4170
5346,5257 3922 5265 3930 5196 4050
5042,4906 3884 4907 3885 4855 4085
5478,5406 3942 5413 3949 5345 4049
5511,5410 3946 5412 3948 5378 4128
5522,5412 3948 5389 4168
5427,5402 3938 5412 3948 5294 3968
5455,5404 3940 5413 3949 5322 4009
5529,5530
5530,5413 3949
5413,5401 3937 5280 3949
5423,5402 3938 5408 3944 5290 3964
5663,5664
5664,5651 3979
5651,5549 3979
5616,5617
5617,5540 3964
5540,5534 3958 5423 3964
5330,5256 3921 5260 3925 5180 4025
5200,5091 3903 5092 3904 5032 4064
5488,5407 3943 5413 3949 5355 4069
5571,5536 3960 5544 3968 5454 4008
5499,5500
5500,5408 3944
5408,5401 3937 5275 3944
5552,5535 3959 5538 3962 5435 3982
5444,5445
5445,5403 3939
5403,5401 3937 5270 3939
5676,5677
5677,5652 3980
5652,5651 3979 5550 3980
4860,4700 3864 4706 3870 4653 4090
5440,5403 3939 5411 3947 5307 3987
5473,5406 3942 5408 3944 5340 4044
5043,4906 3884 4908 3886 4856 4086
5597,5598
5649,5650
5598,5538 3962
5650,5546 3970
5538,5534 3958 5421 3962
5546,5534 3958 5429 3970
5492,5408 3944 5359 4084
5588,5538 3962 5471 4042
5452,5404 3940 5410 3946 5319 4006
5609,5540 3964 5492 4084
5648,5546 3970 5531 4210
5210,5092 3904 5093 3905 5042 4085
5604,5539 3963 5544 3968 5487 4068
5639,5544 3968 5522 4168
5665,5652 3980 5563 4000
5350,5258 3923 5259 3924 5200 4064
5642,5643
5643,5544 3968
5544,5534 3958 5427 3968
5479,5406 3942 5414 3950 5346 4050
5360,5259 3924 5260 3925 5210 4085
5699,5700
5700,5654 3982
5654,5651 3979 5552 3982
5436,5403 3939 5407 3943 5303 3983
5641,5544 3968 5546 3970 5524 4170
5764,5765
5765,5753 4000
5424,5402 3938 5409 3945 5291 3965
5753,5665 4000
5570,5536 3960 5543 3967 5453 4007
5690,5654 3982 5588 4042
5624,5625
5625,5541 3965
5541,5534 3958 5424 3965
5518,5411 3947 5413 3949 5385 4149
5442,5403 3939 5413 3949 5309 3989
5434,5403 3939 5405 3941 5301 3981
5211,5092 3904 5094 3906 5043 4086
5450,5404 3940 5408 3944 5317 4004
5443,5403 3939 5414 3950 5310 3990
5605,5539 3963 5545 3969 5488 4069
5420,5402 3938 5405 3941 5287 3961
5477,5406 3942 5412 3948 5344 4048
5483,5407 3943 5408 3944 5350 4064
5447,5404 3940 5405 3941 5314 4001
5636,5543 3967 5546 3970 5519 4150
5606,5539 3963 5546 3970 5489 4070
5451,5404 3940 5409 3945 5318 4005
5459,5405 3941 5326 4021
5565,5536 3960 5538 3962 5448 4002
5438,5403 3939 5409 3945 5305 3985
5567,5536 3960 5540 3964 5450 4004
5047,4906 3884 4912 3890 4860 4090
5635,5543 3967 5545 3969 5518 4149
5568,5536 3960 5541 3965 5451 4005
5517,5411 3947 5412 3948 5384 4148
5460,5405 3941 5406 3942 5327 4022
5361,5259 3924 5261 3926 5211 4086
5667,5652 3980 5654 3982 5565 4002
5557,5535 3959 5543 3967 5440 3987
5553,5535 3959 5539 3963 5436 3983
5441,5403 3939 5412 3948 5308 3988
5484,5407 3943 5409 3945 5351 4065
5551,5535 3959 5537 3961 5434 3981
5590,5538 3962 5540 3964 5473 4044
5596,5538 3962 5546 3970 5479 4050
5501,5409 3945 5368 4105
5572,5536 3960 5545 3969 5455 4009
5688,5689
5689,5653 3981
5653,5651 3979 5551 3981
5595,5538 3962 5545 3969 5478 4049
5555,5535 3959 5541 3965 5438 3985
5573,5536 3960 5546 3970 5456 4010
5463,5405 3941 5409 3945 5330 4025
5559,5535 3959 5545 3969 5442 3989
5787,5788
5788,5755 4002
5755,5753 4000 5667 4002
5493,5408 3944 5409 3945 5360 4085
5709,5710
5710,5655 3983
5655,5651 3979 5553 3983
5464,5405 3941 5410 3946 5331 4026
5634,5543 3967 5544 3968 5517 4148
5586,5587
5701,5655 3983 5599 4063
5560,5535 3959 5546 3970 5443 3990
5215,5092 3904 5098 3910 5047 4090
5587,5537 3961
5537,5534 3958 5420 3961
5726,5727
5727,5657 3985
5523,5412 3948 5413 3949 5390 4169
5657,5651 3979 5555 3985
5778,5755 4002 5690 4042
5462,5405 3941 5408 3944 5329 4024
5507,5508
5508,5409 3945
5739,5740
5740,5659 3987
5409,5401 3937 5276 3945
5659,5651 3979 5557 3987
5579,5537 3961 5540 3964 5462 4024
5474,5406 3942 5409 3945 5341 4045
5465,5405 3941 5411 3947 5332 4027
5580,5537 3961 5541 3965 5463 4025
5601,5539 3963 5541 3965 5484 4065
5600,5539 3963 5540 3964 5483 4064
5610,5540 3964 5541 3965 5493 4085
5469,5470
5470,5405 3941
5502,5409 3945 5410 3946 5369 4106
5466,5405 3941 5412 3948 5333 4028
5405,5401 3937 5272 3941
5703,5655 3983 5657 3985 5601 4065
5564,5536 3960 5537 3961 5447 4001
5594,5538 3962 5544 3968 5477 4048
5674,5652 3980 5661 3989 5572 4009
5304,5254 3919 5259 3924 5154 3984
5670,5652 3980 5657 3985 5568 4005
5583,5537 3961 5544 3968 5466 4028
5705,5655 3983 5659 3987 5603 4067
5814,5815
5815,5758 4005
5758,5753 4000 5670 4005
5504,5409 3945 5412 3948 5371 4108
5748,5749
5749,5661 3989
5661,5651 3979 5559 3989
5707,5655 3983 5661 3989 5605 4069
5672,5652 3980 5659 3987 5570 4007
5621,5541 3965 5544 3968 5504 4108
5468,5405 3941 5414 3950 5335 4030
5046,4906 3884 4911 3889 4859 4089
5461,5405 3941 5407 3943 5328 4023
5339,5257 3922 5258 3923 5189 4043
5591,5538 3962 5541 3965 5474 4045
5506,5409 3945 5414 3950 5373 4110
5437,5403 3939 5408 3944 5304 3984
5577,5537 3961 5538 3962 5460 4022
5485,5407 3943 5410 3946 5352 4066
5751,5752
5365,5259 3924 5265 3930 5215 4090
5752,5662 3990
5662,5651 3979 5560 3990
5827,5828
5828,5760 4007
5760,5753 4000 5672 4007
5679,5653 3981 5654 3982 5577 4022
5425,5402 3938 5410 3946 5292 3966
5558,5535 3959 5544 3968 5441 3988
5640,5544 3968 5545 3969 5523 4169
5582,5537 3961 5543 3967 5465 4027
5666,5652 3980 5653 3981 5564 4001
5750,5662 3990 5648 4210
5668,5652 3980 5655 3983 5566 4003
5505,5409 3945 5413 3949 5372 4109
5494,5408 3944 5410 3946 5361 4086
5738,5659 3987 5662 3990 5636 4150
5472,5406 3942 5407 3943 5339 4043
5698,5654 3982 5662 3990 5596 4050
5836,5837
5708,5655 3983 5662 3990 5606 4070
5837,5762 4009
5762,5753 4000 5674 4009
5467,5405 3941 5413 3949 5334 4029
5675,5652 3980 5662 3990 5573 4010
5503,5409 3945 5411 3947 5370 4107
5682,5653 3981 5657 3985 5580 4025
5789,5756 4003 5701 4063
5589,5538 3962 5539 3963 5472 4043
5554,5535 3959 5540 3964 5437 3984
5556,5535 3959 5542 3966 5439 3986
5623,5541 3965 5546 3970 5506 4110
5585,5537 3961 5546 3970 5468 4030
5697,5654 3982 5661 3989 5595 4049
5733,5734
5785,5755 4002 5762 4009 5697 4049
5734,5658 3986
5658,5651 3979 5556 3986
5578,5537 3961 5539 3963 5461 4023
5737,5659 3987 5661 3989 5635 4149
5793,5756 4003 5760 4007 5705 4067
5797,5798
5798,5756 4003
5756,5753 4000 5668 4003
5680,5653 3981 5655 3983 5578 4023
5592,5538 3962 5542 3966 5475 4046
5786,5755 4002 5763 4010 5698 4050
5839,5840
5840,5763 4010
5681,5653 3981 5656 3984 5579 4024
5763,5753 4000 5675 4010
5214,5092 3904 5097 3909 5046 4089
5838,5763 4010 5750 4210
5611,5540 3964 5542 3966 5494 4086
5694,5654 3982 5658 3986 5592 4046
5622,5541 3965 5545 3969 5505 4109
5692,5654 3982 5656 3984 5590 4044
5796,5756 4003 5763 4010 5708 4070
5602,5539 3963 5542 3966 5485 4066
5669,5652 3980 5656 3984 5567 4004
5693,5654 3982 5657 3985 5591 4045
5569,5536 3960 5542 3966 5452 4006
5619,5541 3965 5542 3966 5502 4106
5626,5542 3966 5509 4126
5795,5756 4003 5762 4009 5707 4069
5721,5657 3985 5658 3986 5619 4106
5702,5655 3983 5656 3984 5600 4064
5364,5259 3924 5264 3929 5214 4089
5724,5657 3985 5661 3989 5622 4109
5718,5719
5719,5656 3984
5656,5651 3979 5554 3984
5584,5537 3961 5545 3969 5467 4029
5825,5760 4007 5762 4009 5737 4149
5712,5656 3984 5657 3985 5610 4085
5728,5658 3986 5626 4126
5711,5656 3984 5609 4084
5628,5542 3966 5544 3968 5511 4128
5686,5653 3981 5661 3989 5584 4029
5826,5760 4007 5763 4010 5738 4150
5497,5408 3944 5413 3949 5364 4089
5631,5632
5632,5542 3966
5542,5534 3958 5425 3966
5620,5541 3965 5543 3967 5503 4107
5691,5654 3982 5655 3983 5589 4043
5627,5542 3966 5543 3967 5510 4127
5629,5542 3966 5545 3969 5512 4129
5713,5656 3984 5658 3986 5611 4086
5779,5755 4002 5756 4003 5691 4043
5812,5758 4005 5762 4009 5724 4109
5630,5542 3966 5546 3970 5513 4130
5614,5540 3964 5545 3969 5497 4089
5581,5537 3961 5542 3966 5464 4026
5780,5755 4002 5757 4004 5692 4044
5790,5756 4003 5757 4004 5702 4064
5732,5658 3986 5662 3990 5630 4130
5683,5653 3981 5658 3986 5581 4026
5806,5807
5791,5756 4003 5758 4005 5703 4065
5807,5757 4004
5757,5753 4000 5669 4004
5767,5754 4001 5755 4002 5679 4022
5799,5757 4004 5711 4084
5722,5657 3985 5659 3987 5620 4107
5800,5757 4004 5758 4005 5712 4085
5687,5653 3981 5662 3990 5585 4030
5810,5758 4005 5760 4007 5722 4107
5671,5652 3980 5658 3986 5569 4006
5729,5658 3986 5659 3987 5627 4127
5716,5656 3984 5661 3989 5614 4089
5768,5754 4001 5756 4003 5680 4023
5769,5754 4001 5757 4004 5681 4024
5776,5777
5777,5754 4001
5754,5753 4000 5666 4001
5725,5657 3985 5662 3990 5623 4110
5770,5754 4001 5758 4005 5682 4025
5704,5655 3983 5658 3986 5602 4066
5731,5658 3986 5661 3989 5629 4129
5775,5754 4001 5763 4010 5687 4030
5813,5758 4005 5763 4010 5725 4110
5781,5755 4002 5758 4005 5693 4045
5771,5754 4001 5759 4006 5683 4026
5782,5755 4002 5759 4006 5694 4046
5685,5653 3981 5660 3988 5583 4028
5673,5652 3980 5660 3988 5571 4008
5696,5654 3982 5660 3988 5594 4048
5792,5756 4003 5759 4006 5704 4066
5706,5655 3983 5660 3988 5604 4068
5723,5657 3985 5660 3988 5621 4108
5809,5758 4005 5759 4006 5721 4106
5816,5759 4006 5728 4126
5773,5754 4001 5761 4008 5685 4028
5730,5658 3986 5660 3988 5628 4128
5784,5755 4002 5761 4008 5696 4048
5819,5759 4006 5762 4009 5731 4129
5817,5759 4006 5760 4007 5729 4127
5821,5822
5822,5759 4006
5759,5753 4000 5671 4006
5794,5756 4003 5761 4008 5706 4068
5736,5659 3987 5660 3988 5634 4148
5741,5660 3988 5639 4168
5774,5754 4001 5762 4009 5686 4029
5820,5759 4006 5763 4010 5732 4130
5744,5745
5745,5660 3988
5660,5651 3979 5558 3988
5804,5757 4004 5762 4009 5716 4089
5742,5660 3988 5661 3989 5640 4169
5743,5660 3988 5662 3990 5641 4170
5684,5653 3981 5659 3987 5582 4027
5772,5754 4001 5760 4007 5684 4027
5576,5537 3961 5459 4021
5498,5408 3944 5414 3950 5365 4090
5394,5264 3929 5244 4189
5618,5541 3965 5501 4105
5516,5411 3947 5383 4147
4857,4700 3864 4703 3867 4650 4087
5343,5257 3922 5262 3927 5193 4047
5476,5406 3942 5411 3947 5343 4047
5593,5538 3962 5543 3967 5476 4047
5695,5654 3982 5659 3987 5593 4047
5783,5755 4002 5760 4007 5695 4047
5811,5758 4005 5761 4008 5723 4108
4858,4700 3864 4704 3868 4651 4088
5633,5543 3967 5516 4147
5044,4906 3884 4909 3887 4857 4087
5527,5413 3949 5394 4189
5678,5653 3981 5576 4021
5395,5264 3929 5265 3930 5245 4190
5735,5659 3987 5633 4147
5720,5657 3985 5618 4105
5823,5760 4007 5735 4147
5832,5833
5833,5761 4008
5761,5753 4000 5673 4008
5808,5758 4005 5720 4105
5831,5761 4008 5763 4010 5743 4170
5615,5540 3964 5546 3970 5498 4090
5801,5757 4004 5759 4006 5713 4086
5528,5413 3949 5414 3950 5395 4190
5717,5656 3984 5662 3990 5615 4090
5830,5761 4008 5762 4009 5742 4169
5805,5757 4004 5763 4010 5717 4090
5645,5545 3969 5546 3970 5528 4190
5747,5661 3989 5662 3990 5645 4190
5835,5762 4009 5763 4010 5747 4190
5766,5754 4001 5678 4021
5829,5761 4008 5741 4168
5644,5545 3969 5527 4189
5045,4906 3884 4910 3888 4858 4088
5818,5759 4006 5761 4008 5730 4128
5212,5092 3904 5095 3907 5044 4087
5824,5760 4007 5761 4008 5736 4148
5889,5890
5890,5845 4025
5845,5841 4021 5770 4025
5362,5259 3924 5262 3927 5212 4087
5881,5882
5882,5844 4024
5844,5841 4021 5769 4024
5854,5842 4022 5843 4023 5779 4043
5851,5852
5852,5841 4021
5841,5766 4021
5855,5842 4022 5844 4024 5780 4044
5213,5092 3904 5096 3908 5045 4088
5896,5897
5897,5846 4026
5846,5841 4021 5771 4026
5856,5842 4022 5845 4025 5781 4045
5870,5843 4023 5849 4029 5795 4069
5363,5259 3924 5263 3928 5213 4088
5872,5873
5873,5843 4023
5843,5841 4021 5768 4023
5887,5845 4025 5849 4029 5812 4109
5911,5912
5912,5849 4029
5867,5843 4023 5846 4026 5792 4066
5849,5841 4021 5774 4029
5857,5842 4022 5846 4026 5782 4046
5885,5845 4025 5847 4027 5810 4107
5862,5863
5863,5842 4022
5842,5841 4021 5767 4022
5884,5845 4025 5846 4026 5809 4106
5865,5843 4023 5844 4024 5790 4064
5892,5846 4026 5847 4027 5817 4127
5860,5842 4022 5849 4029 5785 4049
5879,5844 4024 5849 4029 5804 4089
5875,5844 4024 5845 4025 5800 4085
5746,5661 3989 5644 4189
5861,5842 4022 5850 4030 5786 4050
5894,5846 4026 5849 4029 5819 4129
5834,5762 4009 5746 4189
5909,5849 4029 5834 4189
5853,5842 4022 5778 4042
5496,5408 3944 5412 3948 5363 4088
5864,5843 4023 5789 4063
5858,5842 4022 5847 4027 5783 4047
5874,5844 4024 5799 4084
5871,5843 4023 5850 4030 5796 4070
5883,5845 4025 5808 4105
5888,5845 4025 5850 4030 5813 4110
5859,5842 4022 5848 4028 5784 4048
5902,5903
5903,5847 4027
5847,5841 4021 5772 4027
5900,5847 4027 5849 4029 5825 4149
5914,5915
5915,5850 4030
5850,5841 4021 5775 4030
5891,5846 4026 5816 4126
5866,5843 4023 5845 4025 5791 4065
5868,5843 4023 5847 4027 5793 4067
5876,5844 4024 5846 4026 5801 4086
5880,5844 4024 5850 4030 5805 4090
5935,5936
5944,5945
5945,5918 4044
5936,5917 4043
5918,5916 4042 5855 4044
5917,5916 4042 5854 4043
5927,5917 4043 5864 4063
5937,5918 4044 5874 4084
5886,5845 4025 5848 4028 5811 4108
5893,5846 4026 5848 4028 5818 4128
5913,5850 4030 5838 4210
5907,5908
5987,5988
5908,5848 4028
5988,5979 4063
5848,5841 4021 5773 4028
5979,5927 4063
5904,5848 4028 5829 4168
5906,5848 4028 5850 4030 5831 4170
5905,5848 4028 5849 4029 5830 4169
5965,5966
5966,5921 4047
5921,5916 4042 5858 4047
5970,5971
5971,5922 4048
5925,5926
5922,5916 4042 5859 4048
5926,5916 4042
5916,5853 4042
5495,5408 3944 5411 3947 5362 4087
5967,5922 4048 5904 4168
5946,5919 4045 5883 4105
5938,5918 4044 5919 4045 5875 4085
5898,5847 4027 5823 4147
5939,5918 4044 5920 4046 5876 4086
5948,5919 4045 5921 4047 5885 4107
5961,5921 4047 5898 4147
5949,5919 4045 5922 4048 5886 4108
5933,5917 4043 5923 4049 5870 4069
5954,5920 4046 5891 4126
5947,5919 4045 5920 4046 5884 4106
5613,5540 3964 5544 3968 5496 4088
5950,5919 4045 5923 4049 5887 4109
5952,5953
5953,5919 4045
5919,5916 4042 5856 4045
5977,5978
5974,5975
5975,5923 4049
6026,6027
5978,5924 4050
6027,5985 4069
5923,5916 4042 5860 4049
5924,5916 4042 5861 4050
5985,5979 4063 5933 4069
5943,5918 4044 5924 4050 5880 4090
5942,5918 4044 5923 4049 5879 4089
5895,5846 4026 5850 4030 5820 4130
5955,5920 4046 5921 4047 5892 4127
5951,5919 4045 5924 4050 5888 4110
5963,5921 4047 5923 4049 5900 4149
5959,5960
5960,5920 4046
5920,5916 4042 5857 4046
5958,5920 4046 5924 4050 5895 4130
5931,5917 4043 5921 4047 5868 4067
5899,5847 4027 5848 4028 5824 4148
5612,5540 3964 5543 3967 5495 4087
5715,5656 3984 5660 3988 5613 4088
5934,5917 4043 5924 4050 5871 4070
5972,5923 4049 5909 4189
5928,5917 4043 5918 4044 5865 4064
5968,5922 4048 5923 4049 5905 4169
5956,5920 4046 5922 4048 5893 4128
5930,5917 4043 5920 4046 5867 4066
5969,5922 4048 5924 4050 5906 4170
6017,6018
6018,5983 4067
5983,5979 4063 5931 4067
5996,5997
5997,5980 4064
6024,5985 4069 5972 4189
5980,5979 4063 5928 4064
5994,5980 4064 5985 4069 5942 4089
6006,5982 4066 5954 4126
6029,6030
6030,5986 4070
5991,5980 4064 5982 4066 5939 4086
5989,5980 4064 5937 4084
5986,5979 4063 5934 4070
6011,6012
6012,5982 4066
5982,5979 4063 5930 4066
6007,5982 4066 5983 4067 5955 4127
6015,5983 4067 5985 4069 5963 4149
6010,5982 4066 5986 4070 5958 4130
6013,5983 4067 5961 4147
5714,5656 3984 5659 3987 5612 4087
6038,6039
6039,6031 4084
5802,5757 4004 5760 4007 5714 4087
6031,5989 4084
5803,5757 4004 5761 4008 5715 4088
6053,6054
6054,6033 4086
6033,6031 4084 5991 4086
5962,5921 4047 5922 4048 5899 4148
6048,6033 4086 6006 4126
6068,6069
6069,6036 4089
6036,6031 4084 5994 4089
5995,5980 4064 5986 4070 5943 4090
6066,6036 4089 6024 4189
6071,6072
6072,6037 4090
5877,5844 4024 5847 4027 5802 4087
6037,6031 4084 5995 4090
5940,5918 4044 5921 4047 5877 4087
5878,5844 4024 5848 4028 5803 4088
5941,5918 4044 5922 4048 5878 4088
6052,6033 4086 6037 4090 6010 4130
5992,5980 4064 5983 4067 5940 4087
6059,6060
6055,6034 4087 6013 4147
6060,6034 4087
6034,6031 4084 5992 4087
6057,6034 4087 6036 4089 6015 4149
6049,6033 4086 6034 4087 6007 4127
5869,5843 4023 5848 4028 5794 4068
5929,5917 4043 5919 4045 5866 4065
5957,5920 4046 5923 4049 5894 4129
5976,5924 4050 5913 4210
5901,5847 4027 5850 4030 5826 4150
5910,5849 4029 5850 4030 5835 4190
5973,5923 4049 5924 4050 5910 4190
6025,5985 4069 5986 4070 5973 4190
6067,6036 4089 6037 4090 6025 4190
5998,5981 4065 5946 4105
5990,5980 4064 5981 4065 5938 4085
6000,5981 4065 5983 4067 5948 4107
5964,5921 4047 5924 4050 5901 4150
6046,6047
6047,6032 4085
6032,6031 4084 5990 4085
6016,5983 4067 5986 4070 5964 4150
6042,6032 4085 6034 4087 6000 4107
6040,6032 4085 5998 4105
6058,6034 4087 6037 4090 6016 4150
6079,6080
6080,6073 4105
6073,6040 4105
6092,6093
6093,6075 4107
6075,6073 4105 6042 4107
6088,6075 4107 6055 4147
6004,6005
6005,5981 4065
5981,5979 4063 5929 4065
5999,5981 4065 5982 4066 5947 4106
6028,5986 4070 5976 4210
6041,6032 4085 6033 4086 5999 4106
5932,5917 4043 5922 4048 5869 4068
6086,6087
6087,6074 4106
6074,6073 4105 6041 4106
6009,5982 4066 5985 4069 5957 4129
6051,6033 4086 6036 4089 6009 4129
6081,6074 4106 6048 4126
6111,6112
6112,6106 4126
6106,6081 4126
6070,6037 4090 6028 4210
6002,5981 4065 5985 4069 5950 4109
6003,5981 4065 5986 4070 5951 4110
6082,6074 4106 6075 4107 6049 4127
6001,5981 4065 5984 4068 5949 4108
6014,5983 4067 5984 4068 5962 4148
6019,5984 4068 5967 4168
6022,6023
6023,5984 4068
5984,5979 4063 5932 4068
6020,5984 4068 5985 4069 5968 4169
6021,5984 4068 5986 4070 5969 4170
6008,5982 4066 5984 4068 5956 4128
6117,6118
6118,6107 4127
6107,6106 4126 6082 4127
6113,6107 4127 6088 4147
5993,5980 4064 5984 4068 5941 4088
6135,6136
6136,6131 4147
6131,6113 4147
6044,6032 4085 6036 4089 6002 4109
6045,6032 4085 6037 4090 6003 4110
6061,6035 4088 6019 4168
6056,6034 4087 6035 4088 6014 4148
6062,6035 4088 6036 4089 6020 4169
6064,6065
6065,6035 4088
6035,6031 4084 5993 4088
6043,6032 4085 6035 4088 6001 4108
6104,6105
6101,6102
6105,6078 4110
6102,6077 4109
6078,6073 4105 6045 4110
6077,6073 4105 6044 4109
6099,6077 4109 6066 4189
6090,6075 4107 6077 4109 6057 4149
6094,6076 4108 6061 4168
6097,6098
6098,6076 4108
6076,6073 4105 6043 4108
6091,6075 4107 6078 4110 6058 4150
6103,6078 4110 6070 4210
6095,6076 4108 6077 4109 6062 4169
6089,6075 4107 6076 4108 6056 4148
6084,6074 4106 6077 4109 6051 4129
6050,6033 4086 6035 4088 6008 4128
6063,6035 4088 6037 4090 6021 4170
6100,6077 4109 6078 4110 6067 4190
6085,6074 4106 6078 4110 6052 4130
6126,6127
6127,6109 4129
6109,6106 4126 6084 4129
6115,6107 4127 6109 4129 6090 4149
6124,6109 4129 6099 4189
6083,6074 4106 6076 4108 6050 4128
6144,6145
6145,6133 4149
6133,6131 4147 6115 4149
6096,6076 4108 6078 4110 6063 4170
6125,6109 4129 6110 4130 6100 4190
6129,6130
6130,6110 4130
6110,6106 4126 6085 4130
6128,6110 4130 6103 4210
6142,6133 4149 6124 4189
6119,6108 4128 6094 4168
6122,6123
6123,6108 4128
6120,6108 4128 6109 4129 6095 4169
6108,6106 4126 6083 4128
6121,6108 4128 6110 4130 6096 4170
6116,6107 4127 6110 4130 6091 4150
6114,6107 4127 6108 4128 6089 4148
6147,6148
6148,6134 4150
6134,6131 4147 6116 4150
6146,6134 4150 6128 4210
6143,6133 4149 6134 4150 6125 4190
6140,6141
6141,6132 4148
6132,6131 4147 6114 4148
6138,6132 4148 6133 4149 6120 4169
6139,6132 4148 6134 4150 6121 4170
6137,6132 4148 6119 4168
6152,6153
6153,6149 4168
6149,6137 4168
6159,6160
6160,6151 4170
6151,6149 4168 6139 4170
6156,6157
6158,6151 4170 6146 4210
6157,6150 4169
6150,6149 4168 6138 4169
6155,6150 4169 6151 4170 6143 4190
6154,6150 4169 6142 4189
6163,6164
6164,6161 4189
6161,6154 4189
6166,6167
6167,6162 4190
6162,6161 4189 6155 4190
6165,6162 4190 6158 4210
6169,6170
6170,6168 4210
6168,6165 4210
6172,4211
6171,6172
6174,3831
6173,6174
6176,3851
6175,6176
6178,3871
6177,6178
6180,3891
6179,6180
6182,3911
6181,6182
6184,3931
6183,6184
6186,3951
6185,6186
6188,3971
6187,6188
6190,3991
6189,6190
6192,4011
6191,6192
6194,4031
6193,6194
6196,4051
6195,6196
6198,4071
6197,6198
6200,4091
6199,6200
6202,4111
6201,6202
6204,4131
6203,6204
6206,4151
6205,6206
6208,4171
6207,6208
6210,4191
6209,6210
6212,4212
6211,6212
6214,4461
6213,6214
6216,3852
6215,6216
6218,3872
6217,6218
6220,3892
6219,6220
6222,3912
6221,6222
6224,3932
6223,6224
6226,3952
6225,6226
6228,3972
6227,6228
6230,3992
6229,6230
6232,4012
6231,6232
6234,4032
6233,6234
6236,4052
6235,6236
6238,4072
6237,6238
6240,4092
6239,6240
6242,4112
6241,6242
6244,4132
6243,6244
6246,4152
6245,6246
6248,4172
6247,6248
6250,4192
6249,6250
6252,4213
6251,6252
6254,4462
6253,6254
6256,4689
6255,6256
6258,3873
6257,6258
6260,3893
6259,6260
6262,3913
6261,6262
6264,3933
6263,6264
6266,3953
6265,6266
6268,3973
6267,6268
6270,3993
6269,6270
6272,4013
6271,6272
6274,4033
6273,6274
6276,4053
6275,6276
6278,4073
6277,6278
6280,4093
6279,6280
6282,4113
6281,6282
6284,4133
6283,6284
6286,4153
6285,6286
6288,4173
6287,6288
6290,4193
6289,6290
6292,4214
6291,6292
6294,4463
6293,6294
6296,4690
6295,6296
6298,4896
6297,6298
6300,3894
6299,6300
6302,3914
6301,6302
6304,3934
6303,6304
6306,3954
6305,6306
6308,3974
6307,6308
6310,3994
6309,6310
6312,4014
6311,6312
6314,4034
6313,6314
6316,4054
6315,6316
6318,4074
6317,6318
6320,4094
6319,6320
6322,4114
6321,6322
6324,4134
6323,6324
6326,4154
6325,6326
6328,4174
6327,6328
6330,4194
6329,6330
6332,4215
6331,6332
6334,4464
6333,6334
6336,4691
6335,6336
6338,4897
6337,6338
6340,5083
6339,6340
6342,3915
6341,6342
6344,3935
6343,6344
6346,3955
6345,6346
6348,3975
6347,6348
6350,3995
6349,6350
6352,4015
6351,6352
6354,4035
6353,6354
6356,4055
6355,6356
6358,4075
6357,6358
6360,4095
6359,6360
6362,4115
6361,6362
6364,4135
6363,6364
6366,4155
6365,6366
6368,4175
6367,6368
6370,4195
6369,6370
6372,4216
6371,6372
6374,4465
6373,6374
6376,4692
6375,6376
6378,4898
6377,6378
6380,5084
6379,6380
6382,5251
6381,6382
6384,3936
6383,6384
6386,3956
6385,6386
6388,3976
6387,6388
6390,3996
6389,6390
6392,4016
6391,6392
6394,4036
6393,6394
6396,4056
6395,6396
6398,4076
6397,6398
6400,4096
6399,6400
6402,4116
6401,6402
6404,4136
6403,6404
6406,4156
6405,6406
6408,4176
6407,6408
6410,4196
6409,6410
6412,4217
6411,6412
6414,4466
6413,6414
6416,4693
6415,6416
6418,4899
6417,6418
6420,5085
6419,6420
6422,5252
6421,6422
6424,5401
6423,6424
6426,3957
6425,6426
6428,3977
6427,6428
6430,3997
6429,6430
6432,4017
6431,6432
6434,4037
6433,6434
6436,4057
6435,6436
6438,4077
6437,6438
6440,4097
6439,6440
6442,4117
6441,6442
6444,4137
6443,6444
6446,4157
6445,6446
6448,4177
6447,6448
6450,4197
6449,6450
6452,4218
6451,6452
6454,4467
6453,6454
6456,4694
6455,6456
6458,4900
6457,6458
6460,5086
6459,6460
6462,5253
6461,6462
6464,5402
6463,6464
6466,5534
6465,6466
6468,3978
6467,6468
6470,3998
6469,6470
6472,4018
6471,6472
6474,4038
6473,6474
6476,4058
6475,6476
6478,4078
6477,6478
6480,4098
6479,6480
6482,4118
6481,6482
6484,4138
6483,6484
6486,4158
6485,6486
6488,4178
6487,6488
6490,4198
6489,6490
6492,4219
6491,6492
6494,4468
6493,6494
6496,4695
6495,6496
6498,4901
6497,6498
6500,5087
6499,6500
6502,5254
6501,6502
6504,5403
6503,6504
6506,5535
6505,6506
6508,5651
6507,6508
6510,3999
6509,6510
6512,4019
6511,6512
6514,4039
6513,6514
6516,4059
6515,6516
6518,4079
6517,6518
6520,4099
6519,6520
6522,4119
6521,6522
6524,4139
6523,6524
6526,4159
6525,6526
6528,4179
6527,6528
6530,4199
6529,6530
6532,4220
6531,6532
6534,4469
6533,6534
6536,4696
6535,6536
6538,4902
6537,6538
6540,5088
6539,6540
6542,5255
6541,6542
6544,5404
6543,6544
6546,5536
6545,6546
6548,5652
6547,6548
6550,5753
6549,6550
6552,4020
6551,6552
6554,4040
6553,6554
6556,4060
6555,6556
6558,4080
6557,6558
6560,4100
6559,6560
6562,4120
6561,6562
6564,4140
6563,6564
6566,4160
6565,6566
6568,4180
6567,6568
6570,4200
6569,6570
6572,4221
6571,6572
6574,4470
6573,6574
6576,4697
6575,6576
6578,4903
6577,6578
6580,5089
6579,6580
6582,5256
6581,6582
6584,5405
6583,6584
6586,5537
6585,6586
6588,5653
6587,6588
6590,5754
6589,6590
6592,5841
6591,6592
6594,4041
6593,6594
6596,4061
6595,6596
6598,4081
6597,6598
6600,4101
6599,6600
6602,4121
6601,6602
6604,4141
6603,6604
6606,4161
6605,6606
6608,4181
6607,6608
6610,4201
6609,6610
6612,4222
6611,6612
6614,4471
6613,6614
6616,4698
6615,6616
6618,4904
6617,6618
6620,5090
6619,6620
6622,5257
6621,6622
6624,5406
6623,6624
6626,5538
6625,6626
6628,5654
6627,6628
6630,5755
6629,6630
6632,5842
6631,6632
6634,5916
6633,6634
6636,4062
6635,6636
6638,4082
6637,6638
6640,4102
6639,6640
6642,4122
6641,6642
6644,4142
6643,6644
6646,4162
6645,6646
6648,4182
6647,6648
6650,4202
6649,6650
6652,4223
6651,6652
6654,4472
6653,6654
6656,4699
6655,6656
6658,4905
6657,6658
6660,5091
6659,6660
6662,5258
6661,6662
6664,5407
6663,6664
6666,5539
6665,6666
6668,5655
6667,6668
6670,5756
6669,6670
6672,5843
6671,6672
6674,5917
6673,6674
6676,5979
6675,6676
6678,4083
6677,6678
6680,4103
6679,6680
6682,4123
6681,6682
6684,4143
6683,6684
6686,4163
6685,6686
6688,4183
6687,6688
6690,4203
6689,6690
6692,4224
6691,6692
6694,4473
6693,6694
6696,4700
6695,6696
6698,4906
6697,6698
6700,5092
6699,6700
6702,5259
6701,6702
6704,5408
6703,6704
6706,5540
6705,6706
6708,5656
6707,6708
6710,5757
6709,6710
6712,5844
6711,6712
6714,5918
6713,6714
6716,5980
6715,6716
6718,6031
6717,6718
6720,4104
6719,6720
6722,4124
6721,6722
6724,4144
6723,6724
6726,4164
6725,6726
6728,4184
6727,6728
6730,4204
6729,6730
6732,4225
6731,6732
6734,4474
6733,6734
6736,4701
6735,6736
6738,4907
6737,6738
6740,5093
6739,6740
6742,5260
6741,6742
6744,5409
6743,6744
6746,5541
6745,6746
6748,5657
6747,6748
6750,5758
6749,6750
6752,5845
6751,6752
6754,5919
6753,6754
6756,5981
6755,6756
6758,6032
6757,6758
6760,6073
6759,6760
6762,4125
6761,6762
6764,4145
6763,6764
6766,4165
6765,6766
6768,4185
6767,6768
6770,4205
6769,6770
6772,4226
6771,6772
6774,4475
6773,6774
6776,4702
6775,6776
6778,4908
6777,6778
6780,5094
6779,6780
6782,5261
6781,6782
6784,5410
6783,6784
6786,5542
6785,6786
6788,5658
6787,6788
6790,5759
6789,6790
6792,5846
6791,6792
6794,5920
6793,6794
6796,5982
6795,6796
6798,6033
6797,6798
6800,6074
6799,6800
6802,6106
6801,6802
6804,4146
6803,6804
6806,4166
6805,6806
6808,4186
6807,6808
6810,4206
6809,6810
6812,4227
6811,6812
6814,4476
6813,6814
6816,4703
6815,6816
6818,4909
6817,6818
6820,5095
6819,6820
6822,5262
6821,6822
6824,5411
6823,6824
6826,5543
6825,6826
6828,5659
6827,6828
6830,5760
6829,6830
6832,5847
6831,6832
6834,5921
6833,6834
6836,5983
6835,6836
6838,6034
6837,6838
6840,6075
6839,6840
6842,6107
6841,6842
6844,6131
6843,6844
6846,4167
6845,6846
6848,4187
6847,6848
6850,4207
6849,6850
6852,4228
6851,6852
6854,4477
6853,6854
6856,4704
6855,6856
6858,4910
6857,6858
6860,5096
6859,6860
6862,5263
6861,6862
6864,5412
6863,6864
6866,5544
6865,6866
6868,5660
6867,6868
6870,5761
6869,6870
6872,5848
6871,6872
6874,5922
6873,6874
6876,5984
6875,6876
6878,6035
6877,6878
6880,6076
6879,6880
6882,6108
6881,6882
6884,6132
6883,6884
6886,6149
6885,6886
6888,4188
6887,6888
6890,4208
6889,6890
6892,4229
6891,6892
6894,4478
6893,6894
6896,4705
6895,6896
6898,4911
6897,6898
6900,5097
6899,6900
6902,5264
6901,6902
6904,5413
6903,6904
6906,5545
6905,6906
6908,5661
6907,6908
6910,5762
6909,6910
6912,5849
6911,6912
6914,5923
6913,6914
6916,5985
6915,6916
6918,6036
6917,6918
6920,6077
6919,6920
6922,6109
6921,6922
6924,6133
6923,6924
6926,6150
6925,6926
6928,6161
6927,6928
6930,4209
6929,6930
6932,4230
6931,6932
6934,4479
6933,6934
6936,4706
6935,6936
6938,4912
6937,6938
6940,5098
6939,6940
6942,5265
6941,6942
6944,5414
6943,6944
6946,5546
6945,6946
6948,5662
6947,6948
6950,5763
6949,6950
6952,5850
6951,6952
6954,5924
6953,6954
6956,5986
6955,6956
6958,6037
6957,6958
6960,6078
6959,6960
6962,6110
6961,6962
6964,6134
6963,6964
6966,6151
6965,6966
6968,6162
6967,6968
6970,6168
6969,6970
