262,263
263,248 223
248,246 221 223
259,248 223 233
251,252
252,246 221
246,221
269,270
270,250 225
250,246 221 225
266,267
267,249 224
249,246 221 224
257,258
258,247 222
247,246 221 222
261,248 223 250 225 235
260,248 223 249 224 234
265,249 224 250 225 240
253,247 222 227
264,249 224 239
255,247 222 249 224 229
275,276
276,271 227
271,253 227
284,285
285,273 229
273,271 227 255 229
282,273 229 264 239
254,247 222 248 223 228
268,250 225 245
256,247 222 250 225 230
280,281
281,272 228
272,271 227 254 228
287,288
288,274 230
274,271 227 256 230
286,274 230 268 245
277,272 228 259 233
278,272 228 273 229 260 234
279,272 228 274 230 261 235
283,273 229 274 230 265 240
292,293
293,289 233
289,277 233
296,297
297,290 234
290,289 233 278 234
294,290 234 282 239
303,304
304,301 239
301,294 239
299,300
300,291 235
291,289 233 279 235
298,291 235 286 245
295,290 234 291 235 283 240
306,307
307,302 240
302,301 239 295 240
305,302 240 298 245
309,310
310,308 245
308,305 245
312,246
311,312
314,226
313,314
316,231
315,316
318,236
317,318
320,241
319,320
322,247
321,322
324,271
323,324
326,232
325,326
328,237
327,328
330,242
329,330
332,248
331,332
334,272
333,334
336,289
335,336
338,238
337,338
340,243
339,340
342,249
341,342
344,273
343,344
346,290
345,346
348,301
347,348
350,244
349,350
352,250
351,352
354,274
353,354
356,291
355,356
358,302
357,358
360,308
359,360
